0.0183046 0.881969 9.9991E-05 0.0343084 0.0653179
9.9973E-05 0.929552 0.0701479 9.9973E-05 9.9973E-05
0.0272941 0.819368 9.9991E-05 0.119222 0.0340159
0.0818781 0.805977 9.9982E-05 9.9982E-05 0.111945
0.0723058 0.888749 0.0112532 9.9991E-05 0.0275923
0.0833405 0.632875 0.136266 0.0803271 0.0671916
9.9982E-05 0.866578 0.0769044 9.9982E-05 0.0563173
0.0491799 0.751616 0.0709266 9.9991E-05 0.128178
9.9982E-05 0.837147 0.0855988 9.9982E-05 0.0770542
0.100704 0.692468 0.104158 0.0476221 0.0550476
9.9991E-05 0.805994 0.0532705 0.033691 0.106945
0.0652107 9.9991E-05 0.0823082 0.351538 0.500843
0.134758 9.9991E-05 0.0280051 0.557971 0.279166
0.102767 0.0111598 0.158152 0.264644 0.463277
0.0980481 0.107964 0.0539138 0.384615 0.355459
0.124421 0.146841 0.129228 0.375165 0.224345
0.135608 0.0454258 0.0599365 0.600411 0.158618
0.0859482 0.0385187 0.181072 0.40037 0.294091
0.13523 0.067475 0.101951 0.312939 0.382406
0.118715 0.004111 0.209014 9.9991E-05 0.668059
0.0951675 0.0608525 0.0792599 0.46526 0.29946
0.106472 0.10722 0.232218 0.36271 0.19138
0.0251618 0.0758317 0.11856 0.625308 0.155138
0.12331 0.0674218 0.174936 0.335987 0.298345
0.067114 0.164797 0.0657057 0.674928 0.0274547
0.106161 0.0525646 0.0625194 0.581881 0.196874
0.12153 0.0318651 0.157531 0.203254 0.48582
0.21081 0.0356904 0.0111584 0.220082 0.522259
0.0481413 0.0122759 0.186771 0.252303 0.500508
0.0516924 0.862622 9.9982E-05 0.0854856 9.9982E-05
9.9973E-05 0.850467 9.9973E-05 0.149233 9.9973E-05
0.0455976 0.809032 9.9991E-05 0.138657 0.00661329
0.0768223 0.722382 0.0127247 0.187971 9.9991E-05
9.9991E-05 0.0195064 0.158574 0.648021 0.173798
0.1465 0.0364991 0.231006 0.492863 0.0931314
9.9982E-05 0.0318816 0.264869 0.70305 9.9982E-05
0.0151723 0.0691572 0.132243 0.19498 0.588447
9.9982E-05 9.9982E-05 0.42836 0.52834 0.0431001
0.0859762 0.112312 0.159636 0.558079 0.083997
0.0511381 0.0292227 0.147231 0.772308 9.9991E-05
0.015687 0.162385 0.107633 0.714194 9.9991E-05
0.0356584 0.105926 0.0887271 0.686008 0.0836806
9.9982E-05 9.9982E-05 0.473857 0.325336 0.200607
0.158393 0.032576 0.247721 0.551703 0.00960701
0.0516183 0.0743095 0.169046 0.704926 9.9991E-05
0.0774136 0.137103 0.136081 0.649302 9.9991E-05
9.9982E-05 9.9982E-05 0.424344 0.544369 0.0310869
0.110832 0.0495598 0.165392 0.674117 9.9991E-05
0.0401619 0.0966451 0.222633 0.611936 0.0286243
9.9982E-05 0.0930485 0.859015 9.9982E-05 0.0477367
0.027946 9.9991E-05 0.301578 0.18504 0.485336
0.0637845 0.00764575 0.509337 0.108459 0.310774
0.0854312 0.087452 0.00775969 0.539556 0.279801
0.138088 0.0999698 0.0638492 0.588847 0.109246
0.0669117 0.0987133 0.0998952 0.653516 0.080964
0.0162987 0.100423 0.358577 0.203827 0.320874
0.0429653 9.9991E-05 0.0438473 0.577519 0.335568
0.174399 0.133674 0.103022 0.498595 0.0903101
9.9991E-05 0.0896684 0.264341 0.41433 0.23156
0.0948542 0.202412 0.224395 0.0969927 0.381346
0.0742898 0.0810571 0.0936024 0.597061 0.15399
0.0708072 0.0742545 0.139178 0.428431 0.287329
9.9991E-05 0.0529182 0.329741 0.0832426 0.533998
0.0833979 9.9991E-05 0.152624 0.537132 0.226747
0.123051 0.0406016 0.103843 0.623297 0.109208
0.119442 0.0809624 0.0966507 0.52897 0.173975
0.0590277 0.0280423 0.272936 0.321973 0.318021
0.106324 9.9991E-05 0.145363 0.511356 0.236858
0.100859 0.0951197 0.0912945 0.612004 0.100722
9.9991E-05 0.0474427 0.31318 0.262367 0.376911
9.9982E-05 9.9982E-05 0.224186 0.651066 0.124548
9.9982E-05 9.9982E-05 0.453917 0.344957 0.200926
0.115084 0.123497 0.151487 0.537346 0.0725866
9.9982E-05 9.9982E-05 0.777882 0.141907 0.0800102
9.9982E-05 9.9982E-05 0.719342 0.167542 0.112915
9.9982E-05 9.9982E-05 0.554203 0.418461 0.0271362
9.9991E-05 0.067606 0.213702 0.516352 0.202241
0.0945239 0.11757 0.153573 0.497202 0.137131
9.9982E-05 9.9982E-05 0.270659 0.571741 0.1574
9.9991E-05 0.00472586 0.301121 0.29975 0.394302
9.9991E-05 0.0107624 0.207713 0.405618 0.375807
0.0733723 0.129386 0.196212 0.530115 0.0709147
0.0799704 0.0130622 0.323224 0.420248 0.163496
0.019112 0.0598693 0.244165 0.552562 0.124291
9.9973E-05 9.9973E-05 0.444796 0.554904 9.9973E-05
9.9982E-05 9.9982E-05 0.809074 0.129851 0.0608748
0.0757716 9.9991E-05 0.136437 0.657395 0.130297
0.0136442 0.794859 9.9991E-05 0.126315 0.0650819
9.9973E-05 0.905617 9.9973E-05 0.0940835 9.9973E-05
0.0319138 0.881557 9.9982E-05 0.0863289 9.9982E-05
0.0396868 0.926023 9.9982E-05 0.0340907 9.9982E-05
0.00744156 0.912163 9.9982E-05 0.0801958 9.9982E-05
0.0360269 0.880731 9.9982E-05 0.0830426 9.9982E-05
0.0216758 0.944515 9.9982E-05 0.0336088 9.9982E-05
9.9991E-05 0.207341 0.0995192 0.607208 0.0858322
0.142953 0.0578802 0.107006 0.55361 0.13855
9.9982E-05 9.9982E-05 0.599408 0.213443 0.186949
0.0925206 0.0967089 0.121274 0.620606 0.0688909
0.0281787 0.0283707 0.158696 0.615202 0.169553
0.0426844 0.0468848 0.235054 0.675276 9.9991E-05
0.0535909 0.0268618 0.270328 0.62645 0.022769
0.0508844 0.0175637 0.339096 0.592356 9.9991E-05
9.9982E-05 9.9982E-05 0.574968 0.0965982 0.328234
0.214039 0.0850919 0.196802 0.417684 0.0863822
0.0779582 0.0414576 0.153483 0.727001 9.9991E-05
0.164241 0.125813 0.0533921 0.542903 0.113651
9.9973E-05 9.9973E-05 0.523794 0.475906 9.9973E-05
0.0196762 0.0493962 0.256655 0.674172 9.9991E-05
9.9991E-05 0.020293 0.143762 0.653277 0.182568
0.0562299 9.9991E-05 0.417594 0.497835 0.0282414
0.0460217 9.9991E-05 0.236771 0.543813 0.173294
0.0044037 0.159667 0.0895679 0.694268 0.052093
0.0293167 0.0152825 0.238125 0.274411 0.442865
0.0562738 0.136165 0.0852446 0.430643 0.291674
0.0285701 0.0424433 0.11417 0.574571 0.240246
0.0852606 0.136386 0.100966 0.661761 0.0156261
9.9991E-05 0.0629649 0.00468144 0.524023 0.408231
0.0607707 0.0231645 9.9991E-05 0.632394 0.283571
9.9991E-05 0.0453649 0.00781705 0.566998 0.37972
0.0274043 0.11535 0.146148 0.553422 0.157676
0.124268 0.09954 9.9991E-05 0.594843 0.181249
9.9991E-05 0.0412273 0.117906 0.644048 0.196719
9.9991E-05 0.0288662 0.0249014 0.597701 0.348431
0.0752702 0.0609242 0.0750957 0.643018 0.145692
0.0648509 0.165401 0.0454663 0.569915 0.154367
0.0686996 9.9991E-05 0.0390072 0.618082 0.274111
0.0951706 0.0272185 0.017578 0.579679 0.280354
0.134997 0.0165106 0.0980768 0.52388 0.226535
0.0470017 0.113952 0.119007 0.40498 0.31506
0.0691618 0.0639017 9.9991E-05 0.643267 0.22357
0.167753 0.0137004 0.0908573 0.581221 0.146468
0.141167 9.9991E-05 0.282015 0.185375 0.391344
0.0834915 0.0469144 0.366424 0.163559 0.339611
0.0384167 0.0146171 0.116035 0.571416 0.259515
0.0569047 9.9991E-05 0.472177 0.126641 0.344178
0.0696383 0.0472023 0.156865 0.294589 0.431705
9.9991E-05 0.0267025 0.1151 0.527718 0.330379
9.9991E-05 0.0153279 0.0786958 0.406251 0.499625
0.028487 9.9991E-05 0.178619 0.312712 0.480082
0.0971868 0.0565057 0.0980449 0.663032 0.0852309
0.055691 0.168496 0.0664678 0.585819 0.123526
0.0278234 0.0526915 0.150212 0.556324 0.212949
0.0853336 0.00569538 0.360546 0.172846 0.37558
0.073553 0.183776 0.154369 0.509342 0.0789587
0.126072 0.0428107 0.347649 0.452279 0.031189
9.9991E-05 0.20954 0.634257 0.0233616 0.132741
0.0348415 0.0964723 0.189047 0.654534 0.0251047
0.0541523 0.0663708 0.41061 0.342709 0.126158
0.137281 0.106706 0.134705 0.458189 0.163119
0.0689037 0.136279 0.512123 0.233909 0.0487858
9.9991E-05 0.139914 0.44852 0.200368 0.211098
0.0507193 0.0366922 0.320615 0.413652 0.178322
0.0927835 0.150618 0.091596 0.534455 0.130548
0.171773 0.188442 0.174084 0.347946 0.117756
0.213154 0.0611715 0.560785 9.9991E-05 0.164789
0.119847 0.0708365 0.138561 0.653087 0.0176682
9.9982E-05 9.9982E-05 0.404032 0.437079 0.158689
0.0383644 9.9991E-05 0.314985 0.504779 0.141772
0.131908 0.10278 0.151479 0.502309 0.111524
0.316747 0.342843 0.184374 0.118628 0.0374081
0.175432 0.611686 0.212682 9.9982E-05 9.9982E-05
0.159186 0.506937 0.333677 9.9982E-05 9.9982E-05
0.367692 0.396006 0.0978964 0.0595055 0.0788999
0.0485519 9.9982E-05 0.207718 0.74353 9.9982E-05
0.111662 0.0513822 0.210639 0.49425 0.132066
0.721917 9.9982E-05 9.9982E-05 0.242154 0.0357284
0.406277 0.0335018 0.0545258 0.370688 0.135008
0.427538 0.038366 0.0879267 0.238387 0.207783
0.0365832 0.0557111 0.538884 0.340696 0.0281253
0.24344 0.0547915 0.151744 0.451093 0.0989319
0.0867756 0.0199668 0.690779 0.202378 9.9991E-05
0.008125 0.0692652 0.243309 0.679201 9.9991E-05
0.0720901 0.0256853 0.394661 0.461659 0.0459049
0.0814069 0.0145219 0.281946 0.563324 0.0588009
0.00368561 0.0739897 0.654192 0.20915 0.0589819
0.163547 0.041893 0.19084 0.55124 0.0524808
0.0960011 0.0464478 0.169391 0.646717 0.0414429
0.98899 9.9982E-05 0.0011863 0.00962423 9.9982E-05
0.902069 9.9973E-05 9.9973E-05 0.0976312 9.9973E-05
0.543013 0.0954622 0.0530226 0.281326 0.0271756
0.699167 0.0166522 9.9991E-05 0.277652 0.00642819
0.841122 9.9982E-05 9.9982E-05 0.115666 0.0430121
0.9996 9.997E-05 9.997E-05 9.997E-05 9.997E-05
0.949873 0.0360093 9.9982E-05 9.9982E-05 0.0139175
0.816978 9.9973E-05 9.9973E-05 0.182722 9.9973E-05
0.943853 9.9973E-05 9.9973E-05 9.9973E-05 0.0558473
0.9996 9.997E-05 9.997E-05 9.997E-05 9.997E-05
0.9996 9.997E-05 9.997E-05 9.997E-05 9.997E-05
0.78157 0.0383665 9.9982E-05 0.179863 9.9982E-05
0.80025 0.0516579 9.9991E-05 0.123732 0.0242604
0.996752 9.9973E-05 9.9973E-05 9.9973E-05 0.00294776
0.35528 0.0736537 0.082896 0.384656 0.103514
0.716269 0.0274255 0.0249786 0.177771 0.0535554
0.80163 0.0501551 9.9991E-05 0.11919 0.0289254
0.891726 0.0210298 9.9991E-05 0.0643262 0.0228183
0.980485 9.9973E-05 9.9973E-05 0.0192151 9.9973E-05
0.919869 0.0314472 9.9991E-05 0.0308786 0.0177056
0.989678 0.0100216 9.9973E-05 9.9973E-05 9.9973E-05
0.625134 0.0314432 0.0452007 0.239097 0.059126
0.911393 0.00677884 0.00819506 0.0147726 0.0588604
0.0693267 0.398996 0.531477 9.9982E-05 9.9982E-05
0.075095 0.214746 0.173628 0.447439 0.0890922
0.0437726 0.279456 0.200359 0.435475 0.0409382
0.219466 0.236012 0.427476 0.0980422 0.0190034
0.180489 0.172546 0.128285 0.502041 0.0166381
0.108864 0.300211 0.404659 0.186166 9.9991E-05
0.138493 0.147778 0.139698 0.510935 0.0630959
0.183433 0.18843 0.273946 0.354091 9.9991E-05
0.21184 0.160199 0.220669 0.407192 9.9991E-05
0.218918 0.25797 0.285777 0.237234 9.9991E-05
0.101533 0.17817 0.212056 0.474894 0.0333468
9.9991E-05 0.839103 0.0235163 0.0594046 0.0778758
0.0404869 0.937155 0.0221582 9.9982E-05 9.9982E-05
9.9991E-05 0.979389 0.00510961 0.0103808 0.00502101
9.9982E-05 0.933908 9.9982E-05 0.015743 0.0501492
0.0274212 0.908438 9.9982E-05 9.9982E-05 0.0639413
0.0862801 0.91342 9.9973E-05 9.9973E-05 9.9973E-05
0.0956286 0.886352 9.9991E-05 0.010523 0.00739586
9.9973E-05 0.934241 0.0654592 9.9973E-05 9.9973E-05
9.9991E-05 0.903644 0.0109671 0.0592797 0.026009
0.0987414 0.862864 0.00751235 9.9991E-05 0.030782
9.9982E-05 0.620501 0.113023 9.9982E-05 0.266276
9.9982E-05 0.612543 0.0364163 9.9982E-05 0.350841
9.9982E-05 0.534585 0.196215 9.9982E-05 0.269
9.9982E-05 0.509344 0.118006 9.9982E-05 0.37245
0.0505432 0.0253444 0.138597 0.58481 0.200705
0.162318 9.9991E-05 0.194164 0.513338 0.13008
0.0598368 0.0301943 0.0606005 0.640706 0.208663
9.9991E-05 0.0335053 0.171227 0.522428 0.27274
9.9982E-05 9.9982E-05 0.0830109 0.214587 0.702202
9.9991E-05 0.0943437 0.171653 0.701482 0.0324206
0.0408138 9.9991E-05 0.180973 0.599533 0.17858
0.0246983 0.0154546 0.207616 0.605702 0.146529
0.0721035 9.9991E-05 0.414579 0.46554 0.0476773
0.113777 0.0318307 9.9991E-05 0.681701 0.172591
9.9982E-05 9.9982E-05 0.353145 0.523023 0.123632
9.9982E-05 9.9982E-05 0.809108 0.0626562 0.128036
0.0300845 0.0938603 0.14762 0.533407 0.195028
9.9982E-05 9.9982E-05 0.529256 0.39389 0.0766537
9.9982E-05 9.9982E-05 0.273279 0.63242 0.0941002
9.9991E-05 0.0031686 0.451463 0.218298 0.32697
0.0162872 0.121332 0.121367 0.0153183 0.725695
9.9991E-05 0.1044 0.121772 0.0522757 0.721452
9.9991E-05 0.0565051 0.140684 0.00149589 0.801215
9.9982E-05 0.113535 0.0387825 9.9982E-05 0.847482
0.0110866 0.0101752 0.0637157 0.114221 0.800802
0.0752156 0.0430046 9.9991E-05 0.0792306 0.802449
0.0371154 0.889977 9.9982E-05 0.0727081 9.9982E-05
0.0776949 0.79219 9.9991E-05 0.0428948 0.0871201
0.146929 0.772762 9.9982E-05 0.0801096 9.9982E-05
0.130381 0.779868 9.9991E-05 0.0234354 0.0662153
0.0623698 0.827994 9.9982E-05 0.109436 9.9982E-05
9.9982E-05 0.411457 0.0457231 9.9982E-05 0.54262
9.9982E-05 0.489321 0.115249 9.9982E-05 0.39523
0.014879 0.462673 0.11003 9.9991E-05 0.412318
0.0348464 0.834833 9.9982E-05 0.13012 9.9982E-05
9.9982E-05 0.387376 0.108355 9.9982E-05 0.504069
0.369376 0.245725 0.113295 0.271504 9.9991E-05
0.244173 0.189626 9.9982E-05 0.566001 9.9982E-05
0.238871 0.160492 9.9982E-05 0.600437 9.9982E-05
0.212464 0.269451 0.0943839 0.322327 0.101373
0.192117 0.100154 0.0891121 0.527557 0.0910589
0.327749 0.503917 0.168134 9.9982E-05 9.9982E-05
0.0390674 9.9991E-05 0.0830579 0.479151 0.398624
0.0944435 9.9991E-05 0.351858 0.307767 0.245832
0.048445 0.0804775 0.069014 0.275564 0.526499
0.0470877 9.9991E-05 0.274432 0.529053 0.149328
9.9973E-05 9.9973E-05 0.770599 9.9973E-05 0.229101
0.0612164 0.14765 0.169925 0.568345 0.052863
9.9991E-05 0.0692175 0.112238 0.612423 0.206022
9.9991E-05 0.0717416 0.0557133 0.394987 0.477459
0.0838779 0.108546 0.0822448 0.57369 0.151641
0.0158013 9.9991E-05 0.496176 0.180878 0.307045
0.129401 9.9991E-05 0.328455 0.382762 0.159282
0.0182591 9.9991E-05 0.134048 0.643725 0.203867
0.258956 0.122714 0.0894429 0.368227 0.16066
0.0216265 9.9991E-05 0.318487 0.406518 0.253269
0.0868649 0.00145832 0.142895 0.42143 0.347351
0.138052 9.9991E-05 0.27971 0.464804 0.117335
9.9982E-05 9.9982E-05 0.193621 0.59081 0.215369
0.100494 0.00904522 0.122642 0.615068 0.152751
0.138601 0.0823365 0.114478 0.471469 0.193116
0.151241 0.0544424 0.0659876 0.488219 0.24011
0.105166 0.782612 9.9982E-05 0.112022 9.9982E-05
0.0354911 0.844524 0.00704206 0.112843 9.9991E-05
9.9991E-05 0.788994 0.0534969 0.0983928 0.0590161
0.00119117 0.842374 0.053892 0.0643371 0.0382057
0.00348166 0.859808 9.9982E-05 0.13651 9.9982E-05
0.0777219 9.9991E-05 0.0719403 0.148457 0.701781
0.111403 0.0363366 0.209184 0.505725 0.137352
0.268987 0.175881 0.133573 0.381583 0.039976
0.123047 9.9991E-05 0.0142984 0.6422 0.220355
0.010072 0.112634 0.0849719 0.599615 0.192707
0.133201 0.0182233 0.23763 0.254455 0.35649
9.9991E-05 0.122679 0.152984 0.0604749 0.663762
0.0824066 0.00859634 0.0960379 0.454778 0.358181
0.12903 0.0742057 0.1375 0.120286 0.538979
0.0736403 0.017801 0.181201 0.45591 0.271448
0.00707144 0.137393 0.107765 0.16036 0.58741
0.146543 0.0646365 9.9991E-05 0.588192 0.200529
9.9991E-05 0.0860781 0.0867842 0.226424 0.600614
0.124377 0.00995494 0.162705 0.297638 0.405325
0.0672857 0.075607 0.313701 0.441148 0.102258
0.0275531 0.0498655 0.447973 0.341397 0.133212
9.9982E-05 0.0546829 0.296341 0.648776 9.9982E-05
0.0756944 0.110597 0.197767 0.615842 9.9991E-05
9.9991E-05 0.0153029 0.518743 0.389959 0.0758956
0.040024 0.13575 0.14222 0.58332 0.0986855
9.9991E-05 0.142397 0.169907 0.619526 0.0680705
9.9982E-05 9.9982E-05 0.75428 0.155412 0.0901074
9.9982E-05 0.00596261 0.691542 0.302295 9.9982E-05
0.0619196 0.0202557 0.279203 0.558472 0.0801492
9.9991E-05 0.0537579 0.613361 0.194647 0.138134
9.9991E-05 0.0240832 0.295499 0.525786 0.154532
0.0443624 9.9991E-05 0.178101 0.174774 0.602662
0.0457244 9.9991E-05 0.36677 0.272596 0.31481
0.0880495 0.0483501 0.0534284 0.380713 0.429459
0.0662521 0.0270875 9.9991E-05 0.664478 0.242082
9.9982E-05 9.9982E-05 0.223783 0.27534 0.500677
0.154458 0.1304 0.219048 0.438825 0.0572687
0.10403 0.105241 0.096221 0.563379 0.131129
0.05235 0.0916803 0.0505982 0.516162 0.28921
0.145188 9.9991E-05 0.119218 0.464231 0.271263
0.00867347 0.0192243 0.067591 0.462393 0.442118
0.0831589 9.9991E-05 0.110419 0.252493 0.553829
0.159081 9.9991E-05 0.0906102 0.30286 0.447349
0.0203785 9.9991E-05 0.128042 0.64278 0.2087
0.0926168 0.122408 0.0200503 0.615035 0.149891
0.00628649 0.0485512 0.101547 0.518644 0.324972
0.164058 9.9982E-05 9.9982E-05 0.507665 0.328077
0.080552 0.0459182 0.119383 0.354307 0.39984
0.0615736 0.0328941 0.0191567 0.672633 0.213742
0.0931004 0.128858 0.0529787 0.477591 0.247472
0.112387 0.0983034 0.031726 0.584194 0.173389
0.160823 0.373735 0.0404841 0.424858 9.9991E-05
0.200872 0.194713 0.13985 0.464465 9.9991E-05
0.2151 0.102404 0.160061 0.472188 0.0502459
0.120125 0.0766296 0.157416 0.645729 9.9991E-05
0.179135 0.270031 0.0790508 0.471684 9.9991E-05
0.068936 9.9991E-05 0.279868 0.451538 0.199558
0.218706 0.191818 0.0819602 0.450742 0.0567737
0.182391 0.285757 0.531652 9.9982E-05 9.9982E-05
0.298137 0.0689159 0.102256 0.469481 0.0612103
0.143594 0.198777 9.9991E-05 0.552061 0.105468
0.230448 0.12917 0.00776385 0.50295 0.129668
0.164025 0.230864 0.244844 0.360167 9.9991E-05
0.182122 0.245816 0.0421441 0.529818 9.9991E-05
0.2213 0.147936 0.0571428 0.547903 0.0257189
0.160057 0.536131 0.303612 9.9982E-05 9.9982E-05
0.207845 0.239351 0.0473215 0.505383 9.9991E-05
0.244002 0.210499 0.0195755 0.503303 0.022621
0.233102 0.105066 0.116577 0.518926 0.0263287
0.274059 0.200021 0.0351979 0.423484 0.0672389
0.268707 0.160001 9.9991E-05 0.523971 0.0472207
0.0866691 0.0552332 0.345768 0.439001 0.0733291
0.113207 0.139568 0.158006 0.513257 0.0759624
0.041896 9.9991E-05 0.816022 0.0441886 0.0977937
0.000738612 0.0177502 0.82853 0.0689215 0.08406
0.117609 0.137194 0.220836 0.518069 0.00629184
0.315027 0.153812 0.120087 0.410973 9.9991E-05
0.362524 0.0927112 0.209756 0.334909 9.9991E-05
0.3158 0.219718 0.274407 0.189975 9.9991E-05
0.329014 0.186767 0.177548 0.304199 0.00247179
0.158649 0.070972 0.686125 0.0841544 9.9991E-05
0.149699 0.138116 0.548573 0.163512 9.9991E-05
0.178018 9.9982E-05 0.297255 0.524526 9.9982E-05
0.172725 0.0914765 0.287171 0.448527 9.9991E-05
0.215336 0.0816808 0.541966 0.160916 9.9991E-05
0.198189 0.0389681 0.0868851 0.546156 0.129802
0.1745 0.0388263 0.290765 0.495809 9.9991E-05
0.21583 0.10439 0.234882 0.386668 0.0582301
9.9991E-05 0.0258818 0.435105 0.399608 0.139305
0.047592 0.0195726 0.412307 0.417722 0.102805
0.0249915 0.114496 0.127907 0.620899 0.111706
0.102961 0.0152812 0.374206 0.356727 0.150825
0.0667862 0.15427 0.272713 0.443409 0.0628217
0.0392631 0.0537871 0.343527 0.508656 0.0547669
9.9982E-05 9.9982E-05 0.58179 0.314186 0.103824
0.0454129 0.00659335 0.317877 0.62964 0.000476898
9.9991E-05 0.00501438 0.551085 0.31344 0.13036
0.0141009 9.9991E-05 0.471929 0.459705 0.0541656
0.0847933 0.069005 0.184261 0.593476 0.0684649
9.9991E-05 0.0542582 0.28131 0.654346 0.00998596
0.130303 0.276447 0.0908373 0.496334 0.00607894
0.167368 0.15339 0.101873 0.434341 0.143028
0.373126 0.11296 0.203939 0.234797 0.0751786
0.259042 0.21013 0.130543 0.297388 0.102897
0.147503 0.18984 0.103347 0.427112 0.132197
0.26103 0.173192 0.172863 0.392816 9.9991E-05
0.207686 0.192481 0.58354 9.9991E-05 0.0161935
0.241917 0.0841527 0.0291163 0.608784 0.03603
0.15116 0.39366 0.45498 9.9982E-05 9.9982E-05
0.26202 0.1417 0.102455 0.493725 9.9991E-05
9.9973E-05 9.9973E-05 0.799339 0.200361 9.9973E-05
0.00674578 0.0276354 0.880319 0.00861163 0.0766887
0.0422741 9.9991E-05 0.372171 0.558594 0.0268612
9.9982E-05 0.0851546 0.214832 0.699814 9.9982E-05
9.9982E-05 9.9982E-05 0.501977 0.463507 0.0343166
0.0720245 9.9982E-05 0.386895 0.540881 9.9982E-05
0.0518408 0.0131606 0.298575 0.636323 9.9991E-05
0.041581 0.842606 0.0528959 0.0628167 9.9991E-05
0.0926491 0.73442 0.0541786 9.9991E-05 0.118652
0.0649148 0.934478 9.9982E-05 9.9982E-05 0.000406776
9.9973E-05 0.938644 9.9973E-05 0.0610564 9.9973E-05
0.0310348 0.10548 0.158453 0.580897 0.124135
9.9991E-05 0.0876599 0.128946 0.619966 0.163329
9.9982E-05 9.9982E-05 0.226617 0.633663 0.13952
9.9982E-05 0.160703 0.206665 0.632432 9.9982E-05
0.0369847 0.0419609 0.256204 0.512159 0.152692
0.0028382 9.9991E-05 0.439871 0.371592 0.185599
9.9982E-05 9.9982E-05 0.255014 0.703446 0.0413403
9.9982E-05 0.0101866 0.462712 0.526901 9.9982E-05
0.205098 0.272593 9.9991E-05 0.495648 0.0265604
0.0565595 9.9991E-05 0.417139 0.459127 0.0670745
9.9982E-05 9.9982E-05 0.288889 0.495478 0.215432
9.9991E-05 0.0247243 0.243094 0.607771 0.12431
9.9982E-05 9.9982E-05 0.412191 0.469784 0.117825
9.9991E-05 0.0129861 0.337302 0.644181 0.00543116
9.9991E-05 0.0732416 0.180788 0.691649 0.054222
9.9973E-05 9.9973E-05 0.674638 0.325062 9.9973E-05
0.00274118 9.9991E-05 0.550495 0.387921 0.0587427
9.9982E-05 9.9982E-05 0.395458 0.513514 0.090828
9.9973E-05 9.9973E-05 0.92309 0.0766104 9.9973E-05
9.9991E-05 0.0433655 0.233829 0.532203 0.190503
9.9982E-05 9.9982E-05 0.66441 0.280442 0.054948
9.9991E-05 0.00845893 0.894807 0.0841572 0.0124771
9.9991E-05 0.0324225 0.237647 0.6585 0.0713304
9.9982E-05 9.9982E-05 0.380583 0.387665 0.231552
0.0178705 0.0119444 0.255421 0.563135 0.151629
0.0781315 0.129479 0.221584 0.565787 0.00501843
9.9982E-05 9.9982E-05 0.152131 0.694843 0.152826
0.0585217 9.9991E-05 0.235956 0.401996 0.303426
9.9982E-05 9.9982E-05 0.211865 0.644487 0.143449
0.0183189 0.0448129 0.226635 0.535837 0.174397
9.9982E-05 9.9982E-05 0.499728 0.497478 0.00259431
0.0565345 0.0760905 0.1156 0.657497 0.0942778
0.00552206 0.637339 0.0553621 9.9991E-05 0.301677
9.9991E-05 0.769554 0.0409527 0.0699277 0.119466
9.9982E-05 0.818256 0.0201675 9.9982E-05 0.161377
9.9982E-05 0.853088 0.0476261 9.9982E-05 0.099086
9.9982E-05 0.743558 9.9982E-05 0.0579595 0.198283
9.9991E-05 0.00659533 0.386436 0.298432 0.308437
9.9991E-05 0.0235093 0.466948 0.305681 0.203762
9.9973E-05 9.9973E-05 0.672412 0.327288 9.9973E-05
0.190212 0.0715388 0.205581 0.511293 0.0213756
9.9991E-05 0.17802 0.0894225 0.730729 0.00172805
0.00457333 0.0284252 0.504092 0.46281 9.9991E-05
0.0720268 9.9982E-05 0.244724 0.68305 9.9982E-05
0.0240097 0.0474235 0.370129 0.542034 0.0164037
9.9982E-05 9.9982E-05 0.218349 0.66615 0.115301
9.9991E-05 0.0438055 0.211466 0.693205 0.0514241
9.9982E-05 9.9982E-05 0.360378 0.430939 0.208483
9.9982E-05 9.9982E-05 0.34071 0.546456 0.112634
9.9982E-05 9.9982E-05 0.27962 0.469863 0.250317
9.9991E-05 0.103849 0.204471 0.624169 0.0674113
9.9982E-05 9.9982E-05 0.263743 0.577042 0.159015
0.0125421 0.0353278 0.328475 0.545572 0.0780838
0.495922 0.0600115 0.0121094 0.391519 0.0404378
0.462059 0.176345 9.9982E-05 0.361396 9.9982E-05
0.465271 0.134579 0.0103163 0.389734 9.9991E-05
0.495755 0.140371 0.0543938 0.30938 9.9991E-05
0.367229 0.151245 9.9982E-05 0.481327 9.9982E-05
0.0276846 9.9991E-05 0.386532 0.573007 0.0126759
0.710446 0.241388 0.0479653 9.9982E-05 9.9982E-05
0.513804 0.144371 0.00677931 0.306037 0.0290082
0.200188 0.119125 0.261959 0.418627 9.9991E-05
9.9991E-05 0.175727 0.105191 0.636708 0.0822735
0.112426 0.160154 0.197637 0.413071 0.116712
0.0584747 0.147551 0.097494 0.556616 0.139864
0.125215 0.0895558 0.140868 0.582301 0.0620596
0.484719 0.200375 9.9982E-05 0.314706 9.9982E-05
0.424191 0.149344 9.9991E-05 0.3202 0.106165
0.530568 0.0852397 9.9982E-05 0.383992 9.9982E-05
0.331862 0.154779 0.0692853 0.443974 9.9991E-05
0.532276 0.150639 0.0602345 0.256577 0.000274285
0.384263 0.183783 9.9991E-05 0.359326 0.0725291
0.583292 0.105671 0.0770962 0.233841 9.9991E-05
0.395332 0.0936986 9.9991E-05 0.42124 0.089629
0.092878 0.103106 0.292191 0.510765 0.00106014
0.428186 0.137946 9.9991E-05 0.330481 0.103288
0.681611 0.148501 0.0243268 0.145461 9.9991E-05
0.468566 0.108675 0.160602 0.262057 9.9991E-05
9.9991E-05 0.158482 0.251438 0.293099 0.296881
0.129371 0.0368322 0.203867 0.535187 0.0947425
0.307997 0.178984 0.0588236 0.373739 0.0804564
0.0524778 0.154462 0.120642 0.592749 0.0796692
9.9982E-05 0.18688 0.229188 0.583732 9.9982E-05
0.298037 0.1145 0.13098 0.365457 0.091027
0.299945 0.256682 0.151231 0.292041 9.9991E-05
0.172159 0.076484 0.151479 0.544535 0.055343
0.429317 0.165093 0.077316 0.323782 0.00449263
0.500453 0.135569 0.0388078 0.32507 9.9991E-05
0.622798 0.208629 9.9982E-05 0.168373 9.9982E-05
0.122184 0.0757583 0.143849 0.658109 9.9991E-05
9.9991E-05 0.187085 0.162515 0.572301 0.077999
0.0675465 0.194413 0.564671 0.17327 9.9991E-05
0.178373 0.143554 0.223336 0.454636 9.9991E-05
0.0581654 0.14314 0.121006 0.430954 0.246735
0.167296 0.190792 0.168759 0.473052 9.9991E-05
0.121157 0.0791751 0.161159 0.442705 0.195804
0.166581 0.394733 0.438487 9.9982E-05 9.9982E-05
0.134159 0.361446 0.504195 9.9982E-05 9.9982E-05
0.15143 0.158324 0.4123 0.277846 9.9991E-05
0.230141 0.384242 0.385417 9.9982E-05 9.9982E-05
0.23165 0.460781 0.307369 9.9982E-05 9.9982E-05
0.183311 0.10233 0.337738 0.376521 9.9991E-05
0.158974 0.234292 0.231873 0.374761 9.9991E-05
0.192759 0.303004 0.252657 0.245158 0.00642199
0.200404 0.348732 0.363564 0.0872002 9.9991E-05
0.202089 0.129616 0.210953 0.457241 9.9991E-05
0.174397 0.256789 0.459037 0.109677 9.9991E-05
0.0540285 0.541555 0.404216 9.9982E-05 9.9982E-05
0.288409 0.135753 0.0452256 0.508609 0.0220027
0.344225 0.105945 0.170594 0.269253 0.109984
0.205423 0.304631 0.0357202 0.408901 0.045325
0.300739 0.191512 9.9982E-05 0.507549 9.9982E-05
0.174288 0.142926 0.0630957 0.61959 9.9991E-05
0.255777 0.159155 0.116746 0.459948 0.00837402
0.233747 0.344116 9.9991E-05 0.363743 0.0582949
0.184786 0.182034 9.9991E-05 0.565122 0.0679575
0.312835 0.276067 0.0110419 0.399956 9.9991E-05
0.21561 0.301673 0.127655 0.354962 9.9991E-05
0.0947177 0.186496 0.183741 0.353331 0.181715
0.0872039 0.195312 0.0647943 0.51464 0.138049
0.109078 0.221269 0.0927257 0.495754 0.0811734
0.134409 0.0717813 0.148847 0.644862 9.9991E-05
0.278881 0.256949 0.00360342 0.417035 0.0435315
0.231333 0.216301 9.9991E-05 0.540681 0.011584
0.212605 0.430659 0.205225 0.151411 9.9991E-05
0.243087 0.12718 9.9991E-05 0.464898 0.164735
0.364038 0.330131 0.129628 0.176102 9.9991E-05
9.9982E-05 0.807763 0.0780539 9.9982E-05 0.113983
0.00520855 0.135743 9.9991E-05 0.126939 0.732009
9.997E-05 9.997E-05 9.997E-05 9.997E-05 0.9996
9.997E-05 9.997E-05 9.997E-05 9.997E-05 0.9996
0.0124834 9.9973E-05 9.9973E-05 9.9973E-05 0.987217
0.0605257 9.9973E-05 9.9973E-05 9.9973E-05 0.939174
9.9973E-05 9.9973E-05 9.9973E-05 0.0283264 0.971374
9.9973E-05 0.0451172 9.9973E-05 9.9973E-05 0.954583
9.9973E-05 0.187024 9.9973E-05 9.9973E-05 0.812676
0.0296115 0.915609 9.9982E-05 9.9982E-05 0.05458
0.0145922 0.818069 9.9991E-05 0.0333893 0.13385
0.0755735 0.855359 9.9991E-05 0.0270782 0.0418892
9.9982E-05 0.860033 9.9982E-05 0.0188746 0.120893
0.0365393 0.925638 9.9991E-05 0.00952975 0.0281926
9.9973E-05 0.913292 9.9973E-05 9.9973E-05 0.0864083
0.138707 0.778674 0.00231098 0.0260937 0.054214
0.0889696 0.860444 9.9982E-05 0.050386 9.9982E-05
0.0432416 0.760639 9.9991E-05 0.0869914 0.109028
0.0808874 0.918813 9.9973E-05 9.9973E-05 9.9973E-05
9.9973E-05 0.951298 9.9973E-05 9.9973E-05 0.0484017
0.0501465 0.859793 0.00574718 0.0444921 0.0398215
9.9982E-05 0.968958 9.9982E-05 0.0130165 0.0178257
0.028951 0.931794 9.9982E-05 0.0390548 9.9982E-05
0.0214067 0.86083 9.9991E-05 0.101273 0.0163905
0.0477196 0.856757 9.9982E-05 0.0953239 9.9982E-05
0.149846 0.796002 9.9982E-05 0.0539526 9.9982E-05
0.090067 0.768808 9.9982E-05 0.140925 9.9982E-05
0.0587238 0.81312 9.9982E-05 0.127956 9.9982E-05
0.028661 0.171135 0.288813 0.395107 0.116285
9.9991E-05 0.160246 0.109556 0.716246 0.0138517
0.138788 0.0901295 0.148077 0.598251 0.0247546
0.014853 0.117575 0.735072 0.1324 9.9991E-05
9.9991E-05 0.158091 0.145005 0.565939 0.130864
0.0322131 0.220983 0.638037 0.108667 9.9991E-05
0.0769175 0.156803 0.154325 0.611854 9.9991E-05
9.9991E-05 0.0946116 0.243126 0.461495 0.200666
9.9991E-05 0.147936 0.246008 0.546682 0.0592741
9.9991E-05 0.0560011 0.275788 0.594059 0.0740524
9.9991E-05 0.135377 0.235575 0.507988 0.120959
0.0225098 0.0946608 0.121419 0.728514 0.0328966
0.0203789 0.112639 0.11114 0.604471 0.151371
0.0607578 9.9991E-05 0.344873 0.0606091 0.53366
9.9982E-05 0.108934 0.835222 9.9982E-05 0.0556442
0.0246929 0.132848 0.624755 0.163667 0.0540363
0.0893449 0.0849156 0.137594 0.635611 0.0525346
0.000632133 0.156195 0.268029 0.575044 9.9991E-05
9.9991E-05 0.17117 0.220652 0.601474 0.00660425
0.0928861 0.0675332 0.213623 0.625857 9.9991E-05
0.088029 0.271914 0.0448482 0.575348 0.0198611
0.256036 0.159655 9.9991E-05 0.524863 0.0593456
0.20131 0.389737 0.167446 0.0893732 0.152134
0.0819736 0.157551 0.0183004 0.600275 0.1419
0.192512 0.25304 0.116566 0.368328 0.0695548
0.184531 0.474668 0.340601 9.9982E-05 9.9982E-05
0.206375 0.29409 0.132148 0.367287 9.9991E-05
0.168679 0.35939 0.116495 0.310061 0.0453746
0.0915225 0.289978 9.9991E-05 0.469591 0.148809
0.309499 0.0870069 0.0952882 0.434381 0.0738246
0.135236 0.245509 0.0593843 0.535685 0.0241857
0.204434 0.0631581 9.9991E-05 0.653797 0.0785111
0.16815 0.238946 0.184332 0.408472 9.9991E-05
0.10688 0.486518 0.0300999 0.351815 0.0246875
