9.9982E-05 9.9982E-05 0.0633927 0.91169 0.024717
9.9982E-05 0.0124958 0.0380484 0.949256 9.9982E-05
0.0598841 9.9991E-05 0.0750547 0.805113 0.0598484
9.9982E-05 9.9982E-05 0.126893 0.746403 0.126504
0.0840965 9.9982E-05 9.9982E-05 0.884901 0.0308029
0.0530992 0.147015 0.0976504 0.654283 0.0479531
9.9982E-05 0.0831482 0.0472922 0.86936 9.9982E-05
9.999E-05 0.104799 0.101543 0.789553 0.00400441
9.9982E-05 0.0751173 0.0714441 0.853239 9.9982E-05
0.0401856 0.0693591 0.0905366 0.720223 0.0796957
0.0118795 0.0749312 0.130032 0.783058 9.9991E-05
0.253302 0.135123 0.516896 9.9991E-05 0.0945799
0.505272 9.9982E-05 0.388524 9.9982E-05 0.106003
0.290293 0.123636 0.430587 0.0698343 0.0856504
0.345529 0.130113 0.340335 9.9991E-05 0.183923
0.407383 0.119012 0.161266 0.205717 0.106622
0.517351 0.127769 0.144619 0.019121 0.19114
0.47377 0.140887 0.252565 9.9991E-05 0.132679
0.423312 9.9991E-05 0.343822 0.134014 0.0987523
0.0332 0.180471 0.686131 0.0433231 0.056874
0.48762 0.0876379 0.266533 0.0369771 0.121232
0.491408 0.214533 0.162552 0.0671959 0.0643112
0.615977 0.0697164 0.217702 0.0965049 9.9991E-05
0.35328 0.160857 0.395023 0.00172266 0.089117
0.494377 9.9991E-05 0.236449 0.0614784 0.207595
0.459834 0.108729 0.185795 0.0489044 0.196738
0.222497 0.0258484 0.583972 0.0460838 0.121599
0.254082 0.143175 0.410127 0.0395416 0.153075
0.295123 0.26239 0.418882 9.9991E-05 0.0235047
0.0273042 9.9982E-05 9.9982E-05 0.862344 0.110152
0.128987 9.9982E-05 9.9982E-05 0.860011 0.0108019
0.189039 9.9973E-05 9.9973E-05 0.810662 9.9973E-05
0.143907 9.9982E-05 9.9982E-05 0.773062 0.0828316
0.725333 0.121733 0.120736 0.0320981 9.9991E-05
0.631752 0.138889 0.124665 0.0721408 0.0325536
0.693541 0.251497 9.9991E-05 0.0524735 0.00238798
0.184849 0.0330865 0.665779 0.0679867 0.0482981
0.50333 0.465317 9.9991E-05 0.0277392 0.00351466
0.612815 0.060421 0.245519 0.0615616 0.019684
0.795594 0.082243 9.9991E-05 0.0777939 0.0442692
0.693828 0.0734085 0.0919023 0.140761 9.9991E-05
0.681112 0.0935944 0.104623 0.12057 9.9991E-05
0.342703 0.484521 0.172576 9.9982E-05 9.9982E-05
0.677063 0.142648 0.0125452 0.0940994 0.0736438
0.646422 0.137942 0.0532556 0.0757248 0.0866548
0.660128 0.139907 0.0313533 0.0605952 0.108017
0.505428 0.403171 0.0912012 9.9982E-05 9.9982E-05
0.68715 0.189386 0.00396371 0.0717716 0.0477287
0.70175 0.0641399 0.110666 0.0577867 0.065658
0.0440491 0.804364 0.0613098 0.0901772 9.9991E-05
0.269864 0.249523 0.455972 9.9991E-05 0.024541
0.157575 0.553373 0.232282 0.0345098 0.0222605
0.613664 0.00842168 0.197118 0.0830933 0.0977034
0.598481 0.089165 0.0930023 0.0785455 0.140806
0.651674 0.0817662 0.0477806 0.140049 0.0787294
0.214945 0.298905 0.390487 0.0955628 9.9991E-05
0.606324 0.0520482 0.308291 9.9991E-05 0.0332371
0.635952 0.0298163 0.154436 0.0856643 0.0941312
0.445278 0.197116 0.213135 0.144372 9.9991E-05
0.101907 0.260371 0.391795 0.189722 0.056205
0.606453 0.0414781 0.230065 0.0350226 0.0869812
0.416224 0.108827 0.327585 0.0989171 0.0484475
0.0833552 0.312214 0.551109 0.0532211 9.9991E-05
0.48847 0.0902894 0.306841 9.9991E-05 0.114299
0.644117 0.141225 0.0974851 0.000984568 0.116189
0.493581 0.211383 0.0803971 0.0678697 0.14677
0.359082 0.236441 0.247058 0.0642607 0.0931591
0.503942 0.168462 0.188579 9.9991E-05 0.138917
0.66129 0.0472619 0.158816 0.0419846 0.0906477
0.20934 0.320247 0.411278 0.0590348 9.9991E-05
0.753603 0.209369 0.0368288 9.9982E-05 9.9982E-05
0.436019 0.34235 0.221431 9.9982E-05 9.9982E-05
0.52656 0.113858 0.179712 0.0835618 0.0963088
0.186556 0.763365 0.049879 9.9982E-05 9.9982E-05
0.207579 0.73439 0.0578317 9.9982E-05 9.9982E-05
0.511488 0.476977 0.011335 9.9982E-05 9.9982E-05
0.647721 0.185239 0.109157 0.0577834 9.9991E-05
0.55166 0.22095 9.9991E-05 0.15528 0.07201
0.581878 0.212259 0.159477 9.9991E-05 0.0462849
0.380931 0.273423 0.33463 0.0109156 9.9991E-05
0.384059 0.214188 0.401553 9.9982E-05 9.9982E-05
0.572208 0.179151 0.0810212 0.0892418 0.0783775
0.496547 0.339506 0.115634 0.0482132 9.9991E-05
0.65847 0.17151 0.119589 0.0503309 9.9991E-05
0.609672 0.390028 9.9973E-05 9.9973E-05 9.9973E-05
0.16701 0.795367 0.0374229 9.9982E-05 9.9982E-05
0.653902 0.117927 0.0991341 9.9991E-05 0.128937
0.0756737 9.9991E-05 0.0914552 0.783513 0.0492581
0.088797 9.9973E-05 9.9973E-05 0.910903 9.9973E-05
0.0655446 9.9982E-05 9.9982E-05 0.864458 0.0697977
0.0645364 9.9982E-05 9.9982E-05 0.933094 0.0021698
0.0507536 9.9982E-05 9.9982E-05 0.884731 0.064315
0.0852181 9.9982E-05 9.9982E-05 0.894959 0.0196228
0.0723044 9.9973E-05 9.9973E-05 0.927396 9.9973E-05
0.632333 0.120569 0.129464 0.117534 9.9991E-05
0.607078 0.079201 0.0904987 0.0953241 0.127898
0.246653 0.555774 0.197373 9.9982E-05 9.9982E-05
0.680911 0.130178 0.0257866 0.114377 0.0487475
0.671181 0.20691 0.0914066 0.0304022 9.9991E-05
0.751678 0.187752 9.9991E-05 0.0576053 0.00286417
0.631188 0.21747 0.0820655 0.0580419 0.0112345
0.675239 0.255134 9.9991E-05 0.0239093 0.0456177
0.137901 0.567383 0.280966 0.0136494 9.9991E-05
0.628157 0.00353687 0.138812 0.127804 0.101691
0.772187 0.0298362 0.018814 0.139943 0.0392205
0.484357 0.0814166 0.123851 0.170379 0.139995
0.486639 0.513061 9.9973E-05 9.9973E-05 9.9973E-05
0.689442 0.270603 9.9982E-05 0.0397549 9.9982E-05
0.612993 0.23383 0.113174 0.0165946 0.0234085
0.533327 0.399524 0.028991 9.9991E-05 0.0380575
0.615836 0.199044 0.120491 0.0645294 9.9991E-05
0.699931 0.0976004 0.0765396 0.125829 9.9991E-05
0.309242 0.291015 0.29542 0.0555536 0.0487684
0.414685 0.000947366 0.359385 0.104518 0.120465
0.590333 0.006443 0.184491 0.148495 0.0702381
0.659969 9.9991E-05 0.205792 0.0278956 0.106243
0.555114 0.0824141 0.330003 0.0323685 9.9991E-05
0.569125 9.9982E-05 0.332522 9.9982E-05 0.098153
0.537369 9.9982E-05 0.410532 0.0518992 9.9982E-05
0.597393 0.105197 0.177746 0.0694447 0.0502192
0.617396 0.150347 0.0739289 0.0932262 0.0651015
0.642962 0.0561597 0.191711 0.109067 9.9991E-05
0.597398 9.9973E-05 0.402303 9.9973E-05 9.9973E-05
0.61883 0.00825834 0.195507 0.026589 0.150815
0.518794 0.0868362 0.140437 0.0282429 0.22569
0.659659 9.9982E-05 0.285156 9.9982E-05 0.0549851
0.666526 0.142657 9.9991E-05 0.0904522 0.100264
0.57892 0.0683844 0.187039 9.9991E-05 0.165556
0.373273 0.12252 0.373726 0.0705108 0.0599704
0.714721 0.0834176 0.131036 9.9991E-05 0.0707253
0.674687 9.9991E-05 0.125078 0.0411398 0.158994
0.275962 0.165823 0.460818 9.9991E-05 0.0972977
0.200815 0.446988 0.268262 0.0142742 0.069661
0.623269 0.0862963 0.212239 0.0503254 0.0278699
0.0809895 0.490775 0.335534 9.9991E-05 0.0926016
0.328586 0.182671 0.443058 0.0455851 9.9991E-05
0.573614 0.0939406 0.332245 9.9982E-05 9.9982E-05
0.390961 0.133385 0.475454 9.9982E-05 9.9982E-05
0.324388 0.0795992 0.55314 9.9991E-05 0.0427731
0.586697 0.0839926 0.170721 0.0298904 0.128698
0.513303 0.076967 0.0967973 0.185364 0.127569
0.605354 0.112812 0.207604 0.0604986 0.0137303
0.115149 0.377208 0.388812 9.9991E-05 0.11873
0.686011 0.0670445 0.107152 0.139692 9.9991E-05
0.521476 0.245462 0.0170946 0.0823162 0.133652
0.0130145 0.623271 0.167681 0.168531 0.0275033
0.663626 0.132394 0.0185405 0.122525 0.0629142
0.401953 0.409498 0.0336354 0.141931 0.0129827
0.454438 0.235202 0.0641508 0.112263 0.133946
0.281593 0.41301 0.136844 0.0830954 0.0854582
0.235537 0.473248 0.151992 0.139124 9.9991E-05
0.502613 0.287456 0.134038 0.0757926 9.9991E-05
0.568078 0.196746 0.0714136 0.0680193 0.0957427
0.42617 0.290019 0.114152 0.0660171 0.103642
0.0501229 0.635729 0.0755837 0.0814311 0.157134
0.607137 0.122796 0.139301 0.0629651 0.0678007
0.414777 0.442483 0.142541 9.9982E-05 9.9982E-05
0.502239 0.316848 0.0960939 0.0284224 0.056397
0.552329 0.146134 0.107865 0.0909404 0.102731
0.202261 0.181439 9.9991E-05 0.349097 0.267103
9.9982E-05 0.256636 9.9982E-05 0.579145 0.164019
9.9982E-05 0.328167 9.9982E-05 0.51123 0.160403
9.9991E-05 0.197272 0.00454161 0.387434 0.410652
0.631873 0.244734 0.0117419 9.9991E-05 0.111551
0.512561 0.10385 0.154091 0.0526301 0.176867
0.317936 9.9982E-05 0.0291163 9.9982E-05 0.652747
0.423922 9.9991E-05 0.147097 0.00308019 0.425801
0.361191 0.0593901 0.0735136 0.0680544 0.437851
0.415764 0.533982 9.9991E-05 0.0277486 0.0224052
0.673316 0.170061 0.0071641 0.043667 0.105791
0.203966 0.68671 0.0352373 9.9991E-05 0.0739865
0.64702 0.245796 9.9991E-05 0.0809797 0.0261044
0.533481 0.290758 0.0763983 0.0973726 0.00198957
0.5697 0.275191 0.0257006 0.0316057 0.0978024
0.268175 0.638469 0.0182739 0.0146373 0.0604447
0.583706 0.138938 0.0305843 0.107736 0.139035
0.59724 0.189936 9.9991E-05 0.0844143 0.12831
0.0326465 0.0085874 9.9982E-05 9.9982E-05 0.958566
0.0753071 0.00981256 0.00749958 9.9991E-05 0.907281
0.147604 0.0188027 0.182702 0.0331774 0.617714
0.329067 9.9973E-05 9.9973E-05 9.9973E-05 0.670633
0.0890227 9.9982E-05 0.0221611 9.9982E-05 0.888616
9.997E-05 9.997E-05 9.997E-05 9.997E-05 0.9996
9.9982E-05 9.9982E-05 0.0588314 0.0183207 0.922648
0.132837 9.9973E-05 9.9973E-05 9.9973E-05 0.866863
0.00148576 9.9982E-05 0.00578249 9.9982E-05 0.992532
9.997E-05 9.997E-05 9.997E-05 9.997E-05 0.9996
9.997E-05 9.997E-05 9.997E-05 9.997E-05 0.9996
0.191122 0.0142261 0.0145159 0.0178706 0.762266
0.0909342 9.9991E-05 0.0625429 0.0428574 0.803566
0.00234586 9.9982E-05 0.0154368 9.9982E-05 0.982017
0.404501 0.0596523 0.0772044 0.125717 0.332925
0.281514 9.9991E-05 0.057109 0.00428065 0.656997
0.173369 9.9991E-05 0.01058 0.0330981 0.782853
0.0333924 9.9982E-05 0.0243883 9.9982E-05 0.942019
9.9973E-05 9.9973E-05 9.9973E-05 0.0203216 0.979378
0.0592191 9.9991E-05 0.00439707 0.0339101 0.902374
9.997E-05 9.997E-05 9.997E-05 9.997E-05 0.9996
0.272467 0.0407011 0.0576826 0.00221957 0.62693
0.0722648 0.0330341 0.00241451 0.0126074 0.879679
9.9982E-05 0.552481 9.9982E-05 0.390148 0.057171
0.401342 0.0960728 0.140947 0.228464 0.133174
0.441522 0.182751 0.040803 0.255559 0.0793644
0.103443 0.447869 0.0121758 0.267029 0.169484
0.481232 0.175315 0.0363538 0.192266 0.114833
0.185534 0.392884 9.9991E-05 0.289603 0.131879
0.612512 0.0964649 0.0211833 0.182123 0.0877166
0.254937 0.330646 9.9991E-05 0.169038 0.24528
0.490401 0.123784 0.0490235 0.145583 0.191209
0.32625 0.205694 9.9991E-05 0.253466 0.21449
0.455321 0.236037 0.00719007 0.15323 0.148222
0.0366135 0.0017054 0.0983281 0.863253 9.9991E-05
9.9982E-05 9.9982E-05 0.0121215 0.914964 0.072714
9.9982E-05 0.000134479 0.0491917 0.950474 9.9982E-05
9.9973E-05 9.9973E-05 0.0572428 0.942457 9.9973E-05
9.9982E-05 9.9982E-05 0.0737315 0.883077 0.0429912
9.9982E-05 0.0249618 9.9982E-05 0.88377 0.0910684
0.0392894 9.9982E-05 9.9982E-05 0.904307 0.0562037
0.0158495 0.0922487 9.9982E-05 0.891702 9.9982E-05
0.0593456 9.9982E-05 9.9982E-05 0.9216 0.0188546
9.9991E-05 0.00672891 0.0431305 0.87033 0.0797105
9.9991E-05 0.142825 0.207196 0.647257 0.00262223
9.9991E-05 0.0499271 0.338454 0.603854 0.00766534
9.9982E-05 0.174753 0.287822 0.537225 9.9982E-05
9.9982E-05 0.163549 0.349842 0.486409 9.9982E-05
0.653802 0.1203 0.195049 0.0307494 9.9991E-05
0.549816 0.315787 0.0677278 0.0335074 0.0331619
0.577061 0.0874374 0.274684 9.9991E-05 0.060718
0.475838 0.201486 0.28027 0.042306 9.9991E-05
0.228875 0.113708 0.632988 9.9991E-05 0.0243289
0.678002 0.0952631 0.0879681 0.063331 0.0754359
0.638291 0.165271 0.133523 0.0332017 0.0297133
0.712398 0.191263 0.0897125 0.00652604 9.9991E-05
0.516237 0.437323 0.0434069 9.9991E-05 0.00293342
0.586471 0.149338 0.166807 0.0364494 0.0609343
0.580853 0.270273 0.148674 9.9982E-05 9.9982E-05
0.0926746 0.784312 0.122814 9.9982E-05 9.9982E-05
0.650892 0.0661629 0.116919 0.125441 0.040586
0.460437 0.534778 0.00458552 9.9982E-05 9.9982E-05
0.701769 0.278733 0.0192977 9.9982E-05 9.9982E-05
0.31612 0.370045 0.305361 0.00837368 9.9991E-05
9.9991E-05 0.0422475 0.827088 0.0980196 0.0325449
0.00992298 0.0930221 0.787391 0.0867625 0.0229018
9.9982E-05 0.0488068 0.885892 0.0651015 9.9982E-05
9.9982E-05 0.0634535 0.800246 0.1361 9.9982E-05
0.0437393 0.0723866 0.858162 9.9991E-05 0.0256118
0.0967641 0.0379429 0.77593 0.0386842 0.0506784
0.0969468 9.9982E-05 9.9982E-05 0.894761 0.00809218
0.0297499 9.9991E-05 0.122075 0.807454 0.0406208
0.115995 9.9982E-05 9.9982E-05 0.777403 0.106402
9.9982E-05 9.9982E-05 0.117381 0.733676 0.148743
0.0238025 9.9991E-05 0.0517627 0.794176 0.130159
9.9982E-05 0.0417982 0.552862 0.40514 9.9982E-05
9.9982E-05 0.126249 0.42309 0.450462 9.9982E-05
0.0117995 0.100816 0.464568 0.422717 9.9991E-05
0.0913282 9.9982E-05 9.9982E-05 0.845196 0.0632754
9.9982E-05 0.141052 0.444915 0.413832 9.9982E-05
0.247698 0.108739 9.9991E-05 0.267686 0.375778
0.45257 9.9991E-05 0.0738711 0.202531 0.270928
0.434078 9.9982E-05 9.9982E-05 0.197249 0.368473
0.303487 0.1022 9.9991E-05 0.332862 0.261351
0.557993 0.0770717 0.0524876 0.164078 0.14837
9.9982E-05 0.186193 9.9982E-05 0.496693 0.316915
0.51423 0.10385 0.368519 9.9991E-05 0.0133005
0.401689 0.330012 0.24431 9.9991E-05 0.0238896
0.32106 0.0146563 0.578656 0.0855273 9.9991E-05
0.509943 0.300099 0.160762 9.9991E-05 0.0290958
9.9973E-05 0.801187 0.198513 9.9973E-05 9.9973E-05
0.552284 0.0273462 0.161837 0.140413 0.11812
0.536672 0.194289 0.248944 0.0199949 9.9991E-05
0.410042 0.156425 0.395263 0.0381705 9.9991E-05
0.431248 0.0491845 0.302052 0.0780908 0.139424
0.236992 0.508133 0.254676 9.9982E-05 9.9982E-05
0.5581 0.218536 0.173033 0.00336707 0.0469641
0.575837 0.12788 0.252256 9.9991E-05 0.0439269
0.334773 0.164894 0.121066 0.0972808 0.281985
0.408228 0.249282 0.269617 9.9991E-05 0.0727728
0.462193 0.173227 0.298809 9.9991E-05 0.0656718
0.491515 0.20593 0.163567 9.9991E-05 0.138888
0.621726 0.15318 0.182388 0.0092521 0.0334545
0.668585 0.0489475 0.0911815 0.105105 0.0861811
0.563807 0.0256969 0.188647 0.0654186 0.15643
0.549221 0.0721939 0.172273 0.166932 0.0393799
0.1081 9.9982E-05 9.9982E-05 0.814976 0.0767242
0.100596 0.0302785 9.9991E-05 0.830941 0.0380839
0.125188 0.0401798 0.00789857 0.826634 9.9991E-05
0.0760666 0.0437796 0.0523952 0.822049 0.00570913
0.139714 9.9973E-05 9.9973E-05 0.859986 9.9973E-05
0.223432 0.0791445 0.596719 0.00951966 0.0911846
0.626404 0.101264 0.148372 0.0409706 0.0829901
0.457951 0.0165178 0.0686091 0.229073 0.227849
0.709783 0.0126363 0.120101 0.0701648 0.0873145
0.545235 0.103974 0.228253 0.0614509 0.0610876
0.245596 0.323124 0.330456 9.9991E-05 0.100723
0.0542188 0.176031 0.649633 0.120017 9.9991E-05
0.554057 9.9991E-05 0.369483 0.0127281 0.0636314
0.174857 0.219071 0.495422 0.0745307 0.03612
0.409163 0.161748 0.257442 0.0478332 0.123815
0.100603 0.15973 0.556683 0.124169 0.0588147
0.670475 9.9991E-05 0.172706 0.127292 0.0294271
0.254037 0.0469583 0.578625 0.103247 0.0171336
0.433629 0.184321 0.273725 0.0645494 0.0437753
0.490887 0.194612 0.167006 0.0295958 0.117899
0.33885 0.507774 0.0901646 0.0477346 0.0154765
0.659804 0.232664 0.0164892 0.0909438 9.9991E-05
0.490975 0.275424 9.9991E-05 0.163827 0.0696739
0.422414 0.48266 0.0208771 0.0739487 9.9991E-05
0.502005 0.158237 0.120016 0.0980484 0.121694
0.58179 0.2561 0.0238389 0.104829 0.0334431
0.179768 0.68715 0.119531 0.0134506 9.9991E-05
0.367845 0.611541 9.9982E-05 0.0204141 9.9982E-05
0.535699 0.304749 0.0733708 0.0540172 0.032164
0.273633 0.633022 0.0808145 0.0124301 9.9991E-05
0.557742 0.262007 0.150967 0.0291832 9.9991E-05
0.175632 0.162213 0.633537 9.9991E-05 0.0285176
0.247043 0.352996 0.331542 9.9991E-05 0.0683192
0.35041 0.070112 0.437613 0.0232303 0.118634
0.624135 0.00191702 0.166511 0.124635 0.0828019
0.320543 0.167766 0.511492 9.9982E-05 9.9982E-05
0.535714 0.194611 0.0820013 0.0497983 0.137875
0.547954 9.9982E-05 0.302605 9.9982E-05 0.149241
0.60735 0.033166 0.260306 0.0206307 0.0785473
0.514608 0.0880758 0.262352 0.0491603 0.0858036
0.417252 0.0421457 0.404991 0.0490139 0.0865977
0.304206 0.0693563 0.54238 9.9991E-05 0.0839574
0.364591 0.0411973 0.477752 0.023205 0.0932541
0.655811 0.0973252 0.193704 9.9991E-05 0.0530596
0.507917 0.124004 0.139524 0.0811476 0.147407
0.497447 0.153547 0.236359 0.0464358 0.0662116
0.51877 0.0992777 0.255262 0.00550395 0.121186
0.408618 9.9991E-05 0.446152 0.076971 0.0681592
0.701519 9.9991E-05 0.218786 0.0623749 0.0172205
0.510162 0.10699 0.285179 9.9991E-05 0.0975689
0.61677 0.0280416 0.116186 0.119074 0.119928
0.425509 9.9991E-05 0.0314951 0.403219 0.139677
0.410485 0.0946826 9.9991E-05 0.184613 0.31012
0.45614 0.050004 0.13338 0.0969013 0.263575
0.680337 0.0427715 0.012662 0.112675 0.151554
0.485787 0.0731108 9.9991E-05 0.233655 0.207348
0.538654 0.261153 0.172986 9.9991E-05 0.0271072
0.583719 0.0286211 0.0706288 0.207165 0.109867
0.0646626 0.470121 0.00875628 0.316103 0.140357
0.520503 0.0965086 0.106633 0.119373 0.156983
0.577273 0.0349634 0.125775 0.104302 0.157686
0.444692 0.0702253 0.107376 0.0567793 0.320927
0.367568 0.245998 0.0465332 0.188462 0.151439
0.545118 0.00170608 0.0431353 0.204005 0.206035
0.458857 9.9991E-05 0.146284 0.127939 0.26682
9.9982E-05 0.320075 9.9982E-05 0.509381 0.170345
0.517832 0.0674825 9.9991E-05 0.198746 0.215839
0.487711 9.9982E-05 9.9982E-05 0.176706 0.335383
0.565001 0.0725839 0.068779 0.107992 0.185644
0.504442 0.0600176 9.9991E-05 0.226063 0.209377
0.589654 0.0284813 0.0789607 0.15577 0.147135
0.468467 0.291103 0.0658393 0.0495634 0.125027
0.454464 0.241695 0.130232 0.054872 0.118737
0.123861 0.753895 0.0997814 9.9991E-05 0.0223623
0.109944 0.813822 0.0708377 0.00529636 9.9991E-05
0.503685 0.218119 0.10034 0.0554519 0.122404
0.353758 0.174008 9.9991E-05 0.0910508 0.381082
0.340694 0.177274 9.9991E-05 0.122055 0.359877
0.173396 0.242753 0.0228573 0.225529 0.335465
0.345842 0.153951 9.9991E-05 0.232175 0.267932
0.109042 0.641355 9.9991E-05 0.0773981 0.172105
0.18466 0.554895 9.9991E-05 0.0933267 0.167018
0.550289 0.240458 0.0177936 9.9991E-05 0.191359
0.490827 0.269546 0.0192619 0.0538611 0.166504
0.275023 0.479589 9.9991E-05 0.119899 0.12539
0.533808 0.166144 0.11556 0.0460215 0.138466
0.548816 0.193958 0.0299577 0.0178268 0.209442
0.445733 0.190644 0.0805316 0.0303505 0.252741
0.432827 0.465474 0.0882441 0.0133546 9.9991E-05
0.398111 0.404153 0.13117 9.9991E-05 0.0664654
0.555306 0.179079 0.0966101 0.102958 0.0660468
0.447437 0.298674 0.13531 0.100046 0.0185331
0.434684 0.190259 0.128065 0.0824407 0.164551
0.472745 0.465923 0.00687593 9.9991E-05 0.0543562
0.294384 0.573774 0.131642 9.9982E-05 9.9982E-05
0.642219 0.269145 9.9991E-05 0.0251401 0.0633959
0.296885 0.633533 0.0328512 9.9991E-05 0.0366308
0.459492 0.450483 9.9991E-05 0.0323177 0.0576074
0.513697 0.255001 0.0640061 0.043546 0.12375
0.529449 0.368876 0.00363562 0.0404166 0.0576233
0.513694 0.0634736 9.9991E-05 0.225112 0.197621
0.473773 0.167164 0.0699602 0.0962411 0.192861
0.369128 0.116618 0.0335068 0.188245 0.292502
0.285234 0.179399 0.134641 0.132868 0.267857
0.408201 0.0145025 0.163395 0.17701 0.236891
0.494021 0.180603 0.00502895 0.163323 0.157024
9.9982E-05 0.596253 9.9982E-05 0.19181 0.211737
0.563061 0.0522678 0.0203109 0.0749985 0.289362
9.9982E-05 0.430278 9.9982E-05 0.372614 0.196908
0.587187 0.138339 9.9991E-05 0.0507525 0.223621
0.243479 0.756221 9.9973E-05 9.9973E-05 9.9973E-05
0.014914 0.95477 0.0216662 9.9991E-05 0.00854994
0.643876 0.350004 0.00591978 9.9982E-05 9.9982E-05
0.752566 0.18122 9.9991E-05 0.0184468 0.0476676
0.477982 0.469912 0.047257 9.9991E-05 0.0047492
0.580048 0.350567 0.00865615 0.000673718 0.0600552
0.646254 0.350948 9.9982E-05 9.9982E-05 0.0025978
0.11511 0.0260223 0.00685923 0.812023 0.039985
9.9991E-05 0.0285305 0.145389 0.687368 0.138612
9.9982E-05 9.9982E-05 0.0434724 0.899032 0.0572959
0.0377325 9.9973E-05 9.9973E-05 0.961968 9.9973E-05
0.635176 0.260187 0.0616507 0.0111618 0.0318244
0.689587 0.0945178 0.167256 0.048539 9.9991E-05
0.67803 0.196282 0.076343 0.0492454 9.9991E-05
0.711934 0.142484 9.9982E-05 0.145382 9.9982E-05
0.619409 0.153014 0.066146 0.161331 9.9991E-05
0.463168 0.325479 0.163408 0.0478458 9.9991E-05
0.709562 0.119 0.0724928 0.0124273 0.0865183
0.521821 0.466319 0.0116606 9.9982E-05 9.9982E-05
0.478927 0.0110974 0.0608359 0.209706 0.239434
0.532698 0.337808 0.0558114 9.9991E-05 0.0735822
0.557448 0.25933 0.183022 9.9982E-05 9.9982E-05
0.715241 0.207327 0.0429713 0.0343613 9.9991E-05
0.590877 0.290169 0.118754 9.9982E-05 9.9982E-05
0.698644 0.301057 9.9973E-05 9.9973E-05 9.9973E-05
0.690597 0.188763 9.9991E-05 0.0977143 0.0228255
0.301157 0.698543 9.9973E-05 9.9973E-05 9.9973E-05
0.449716 0.491522 0.0585622 9.9982E-05 9.9982E-05
0.520331 0.393929 0.0855397 9.9982E-05 9.9982E-05
0.113901 0.885799 9.9973E-05 9.9973E-05 9.9973E-05
0.623312 0.185499 0.131613 0.0594764 9.9991E-05
0.293068 0.70198 0.00205116 0.00280057 9.9991E-05
0.0675224 0.884739 0.043147 0.00449199 9.9991E-05
0.623626 0.241578 9.9991E-05 0.0660645 0.0686316
0.402354 0.354535 0.21214 0.0308713 9.9991E-05
0.612657 0.203172 0.158209 0.025862 9.9991E-05
0.623532 0.194763 9.9991E-05 0.101893 0.0797128
0.592528 0.280674 0.105261 0.0214366 9.9991E-05
0.385055 0.250819 0.270789 9.9991E-05 0.0932382
0.716422 0.19611 0.0377171 0.0241606 0.0255898
0.594992 0.169563 0.141906 0.066997 0.0265425
0.470711 0.52899 9.9973E-05 9.9973E-05 9.9973E-05
0.547863 0.230196 0.07854 0.0635364 0.079865
9.9982E-05 0.0682649 0.296421 0.635114 9.9982E-05
0.0581873 0.0694844 0.129207 0.743021 9.9991E-05
9.9982E-05 0.0307471 0.136216 0.832837 9.9982E-05
9.9982E-05 0.0787561 0.133158 0.787886 9.9982E-05
0.0492169 9.9982E-05 0.212505 0.738078 9.9982E-05
0.331662 0.422977 0.245161 9.9982E-05 9.9982E-05
0.345703 0.467792 0.161158 0.0252468 9.9991E-05
0.410079 0.589621 9.9973E-05 9.9973E-05 9.9973E-05
0.47123 0.207396 0.11226 0.111396 0.097718
0.653183 0.0647006 0.045323 0.154267 0.0825264
0.479696 0.478366 9.9982E-05 0.0417377 9.9982E-05
0.754635 0.187212 0.0579529 9.9982E-05 9.9982E-05
0.554041 0.355659 9.9991E-05 0.0473906 0.0428092
0.733692 0.125089 0.113662 0.0258826 0.00167464
0.613394 0.148314 0.148633 0.0262876 0.0633721
0.469227 0.369409 0.161164 9.9982E-05 9.9982E-05
0.547329 0.28253 0.169942 9.9982E-05 9.9982E-05
0.570095 0.177941 0.251764 9.9982E-05 9.9982E-05
0.681098 0.105446 0.0460606 0.167295 9.9991E-05
0.618063 0.245706 0.0864111 0.04972 9.9991E-05
0.650368 0.254805 0.0946268 9.9982E-05 9.9982E-05
0.472929 9.9991E-05 0.0173884 0.100144 0.409439
0.394965 9.9982E-05 9.9982E-05 0.176623 0.428213
0.454239 9.9982E-05 9.9982E-05 0.097236 0.448325
0.201079 0.0775428 9.9991E-05 0.19965 0.521628
0.492568 9.9982E-05 9.9982E-05 0.232534 0.274698
0.627837 0.299286 9.9991E-05 0.0562054 0.0165719
0.0599455 0.0654658 9.9991E-05 0.263787 0.610701
0.342815 0.00671796 9.9991E-05 0.181277 0.469089
0.469048 0.18886 9.9991E-05 0.179781 0.162211
0.653857 0.140882 0.065576 0.120673 0.0190115
0.459737 0.227606 0.137703 0.116833 0.0581227
0.631356 9.9991E-05 0.1149 0.181973 0.071671
0.697073 0.0634125 0.10283 0.128978 0.00770592
0.300349 0.00671357 9.9991E-05 0.205483 0.487354
0.401844 0.00864702 0.0666712 0.10659 0.416248
0.390372 9.9982E-05 9.9982E-05 0.082079 0.527349
0.432177 0.0529243 0.112499 0.138547 0.263853
0.252813 0.0649318 9.9991E-05 0.10435 0.577805
0.416171 0.061848 0.0604151 0.102327 0.359239
0.216426 0.028537 0.0228356 0.105121 0.627081
0.320701 0.0688921 0.106963 0.0488061 0.454638
0.565688 0.259216 0.0391932 0.077337 0.0585653
0.404348 0.057029 0.012623 0.189577 0.336423
0.132427 9.9982E-05 9.9982E-05 0.219287 0.648086
0.177586 0.135218 0.0423414 0.171593 0.473262
0.31301 0.249843 0.248956 0.188091 9.9991E-05
0.584729 0.152168 0.11121 9.9991E-05 0.151794
0.351223 9.9991E-05 0.10462 0.219857 0.3242
0.601209 0.0632503 0.155467 0.146119 0.0339542
0.525212 0.212953 0.0397536 0.213991 0.00808932
0.421818 0.0877399 0.102483 0.18772 0.200239
0.36234 0.119788 9.9991E-05 0.201323 0.316449
0.49545 0.198716 0.0904669 0.0524733 0.162893
0.484497 0.0115478 9.9991E-05 0.146983 0.356873
0.42961 0.00283391 9.9991E-05 0.110951 0.456505
0.105921 0.0574137 9.9991E-05 0.228255 0.60831
0.581847 0.184519 0.0492 0.102972 0.081461
0.572211 0.159277 0.0884596 0.179953 9.9991E-05
0.169818 0.579273 9.9991E-05 0.133969 0.116839
0.542694 0.0650826 0.201864 0.0258104 0.164549
0.348974 0.214808 0.276163 0.083309 0.0767468
0.487567 0.126735 0.0332175 0.206968 0.145512
0.497217 0.131816 0.12409 0.165976 0.080901
9.9982E-05 0.436652 9.9982E-05 0.324895 0.238252
9.9982E-05 0.493754 9.9982E-05 0.353705 0.152342
0.323367 0.33114 0.044363 0.199495 0.101635
9.9982E-05 0.340342 9.9982E-05 0.394735 0.264723
9.9982E-05 0.290014 9.9982E-05 0.481895 0.227891
0.387599 0.285326 9.9991E-05 0.125951 0.201024
0.420243 0.137442 0.0125758 0.209115 0.220625
0.214882 0.298847 9.9991E-05 0.319982 0.166189
0.0982602 0.374402 0.000436309 0.347108 0.179794
0.400921 0.184873 0.0712776 0.133558 0.20937
0.130633 0.454166 0.0198176 0.189583 0.205801
9.9982E-05 0.388108 9.9982E-05 0.541542 0.0701498
0.452284 0.0137015 0.140804 0.152275 0.240935
0.280034 0.180947 0.0619599 0.194727 0.282332
0.430771 0.0546688 9.9991E-05 0.348994 0.165466
0.584918 9.9982E-05 9.9982E-05 0.207297 0.207585
0.526669 0.00829315 0.0263125 0.214526 0.224199
0.43729 0.0615463 0.0237855 0.146518 0.330861
0.309482 9.9991E-05 0.0404255 0.368998 0.280994
0.540233 0.00409764 0.00205736 0.157137 0.296475
0.485308 0.000961361 0.0337432 0.243245 0.236743
0.379101 0.0884972 0.0257149 0.277311 0.229375
0.381244 0.130588 0.18856 0.185882 0.113726
0.494653 0.00141866 0.168812 0.162345 0.172771
0.552983 0.0286969 0.0529927 0.205129 0.160199
0.58176 0.0306458 0.124796 0.0648885 0.19791
0.399918 0.0234655 0.0183485 0.315168 0.2431
0.531875 0.0272103 9.9991E-05 0.218967 0.221848
0.139665 0.23105 9.9991E-05 0.370074 0.259112
0.564083 9.9991E-05 0.0141504 0.160489 0.261178
0.1778 0.176498 9.9991E-05 0.27925 0.366352
9.9982E-05 0.0592838 0.166156 0.774361 9.9982E-05
0.106049 0.0340683 0.792892 0.0487976 0.0181933
9.997E-05 9.997E-05 0.9996 9.997E-05 9.997E-05
9.9973E-05 9.9973E-05 0.976675 0.0230248 9.9973E-05
9.9973E-05 9.9973E-05 0.9792 9.9973E-05 0.0205005
0.027864 9.9982E-05 0.969776 9.9982E-05 0.00215975
0.0800606 9.9973E-05 0.919639 9.9973E-05 9.9973E-05
9.9973E-05 9.9973E-05 0.95778 0.0419198 9.9973E-05
9.9982E-05 9.9982E-05 0.780784 0.217257 0.00175965
0.040936 0.00616349 0.022343 0.926883 0.00367477
0.0258645 9.9991E-05 0.146376 0.801406 0.0262534
0.00778541 9.9991E-05 0.0549364 0.906521 0.0306567
0.0457049 9.9982E-05 0.124949 0.829146 9.9982E-05
9.9982E-05 9.9982E-05 0.0393218 0.880912 0.0795665
9.9982E-05 9.9982E-05 0.0941427 0.887916 0.0177417
0.00995155 9.9991E-05 0.14971 0.718002 0.122237
9.9991E-05 0.0442639 0.0244177 0.866588 0.0646302
0.0263729 9.9991E-05 0.212376 0.672109 0.0890428
9.9982E-05 0.00463069 9.9982E-05 0.935206 0.0599637
9.9973E-05 9.9973E-05 0.0509292 0.948771 9.9973E-05
0.0151694 0.00792979 0.0533096 0.861284 0.0623071
9.9973E-05 9.9973E-05 0.0401485 0.959552 9.9973E-05
0.0548728 9.9982E-05 9.9982E-05 0.921282 0.0236456
0.0645127 0.0107751 0.0429598 0.835693 0.0460595
0.0804708 9.9982E-05 9.9982E-05 0.861525 0.0578047
0.0470147 9.9982E-05 9.9982E-05 0.790626 0.16216
0.127645 9.9982E-05 9.9982E-05 0.791819 0.0803362
0.102946 9.9982E-05 9.9982E-05 0.825251 0.0716029
0.460146 0.253746 0.124125 0.153121 0.00886272
0.762739 0.0954409 0.0223824 0.119338 9.9991E-05
0.647666 0.127545 0.0392203 0.136864 0.0487045
0.157434 0.673228 9.9991E-05 0.136072 0.0331661
0.555552 0.113745 0.155783 0.17482 9.9991E-05
0.146325 0.588056 9.9991E-05 0.222522 0.0429983
0.721198 0.050451 0.0270439 0.165077 0.0362304
0.518424 0.23757 0.129955 0.113952 9.9991E-05
0.613769 0.117621 0.128094 0.140415 9.9991E-05
0.663989 0.0881493 0.128441 0.115801 0.00361991
0.548998 0.222863 0.146475 0.0815635 9.9991E-05
0.772965 0.0783397 0.00703817 0.141557 9.9991E-05
0.630317 0.0729703 0.176767 0.10541 0.0145356
0.0677905 0.428236 0.451854 9.9991E-05 0.0520194
9.9982E-05 0.797077 0.0974257 0.105297 9.9982E-05
0.191881 0.594539 0.0558796 0.115447 0.0422533
0.697839 0.0423343 0.0249194 0.206405 0.0285028
0.587192 0.210476 0.0299407 0.172292 9.9991E-05
0.610524 0.202524 0.0160788 0.170772 9.9991E-05
0.673991 0.0643324 9.9991E-05 0.157855 0.103722
0.440586 0.0933112 0.0300378 0.263778 0.172287
0.602368 9.9991E-05 0.0641521 0.229199 0.104181
0.136287 0.10172 0.178276 0.430091 0.153627
0.610599 9.9991E-05 0.189162 0.114827 0.0853127
0.469524 0.0487343 0.0490729 0.297248 0.135421
9.9982E-05 0.364877 9.9982E-05 0.445482 0.189441
0.38374 0.129909 9.9991E-05 0.32035 0.165902
0.326483 0.0353474 0.0900159 0.353194 0.19496
0.435166 9.9991E-05 0.109018 0.317814 0.137902
0.393966 0.0916297 0.160557 0.121233 0.232615
0.519933 9.9991E-05 0.06128 0.205853 0.212835
0.598339 9.9991E-05 0.07137 0.153738 0.176453
0.397303 0.193527 0.00541069 0.243221 0.160538
0.328016 9.9991E-05 0.00417884 0.527907 0.139799
