0.106636 0.125861 0.142751 0.619025 0.00552747 9.998E-05 9.998E-05
0.0154956 0.0446096 0.156661 0.460043 9.9982E-05 9.9982E-05 0.322991
9.9964E-05 0.139685 9.9964E-05 9.9964E-05 9.9964E-05 0.0816681 0.778247
9.9964E-05 0.0586316 9.9964E-05 0.836645 9.9964E-05 9.9964E-05 0.104324
0.144955 0.0891783 9.9973E-05 0.412159 9.9973E-05 9.9973E-05 0.353408
9.9964E-05 0.122856 0.0171491 0.859595 9.9964E-05 9.9964E-05 9.9964E-05
0.0453339 0.145025 9.9982E-05 0.17277 0.0316226 9.9982E-05 0.605048
9.997E-05 0.0923664 9.997E-05 0.0986033 9.997E-05 0.0442669 0.764463
0.0724484 9.997E-05 9.997E-05 0.431106 9.997E-05 0.0141657 0.48198
0.150209 9.9991E-05 0.138799 0.436357 0.0145396 0.0225656 0.23743
0.129232 0.0718975 0.0791031 0.183387 0.159919 0.0212537 0.355209
0.0698611 0.234406 9.9982E-05 9.9982E-05 0.126257 0.0917065 0.47757
0.193366 9.9991E-05 0.268976 0.096358 0.0779041 0.0553968 0.307898
9.9955E-05 9.9955E-05 9.9955E-05 0.373219 9.9955E-05 9.9955E-05 0.626281
9.9982E-05 0.00608912 9.9982E-05 0.522484 0.049793 0.0678965 0.353538
0.0865612 0.0266587 9.9982E-05 0.610205 0.154788 9.9982E-05 0.121586
9.9982E-05 0.419204 0.192873 0.133503 0.131266 9.9982E-05 0.122953
0.153078 0.82282 9.9964E-05 9.9964E-05 0.0237019 9.9964E-05 9.9964E-05
9.9973E-05 0.874506 9.9973E-05 9.9973E-05 0.0751508 0.0226145 0.0274292
0.0933646 0.500775 0.21111 9.9982E-05 0.158395 9.9982E-05 0.036156
9.9964E-05 9.9964E-05 9.9964E-05 0.637403 0.0401019 9.9964E-05 0.322096
9.9982E-05 0.0377705 9.9982E-05 0.593903 0.171229 0.0772716 0.119626
9.9955E-05 9.9955E-05 9.9955E-05 0.27352 0.725981 9.9955E-05 9.9955E-05
9.9964E-05 9.9964E-05 9.9964E-05 0.456183 0.477241 0.0661763 9.9964E-05
0.0645108 9.9991E-05 0.0494259 0.379998 0.403282 0.0643577 0.038326
9.9973E-05 9.9973E-05 9.9973E-05 0.264377 0.0435805 0.0923097 0.599433
9.9982E-05 0.0153669 0.170867 0.539016 9.9982E-05 0.0580148 0.216535
9.9964E-05 9.9964E-05 0.0932626 9.9964E-05 9.9964E-05 0.0950429 0.811295
9.9973E-05 0.00301969 0.0279691 0.766089 9.9973E-05 9.9973E-05 0.202622
9.9982E-05 0.00228078 9.9982E-05 0.682796 0.0108252 0.0690917 0.234807
9.9973E-05 0.00976315 0.000311018 0.77385 9.9973E-05 9.9973E-05 0.215776
9.9982E-05 0.0414698 9.9982E-05 0.080204 0.0182336 0.0013274 0.858565
9.9973E-05 0.0516105 9.9973E-05 0.675795 0.149127 9.9973E-05 0.123168
9.9973E-05 0.181604 9.9973E-05 0.77581 0.039331 0.00295543 9.9973E-05
0.0685915 9.9973E-05 0.0461641 9.9973E-05 0.869766 0.0151785 9.9973E-05
9.999E-05 0.00305189 0.0110795 0.052229 0.876793 0.042424 0.0143231
9.9982E-05 9.9982E-05 0.159807 0.217447 0.518093 0.0545509 0.0499024
9.9964E-05 9.9964E-05 0.146173 0.213677 0.639749 9.9964E-05 9.9964E-05
0.0709172 9.9973E-05 0.107783 0.094742 0.726258 9.9973E-05 9.9973E-05
9.995E-05 9.995E-05 9.995E-05 9.995E-05 0.9994 9.995E-05 9.995E-05
0.00644717 9.9964E-05 9.9964E-05 9.9964E-05 0.981435 0.0117179 9.9964E-05
9.9973E-05 9.9973E-05 0.167058 0.0598062 0.760416 0.0124195 9.9973E-05
9.9955E-05 9.9955E-05 9.9955E-05 0.0300648 0.969435 9.9955E-05 9.9955E-05
9.9955E-05 0.0109918 9.9955E-05 9.9955E-05 0.988508 9.9955E-05 9.9955E-05
9.995E-05 0.000286518 9.995E-05 9.995E-05 0.999214 9.995E-05 9.995E-05
9.997E-05 9.997E-05 0.0758344 0.142744 0.737224 9.997E-05 0.043897
9.9973E-05 0.0597752 0.0459091 0.104107 0.789909 9.9973E-05 9.9973E-05
9.9955E-05 9.9955E-05 9.9955E-05 9.9955E-05 0.977452 9.9955E-05 0.0220483
9.9991E-05 0.0147082 0.158438 0.319652 0.424228 0.0421284 0.0407463
9.9982E-05 0.0561411 0.137915 0.230421 0.519821 9.9982E-05 0.0555019
0.0679553 9.9982E-05 0.251107 9.9982E-05 0.626083 0.00956328 0.0450907
0.0462337 9.9973E-05 0.16753 9.9973E-05 0.764804 9.9973E-05 0.0211319
0.0140719 9.9964E-05 0.152635 9.9964E-05 0.832893 9.9964E-05 9.9964E-05
9.9973E-05 0.0429274 0.163673 9.9973E-05 0.778012 0.0150877 9.9973E-05
9.995E-05 9.995E-05 9.995E-05 9.995E-05 0.9994 9.995E-05 9.995E-05
0.0449687 9.9973E-05 0.129874 0.276678 0.548179 9.9973E-05 9.9973E-05
0.0463932 0.00761907 0.0368332 9.998E-05 0.892294 9.998E-05 0.0166605
9.9973E-05 0.54068 9.9973E-05 9.9973E-05 0.000510265 0.0390687 0.419441
0.0802933 0.192921 0.108907 0.299807 0.0681279 9.999E-05 0.249844
0.0889274 0.2446 9.9982E-05 0.518816 0.0167562 9.9982E-05 0.1307
9.9982E-05 0.369782 0.00101026 0.249078 0.0511166 9.9982E-05 0.328812
9.9973E-05 0.108487 0.12134 0.692192 9.9973E-05 9.9973E-05 0.0776814
9.997E-05 0.417498 9.997E-05 0.24253 0.0814131 9.997E-05 0.25826
0.152898 0.16084 0.0224797 0.445573 0.106893 9.9991E-05 0.111216
0.0393569 0.0971321 0.276379 9.998E-05 0.104178 9.998E-05 0.482753
9.998E-05 0.134746 0.228708 0.427322 0.022695 9.998E-05 0.186329
0.104324 0.190902 0.150748 0.147891 0.183272 9.999E-05 0.222763
9.9982E-05 0.115489 0.0104162 0.463767 0.184474 9.9982E-05 0.225654
0.131395 0.03331 9.999E-05 0.49091 0.0839746 0.0322838 0.228026
0.219582 9.9955E-05 9.9955E-05 9.9955E-05 9.9955E-05 9.9955E-05 0.779918
0.181779 9.9982E-05 0.00287322 0.421828 0.0252285 9.9982E-05 0.368092
0.166205 0.0402343 0.0908348 0.429756 0.0317679 9.999E-05 0.241102
9.9964E-05 9.9964E-05 0.103135 0.0910086 9.9964E-05 9.9964E-05 0.805457
9.999E-05 0.011491 0.0992506 0.446096 0.128717 0.0674548 0.24689
9.9991E-05 0.00166656 0.0302808 0.598249 0.0139261 0.0145514 0.341226
9.995E-05 9.995E-05 9.995E-05 9.995E-05 9.995E-05 9.995E-05 0.9994
9.9955E-05 9.9955E-05 9.9955E-05 0.110449 9.9955E-05 9.9955E-05 0.889051
9.9973E-05 9.9973E-05 0.140541 0.245144 9.9973E-05 0.0668616 0.547153
9.9973E-05 0.0028449 0.000227405 9.9973E-05 9.9973E-05 0.0923919 0.904236
9.9964E-05 9.9964E-05 0.0772173 0.403543 9.9964E-05 9.9964E-05 0.51884
0.0982056 9.999E-05 0.0788403 0.384567 0.0451604 0.363083 0.0300437
0.320034 9.9973E-05 9.9973E-05 0.459252 0.0744448 0.145969 9.9973E-05
9.995E-05 9.995E-05 9.995E-05 9.995E-05 9.995E-05 0.9994 9.995E-05
9.9955E-05 9.9955E-05 9.9955E-05 9.9955E-05 9.9955E-05 0.971812 0.0276886
0.0201001 0.00894701 0.178242 0.473844 0.053048 0.265719 9.9991E-05
0.688426 0.0273904 0.200462 0.0183293 0.00584584 9.9991E-05 0.0594467
0.867726 0.00380807 0.047823 0.014269 0.0661735 9.9982E-05 9.9982E-05
0.825205 0.131951 9.9964E-05 9.9964E-05 0.0424445 9.9964E-05 9.9964E-05
0.9994 9.995E-05 9.995E-05 9.995E-05 9.995E-05 9.995E-05 9.995E-05
0.256607 0.128294 9.9973E-05 9.9973E-05 9.9973E-05 0.563487 0.0513122
0.486418 0.0716083 9.9964E-05 9.9964E-05 9.9964E-05 0.441574 9.9964E-05
0.530203 9.996E-05 9.996E-05 0.38788 9.996E-05 0.0815171 9.996E-05
0.70187 9.9964E-05 9.9964E-05 0.0960446 9.9964E-05 0.201685 9.9964E-05
0.329861 9.9964E-05 0.0810858 9.9964E-05 9.9964E-05 0.588653 9.9964E-05
0.278547 9.9973E-05 9.9973E-05 0.628769 0.0269795 0.0654045 9.9973E-05
0.211948 9.997E-05 9.997E-05 0.597464 0.0506311 0.139657 9.997E-05
0.378777 0.00266289 0.0254311 0.221795 0.174169 0.137381 0.0597841
9.9973E-05 9.9973E-05 0.00534942 0.470546 9.9973E-05 0.504634 0.0191709
0.166057 9.9982E-05 9.9982E-05 0.338428 0.010077 0.388725 0.0965117
9.9982E-05 0.0206023 9.9982E-05 0.739344 0.0326468 0.165604 0.041603
9.9982E-05 0.031721 0.194908 0.28216 9.9982E-05 0.463964 0.0270468
9.9982E-05 9.9982E-05 0.185568 0.330031 0.11169 0.13839 0.234122
9.9982E-05 0.0522026 0.12187 0.37679 9.9982E-05 0.405712 0.0432256
9.9964E-05 9.9964E-05 0.107755 9.9964E-05 9.9964E-05 0.760028 0.131817
0.141248 9.996E-05 9.996E-05 0.615091 9.996E-05 0.243261 9.996E-05
0.0427233 9.9973E-05 9.9973E-05 0.0793788 9.9973E-05 0.723143 0.154455
0.00466205 9.999E-05 0.056686 0.436756 0.0414531 0.421974 0.0383687
0.334601 9.9982E-05 0.0391656 0.456865 0.0220212 0.147147 9.9982E-05
0.156689 9.998E-05 9.998E-05 0.522345 0.0147468 0.228944 0.0770747
0.323278 0.0559934 0.173073 0.337588 0.0812208 9.9991E-05 0.0287462
0.352958 0.0850121 9.999E-05 0.318195 0.197659 0.0151822 0.0308935
0.912911 0.0343297 9.9964E-05 9.9964E-05 0.0523595 9.9964E-05 9.9964E-05
0.699562 9.9973E-05 0.0327611 9.9973E-05 0.0912768 9.9973E-05 0.176101
0.548447 9.9982E-05 0.0271944 0.252962 0.124609 9.9982E-05 0.0465883
0.476879 0.0616617 0.0393712 0.365998 0.0423175 0.0136727 9.9991E-05
0.0845302 0.317691 9.997E-05 9.997E-05 0.0625177 0.534961 9.997E-05
0.298037 9.998E-05 0.0941855 0.480255 0.0740752 9.998E-05 0.0532475
0.241632 0.494292 9.9973E-05 9.9973E-05 0.00663265 0.257143 9.9973E-05
0.31285 9.9973E-05 0.191223 0.392771 9.9973E-05 0.102856 9.9973E-05
9.9964E-05 0.00891323 9.9964E-05 0.16172 9.9964E-05 0.828967 9.9964E-05
9.995E-05 9.995E-05 9.995E-05 9.995E-05 9.995E-05 0.9994 9.995E-05
0.158383 9.9964E-05 9.9964E-05 0.372409 9.9964E-05 0.468809 9.9964E-05
0.0930296 9.996E-05 9.996E-05 0.698654 9.996E-05 0.207917 9.996E-05
9.9955E-05 9.9955E-05 9.9955E-05 0.517285 9.9955E-05 0.482215 9.9955E-05
9.9955E-05 9.9955E-05 9.9955E-05 0.680174 9.9955E-05 0.319326 9.9955E-05
9.9955E-05 9.9955E-05 9.9955E-05 0.667946 9.9955E-05 0.331554 9.9955E-05
0.0133649 9.9973E-05 0.745883 0.234029 0.00642338 9.9973E-05 9.9973E-05
9.9991E-05 0.00162418 0.751669 0.0445582 0.0738442 0.0774552 0.0507488
9.9973E-05 0.00560144 0.827415 0.141873 9.9973E-05 9.9973E-05 0.0248101
0.105177 0.0706661 0.678325 0.113483 0.0321489 9.9982E-05 9.9982E-05
0.144422 0.0263388 0.516466 0.230229 9.998E-05 9.998E-05 0.0823443
9.9955E-05 0.0656297 0.93387 9.9955E-05 9.9955E-05 9.9955E-05 9.9955E-05
9.9955E-05 9.9955E-05 0.913643 9.9955E-05 9.9955E-05 0.085857 9.9955E-05
0.196535 0.0477817 0.751394 9.9973E-05 0.00398934 9.9973E-05 9.9973E-05
0.165496 9.9964E-05 0.722978 0.111127 9.9964E-05 9.9964E-05 9.9964E-05
0.00784401 9.997E-05 0.647963 0.237298 0.106595 9.997E-05 9.997E-05
0.0392233 0.0142996 0.540037 0.181077 0.110036 0.115227 9.999E-05
9.9973E-05 0.0838083 0.868214 0.00724947 0.040428 9.9973E-05 9.9973E-05
9.9964E-05 9.9964E-05 0.7506 0.190728 9.9964E-05 0.0582724 9.9964E-05
0.0239863 0.0216171 0.876724 0.0174244 0.0351859 0.024962 9.9991E-05
9.998E-05 9.998E-05 0.578114 0.182119 0.150352 0.0340894 0.0551255
0.239901 9.9991E-05 0.54246 0.0174223 0.130858 0.00228568 0.0669725
9.9964E-05 0.0784128 0.91971 9.9964E-05 0.00147785 9.9964E-05 9.9964E-05
0.0564897 0.06596 0.456822 0.273524 0.105042 0.0420619 9.999E-05
0.158176 9.9973E-05 0.657271 9.9973E-05 9.9973E-05 0.0178826 0.166371
9.999E-05 0.103246 0.589863 0.106815 0.00469474 0.0999544 0.0953271
0.126246 0.134946 0.277996 0.278122 0.122285 0.0603049 9.999E-05
0.0414888 9.9991E-05 0.665325 0.102194 0.0736005 0.0671552 0.0501366
0.2491 9.9964E-05 0.739571 9.9964E-05 0.0109289 9.9964E-05 9.9964E-05
9.9964E-05 0.118448 0.767049 9.9964E-05 0.114103 9.9964E-05 9.9964E-05
9.9973E-05 0.236656 0.269408 0.477289 0.0163473 9.9973E-05 9.9973E-05
9.9973E-05 0.15671 0.0386888 0.76046 0.0438414 9.9973E-05 9.9973E-05
9.9973E-05 0.885797 0.0149227 0.0782179 0.0207625 9.9973E-05 9.9973E-05
9.995E-05 0.9994 9.995E-05 9.995E-05 9.995E-05 9.995E-05 9.995E-05
9.9973E-05 0.350367 0.110792 0.291987 9.9973E-05 9.9973E-05 0.246553
0.0879451 0.790362 9.9982E-05 0.0958108 0.00155508 9.9982E-05 0.0241269
9.9964E-05 0.875628 0.108565 9.9964E-05 0.0154076 9.9964E-05 9.9964E-05
9.9973E-05 0.342549 0.0735444 0.548089 9.9973E-05 0.0355183 9.9973E-05
9.9973E-05 0.384014 0.0226669 0.56292 0.0300994 9.9973E-05 9.9973E-05
0.053481 0.405186 0.164804 0.259982 9.998E-05 9.998E-05 0.116348
9.99549E-05 0.786054 9.99549E-05 0.213447 9.99549E-05 9.99549E-05 9.99549E-05
9.9964E-05 0.250803 9.9964E-05 0.689039 0.0597586 9.9964E-05 9.9964E-05
9.9964E-05 0.627231 9.9964E-05 0.368675 9.9964E-05 0.00369386 9.9964E-05
9.995E-05 0.9994 9.995E-05 9.995E-05 9.995E-05 9.995E-05 9.995E-05
0.295811 0.0865998 0.0641343 0.279624 0.252788 9.999E-05 0.0209427
9.9964E-05 0.352531 0.233229 0.41384 9.9964E-05 9.9964E-05 9.9964E-05
