0.0495361 0.0466137 0.0374762 9.9991E-05 0.0099451 0.838615 0.0177134
0.0427371 0.130128 9.9982E-05 0.0152743 9.9982E-05 0.48179 0.32987
0.0143395 9.9964E-05 0.0585706 9.9964E-05 9.9964E-05 9.9964E-05 0.92669
9.999E-05 0.0394112 0.121772 0.144726 0.0270017 0.551254 0.115735
0.0732653 9.9991E-05 0.0692796 0.0733569 0.022211 0.447143 0.314645
0.0733834 0.206172 0.00907432 9.9982E-05 9.9982E-05 0.455884 0.255286
0.210506 9.9973E-05 9.9973E-05 9.9973E-05 0.0338635 0.299816 0.455514
0.0380643 9.9973E-05 0.00269845 9.9973E-05 9.9973E-05 0.207904 0.751034
9.9973E-05 0.0775806 0.0552811 9.9973E-05 9.9973E-05 0.297888 0.568951
0.136306 9.9991E-05 0.147829 0.0823898 0.0150145 0.51637 0.101991
0.0540689 0.0612433 0.188898 0.141112 9.9991E-05 0.399326 0.155252
0.168184 0.151893 0.0352793 0.0601042 0.0871861 9.9991E-05 0.497253
9.9982E-05 0.0675001 9.9982E-05 0.178649 0.148253 0.509778 0.0956205
9.9955E-05 9.9955E-05 9.9955E-05 9.9955E-05 9.9955E-05 0.45169 0.54781
0.0499587 9.9982E-05 0.101404 0.00189733 9.9982E-05 0.54576 0.300779
0.090207 0.175772 0.0557553 0.0226196 0.00410575 0.65144 9.9991E-05
0.359563 0.306504 9.9973E-05 0.112487 9.9973E-05 9.9973E-05 0.221146
0.729063 0.171019 9.9973E-05 0.0152546 9.9973E-05 9.9973E-05 0.0843638
0.735543 9.9964E-05 9.9964E-05 0.0946465 9.9964E-05 9.9964E-05 0.169411
0.385599 0.374719 9.9973E-05 0.11068 9.9973E-05 9.9973E-05 0.128701
9.9964E-05 9.9964E-05 9.9964E-05 0.00125152 9.9964E-05 0.733283 0.265065
0.0699136 0.116576 9.9982E-05 0.0113686 9.9982E-05 0.702626 0.0993154
9.9955E-05 9.9955E-05 9.9955E-05 0.707599 9.9955E-05 0.291901 9.9955E-05
9.9982E-05 0.149525 0.0304194 0.473877 0.166355 0.179624 9.9982E-05
9.9991E-05 0.125065 0.0718221 0.483173 0.131303 0.184891 0.00364539
9.9973E-05 9.9973E-05 9.9973E-05 0.0573954 0.107147 0.266707 0.568451
0.0986012 0.0197025 0.0299771 0.0564191 0.0585615 0.705812 0.0309269
0.028193 0.00335196 0.0464214 9.9991E-05 0.0716284 0.186617 0.663689
0.0246339 9.9964E-05 9.9964E-05 9.9964E-05 9.9964E-05 0.863455 0.111512
0.0444799 9.9973E-05 9.9973E-05 9.9973E-05 0.107481 0.625781 0.221958
9.9982E-05 0.0065288 9.9982E-05 0.0534023 0.0149357 0.658686 0.266247
9.9964E-05 9.9964E-05 9.9964E-05 0.0501629 9.9964E-05 0.131205 0.818232
0.0854902 9.9964E-05 9.9964E-05 0.0497824 9.9964E-05 0.864327 9.9964E-05
9.999E-05 0.134041 0.0458742 0.123329 0.0400145 0.450061 0.206581
9.9973E-05 0.0281964 0.000124139 0.906526 9.9973E-05 0.0648533 9.9973E-05
9.9964E-05 0.0161286 9.9964E-05 0.860405 9.9964E-05 0.123067 9.9964E-05
9.9982E-05 0.138135 9.9982E-05 0.613855 0.0963277 0.140728 0.0107545
9.9964E-05 0.0359051 9.9964E-05 0.698505 9.9964E-05 0.26519 9.9964E-05
9.9982E-05 0.0258212 0.0434242 0.878215 0.0502592 9.9982E-05 0.00208022
0.00455886 9.9955E-05 9.9955E-05 0.994941 9.9955E-05 9.9955E-05 9.9955E-05
0.016959 9.9964E-05 9.9964E-05 0.952625 0.0300161 9.9964E-05 9.9964E-05
9.9964E-05 0.0839356 9.9964E-05 0.754868 9.9964E-05 0.160797 9.9964E-05
9.995E-05 9.995E-05 9.995E-05 0.9994 9.995E-05 9.995E-05 9.995E-05
9.9955E-05 9.9955E-05 0.0082147 0.991286 9.9955E-05 9.9955E-05 9.9955E-05
9.995E-05 9.995E-05 9.995E-05 0.9994 9.995E-05 9.995E-05 9.995E-05
9.9955E-05 9.9955E-05 9.9955E-05 0.786796 9.9955E-05 0.212705 9.9955E-05
0.0668296 9.9964E-05 9.9964E-05 0.795569 9.9964E-05 0.137201 9.9964E-05
9.9955E-05 9.9955E-05 0.011708 0.987792 9.9955E-05 9.9955E-05 9.9955E-05
0.0642797 9.9973E-05 9.9973E-05 0.466049 9.9973E-05 0.45178 0.0175911
0.070201 0.103452 9.9991E-05 0.61731 0.0171785 0.172852 0.0189062
0.0377452 0.14915 0.0113171 0.776148 0.0254405 9.9982E-05 9.9982E-05
0.0275422 0.0309494 9.9991E-05 0.895172 0.0142711 0.0238405 0.00812437
9.9955E-05 0.159221 9.9955E-05 0.840279 9.9955E-05 9.9955E-05 9.9955E-05
0.0672082 0.106118 9.9973E-05 0.812091 9.9973E-05 0.0142834 9.9973E-05
9.9955E-05 0.0541929 9.9955E-05 0.945307 9.9955E-05 9.9955E-05 9.9955E-05
9.9973E-05 0.161179 9.9973E-05 0.574093 0.0414938 0.222934 9.9973E-05
0.00779533 9.9964E-05 9.9964E-05 0.910811 0.0809941 9.9964E-05 9.9964E-05
0.400396 0.0622141 0.0803156 9.9982E-05 0.0482601 9.9982E-05 0.408614
0.191417 0.122792 9.9991E-05 0.119273 0.00843185 0.338879 0.219107
0.109375 0.14493 0.0322512 0.089272 0.0170473 0.3253 0.281825
0.326923 0.20174 0.0372695 9.9982E-05 9.9982E-05 0.0695689 0.364299
0.0205528 0.184342 0.158495 0.112485 0.0123243 0.448373 0.0634276
0.229984 0.206429 0.0699166 0.0818584 9.9982E-05 9.9982E-05 0.411612
0.126095 0.244104 0.00916294 0.0527138 9.9991E-05 0.318977 0.248848
0.149289 0.139732 9.9982E-05 0.131644 9.9982E-05 0.225833 0.353302
0.192853 0.0246678 9.9982E-05 0.121205 9.9982E-05 0.560532 0.100543
0.136858 0.327674 9.9982E-05 0.0257413 9.9982E-05 0.198769 0.310758
0.125577 0.030934 0.071552 0.157301 0.0474147 0.414175 0.153047
9.9973E-05 9.9973E-05 9.9973E-05 0.0891076 0.0788928 0.586888 0.244812
9.9973E-05 9.9973E-05 9.9973E-05 0.036604 0.0422267 0.254027 0.666842
9.9973E-05 0.178962 0.00913522 9.9973E-05 9.9973E-05 0.420195 0.391407
9.9973E-05 0.0751358 9.9973E-05 0.16763 9.9973E-05 0.430196 0.326738
9.9964E-05 0.0166002 9.9964E-05 9.9964E-05 9.9964E-05 0.250282 0.732718
9.9982E-05 0.113015 9.9982E-05 0.0471027 0.0907939 0.493268 0.25562
0.0124487 9.9973E-05 0.0843888 9.9973E-05 9.9973E-05 0.722851 0.180012
9.9955E-05 9.9955E-05 9.9955E-05 9.9955E-05 0.0430812 9.9955E-05 0.956419
9.9964E-05 9.9964E-05 0.0083126 9.9964E-05 9.9964E-05 0.246802 0.744486
9.9982E-05 0.120785 9.9982E-05 0.00733905 0.0516573 0.420382 0.399637
9.9973E-05 9.9973E-05 9.9973E-05 0.00500698 0.0876389 0.0151778 0.891876
9.9964E-05 0.0243 9.9964E-05 9.9964E-05 9.9964E-05 0.543615 0.431686
9.9991E-05 0.0983718 0.00690137 0.198873 0.463866 0.137728 0.0941601
0.00250421 0.0762074 0.215312 0.0313298 0.0392178 0.635329 9.9991E-05
9.9955E-05 9.9955E-05 9.9955E-05 0.00351608 0.995984 9.9955E-05 9.9955E-05
9.9955E-05 9.9955E-05 9.9955E-05 9.9955E-05 0.973406 9.9955E-05 0.026094
9.9982E-05 0.115319 0.221841 0.111538 0.22649 0.324613 9.9982E-05
0.0615523 0.264603 0.114345 0.162597 9.9982E-05 0.396702 9.9982E-05
0.0236988 0.310139 0.454475 0.147571 9.9982E-05 0.0639158 9.9982E-05
0.112908 0.419739 0.261814 0.0473936 9.9982E-05 9.9982E-05 0.157945
0.108458 0.498023 0.210493 9.9973E-05 9.9973E-05 0.182727 9.9973E-05
9.9955E-05 9.9955E-05 0.866345 9.9955E-05 9.9955E-05 9.9955E-05 0.133155
0.00958559 9.9955E-05 0.989915 9.9955E-05 9.9955E-05 9.9955E-05 9.9955E-05
9.9964E-05 9.9964E-05 0.496402 0.0696099 9.9964E-05 0.433589 9.9964E-05
9.9973E-05 9.9973E-05 0.685703 0.0425316 0.0201018 0.251364 9.9973E-05
9.995E-05 9.995E-05 0.9994 9.995E-05 9.995E-05 9.995E-05 9.995E-05
9.9964E-05 0.0811074 0.469473 9.9964E-05 9.9964E-05 0.449019 9.9964E-05
9.9973E-05 9.9973E-05 0.432005 0.0501045 0.00443517 0.513155 9.9973E-05
0.0559244 9.9973E-05 0.268367 0.11405 9.9973E-05 0.561358 9.9973E-05
9.9964E-05 9.9964E-05 9.9964E-05 9.9964E-05 0.593755 0.371426 0.0344195
9.9991E-05 0.144969 0.126361 0.0258462 0.471887 0.0091387 0.221698
9.9964E-05 9.9964E-05 0.22849 9.9964E-05 0.0906109 0.680499 9.9964E-05
9.9964E-05 0.286227 9.9964E-05 9.9964E-05 0.517556 0.195818 9.9964E-05
0.0836643 0.0314203 0.0311579 0.160737 0.157343 0.462558 0.0731189
9.9973E-05 9.9973E-05 0.168639 9.9973E-05 0.25835 0.449699 0.123012
9.9973E-05 9.9973E-05 0.0415731 9.9973E-05 0.769427 0.122639 0.0660608
9.9973E-05 0.0859706 0.0472344 9.9973E-05 0.273895 0.5926 9.9973E-05
9.9982E-05 9.9982E-05 0.0271217 0.0617225 0.800787 0.0977014 0.0124675
0.000166244 0.0771541 0.0145921 0.013988 0.46341 0.40872 0.0219698
9.9991E-05 0.194155 0.0327676 0.0345178 0.260271 0.451013 0.0271765
9.9973E-05 9.9973E-05 0.163627 0.012463 0.193522 0.630088 9.9973E-05
9.9991E-05 0.273583 0.112766 0.113317 0.0555368 0.332355 0.112342
0.0148799 0.153871 0.0855444 0.207152 0.158183 0.240367 0.140003
0.184812 0.188864 0.062631 0.185761 0.0369012 0.277266 0.0637647
9.9973E-05 0.275995 0.263728 0.215792 9.9973E-05 9.9973E-05 0.244185
0.0531606 0.399051 9.9991E-05 0.168572 0.129495 0.227265 0.0223564
9.9982E-05 0.23984 0.256437 0.122552 0.115037 0.265935 9.9982E-05
0.225024 0.197731 9.9964E-05 9.9964E-05 0.576845 9.9964E-05 9.9964E-05
9.9973E-05 0.313507 9.9973E-05 0.142772 0.0577315 0.48569 9.9973E-05
0.474177 0.00436528 0.311178 0.0493872 0.160693 9.9982E-05 9.9982E-05
9.9964E-05 0.378793 9.9964E-05 9.9964E-05 0.294791 0.326017 9.9964E-05
0.00625 9.9964E-05 9.9964E-05 9.9964E-05 0.963188 0.030162 9.9964E-05
9.995E-05 9.995E-05 9.995E-05 9.995E-05 0.9994 9.995E-05 9.995E-05
9.9955E-05 9.9955E-05 9.9955E-05 9.9955E-05 0.444884 0.554616 9.9955E-05
9.9973E-05 0.114943 0.141144 9.9973E-05 0.220923 0.52269 9.9973E-05
9.9955E-05 9.9955E-05 9.9955E-05 9.9955E-05 0.648307 0.351193 9.9955E-05
9.9973E-05 9.9973E-05 0.0744063 0.0534403 0.390306 0.481548 9.9973E-05
9.9964E-05 0.0142631 9.9964E-05 9.9964E-05 0.426796 0.558541 9.9964E-05
9.9991E-05 0.694911 0.0105481 0.0636141 0.00215292 0.213527 0.0151475
9.9973E-05 0.696236 9.9973E-05 0.0820644 9.9973E-05 0.0430271 0.178372
0.0319222 0.542933 9.9973E-05 0.0946051 9.9973E-05 0.330239 9.9973E-05
0.0546781 0.66506 9.9973E-05 0.0695534 9.9973E-05 0.210409 9.9973E-05
9.9955E-05 0.576188 9.9955E-05 9.9955E-05 9.9955E-05 0.423312 9.9955E-05
0.0898189 0.909681 9.9955E-05 9.9955E-05 9.9955E-05 9.9955E-05 9.9955E-05
9.9973E-05 0.949885 0.00471983 9.9973E-05 9.9973E-05 0.0248068 0.0202881
0.029284 0.825332 9.9973E-05 9.9973E-05 0.0315862 0.113498 9.9973E-05
9.9973E-05 0.731924 9.9973E-05 0.0149649 9.9973E-05 0.211062 0.0417492
9.9955E-05 0.71967 9.9955E-05 9.9955E-05 9.9955E-05 0.279831 9.9955E-05
9.9982E-05 0.379209 9.9982E-05 0.181091 0.0398629 0.349903 0.0497337
0.046095 0.682488 0.00858432 0.123431 0.00286293 0.136439 9.9991E-05
9.9982E-05 0.619977 0.145695 0.0473683 9.9982E-05 0.101976 0.084784
9.9955E-05 0.923854 0.0756465 9.9955E-05 9.9955E-05 9.9955E-05 9.9955E-05
9.9973E-05 0.553613 9.9973E-05 0.140636 0.0760397 0.229412 9.9973E-05
0.00898567 0.64671 0.0112995 0.131669 9.9991E-05 0.110426 0.0908099
0.00885512 0.962678 9.9964E-05 0.0280666 9.9964E-05 9.9964E-05 9.9964E-05
0.00609508 0.616031 9.9982E-05 0.104236 0.0819043 0.191534 9.9982E-05
9.9982E-05 0.752543 9.9982E-05 0.0104036 0.0800985 0.0498995 0.106855
9.9991E-05 0.47375 0.08408 0.0291924 0.00711622 0.0938291 0.311932
0.0701148 0.38048 0.1602 0.152004 0.0655955 0.163607 0.00799858
0.0988409 0.453634 0.00441811 0.186057 0.0520021 0.183249 0.0217994
9.9973E-05 0.692633 0.0320509 0.142934 9.9973E-05 0.132082 9.9973E-05
0.0481928 0.951307 9.9955E-05 9.9955E-05 9.9955E-05 9.9955E-05 9.9955E-05
0.295583 0.113392 9.9973E-05 0.072878 9.9973E-05 0.517847 9.9973E-05
0.190082 0.227724 9.9982E-05 0.0824433 0.113052 0.386499 9.9982E-05
0.908236 9.9964E-05 9.9964E-05 0.0229829 9.9964E-05 0.0683809 9.9964E-05
0.953081 9.9955E-05 9.9955E-05 9.9955E-05 9.9955E-05 0.0464192 9.9955E-05
0.470513 0.00511311 9.9973E-05 9.9973E-05 0.0171241 0.50695 9.9973E-05
0.786155 9.9982E-05 0.0431813 0.0260415 9.9982E-05 0.119939 0.024483
0.820988 0.142014 9.9973E-05 0.0357515 9.9973E-05 0.000946523 9.9973E-05
0.301368 0.260796 9.9982E-05 9.9982E-05 0.118366 0.293275 0.0259946
0.360569 9.9982E-05 0.0710802 0.118473 0.0525261 0.397152 9.9982E-05
0.512179 9.9964E-05 0.0123879 9.9964E-05 9.9964E-05 0.475034 9.9964E-05
0.816384 9.9955E-05 9.9955E-05 9.9955E-05 9.9955E-05 0.183117 9.9955E-05
0.280683 9.9973E-05 0.00301681 0.14691 9.9973E-05 0.56909 9.9973E-05
0.622462 9.9964E-05 9.9964E-05 9.9964E-05 0.0551418 0.321996 9.9964E-05
0.9994 9.995E-05 9.995E-05 9.995E-05 9.995E-05 9.995E-05 9.995E-05
9.9982E-05 0.209316 0.152107 0.190706 9.9982E-05 0.336478 0.111193
0.340004 0.205722 0.133785 0.0861471 9.9982E-05 0.234142 9.9982E-05
