0.0980824 0.0455332 0.0394881 9.9982E-05 0.729709 0.0869873 9.9982E-05
0.0011684 0.148275 0.178053 0.00133012 0.637313 9.9991E-05 0.0337603
9.9964E-05 0.260756 0.653825 0.0850189 9.9964E-05 9.9964E-05 9.9964E-05
9.9982E-05 0.1195 0.0403507 9.9982E-05 0.800256 0.028285 0.0114082
0.140768 0.0475424 0.229539 0.0333932 0.394599 0.129675 0.0244842
0.162944 0.0493088 0.100533 0.0356666 0.426864 0.047442 0.177241
0.151007 0.146261 0.554417 9.9991E-05 0.0580105 0.00132365 0.0888809
9.9964E-05 0.163696 0.71885 9.9964E-05 0.117054 9.9964E-05 9.9964E-05
0.0926774 0.0591034 0.318418 0.0550568 0.474544 9.9982E-05 9.9982E-05
9.9973E-05 9.9973E-05 0.341176 9.9973E-05 0.365224 0.200864 0.0924368
0.114752 9.9982E-05 0.45241 0.0290779 0.0415022 9.9982E-05 0.362058
0.0494367 0.363906 0.359072 0.0743337 0.15213 0.00102187 9.9991E-05
0.0610007 9.9973E-05 0.121275 9.9973E-05 0.763808 0.0536167 9.9973E-05
0.0620577 9.9964E-05 0.609953 9.9964E-05 0.327589 9.9964E-05 9.9964E-05
0.113797 9.9973E-05 0.196406 0.0500477 0.63945 9.9973E-05 9.9973E-05
9.9982E-05 0.0598974 0.209949 9.9982E-05 0.530648 0.0843147 0.11499
9.9973E-05 0.630951 9.9973E-05 9.9973E-05 0.241603 0.0931243 0.0340215
9.995E-05 0.9994 9.995E-05 9.995E-05 9.995E-05 9.995E-05 9.995E-05
9.995E-05 0.9994 9.995E-05 9.995E-05 9.995E-05 9.995E-05 9.995E-05
9.9964E-05 0.61553 9.9964E-05 9.9964E-05 0.0795261 9.9964E-05 0.304544
9.9964E-05 9.9964E-05 0.324071 9.9964E-05 0.666797 0.0087319 9.9964E-05
0.0422159 0.116689 0.00755909 9.9991E-05 0.795569 0.00965858 0.0282082
9.9964E-05 9.9964E-05 9.9964E-05 9.9964E-05 0.266494 0.721365 0.0117408
0.0434841 0.0125767 9.9991E-05 0.00635039 0.358216 0.471533 0.107739
9.9982E-05 9.9982E-05 0.0378755 0.0360301 0.355184 0.431294 0.139416
9.9973E-05 9.9973E-05 0.75302 0.0540241 0.0562905 0.136366 9.9973E-05
0.0638599 0.0458784 9.9991E-05 0.0601378 0.753932 0.00264416 0.073448
9.9973E-05 0.101961 0.776621 0.0495632 9.9973E-05 9.9973E-05 0.0715546
9.9964E-05 0.0390504 0.107705 9.9964E-05 0.852845 9.9964E-05 9.9964E-05
0.0294713 9.9982E-05 0.4748 0.00337121 0.379489 0.112668 9.9982E-05
9.9964E-05 9.9964E-05 0.393777 9.9964E-05 0.428095 9.9964E-05 0.177729
0.0227377 9.99796E-05 0.860823 0.0272979 9.99796E-05 0.0888419 9.99796E-05
9.9982E-05 0.0877919 0.227445 9.9982E-05 0.561046 0.119769 0.0037488
0.0624865 0.149004 9.9982E-05 0.0183629 0.758414 0.0115322 9.9982E-05
9.9973E-05 0.000375097 9.9973E-05 0.0245621 0.0499547 0.924808 9.9973E-05
0.00330258 9.9964E-05 9.9964E-05 9.9964E-05 0.0737192 0.922578 9.9964E-05
0.0061985 9.9991E-05 0.131851 0.0284239 0.0646106 0.435688 0.333128
9.9973E-05 9.9973E-05 9.9973E-05 0.00756126 0.262869 0.637939 0.091331
9.9964E-05 9.9964E-05 9.9964E-05 9.9964E-05 0.0469966 0.835303 0.117301
9.9955E-05 0.0340374 9.9955E-05 9.9955E-05 9.9955E-05 0.965463 9.9955E-05
0.0090796 0.103892 9.9964E-05 9.9964E-05 9.9964E-05 0.886629 9.9964E-05
9.9964E-05 9.9964E-05 9.9964E-05 9.9964E-05 0.127153 0.823729 0.048718
9.9955E-05 9.9955E-05 9.9955E-05 9.9955E-05 0.0276703 0.97183 9.9955E-05
9.995E-05 9.995E-05 9.995E-05 9.995E-05 9.995E-05 0.9994 9.995E-05
9.995E-05 9.995E-05 9.995E-05 9.995E-05 9.995E-05 0.9994 9.995E-05
9.9973E-05 9.9973E-05 0.0421218 9.9973E-05 0.0732111 0.698806 0.185561
0.0685974 9.9982E-05 9.9982E-05 0.000443521 0.116865 0.730493 0.0834011
9.995E-05 9.995E-05 9.995E-05 9.995E-05 9.995E-05 0.9994 9.995E-05
0.00586251 9.9991E-05 0.128609 0.0873311 0.0971126 0.412449 0.268535
9.9973E-05 9.9973E-05 0.0591576 0.0411305 9.9973E-05 0.654347 0.245065
9.9982E-05 9.9982E-05 0.0602356 0.00965672 0.0561993 0.677656 0.196052
9.9982E-05 0.0228117 9.9982E-05 0.0414544 0.0210558 0.839252 0.0752257
9.9964E-05 0.00407044 9.9964E-05 9.9964E-05 9.9964E-05 0.751995 0.243535
0.00984806 0.0776815 9.9991E-05 0.00124483 0.00777125 0.868344 0.0350108
9.9955E-05 0.0509624 9.9955E-05 9.9955E-05 9.9955E-05 0.948538 9.9955E-05
0.0801425 9.9982E-05 9.9982E-05 0.049475 0.190799 0.566751 0.112632
9.9973E-05 9.9973E-05 0.0472393 0.0451541 9.9973E-05 0.843618 0.0636891
0.0773452 0.584773 0.321304 0.0162784 9.9973E-05 9.9973E-05 9.9973E-05
0.0553368 0.249573 0.21449 9.9991E-05 0.40698 0.0226071 0.0509136
9.9973E-05 0.364155 0.0376652 9.9973E-05 0.550052 0.0478279 9.9973E-05
0.112608 0.360918 0.242498 9.9991E-05 0.221077 0.025877 0.0369215
0.0306452 0.0834175 0.195753 9.9991E-05 0.437459 0.0862356 0.16639
0.0935806 0.392175 0.260127 0.0259624 0.139045 0.076924 0.0121858
0.140242 0.0667924 0.116259 0.0488605 0.547687 0.0198226 0.0603366
9.9982E-05 0.321841 0.271377 9.9982E-05 0.286827 0.10913 0.0106246
9.9982E-05 0.33059 0.0269273 9.9982E-05 0.464876 0.0407273 0.136679
0.0462222 0.141706 0.31402 9.9991E-05 0.0828648 0.0814416 0.333645
0.0540006 0.112757 0.220514 9.9982E-05 0.440677 0.171852 9.9982E-05
0.0532487 0.0518066 0.303996 0.0148983 0.530016 0.0459342 9.9991E-05
9.9973E-05 0.0204445 0.837732 9.9973E-05 0.039541 0.101983 9.9973E-05
9.9982E-05 0.125072 0.203492 0.0108726 0.641226 0.019138 9.9982E-05
9.9973E-05 9.9973E-05 0.332523 9.9973E-05 0.354446 0.0874354 0.225296
9.9964E-05 0.0471788 0.741248 9.9964E-05 0.211174 9.9964E-05 9.9964E-05
0.0424405 9.9982E-05 0.332088 0.0148333 0.449734 0.160705 9.9982E-05
0.0453997 9.9982E-05 0.388657 9.9982E-05 0.477793 0.00958272 0.0783675
9.995E-05 9.995E-05 0.9994 9.995E-05 9.995E-05 9.995E-05 9.995E-05
0.0872332 9.9964E-05 0.779037 9.9964E-05 0.13333 9.9964E-05 9.9964E-05
9.9973E-05 9.9973E-05 0.738098 9.9973E-05 0.0478883 0.0102297 0.203484
0.0181393 0.0686714 0.882351 0.0305382 9.9973E-05 9.9973E-05 9.9973E-05
9.9955E-05 9.9955E-05 0.534799 9.9955E-05 0.464701 9.9955E-05 9.9955E-05
9.9973E-05 9.9973E-05 0.0345641 0.413721 0.371028 0.180387 9.9973E-05
0.00900455 0.117264 9.9982E-05 0.0834537 0.745932 0.0441462 9.9982E-05
9.9955E-05 9.9955E-05 0.0660331 0.933467 9.9955E-05 9.9955E-05 9.9955E-05
9.9964E-05 0.00151566 0.025571 0.972514 9.9964E-05 9.9964E-05 9.9964E-05
9.9973E-05 9.9973E-05 9.9973E-05 0.255693 0.539195 0.108162 0.0966498
9.9973E-05 0.271251 9.9973E-05 9.9973E-05 0.463538 0.0974949 0.167416
0.0238414 0.0985637 9.9991E-05 0.146047 0.2006 0.010334 0.520514
0.0590069 0.270723 0.0881976 0.0761679 0.0609292 9.9991E-05 0.444875
9.9973E-05 0.241014 9.9973E-05 0.0149348 0.411903 9.9973E-05 0.331849
0.0429405 0.24682 0.0337622 0.644207 9.9982E-05 9.9982E-05 0.0320699
0.161933 0.0417686 9.9982E-05 0.659915 9.9982E-05 0.0405151 0.0956686
0.0415056 9.9973E-05 9.9973E-05 0.18822 0.698731 9.9973E-05 0.0712439
9.9982E-05 0.00602611 9.9982E-05 0.441301 0.391084 0.0707249 0.0906637
0.045224 9.9964E-05 9.9964E-05 0.759833 9.9964E-05 9.9964E-05 0.194543
0.0287811 9.9973E-05 9.9973E-05 0.208722 0.527023 9.9973E-05 0.235174
0.0367905 0.0288558 9.9991E-05 0.157464 0.684379 0.0626821 0.0297287
0.0373276 9.9991E-05 0.02846 0.251962 0.384975 0.113302 0.183873
9.9973E-05 9.9973E-05 0.15639 0.609759 0.207575 0.0259764 9.9973E-05
9.9982E-05 9.9982E-05 0.0268774 0.604897 0.258852 0.0167773 0.0923966
0.0685537 9.9982E-05 9.9982E-05 0.315266 0.49687 0.0755714 0.043538
0.0544405 9.9991E-05 0.188191 0.312975 0.280739 0.018466 0.145088
0.0692471 9.9991E-05 0.0694715 0.21529 0.333833 0.0403303 0.271728
0.0938757 9.9973E-05 0.105718 0.358247 0.441859 9.9973E-05 9.9973E-05
9.9964E-05 9.9964E-05 0.143786 0.738222 0.117592 9.9964E-05 9.9964E-05
0.0503578 9.9964E-05 9.9964E-05 0.20695 0.742293 9.9964E-05 9.9964E-05
9.9982E-05 9.9982E-05 0.107489 0.757925 0.118493 0.0076917 0.00820173
0.0335881 9.9982E-05 0.0409577 0.451301 0.418264 0.0556895 9.9982E-05
9.9982E-05 0.0560301 0.0339065 0.134297 0.719493 0.0560728 9.9982E-05
9.9982E-05 9.9982E-05 0.00488232 0.336651 0.511551 0.116268 0.0304476
9.9991E-05 0.0940526 0.0743114 0.0888206 0.379782 0.200731 0.162203
0.0965062 0.152423 0.13324 0.090928 0.375918 0.0862385 0.0647451
0.0182364 0.257367 9.9982E-05 9.9982E-05 0.552011 0.0334176 0.138768
9.9991E-05 0.215105 0.0792049 0.0792329 0.363458 0.112632 0.150268
9.9991E-05 0.0782214 0.203596 0.00424228 0.266243 0.020134 0.427464
0.0289666 0.143704 9.9991E-05 0.0957495 0.509864 0.145878 0.0757379
9.9964E-05 0.377111 9.9964E-05 0.583086 9.9964E-05 9.9964E-05 0.0394024
0.056592 0.0135902 0.0002619 0.0184538 0.605257 0.204985 0.10086
9.9964E-05 0.680807 9.9964E-05 0.310118 0.00867481 9.9964E-05 9.9964E-05
9.9982E-05 0.121542 9.9982E-05 0.136707 0.442213 0.135675 0.163663
0.00110691 9.9973E-05 0.0365267 0.833031 0.129036 9.9973E-05 9.9973E-05
9.9955E-05 9.9955E-05 0.0544634 0.945037 9.9955E-05 9.9955E-05 9.9955E-05
0.0251082 9.9973E-05 0.0306775 0.37639 0.567525 9.9973E-05 9.9973E-05
9.9973E-05 9.9973E-05 0.0533891 0.238174 0.589878 9.9973E-05 0.118259
9.9955E-05 9.9955E-05 9.9955E-05 0.499724 0.499776 9.9955E-05 9.9955E-05
9.9964E-05 9.9964E-05 9.9964E-05 0.439882 0.510246 0.0494724 9.9964E-05
9.9964E-05 9.9964E-05 9.9964E-05 0.410566 0.546893 9.9964E-05 0.0421417
9.9964E-05 9.9964E-05 0.114819 9.9964E-05 0.130005 9.9964E-05 0.754776
9.9982E-05 9.9982E-05 0.0378518 0.00809936 0.0731107 0.137856 0.742882
0.041028 9.9973E-05 9.9973E-05 0.0142775 0.212718 9.9973E-05 0.731677
0.0441684 9.9973E-05 9.9973E-05 9.9973E-05 0.17208 0.0284095 0.755043
9.9964E-05 9.9964E-05 9.9964E-05 9.9964E-05 0.390795 0.0554309 0.553374
9.9955E-05 0.149726 9.9955E-05 9.9955E-05 9.9955E-05 9.9955E-05 0.849774
9.9964E-05 9.9964E-05 0.0196948 0.0854618 9.9964E-05 9.9964E-05 0.894444
0.0280512 0.0162695 9.9991E-05 0.0269922 0.0714751 0.117891 0.739221
0.0159867 0.0732436 9.9991E-05 0.015846 0.117063 0.0408177 0.736943
0.0176246 9.9973E-05 9.9973E-05 9.9973E-05 0.126508 0.0789164 0.776651
0.075536 9.9991E-05 0.0654808 0.0474953 0.193857 0.221554 0.395977
0.00996001 9.9973E-05 9.9973E-05 0.0887874 9.9973E-05 0.109444 0.791509
0.0493573 0.0343754 9.9982E-05 9.9982E-05 0.347638 0.279003 0.289426
9.9973E-05 9.9973E-05 0.00562673 0.00563335 9.9973E-05 0.00356951 0.98487
0.0502415 9.9991E-05 0.0438211 0.0538281 0.129534 0.177 0.545475
9.9982E-05 0.0805676 0.0938189 9.9982E-05 0.235557 0.0985046 0.491352
9.9955E-05 0.0571112 9.9955E-05 9.9955E-05 9.9955E-05 9.9955E-05 0.942389
0.0745649 9.9991E-05 0.0513326 0.0683478 0.260333 0.268621 0.2767
0.0575728 9.9973E-05 0.146528 0.0546078 9.9973E-05 9.9973E-05 0.740991
0.0976215 0.0956302 9.9982E-05 9.9982E-05 0.271227 0.021353 0.513969
0.0518056 0.178877 9.9991E-05 0.113166 0.25396 0.112614 0.289477
0.0382705 9.9982E-05 0.0620042 9.9982E-05 0.2252 0.168769 0.505556
9.9991E-05 0.00368319 0.0349225 0.0208282 0.0444167 0.0513619 0.844688
0.00505039 0.0919797 9.9964E-05 9.9964E-05 9.9964E-05 9.9964E-05 0.90257
0.185354 0.0641556 9.9973E-05 9.9973E-05 0.565802 9.9973E-05 0.184388
0.221292 9.9982E-05 9.9982E-05 0.157632 0.409638 0.02884 0.182399
0.834237 0.0903574 9.9964E-05 9.9964E-05 9.9964E-05 0.0750057 9.9964E-05
0.9994 9.995E-05 9.995E-05 9.995E-05 9.995E-05 9.995E-05 9.995E-05
0.363198 9.9982E-05 0.29856 9.9982E-05 0.21104 0.0448318 0.0821697
0.79456 9.9973E-05 0.0650756 9.9973E-05 9.9973E-05 0.0159072 0.124157
0.691309 0.26359 9.9964E-05 9.9964E-05 9.9964E-05 0.0447014 9.9964E-05
0.332327 9.9973E-05 9.9973E-05 0.0690917 0.320765 9.9973E-05 0.277516
0.365561 0.11349 9.9991E-05 0.0225855 0.342313 0.0700633 0.0858867
0.356533 0.201729 9.9973E-05 9.9973E-05 0.371557 9.9973E-05 0.0698808
0.832178 9.9964E-05 9.9964E-05 9.9964E-05 0.047147 9.9964E-05 0.120275
0.381849 9.9973E-05 9.9973E-05 9.9973E-05 0.507444 0.100053 0.0103544
0.688839 9.9955E-05 9.9955E-05 9.9955E-05 0.310661 9.9955E-05 9.9955E-05
0.9994 9.995E-05 9.995E-05 9.995E-05 9.995E-05 9.995E-05 9.995E-05
0.16931 0.00922834 9.9982E-05 9.9982E-05 0.637537 0.159666 0.0240591
0.429445 9.9973E-05 9.9973E-05 9.9973E-05 0.222105 0.0712357 0.276914
