0.016213 0.0371783 0.946509 9.9991E-05
9.9982E-05 0.0475513 0.952249 9.9982E-05
0.075977 9.9991E-05 0.820668 0.103255
0.0858697 0.0298846 0.839404 0.0448421
0.0467631 9.9991E-05 0.903734 0.049403
0.0518975 0.167324 0.660978 0.1198
0.0451703 0.0493228 0.845392 0.0601152
0.0488 0.123928 0.789157 0.0381154
9.9982E-05 0.127427 0.872373 9.9982E-05
0.0640065 0.114226 0.728766 0.0930014
9.9991E-05 0.124936 0.780573 0.0943915
0.0663705 0.473474 0.0773753 0.38278
0.134359 0.264287 0.0299449 0.571409
0.0696953 0.415907 0.154308 0.360089
0.122699 0.326819 0.12034 0.430142
0.0684446 0.165651 0.196578 0.569326
0.1861 0.179157 0.0818129 0.55293
0.137489 0.27948 0.0444852 0.538546
0.0176073 0.296804 0.184268 0.50132
0.129487 0.726296 0.110291 0.0339267
0.108089 0.344847 0.0317097 0.515354
0.0959083 0.323996 0.0246599 0.555436
0.0391702 0.222443 0.0421083 0.696279
0.159673 0.438235 0.0652053 0.336887
0.130052 0.0566728 0.0908821 0.722393
0.101233 0.195803 0.104313 0.598651
0.0723555 0.502396 0.121422 0.303827
0.215458 0.417114 0.0689191 0.298509
0.0231471 0.576057 0.0666162 0.33418
0.0987056 9.9991E-05 0.861369 0.0398258
0.0745678 9.9991E-05 0.834711 0.0906208
0.0341103 9.9991E-05 0.820863 0.144927
0.084176 9.9991E-05 0.751091 0.164633
9.9991E-05 0.225231 0.00760508 0.767064
0.0584124 0.133719 0.12047 0.687399
9.9991E-05 0.195719 0.0417948 0.762386
9.9991E-05 0.484602 0.197216 0.318082
9.9982E-05 0.38119 9.9982E-05 0.61861
0.0241779 0.158894 0.110521 0.706407
0.0471274 0.0672776 0.0653059 0.820289
0.0639811 0.102005 0.145061 0.688952
0.0806994 0.125112 0.0800273 0.714162
9.9991E-05 0.532035 0.0029232 0.464942
0.0898107 0.198503 0.00880589 0.70288
0.052492 0.209938 0.00852971 0.729041
0.0964726 0.10733 0.145813 0.650385
9.9982E-05 0.39443 9.9982E-05 0.60537
0.0475306 0.118567 0.0924735 0.741429
9.9991E-05 0.0784224 0.163154 0.758324
9.9991E-05 0.806661 0.0863065 0.106933
9.9991E-05 0.667449 0.000240773 0.33221
0.0841469 0.689134 0.0567475 0.169971
0.0977561 0.0879059 0.0586746 0.755663
0.120305 9.9991E-05 0.116389 0.763206
0.143278 0.196484 9.9991E-05 0.660137
9.9991E-05 0.482385 0.177679 0.339835
0.0632103 0.278435 0.0357073 0.622647
0.154097 0.211749 0.0434976 0.590656
9.9991E-05 0.302859 0.179156 0.517885
0.129101 0.530912 0.229001 0.110986
0.0413951 0.216186 0.0461926 0.696226
0.0273575 0.351194 0.109455 0.511994
9.9991E-05 0.754946 0.10768 0.137274
0.0266697 0.34898 9.9991E-05 0.62425
0.122588 0.154905 0.0932778 0.62923
0.0646153 0.131628 0.116477 0.687279
0.0667076 0.460309 0.0710178 0.401965
0.0739288 0.219639 0.101973 0.60446
0.011279 0.172187 0.0587115 0.757823
9.9991E-05 0.550547 0.078837 0.370516
0.0030193 0.221717 9.9991E-05 0.775164
9.9991E-05 0.458718 0.0106402 0.530541
0.10464 0.191596 0.0538495 0.649914
9.9982E-05 0.702476 9.9982E-05 0.297324
9.9982E-05 0.67514 9.9982E-05 0.32466
9.9982E-05 0.4813 9.9982E-05 0.5185
0.0114082 0.316899 9.9991E-05 0.671593
0.00824234 0.0750685 0.213843 0.702847
0.0298418 0.309145 9.9991E-05 0.660913
9.9991E-05 0.504172 0.0615752 0.434153
9.9991E-05 0.507091 0.0269545 0.465855
0.0606217 0.127183 0.138847 0.673348
0.00620328 0.374099 0.0320543 0.587643
9.9991E-05 0.249211 0.0528551 0.697834
9.9982E-05 0.315133 9.9982E-05 0.684667
0.0593923 0.776964 9.9991E-05 0.163544
0.0551814 0.150215 0.0303252 0.764278
0.006912 9.9991E-05 0.853731 0.139257
9.9982E-05 9.9982E-05 0.913141 0.0866592
0.0254397 9.9991E-05 0.883871 0.0905892
0.0288305 9.9991E-05 0.926142 0.0449273
9.9982E-05 9.9982E-05 0.910025 0.0897749
0.0318774 9.9991E-05 0.91242 0.055603
9.9982E-05 9.9982E-05 0.939294 0.0605056
0.0223033 0.15455 0.118639 0.704507
0.0984172 0.12382 0.094144 0.683619
9.9982E-05 0.628788 9.9982E-05 0.371012
0.0646261 0.210327 0.0911239 0.633923
0.00147445 0.316996 0.0246951 0.656835
0.000690889 0.124473 0.114144 0.760692
0.0521021 0.161101 0.044887 0.74191
0.0563596 0.21317 9.9991E-05 0.730371
9.9991E-05 0.679387 0.0692687 0.251245
0.0197482 0.158459 0.187593 0.6342
0.0578729 0.113598 0.0286585 0.79987
0.0690032 0.0779323 0.112977 0.740088
0.0237752 0.4284 9.9991E-05 0.547725
0.0247325 0.26493 0.000567061 0.70977
9.9991E-05 0.304785 0.0568428 0.638272
0.0544652 0.3169 9.9991E-05 0.628534
9.9991E-05 0.200626 0.0813921 0.717882
0.0538456 0.130806 0.111135 0.704214
0.0324262 0.515232 0.117913 0.334428
0.107058 0.297063 0.16414 0.431739
0.0266839 0.141629 0.156847 0.67484
0.0344022 0.143961 0.108009 0.713628
9.9991E-05 0.265516 0.122192 0.612192
0.0545285 0.186075 0.0481874 0.711209
0.00802672 0.317305 0.101254 0.573414
0.0817424 0.175363 0.0939967 0.648898
0.0217353 0.226837 0.138968 0.61246
9.9991E-05 0.185451 0.0702483 0.7442
9.9991E-05 0.308866 0.0374893 0.653544
0.196454 0.226943 0.0177947 0.558808
0.0455375 0.210659 0.119828 0.623975
0.0983634 0.227292 9.9991E-05 0.674245
0.211207 0.188992 0.128688 0.471113
0.0569765 0.252802 9.9991E-05 0.690122
0.044009 0.319226 0.173124 0.46364
0.130571 0.179433 0.052094 0.637902
0.0798449 0.170579 0.0107406 0.738835
0.054711 0.496746 0.0519761 0.396567
0.0678501 0.656672 0.0177404 0.257737
0.0628393 0.21798 0.072898 0.646283
0.135046 0.734927 9.9991E-05 0.129927
9.9991E-05 0.496452 0.0781317 0.425316
9.9991E-05 0.379987 0.0315567 0.588356
9.9991E-05 0.452818 0.124529 0.422553
0.0150095 0.501855 0.0505349 0.4326
0.0917141 0.16697 0.0667098 0.674606
0.154612 0.181327 0.107209 0.556852
0.0291541 0.246065 0.0993748 0.625406
0.127813 0.705278 9.9991E-05 0.166809
0.00597109 0.127591 0.204577 0.66186
0.13058 0.244629 0.0962231 0.528567
0.0474898 0.713689 0.181842 0.0569791
0.107282 0.110924 0.14719 0.634603
0.112822 0.389913 0.0869666 0.410299
0.167165 0.272116 0.077053 0.483666
0.090947 0.536685 0.0947275 0.27764
9.9991E-05 0.532625 0.123886 0.343389
0.0084548 0.337249 0.0776486 0.576648
0.0928282 0.235288 0.0920469 0.579837
0.100229 0.220769 0.171075 0.507926
0.237974 0.59671 0.0846268 0.0806887
0.117374 0.223766 0.155933 0.502927
9.9982E-05 0.402457 9.9982E-05 0.597343
9.9991E-05 0.443955 0.0026781 0.553267
0.128529 0.215907 0.116935 0.53863
0.354908 0.189927 0.32665 0.128516
0.214317 0.20156 0.584023 9.9991E-05
0.226882 0.269782 0.503236 9.9991E-05
0.348986 0.126131 0.466017 0.0588659
0.0364193 0.198025 9.9991E-05 0.765456
0.106742 0.155804 0.11731 0.620144
0.725992 9.9982E-05 9.9982E-05 0.273808
0.562943 0.0987675 9.9991E-05 0.338189
0.482556 0.111902 0.0793938 0.326148
0.100148 0.519416 9.9991E-05 0.380336
0.0401104 0.214242 0.10893 0.636718
0.119218 0.605754 9.9991E-05 0.274928
0.048777 0.189947 0.0548634 0.706413
0.0589523 0.354559 0.0459468 0.540542
0.0916386 0.217895 0.0610313 0.629435
0.0838875 0.61642 9.9991E-05 0.299593
0.0242994 0.0645302 0.117518 0.793652
0.106089 0.172696 0.127663 0.593553
0.973509 9.9982E-05 9.9982E-05 0.0262912
0.890458 9.9982E-05 9.9982E-05 0.109342
0.556699 0.0892745 0.0551522 0.298874
0.704326 9.9982E-05 9.9982E-05 0.295474
0.860624 9.9991E-05 0.0106057 0.128671
0.9997 9.998E-05 9.998E-05 9.998E-05
0.968893 9.9982E-05 0.030907 9.9982E-05
0.801594 9.9982E-05 9.9982E-05 0.198206
0.989375 9.9982E-05 9.9982E-05 0.0104253
0.9997 9.998E-05 9.998E-05 9.998E-05
0.9997 9.998E-05 9.998E-05 9.998E-05
0.817494 9.9982E-05 9.9982E-05 0.182306
0.801023 9.9991E-05 0.0854197 0.113457
0.977351 0.0224495 9.9982E-05 9.9982E-05
0.423136 0.104815 0.0658494 0.4062
0.718556 0.0197708 0.0523616 0.209312
0.775278 9.9991E-05 0.0246204 0.200002
0.916127 0.00995052 0.0278086 0.0461134
0.9997 9.998E-05 9.998E-05 9.998E-05
0.914458 9.9991E-05 0.0429101 0.0425322
0.9997 9.998E-05 9.998E-05 9.998E-05
0.702516 0.0926828 0.0332332 0.171568
0.896127 0.0140244 0.00348293 0.0863655
0.165529 0.485151 0.34922 9.9991E-05
0.108694 0.333379 0.132994 0.424934
0.101304 0.126105 0.271582 0.501009
0.164872 0.387826 0.252635 0.194667
0.239382 0.186405 0.10502 0.469193
0.17498 0.320457 0.279167 0.225397
0.075598 0.219633 0.16221 0.542559
0.262099 0.203764 0.190694 0.343443
0.236303 0.109658 0.16866 0.48538
0.267621 0.128694 0.20506 0.398625
0.0451504 0.151091 0.256471 0.547287
0.0219635 0.0624979 0.8361 0.0794391
0.0440399 0.00261765 0.953242 9.9991E-05
9.9982E-05 0.0163655 0.983435 9.9982E-05
9.9982E-05 9.9982E-05 0.954062 0.0457381
0.0575153 0.0611201 0.881265 9.9991E-05
0.0975284 9.9982E-05 0.902272 9.9982E-05
0.105512 9.9982E-05 0.894288 9.9982E-05
0.0168952 0.0614676 0.921537 9.9991E-05
0.0356123 9.9991E-05 0.944089 0.0201984
0.108581 9.9982E-05 0.891219 9.9982E-05
9.9982E-05 0.348789 0.651011 9.9982E-05
9.9991E-05 0.318647 0.669652 0.0116005
9.9982E-05 0.401754 0.598046 9.9982E-05
9.9982E-05 0.443699 0.556101 9.9982E-05
0.00876037 0.259295 0.0780678 0.653877
0.018575 0.255951 0.0641603 0.661314
0.0329222 0.197997 0.100858 0.668222
9.9991E-05 0.381004 0.0650145 0.553881
9.9991E-05 0.61647 0.0495215 0.333908
9.9991E-05 0.0937136 0.10302 0.803166
0.0148032 0.232983 9.9991E-05 0.752114
0.0241855 0.281037 9.9991E-05 0.694678
0.00745762 0.36895 9.9991E-05 0.623492
0.0804861 0.148402 0.0687418 0.70237
9.9982E-05 0.288207 9.9982E-05 0.711593
9.9982E-05 0.8288 9.9982E-05 0.171
9.9991E-05 0.274438 0.0879942 0.637468
0.00210179 0.481174 0.00846829 0.508256
0.0722437 0.212405 9.9991E-05 0.715251
9.9991E-05 0.594611 0.0506424 0.354646
9.9991E-05 0.706673 0.251942 0.0412844
9.9991E-05 0.67053 0.223345 0.106026
9.9991E-05 0.783851 0.182038 0.0340106
9.9991E-05 0.701844 0.226913 0.0711428
0.0193527 0.683951 0.164069 0.132627
0.0308324 0.602574 0.207076 0.159518
0.0263857 9.9991E-05 0.880879 0.0926357
0.0033935 9.9991E-05 0.874579 0.121928
0.111186 9.9991E-05 0.76237 0.126344
0.125254 0.000343836 0.805581 0.0688216
0.0649734 9.9991E-05 0.836013 0.0989139
9.9982E-05 0.512777 0.487023 9.9982E-05
9.9982E-05 0.447249 0.552551 9.9982E-05
9.9982E-05 0.463058 0.536742 9.9982E-05
0.0780157 9.9991E-05 0.836435 0.0854496
9.9991E-05 0.524826 0.474915 0.000158805
0.446319 0.0520554 0.200451 0.301174
0.228034 9.9991E-05 0.155654 0.616213
0.295302 9.9991E-05 0.193868 0.51073
0.278437 0.132546 0.278906 0.310112
0.134769 0.0957055 0.183409 0.586116
0.401055 0.099998 0.498847 9.9991E-05
9.9991E-05 0.354968 0.087424 0.557508
0.0617185 0.470704 0.0247805 0.442797
9.9991E-05 0.418088 0.176088 0.405724
0.0590661 0.376701 9.9991E-05 0.564133
0.0122734 0.987527 9.9982E-05 9.9982E-05
0.0792221 0.239297 0.0884651 0.593016
0.0287625 0.306269 0.0749191 0.59005
9.9991E-05 0.456028 0.0866924 0.45718
0.0128443 0.150658 0.158531 0.677967
9.9991E-05 0.72631 0.0166935 0.256897
0.0676213 0.368027 9.9991E-05 0.564251
0.110862 0.278024 0.0207134 0.590401
0.172069 0.137077 0.184022 0.506832
0.089772 0.484628 9.9991E-05 0.4255
0.0132052 0.303709 0.0855167 0.597569
0.150646 0.297671 9.9991E-05 0.551583
9.9991E-05 0.299958 0.0658864 0.634055
0.112264 0.156423 0.00783681 0.723477
0.106667 0.197864 0.118042 0.577427
0.0870418 0.105426 0.115132 0.6924
0.144234 9.9991E-05 0.749833 0.105833
0.0730187 9.9991E-05 0.841818 0.0850632
0.0258825 0.0602642 0.813719 0.100134
9.9991E-05 0.0257925 0.867982 0.106126
0.00224422 9.9991E-05 0.856366 0.141289
0.0501322 0.622603 0.0803144 0.24695
0.134258 0.284774 0.0281498 0.552818
0.146835 0.144854 0.188786 0.519526
0.0665951 0.131543 0.0568521 0.745009
0.0448427 0.248002 0.0655814 0.641574
0.144939 0.576767 9.9991E-05 0.278194
9.9991E-05 0.736007 0.20596 0.0579335
0.0439872 0.29678 0.0574173 0.601816
0.0152304 0.534251 0.151612 0.298906
0.00555292 0.354997 0.0880247 0.551426
0.0155928 0.57146 0.216947 0.196001
0.109684 0.133541 0.13916 0.617615
9.9991E-05 0.548244 0.154668 0.296988
0.132841 0.474731 0.0177775 0.37465
0.0471457 0.310237 0.0248517 0.617766
0.069923 0.55741 0.0298887 0.342779
0.0452353 0.19154 0.141182 0.622043
0.0535473 0.125586 0.162283 0.658584
9.9991E-05 0.443092 0.0351783 0.52163
0.0531705 0.251077 0.0434686 0.652284
9.9991E-05 0.261255 0.0709433 0.667701
9.9982E-05 0.736185 9.9982E-05 0.263615
0.0254614 0.560158 9.9991E-05 0.414281
0.0227067 0.363587 0.0357932 0.577913
9.9991E-05 0.635433 0.027213 0.337254
0.0129775 0.374315 0.0361839 0.576523
0.0315144 0.652225 0.0792406 0.23702
0.135841 0.610749 9.9991E-05 0.253309
0.113093 0.415792 0.0644636 0.406651
0.129158 0.133782 0.0314075 0.705652
9.9982E-05 0.589376 9.9982E-05 0.410424
0.107082 0.247385 0.0414423 0.604091
0.105487 0.201692 0.0781329 0.614688
0.101468 0.353446 9.9991E-05 0.544986
0.126305 0.320672 0.0181765 0.534846
0.0471507 0.360273 0.0578662 0.53471
0.127601 0.565527 9.9991E-05 0.306772
0.107775 0.41956 0.0268344 0.445831
0.0752959 0.224935 0.0464272 0.653342
0.0596036 0.219485 0.040393 0.680519
9.9991E-05 0.366614 0.0816096 0.551676
0.0962664 0.292629 9.9991E-05 0.611005
0.0673062 0.439236 0.122678 0.370779
0.0073771 0.174245 0.0711058 0.747272
0.0718336 0.252624 0.120939 0.554603
0.0239481 0.143492 0.212644 0.619916
0.103518 9.9991E-05 0.429579 0.466803
0.22302 0.09493 0.196632 0.485418
0.166557 0.0475269 0.176465 0.609451
0.169447 0.130184 0.0700563 0.630312
0.166127 9.9991E-05 0.264608 0.569165
0.103576 0.414818 9.9991E-05 0.481506
0.0904982 0.011342 0.223643 0.674517
0.193187 0.452039 0.277111 0.0776625
0.270047 0.0773197 0.111194 0.541439
0.190413 0.110862 0.131357 0.567368
0.241766 0.0704258 0.115338 0.572471
0.122276 0.265408 0.188612 0.423703
0.21567 0.0781585 0.220283 0.485889
0.187225 0.0270876 0.112696 0.672991
0.225304 0.264971 0.509625 9.9991E-05
0.297466 9.9991E-05 0.230646 0.471788
0.2393 9.9991E-05 0.161045 0.599555
0.179071 0.067737 0.115262 0.637929
0.239035 9.9991E-05 0.151163 0.609702
0.104893 0.0261217 0.259994 0.60899
0.0852528 0.285557 0.0409804 0.58821
0.114857 0.303472 0.0959679 0.485703
0.0496627 0.76301 9.9991E-05 0.187227
0.00973941 0.805913 9.9991E-05 0.184247
0.0847064 0.284837 0.0409854 0.589471
0.43509 0.117004 0.0854887 0.362416
0.379688 0.11839 0.10046 0.401463
0.383812 0.176337 0.227274 0.212577
0.338026 0.0662395 0.230188 0.365547
0.250217 0.638224 0.059286 0.0522737
0.21389 0.464487 0.0889515 0.232671
0.23737 0.260665 9.9991E-05 0.501865
0.17071 0.231741 0.0445089 0.55304
0.244504 0.462447 0.0455864 0.247462
0.23538 0.243509 0.0173052 0.503806
0.224501 0.208142 9.9991E-05 0.567257
0.225314 0.212445 0.101043 0.461198
9.9982E-05 0.441769 9.9982E-05 0.558031
0.11614 0.442847 9.9991E-05 0.440913
0.0962332 0.209494 0.0599832 0.63429
0.0980987 0.368772 0.0414618 0.491668
0.17991 0.328937 0.0767657 0.414387
0.0165439 0.330191 9.9991E-05 0.653165
0.00629389 0.605469 9.9991E-05 0.388137
0.016754 0.217246 9.9991E-05 0.7659
0.0634483 0.59853 9.9991E-05 0.337922
0.0135173 0.361422 0.087049 0.538012
0.0390739 0.17992 0.0846187 0.696387
0.0858051 0.223941 0.022538 0.667716
0.181359 0.117201 0.188745 0.512696
0.217812 0.15858 0.164459 0.459149
0.254054 0.0404488 0.255015 0.450482
0.210178 0.196908 0.243873 0.349041
0.157409 0.0830401 0.280871 0.47868
0.20553 0.111191 0.193874 0.489405
0.252481 0.556861 0.190558 9.9991E-05
0.301408 0.0207124 0.0734304 0.604449
0.236147 0.40529 0.358463 9.9991E-05
0.295743 0.129309 0.0114433 0.563505
9.9982E-05 0.671588 9.9982E-05 0.328212
0.0461454 0.857103 9.9991E-05 0.0966517
0.00024457 0.288264 9.9991E-05 0.711392
0.0332293 0.0920462 0.0537636 0.820961
9.9982E-05 0.413416 9.9982E-05 0.586384
0.0600771 0.251677 0.0231741 0.665071
0.0594363 0.227603 9.9991E-05 0.712861
0.0849785 9.9991E-05 0.846189 0.0687326
0.129648 0.126455 0.743797 9.9991E-05
0.0663936 9.9982E-05 0.933406 9.9982E-05
9.9982E-05 9.9982E-05 0.954934 0.0448656
0.0583547 0.230571 0.0176844 0.69339
0.00392574 0.181386 0.0990318 0.715657
9.9991E-05 0.229654 0.0084083 0.761837
0.0357935 0.100967 0.118247 0.744992
0.0401465 0.196598 0.142386 0.620869
9.9991E-05 0.479813 0.0560279 0.464059
0.0457199 0.14112 9.9991E-05 0.81306
9.9991E-05 0.373541 0.00562176 0.620738
0.258002 0.0793075 0.235217 0.427474
0.0724558 0.306461 9.9991E-05 0.620984
9.9991E-05 0.394825 0.00126032 0.603815
9.9991E-05 0.192251 0.00656272 0.801086
9.9991E-05 0.387573 0.00559299 0.606734
9.9982E-05 0.194813 9.9982E-05 0.804987
0.000577449 0.158545 0.0812944 0.759583
9.9982E-05 0.56729 9.9982E-05 0.43251
0.0409576 0.456037 0.0100291 0.492976
9.9991E-05 0.392594 0.00524858 0.602057
9.9982E-05 0.734815 9.9982E-05 0.264985
9.9991E-05 0.220901 0.0589086 0.72009
0.00216304 0.627977 9.9991E-05 0.36976
9.9982E-05 0.799587 9.9982E-05 0.200213
0.0374133 0.184863 0.017165 0.760559
9.9991E-05 0.499672 0.0159676 0.48426
0.101376 0.292072 0.0142113 0.592341
0.152048 0.113712 0.0876826 0.646558
9.9991E-05 0.196348 0.0630671 0.740485
0.121651 0.429044 9.9991E-05 0.449205
9.9991E-05 0.229006 0.0016411 0.769253
9.9991E-05 0.234407 0.0145396 0.750953
9.9982E-05 0.406357 9.9982E-05 0.593443
0.0930092 0.16784 0.0879729 0.651178
9.9991E-05 0.265169 0.719097 0.0156347
9.9991E-05 0.114092 0.776625 0.109183
9.9982E-05 0.166365 0.833435 9.9982E-05
9.9982E-05 0.144006 0.855794 9.9982E-05
9.9991E-05 0.136101 0.784984 0.0788146
9.9991E-05 0.513713 0.00585398 0.480333
9.9991E-05 0.569236 0.0506081 0.380056
9.9982E-05 0.553219 9.9982E-05 0.446581
0.127753 0.0689986 0.121222 0.682027
0.0897153 0.188519 0.100279 0.621486
0.0212331 0.324083 0.0160666 0.638618
0.151386 0.15916 0.00955133 0.679902
0.0806841 0.306099 0.0159559 0.597261
9.9991E-05 0.21078 0.0838806 0.70524
0.0993794 0.118653 0.0612232 0.720744
0.00897523 0.501718 9.9991E-05 0.489207
9.9991E-05 0.362926 0.00754295 0.629431
9.9982E-05 0.38827 9.9982E-05 0.61153
0.0117946 0.190274 0.115939 0.681992
9.9991E-05 0.30803 0.0403357 0.651535
0.0142006 0.288198 0.0454662 0.652135
0.565896 0.0354009 0.0714631 0.32724
0.441271 9.9991E-05 0.130237 0.428392
0.457638 9.9991E-05 0.0973039 0.444958
0.569255 9.9991E-05 0.118923 0.311722
0.330635 0.0499607 0.103667 0.515737
0.0984884 0.25062 0.0395482 0.611343
0.69528 0.0474217 0.257198 9.9991E-05
0.475441 9.9991E-05 0.209312 0.315147
0.183439 0.14925 0.178899 0.488412
9.9991E-05 0.0787335 0.213956 0.707211
0.089369 0.273583 0.160951 0.476097
0.0563268 0.10278 0.138455 0.702439
0.118232 0.181923 0.101252 0.598593
0.480297 9.9991E-05 0.215778 0.303825
0.395304 0.00135498 0.141089 0.462253
0.566043 9.9991E-05 0.00146523 0.432392
0.34308 0.0278718 0.094539 0.534509
0.554706 0.0975992 0.0578078 0.289887
0.385638 0.0665052 0.109165 0.438691
0.61235 9.9991E-05 0.146307 0.241243
0.491567 0.0955037 0.00671019 0.406219
0.0488386 0.222964 0.146837 0.58136
0.26137 9.9991E-05 0.293305 0.445225
0.667623 9.9991E-05 0.163875 0.168402
0.319405 0.0976012 0.146574 0.436419
9.9991E-05 0.437089 0.226148 0.336663
0.16341 0.194545 0.0101252 0.631921
0.346788 0.0446455 0.15137 0.457197
0.0196617 0.0727849 0.186701 0.720853
9.9991E-05 0.146679 0.210535 0.642687
0.218126 0.0235507 0.303758 0.454565
0.352963 0.121144 0.218257 0.307636
0.114104 0.100675 0.160337 0.624883
0.404368 0.0477536 0.159141 0.388737
0.485543 9.9991E-05 0.0542482 0.460108
0.613986 9.9991E-05 0.220605 0.165309
0.166603 0.0631885 0.0967985 0.67341
9.9991E-05 0.194033 0.175722 0.630146
0.0786334 0.477863 0.160603 0.2829
0.184706 0.117332 0.145499 0.552462
0.0321465 0.18688 0.200053 0.580921
0.137545 0.123971 0.192812 0.545672
0.152526 0.171398 0.143062 0.533014
0.284481 0.359641 0.355778 9.9991E-05
0.227721 0.411962 0.360217 9.9991E-05
0.170868 0.290698 0.177667 0.360767
0.292992 0.320139 0.386769 9.9991E-05
0.317348 0.21508 0.467473 9.9991E-05
0.232597 0.241628 0.106996 0.41878
0.19102 0.173552 0.22177 0.413658
0.221453 0.25145 0.294318 0.232779
0.268243 0.378221 0.250501 0.103035
0.196383 0.136278 0.172198 0.49514
0.197905 0.373325 0.259207 0.169563
0.189408 0.356896 0.453596 9.9991E-05
0.218836 0.059999 0.151746 0.569419
0.329779 0.233887 0.138797 0.297537
0.205753 0.00438334 0.250817 0.539047
0.274676 9.9991E-05 0.204955 0.520268
0.191648 0.0714583 0.141481 0.595413
0.317746 0.0145485 0.165792 0.501914
0.320124 0.0226373 0.350235 0.307003
0.217326 0.00874355 0.215491 0.55844
0.275159 9.9991E-05 0.286543 0.438199
0.260908 0.0748337 0.339358 0.3249
0.189769 0.248527 0.172601 0.389102
0.0996874 0.045982 0.238007 0.616323
0.228885 0.0974133 0.11213 0.561572
0.0329044 0.0880806 0.122961 0.756054
0.318188 9.9991E-05 0.253885 0.427828
0.178675 0.0445304 0.21848 0.558314
0.25259 0.162391 0.404831 0.180188
0.301506 0.105316 0.147181 0.445997
0.336414 0.0760379 0.305349 0.282199
9.9982E-05 0.172179 0.827621 9.9982E-05
9.9991E-05 0.686465 0.105513 0.207922
9.9991E-05 0.815045 0.176275 0.0085799
9.9991E-05 0.753202 0.174211 0.0724871
9.9991E-05 0.82128 0.114397 0.0642234
9.9991E-05 0.684199 0.166313 0.149389
9.9991E-05 0.71007 0.132651 0.157179
9.9982E-05 0.813107 0.186693 9.9982E-05
9.9991E-05 0.564961 0.372951 0.061988
0.0451001 0.020772 0.908297 0.0258312
0.00606194 0.0195848 0.85113 0.123223
0.0208651 9.9991E-05 0.923752 0.0552831
9.9991E-05 0.0878059 0.855472 0.0566225
0.0350638 9.9991E-05 0.938876 0.02596
0.0340761 0.0328387 0.932985 9.9991E-05
0.153724 0.0157098 0.77578 0.0547866
0.10249 9.9991E-05 0.890775 0.00663552
0.0437159 0.0295929 0.78542 0.141271
0.0489654 9.9991E-05 0.924517 0.0264173
0.00501029 0.0288958 0.965994 9.9991E-05
0.110082 0.033961 0.855857 9.9991E-05
0.0121008 9.9982E-05 0.987699 9.9982E-05
0.0159785 9.9991E-05 0.928189 0.0557329
0.058972 9.9991E-05 0.88234 0.0585877
0.0931301 9.9991E-05 0.814981 0.0917889
0.173925 9.9991E-05 0.787493 0.0384825
0.0774403 9.9991E-05 0.781252 0.141207
0.0494144 9.9991E-05 0.839313 0.111173
0.0591223 0.253601 0.181736 0.50554
9.9991E-05 0.072501 0.111281 0.816118
0.0750147 0.101085 0.15236 0.671541
0.0861755 0.627958 0.0815141 0.204352
0.00757107 0.177466 0.141021 0.673942
0.0774221 0.52154 0.246896 0.154142
0.0758873 0.152628 0.115087 0.656397
9.9991E-05 0.313019 0.158086 0.528795
0.00315785 0.161668 0.151667 0.683507
0.0387007 0.262644 0.0475337 0.651122
9.9991E-05 0.257563 0.166805 0.575532
0.118795 0.161492 0.0412393 0.678474
9.9991E-05 0.0920885 0.186058 0.721753
0.0733439 0.73529 0.0165318 0.174834
0.069431 0.833146 0.0973226 9.9991E-05
0.0438474 0.573871 0.121924 0.260358
0.0946647 0.0513328 0.113042 0.740961
0.00763593 0.228157 0.113963 0.650244
9.9991E-05 0.175434 0.163394 0.661073
0.118831 0.0550714 0.0819206 0.744177
0.121142 0.000510499 0.231854 0.646493
0.166119 0.0149562 0.158254 0.660671
0.140088 0.185698 0.433712 0.240502
0.0305803 0.0926975 0.183494 0.693228
0.163349 0.0963757 0.239347 0.500928
0.208336 0.333066 0.458498 9.9991E-05
0.188823 0.038604 0.338288 0.434285
0.222767 0.0808959 0.363032 0.333305
0.121986 0.149215 0.310991 0.417808
0.235711 0.108418 0.200067 0.455804
0.160379 0.088672 0.183794 0.567155
0.198979 9.9991E-05 0.15572 0.645202
0.202246 0.186427 0.147099 0.464228
0.123488 9.9991E-05 0.506605 0.369807
