0.00898853 0.935833 9.9991E-05 0.0550781
0.0378055 0.942959 0.0191358 9.9991E-05
0.0473735 0.803624 9.9991E-05 0.148903
0.0678997 0.789899 9.9991E-05 0.142102
9.9982E-05 0.897927 9.9982E-05 0.101873
0.0502061 0.690508 0.183003 0.0762827
0.0882684 0.875383 0.0117511 0.0245977
0.16645 0.777733 0.0203603 0.0354566
0.145395 0.854405 9.9982E-05 9.9982E-05
0.0591236 0.726839 0.0545477 0.15949
0.124726 0.757401 0.0949271 0.0229456
0.537015 9.9991E-05 0.284908 0.177977
0.285885 9.9991E-05 0.366545 0.34747
0.501878 9.9991E-05 0.294334 0.203687
0.450385 0.0541991 0.197975 0.297441
0.282051 0.114407 0.306824 0.296718
0.221454 9.9991E-05 0.317041 0.461404
0.22166 9.9991E-05 0.454662 0.323578
0.300303 0.134803 0.286221 0.278673
0.738291 0.0928948 0.138675 0.0301395
0.304336 0.00608066 0.409047 0.280537
0.196617 0.000831958 0.527863 0.274689
0.259921 0.00295741 0.411274 0.325847
0.406395 0.0191262 0.332034 0.242444
0.153826 0.071086 0.310399 0.464689
0.299696 9.9991E-05 0.28347 0.416734
0.547646 0.0200161 0.254918 0.17742
0.546971 9.9991E-05 0.166929 0.286
0.456106 0.0239079 0.399726 0.12026
9.9982E-05 0.808056 9.9982E-05 0.191744
0.0114965 0.841772 9.9991E-05 0.146631
0.00733724 0.790012 0.0428712 0.159779
9.9991E-05 0.737983 0.0583005 0.203617
0.123843 9.9991E-05 0.570462 0.305594
0.0402596 0.0927309 0.602062 0.264948
9.9982E-05 9.9982E-05 0.736268 0.263532
0.574523 0.0773916 0.273071 0.075014
0.0735496 0.038902 0.715858 0.17169
0.112932 0.0135885 0.588456 0.285023
9.9982E-05 9.9982E-05 0.605496 0.394304
0.0848896 0.0598013 0.548597 0.306712
0.0564498 0.0756568 0.541597 0.326296
0.295364 0.0166798 0.659289 0.0286667
9.9991E-05 0.0586499 0.566831 0.374419
0.0510629 0.0466132 0.616682 0.285642
0.0179807 0.138325 0.406528 0.437166
0.0591217 9.9991E-05 0.854375 0.0864031
0.0037341 9.9991E-05 0.612605 0.383561
0.041298 0.0681155 0.52506 0.365527
9.9982E-05 0.205041 0.794759 9.9982E-05
0.489502 9.9991E-05 0.486492 0.023906
0.180176 0.189152 0.630571 9.9991E-05
0.244792 9.9991E-05 0.370735 0.384374
0.110406 0.0149657 0.438257 0.436371
0.178318 0.0128583 0.469102 0.339721
0.341738 0.1407 0.448135 0.0694266
0.189956 9.9991E-05 0.496554 0.31339
0.161709 0.0399448 0.406806 0.39154
0.209044 0.0857506 0.516093 0.189112
0.371622 0.260936 0.321334 0.0461083
0.244653 9.9991E-05 0.367561 0.387686
0.356494 0.0462717 0.361739 0.235495
0.514503 0.0840674 0.401329 9.9991E-05
0.231942 9.9991E-05 0.451824 0.316134
0.093769 9.9991E-05 0.53651 0.369621
0.180761 0.0152329 0.455847 0.34816
0.347555 0.00933825 0.445008 0.198099
0.252813 9.9991E-05 0.463817 0.283269
0.213134 0.0785169 0.386828 0.321521
0.411399 0.055109 0.488198 0.0452943
0.12177 9.9991E-05 0.679554 0.198576
0.196558 0.00984712 0.771041 0.0225536
0.120495 0.0320447 0.452814 0.394646
0.0143017 0.0588714 0.926727 9.9991E-05
0.0884033 0.020391 0.891106 9.9991E-05
0.0291809 9.9991E-05 0.870684 0.100035
0.176122 9.9991E-05 0.642574 0.181204
0.0446982 0.076734 0.502935 0.375633
0.156316 9.9991E-05 0.624076 0.219508
0.275862 0.0400237 0.560844 0.123271
0.374496 9.9991E-05 0.539131 0.0862736
0.112745 0.0623279 0.434383 0.390544
0.110668 9.9991E-05 0.805924 0.0833078
0.0638292 0.00424509 0.747723 0.184202
9.9991E-05 0.0130057 0.86896 0.117934
0.0976419 0.0756714 0.826587 9.9991E-05
0.12681 9.9991E-05 0.511298 0.361792
0.0644072 0.787153 9.9991E-05 0.148339
0.0066384 0.896479 9.9991E-05 0.0967829
0.0120727 0.867002 9.9991E-05 0.120825
9.9982E-05 0.938609 9.9982E-05 0.0611911
9.9982E-05 0.91115 9.9982E-05 0.0886496
0.0206776 0.864138 9.9991E-05 0.115085
9.9982E-05 0.906367 9.9982E-05 0.0934328
0.134497 0.0557879 0.445974 0.363741
0.113333 0.0347986 0.471729 0.380139
0.189009 0.0442046 0.766686 9.9991E-05
0.0804609 0.0609142 0.497268 0.361357
0.203244 9.9991E-05 0.582503 0.214153
9.9991E-05 0.0201636 0.627631 0.352105
0.0179486 0.0600974 0.622606 0.299348
9.9982E-05 9.9982E-05 0.692124 0.307676
0.245883 0.0785854 0.675432 9.9991E-05
0.0279257 0.139864 0.492902 0.339308
0.113805 9.9991E-05 0.469505 0.41659
0.103 0.0388386 0.418554 0.439608
9.9991E-05 0.0466802 0.858754 0.0944658
9.9982E-05 9.9982E-05 0.756222 0.243578
0.119272 0.0499993 0.615091 0.215638
9.9982E-05 9.9982E-05 0.756341 0.243459
0.19697 9.9991E-05 0.636336 0.166594
0.0387686 0.0804496 0.544952 0.33583
0.370854 0.0689039 0.409836 0.150406
0.294899 0.100014 0.309965 0.295123
0.22338 0.0105891 0.423652 0.342379
0.165138 0.0263894 0.489109 0.319364
0.282472 0.0290074 0.459697 0.228823
0.275275 9.9991E-05 0.371275 0.353349
0.442911 9.9991E-05 0.320203 0.236786
0.16636 0.0296 0.450138 0.353902
0.173974 9.9991E-05 0.435534 0.390392
0.178078 9.9991E-05 0.528208 0.293614
0.322033 9.9991E-05 0.427626 0.250241
0.154834 0.0215134 0.446895 0.376757
0.147914 0.0442847 0.447686 0.360114
0.286235 9.9991E-05 0.37008 0.343585
0.156863 0.032058 0.425657 0.385423
0.209156 9.9991E-05 0.412683 0.37806
0.390393 0.102649 0.302982 0.203976
0.218384 9.9991E-05 0.410173 0.371342
0.170207 0.00260203 0.42075 0.406441
0.421794 0.00771967 0.38884 0.181646
0.364813 0.105669 0.460727 0.0687911
0.248309 9.9991E-05 0.430358 0.321232
0.410528 9.9991E-05 0.505237 0.0841345
0.51889 0.035235 0.328813 0.117063
0.363297 9.9991E-05 0.423906 0.212697
0.545636 9.9991E-05 0.318817 0.135447
0.523447 9.9991E-05 0.305278 0.171175
0.0958924 0.0031185 0.529645 0.371344
0.213717 0.0608682 0.36283 0.362585
0.278168 9.9991E-05 0.417716 0.304016
0.442473 0.0280369 0.422908 0.106582
0.0385799 0.146173 0.509811 0.305436
0.0226672 0.054384 0.636914 0.286035
0.134534 0.290243 0.575122 9.9991E-05
9.9991E-05 0.056017 0.507668 0.436215
0.0934242 0.0991858 0.617956 0.189434
9.9991E-05 0.160382 0.57378 0.265738
0.133586 0.196371 0.617026 0.0530181
0.162277 0.195543 0.64208 9.9991E-05
0.142224 0.102619 0.619525 0.135632
0.151999 0.0635558 0.442693 0.341752
0.157727 0.198917 0.367903 0.275452
0.162936 0.211206 0.533576 0.0922816
0.115029 0.0924731 0.418505 0.373993
0.148165 9.9991E-05 0.766135 0.0855993
0.192247 9.9991E-05 0.579653 0.227999
0.00305788 0.109857 0.537975 0.34911
0.0110894 0.425167 0.241814 0.32193
9.9991E-05 0.778749 0.104618 0.116533
9.9991E-05 0.692207 0.229991 0.0777017
0.048624 0.471936 0.0904465 0.388994
9.9982E-05 9.9982E-05 0.72098 0.278821
0.136895 0.00973635 0.532605 0.320763
0.0689882 9.9982E-05 9.9982E-05 0.930812
0.141546 0.0349445 0.170083 0.653427
0.145033 0.0137664 0.294603 0.546598
0.0700225 0.0726266 0.74298 0.114371
0.221748 0.00585686 0.410613 0.361782
0.00197655 0.135255 0.862669 9.9991E-05
0.0396738 9.9991E-05 0.666796 0.29343
0.1414 9.9991E-05 0.612598 0.245902
0.00331669 0.0245102 0.650633 0.32154
0.0380454 0.115816 0.846038 9.9991E-05
0.0399382 9.9991E-05 0.548739 0.411223
0.0333945 0.0572092 0.581276 0.32812
9.9982E-05 0.04904 9.9982E-05 0.95076
9.9982E-05 0.0461996 9.9982E-05 0.9536
0.075262 0.0584318 0.131922 0.734384
0.0575041 0.0204563 0.0428844 0.879155
0.0240443 0.0953447 9.9991E-05 0.880511
9.9982E-05 0.0569853 9.9982E-05 0.942815
9.9982E-05 0.0865928 9.9982E-05 0.913207
9.998E-05 9.998E-05 9.998E-05 0.9997
9.9982E-05 0.0109191 9.9982E-05 0.988881
9.9982E-05 0.0523613 9.9982E-05 0.947439
9.9982E-05 0.0561964 9.9982E-05 0.943604
0.0349087 0.0364233 0.0199088 0.908759
0.00912427 0.117603 9.9991E-05 0.873173
9.9982E-05 0.0507575 9.9982E-05 0.949043
0.054954 0.12231 0.270714 0.552022
0.116791 0.0685028 0.0606505 0.754055
0.0150414 0.0933731 9.9991E-05 0.891486
9.9982E-05 0.0917727 9.9982E-05 0.908027
9.9982E-05 0.0372102 9.9982E-05 0.96259
9.9982E-05 0.086953 9.9982E-05 0.912847
9.9982E-05 0.0769601 9.9982E-05 0.92284
0.0618986 0.0502059 0.111681 0.776215
9.9982E-05 0.0839362 9.9982E-05 0.915864
9.9982E-05 0.556166 0.443634 9.9982E-05
0.0852334 0.242423 0.408905 0.263439
0.0271742 0.23967 0.458575 0.27458
0.0114456 0.382285 0.428356 0.177913
0.0729099 0.0998979 0.455979 0.371213
9.9991E-05 0.342735 0.468852 0.188313
0.198171 0.0948097 0.392435 0.314585
9.9991E-05 0.225114 0.471202 0.303584
0.134781 0.0612474 0.374581 0.42939
9.9991E-05 0.240447 0.436064 0.323389
9.9991E-05 0.222296 0.490795 0.286809
0.0756139 0.835256 0.0150851 0.0740451
9.9982E-05 0.923809 9.9982E-05 0.0759915
9.99868E-05 0.971994 9.99868E-05 0.0278065
9.9991E-05 0.972682 0.00589329 0.0213245
0.0521795 0.886527 9.9991E-05 0.0611936
9.9982E-05 0.921288 9.9982E-05 0.0785116
9.9982E-05 0.861735 9.9982E-05 0.138066
9.9991E-05 0.935563 0.0399025 0.0244341
9.9991E-05 0.908032 0.0392952 0.0525731
9.9982E-05 0.889182 9.9982E-05 0.110618
0.325398 0.636729 0.037773 9.9991E-05
0.382189 0.614231 9.9991E-05 0.00347952
0.358861 0.597971 0.0430685 9.9991E-05
0.381879 0.524531 0.0934907 9.9991E-05
0.234081 9.9991E-05 0.538605 0.227214
0.168558 9.9991E-05 0.564572 0.266771
0.280085 9.9991E-05 0.44542 0.274395
0.265535 9.9991E-05 0.566612 0.167753
0.641282 9.9991E-05 0.277349 0.0812686
0.0207399 9.9991E-05 0.610147 0.369013
0.0691811 9.9991E-05 0.669786 0.260933
0.0955097 9.9991E-05 0.678719 0.225671
0.0388121 9.9991E-05 0.77569 0.185397
0.0698362 9.9991E-05 0.602094 0.32797
0.16181 9.9991E-05 0.655074 0.183015
0.158289 0.0257222 0.815889 9.9991E-05
0.157526 0.0128412 0.508957 0.320676
0.0466159 0.020786 0.839163 0.0934355
0.0543633 9.9991E-05 0.671831 0.273706
0.260835 0.00282612 0.736239 9.9991E-05
0.81225 0.136181 0.0514693 9.9991E-05
0.717617 0.132901 0.120373 0.0291081
0.869332 0.0559832 0.0745844 9.9991E-05
0.800784 0.130014 0.0691014 9.9991E-05
0.820398 0.0759133 0.103588 9.9991E-05
0.852734 0.070734 9.9991E-05 0.0764317
9.9991E-05 0.884305 0.00200296 0.113593
0.0531239 0.840125 9.9991E-05 0.106651
9.9991E-05 0.734629 0.00144803 0.263823
0.0699212 0.724407 9.9991E-05 0.205571
0.00379099 0.809333 9.9991E-05 0.186776
0.543044 0.456756 9.9982E-05 9.9982E-05
0.446124 0.500052 0.053724 9.9991E-05
0.483572 0.472701 0.0436276 9.9991E-05
0.0655314 0.773368 9.9991E-05 0.161001
0.539993 0.398865 0.061042 9.9991E-05
9.9991E-05 0.273804 0.188462 0.537633
0.0693061 0.0296664 0.310351 0.590676
0.062012 0.131293 0.14372 0.662974
0.00118427 0.30855 0.278743 0.411522
0.120379 0.104195 0.306982 0.468444
9.9991E-05 0.591455 0.109407 0.299038
0.327031 9.9991E-05 0.449533 0.223335
0.320196 9.9991E-05 0.494668 0.185036
0.581695 0.0445785 0.247421 0.126306
0.238945 0.000766567 0.567086 0.193203
0.285772 0.0459615 0.668167 9.9991E-05
0.18795 0.0848961 0.388056 0.339098
0.22996 0.00228843 0.515806 0.251946
0.443234 0.051982 0.357134 0.14765
0.307173 0.00917805 0.353837 0.329811
0.344673 0.0527277 0.602499 9.9991E-05
0.179874 9.9991E-05 0.513932 0.306094
0.376837 9.9991E-05 0.348028 0.275035
0.151155 0.123728 0.355579 0.369538
0.336309 9.9991E-05 0.511245 0.152346
0.340946 9.9991E-05 0.430039 0.228915
0.162768 9.9991E-05 0.530784 0.306348
0.176405 9.9991E-05 0.532876 0.290619
0.197362 9.9991E-05 0.435868 0.36667
0.209217 0.0320085 0.367318 0.391456
0.161236 0.0176127 0.418425 0.402726
9.9991E-05 0.787566 0.00241349 0.209921
9.9991E-05 0.851145 0.0210137 0.127742
0.0699843 0.784459 0.086929 0.0586278
0.0716391 0.833569 0.0336858 0.0611064
9.9991E-05 0.85627 0.0425092 0.101121
0.651304 0.013549 0.225567 0.10958
0.201361 9.9991E-05 0.456277 0.342262
9.9991E-05 0.208553 0.377092 0.414255
0.178179 9.9991E-05 0.413576 0.408145
0.270237 9.9991E-05 0.448777 0.280886
0.316826 0.0426811 0.406136 0.234357
0.693928 0.129107 0.176865 9.9991E-05
0.317576 9.9991E-05 0.372941 0.309382
0.534138 0.0634858 0.260719 0.141657
0.190517 0.0109377 0.518683 0.279862
0.649509 0.134093 0.161382 0.0550163
0.26001 9.9991E-05 0.293668 0.446222
0.575692 0.0538141 0.252732 0.117762
0.326421 9.9991E-05 0.469098 0.204382
0.07053 0.105441 0.581806 0.242223
0.144225 0.102622 0.617801 0.135352
0.022175 0.06551 0.632047 0.280268
0.0975928 0.0826007 0.494911 0.324895
0.11217 0.0478841 0.718412 0.121534
0.0194927 0.0935748 0.5182 0.368732
0.0959503 0.0528784 0.592288 0.258883
0.105235 0.093584 0.801081 9.9991E-05
0.0620207 0.0876148 0.81393 0.036435
0.0622411 0.0645729 0.658319 0.214867
0.132916 0.115545 0.75144 9.9991E-05
0.145147 0.0412406 0.679852 0.133761
0.65273 9.9991E-05 0.243276 0.103894
0.348545 9.9991E-05 0.55038 0.100975
0.437141 0.0359152 0.250994 0.27595
0.226775 9.9991E-05 0.328732 0.444393
0.560639 9.9991E-05 0.257616 0.181646
0.187414 0.0711587 0.457856 0.283571
0.15689 9.9991E-05 0.405468 0.437542
0.22554 9.9991E-05 0.428582 0.345778
0.292439 9.9991E-05 0.373117 0.334344
0.3629 9.9991E-05 0.366826 0.270174
0.590099 9.9991E-05 0.214851 0.194951
0.501239 9.9991E-05 0.28014 0.218521
0.222333 9.9991E-05 0.406424 0.371143
0.151026 0.0585978 0.422692 0.367684
0.342221 9.9991E-05 0.420337 0.237342
0.280756 9.9991E-05 0.382942 0.336202
0.476953 0.0400312 0.204483 0.278533
0.259654 9.9991E-05 0.44332 0.296926
0.315177 9.9991E-05 0.337946 0.346777
0.292366 0.0533396 0.304609 0.349685
0.0418504 0.319429 0.230327 0.408393
9.9991E-05 0.144908 0.397975 0.457016
0.154412 0.0782033 0.367462 0.399922
0.117994 0.0595441 0.371445 0.451017
0.00465958 0.205107 0.290007 0.500227
0.2254 9.9991E-05 0.502411 0.272089
0.144707 0.060408 0.343041 0.451844
9.9991E-05 0.435793 0.503541 0.0605658
0.111286 0.0597259 0.323711 0.505278
0.0150552 0.0780214 0.408269 0.498655
0.0721629 0.081871 0.313191 0.532775
0.123004 0.195018 0.372449 0.309529
0.0543572 0.177427 0.356113 0.412102
9.9991E-05 0.131893 0.414411 0.453597
9.9991E-05 0.714033 0.177575 0.108292
9.9991E-05 0.0800518 0.4009 0.518949
9.9991E-05 0.173582 0.324042 0.502276
0.0386405 0.0535389 0.423303 0.484518
0.0389225 0.129445 0.32881 0.502822
0.129191 0.120927 0.297597 0.452285
9.9991E-05 0.103387 0.614382 0.282131
0.188367 0.0849973 0.45091 0.275726
0.171752 0.023954 0.804194 9.9991E-05
0.149519 0.0812189 0.769162 9.9991E-05
0.0776353 9.9991E-05 0.50938 0.412884
0.0832896 0.0783043 0.246342 0.592064
9.9991E-05 0.136388 0.375517 0.487995
9.9991E-05 0.302058 0.305348 0.392494
0.035153 0.216615 0.292546 0.455686
9.9991E-05 0.247081 0.676075 0.0767439
9.9991E-05 0.204362 0.669503 0.126035
9.9991E-05 0.00587487 0.591728 0.402297
0.0805748 0.0683576 0.525805 0.325263
9.9991E-05 0.177281 0.676748 0.145871
0.087967 0.0306899 0.524981 0.356362
0.0240337 0.0484149 0.562308 0.365243
0.0725188 0.123259 0.451422 0.3528
0.102066 0.0704877 0.802551 0.0248956
0.15541 0.0507473 0.646744 0.147099
0.0186079 0.0775702 0.56952 0.334302
0.17063 0.0899627 0.565015 0.174392
0.194361 0.0580264 0.405258 0.342355
0.0760174 0.0112535 0.715872 0.196857
0.164322 9.9991E-05 0.747102 0.0884755
9.9991E-05 0.0272648 0.690559 0.282077
0.100003 0.0194084 0.787508 0.0930805
0.0713415 0.0510885 0.6943 0.18327
0.0857104 0.0484068 0.512948 0.352935
0.145244 0.0214638 0.541318 0.291974
0.0259619 0.131335 0.410878 0.431825
0.116692 0.163416 0.327416 0.392476
0.0777205 0.181859 0.290051 0.450369
0.134989 0.172922 0.225024 0.467064
0.137787 0.186838 0.323923 0.351452
9.9991E-05 0.230974 0.370417 0.39851
0.0412035 0.377159 0.505862 0.0757751
0.0415349 0.0872788 0.339767 0.531419
9.9991E-05 0.587061 0.365089 0.0477503
0.0125847 0.0288988 0.417604 0.540913
9.9982E-05 0.0405473 0.959253 9.9982E-05
0.0965319 0.0878832 0.815485 9.9991E-05
0.0271738 9.9991E-05 0.759585 0.213142
0.0387639 9.9991E-05 0.594149 0.366987
0.138992 0.00192789 0.728878 0.130202
0.0214324 9.9991E-05 0.736107 0.242361
0.00292681 9.9991E-05 0.705453 0.29152
0.0209174 0.801679 0.0501332 0.12727
0.159291 0.72518 9.9991E-05 0.115429
9.9982E-05 0.887888 9.9982E-05 0.111912
9.9982E-05 0.959796 9.9982E-05 0.0400037
0.11755 9.9991E-05 0.61179 0.27056
0.0630991 0.0871479 0.632765 0.216987
0.118328 9.9991E-05 0.678467 0.203106
0.0344001 0.089232 0.550314 0.326054
0.0904559 0.0553303 0.558436 0.295777
0.144784 0.0423704 0.743853 0.068992
0.0561513 9.9991E-05 0.6339 0.309849
9.9991E-05 0.0856996 0.8435 0.0707002
0.101611 0.231886 0.210108 0.456395
0.125048 9.9991E-05 0.655953 0.218898
0.121446 0.0422879 0.717485 0.118781
0.0154062 9.9991E-05 0.685232 0.299262
0.0955751 0.0190257 0.686918 0.198481
9.9982E-05 9.9982E-05 0.680885 0.318915
0.0641418 0.0408389 0.619351 0.275668
9.998E-05 9.998E-05 0.9997 9.998E-05
0.0246899 0.0515793 0.830726 0.0930045
0.0650643 0.0406386 0.756337 0.137961
9.9982E-05 0.0143828 0.985417 9.9982E-05
0.114238 9.9991E-05 0.650304 0.235358
9.9982E-05 0.0556916 0.944108 9.9982E-05
0.00224178 0.0942999 0.903358 9.9991E-05
0.0199133 0.025288 0.601208 0.353591
0.140806 0.105183 0.719882 0.0341287
0.190443 9.9991E-05 0.562577 0.246881
9.9991E-05 0.0643866 0.500187 0.435326
0.15035 9.9991E-05 0.595855 0.253695
0.395156 9.9991E-05 0.426968 0.177776
0.0963291 9.9991E-05 0.59331 0.31026
0.111208 0.0115459 0.585921 0.291325
0.0311228 9.9991E-05 0.889966 0.0788117
0.148157 0.0257759 0.506439 0.319629
0.261794 0.68462 0.053486 9.9991E-05
0.071555 0.784153 0.0804786 0.063813
0.153144 0.846656 9.9982E-05 9.9982E-05
0.215128 0.784672 9.9982E-05 9.9982E-05
0.221808 0.760673 0.0174188 9.9991E-05
0.208758 0.0464483 0.727509 0.0172847
0.132052 0.0884935 0.779355 9.9991E-05
9.998E-05 9.998E-05 0.9997 9.998E-05
9.9991E-05 0.08218 0.52797 0.38975
0.0183292 0.0650306 0.546125 0.370516
0.01795 0.0472124 0.835386 0.0994518
9.9982E-05 9.9982E-05 0.669145 0.330655
0.0731884 0.0416324 0.673754 0.211425
0.145627 9.9991E-05 0.534078 0.320196
0.0252759 9.9991E-05 0.658457 0.316167
0.150275 0.0153605 0.729031 0.105333
0.157626 9.9991E-05 0.713971 0.128303
0.223345 9.9991E-05 0.676326 0.100229
0.0948097 0.0272715 0.543134 0.334784
0.110721 9.9991E-05 0.73837 0.150809
0.0366938 0.0293879 0.681097 0.252821
9.9991E-05 0.13922 0.208738 0.651942
0.0553729 0.144052 0.166589 0.633986
9.9991E-05 0.0851828 0.246833 0.667884
9.9991E-05 0.164277 0.14786 0.687764
0.111437 0.0231833 0.227909 0.637471
0.0159983 0.0490432 0.686491 0.248468
0.00321193 0.329013 9.9991E-05 0.667675
9.9991E-05 0.180266 0.161465 0.65817
0.0182935 0.16837 0.436518 0.376819
0.0573066 0.137742 0.492181 0.312771
0.116663 0.127321 0.529731 0.226285
0.0909208 0.0936155 0.455381 0.360083
0.0355973 0.0878421 0.488001 0.38856
9.9991E-05 0.192029 0.124303 0.683568
0.103714 0.0792203 0.240539 0.576527
0.0425406 0.0544834 0.143473 0.759503
0.0772511 0.156683 0.246807 0.519259
9.9991E-05 0.182578 0.166745 0.650577
0.0298284 0.129487 0.322757 0.517927
0.0389347 0.203365 0.0292877 0.728413
0.142298 0.0731935 0.171351 0.613158
0.0316806 0.0723008 0.595592 0.300427
9.9991E-05 0.199146 0.231164 0.56959
9.9991E-05 0.212372 0.0511774 0.736351
0.0940107 0.108811 0.210085 0.587094
0.273246 0.215367 0.443341 0.0680464
0.0916461 0.0175611 0.541994 0.348799
0.0183568 0.17679 0.220863 0.58399
0.0737821 0.0982359 0.493849 0.334133
0.0250863 0.144136 0.528401 0.302377
0.0267757 0.254085 0.291163 0.427977
9.9991E-05 0.255741 0.281582 0.462578
0.0854011 0.0689773 0.447309 0.398312
0.0299248 0.132241 0.298493 0.539342
9.9991E-05 0.0876519 0.161252 0.750996
9.9991E-05 0.282534 0.00268515 0.71468
0.120366 0.0674655 0.427949 0.384219
0.0821336 0.117068 0.567589 0.233209
9.9991E-05 0.272989 0.701554 0.0253568
0.144437 0.091083 0.377586 0.386894
0.265219 0.0546865 0.43917 0.240924
0.0709752 0.183306 0.353595 0.392124
0.175688 0.0305923 0.443812 0.349907
9.9991E-05 0.525129 0.341115 0.133656
9.9991E-05 0.546979 0.405056 0.0478647
0.124801 0.239303 0.38575 0.250146
9.9991E-05 0.499679 0.339208 0.161013
9.9991E-05 0.611784 0.240456 0.14766
0.0539669 0.170549 0.432046 0.343438
9.9991E-05 0.23269 0.416183 0.351027
0.0487299 0.383383 0.331342 0.236546
9.9991E-05 0.438326 0.367754 0.193821
0.0362509 0.178043 0.388394 0.397312
9.9991E-05 0.378343 0.498919 0.122638
9.9982E-05 0.691546 0.308254 9.9982E-05
0.037116 0.0624544 0.409848 0.490581
9.9991E-05 0.224791 0.335984 0.439125
0.0984209 0.275442 0.20664 0.419497
0.0642698 0.0875038 0.2337 0.614526
0.0472981 0.190681 0.255691 0.50633
0.0055742 0.119235 0.307684 0.567507
0.0781708 0.317333 0.148145 0.456351
0.107898 0.101374 0.278129 0.512599
0.0516406 0.161802 0.240875 0.545682
9.9991E-05 0.275211 0.291943 0.432746
0.124485 0.185795 0.440002 0.249718
0.0387087 0.158266 0.316819 0.486206
0.022697 0.0866561 0.411692 0.478955
0.00489454 0.105327 0.419879 0.4699
0.00663581 0.28458 0.175362 0.533422
9.9991E-05 0.132282 0.375654 0.491965
9.9991E-05 0.461799 0.26274 0.275361
0.0955276 0.146997 0.229645 0.527831
9.9991E-05 0.364419 0.243441 0.39204
0.142825 0.843806 0.0117314 0.00163796
0.808183 0.0844332 0.0964606 0.0109237
0.976558 0.023242 9.9982E-05 9.9982E-05
0.9997 9.998E-05 9.998E-05 9.998E-05
0.9997 9.998E-05 9.998E-05 9.998E-05
0.951013 9.9982E-05 9.9982E-05 0.0487869
0.971104 9.9982E-05 9.9982E-05 0.028696
0.951486 0.0483145 9.9982E-05 9.9982E-05
0.753144 0.246657 9.9982E-05 9.9982E-05
0.0258503 0.931504 9.9991E-05 0.0425459
0.109208 0.838365 0.0169145 0.0355121
9.9991E-05 0.904988 0.0123323 0.0825793
0.146646 0.818949 9.9991E-05 0.0343052
0.000917271 0.896156 9.9991E-05 0.102826
0.0602027 0.939145 9.9991E-05 0.000552426
0.0528149 0.750527 9.9991E-05 0.196558
9.9982E-05 0.900144 9.9982E-05 0.0996565
0.108664 0.728615 0.0156332 0.147087
9.9982E-05 0.895635 9.9982E-05 0.104165
0.0244097 0.97539 9.9982E-05 9.9982E-05
0.0579427 0.877292 9.9991E-05 0.0646652
0.00504591 0.941892 9.9991E-05 0.0529624
0.0228918 0.872545 9.9991E-05 0.104463
0.0267991 0.862681 9.9991E-05 0.110419
9.9982E-05 0.81032 9.9982E-05 0.18948
9.9982E-05 0.775919 9.9982E-05 0.223881
9.9982E-05 0.765378 9.9982E-05 0.234422
9.9982E-05 0.856573 9.9982E-05 0.143227
0.0662955 0.199978 0.526189 0.207538
0.0333637 0.0206149 0.615453 0.330568
0.0671675 0.139159 0.446181 0.347492
9.9982E-05 0.221285 0.778515 9.9982E-05
0.129962 0.105764 0.51556 0.248714
9.9982E-05 0.347676 0.652124 9.9982E-05
0.0891161 0.0490347 0.569217 0.292632
0.127953 0.134702 0.6197 0.117645
0.0625852 0.0991954 0.623762 0.214457
0.0235885 0.0753072 0.66864 0.232464
0.153414 0.0769597 0.543295 0.226331
0.037616 0.0600268 0.558291 0.344066
0.19521 0.0364078 0.448956 0.319426
0.454272 0.0347031 0.510925 9.9991E-05
0.0843913 0.216134 0.699375 9.9991E-05
0.0226205 0.232911 0.721235 0.0232333
0.0775077 0.00900814 0.489156 0.424329
0.0457564 0.113682 0.544599 0.295963
9.9991E-05 0.142643 0.626313 0.230944
9.9991E-05 0.0453574 0.591445 0.363098
0.0422779 0.178411 0.318438 0.460874
0.03674 0.144068 0.307966 0.511226
0.0926395 0.423654 0.242346 0.241361
0.226728 0.0139971 0.364986 0.394289
0.0867788 0.180099 0.349748 0.383374
9.9991E-05 0.618811 0.24436 0.136729
9.9991E-05 0.262219 0.355547 0.382135
0.0583462 0.375618 0.2446 0.321436
0.135044 0.275447 0.233362 0.356148
0.141205 0.0721817 0.329998 0.456616
0.0840776 0.182667 0.276661 0.456594
0.0361282 0.128502 0.34465 0.49072
0.0698238 0.158609 0.365086 0.406482
9.9991E-05 0.458946 0.211429 0.329524
