9.9955E-05 9.9955E-05 9.9955E-05 9.9955E-05 0.341372 0.138219 0.513456 9.9955E-05 0.00645426
9.997E-05 9.997E-05 0.00868848 0.132096 0.434789 0.0069608 0.413915 0.00325089 9.997E-05
9.993E-05 9.993E-05 9.993E-05 9.993E-05 0.999201 9.993E-05 9.993E-05 9.993E-05 9.993E-05
9.9955E-05 9.9955E-05 0.0136482 9.9955E-05 0.203651 9.9955E-05 0.768364 9.9955E-05 0.0138369
9.9964E-05 9.9964E-05 9.9964E-05 0.0819747 0.479558 9.9964E-05 0.321214 0.101545 0.0153085
0.0295669 0.16826 0.141485 9.999E-05 0.0136622 0.0893276 0.488165 0.0159702 0.0534625
9.999E-05 0.0930897 0.000708913 0.0124504 0.636623 0.0519199 0.109861 0.00657163 0.088675
9.993E-05 9.993E-05 9.993E-05 9.993E-05 0.999201 9.993E-05 9.993E-05 9.993E-05 9.993E-05
0.14317 0.238875 9.996E-05 9.996E-05 0.313474 0.0833481 0.220734 9.996E-05 9.996E-05
9.998E-05 0.182586 0.0294801 0.08651 0.0351079 0.155011 0.445259 9.998E-05 0.0658458
9.9982E-05 0.212565 0.113658 0.190625 0.134576 9.9982E-05 0.296051 0.0410421 0.0112821
0.0470162 9.9964E-05 0.124239 0.0710472 0.691072 0.0662265 9.9964E-05 9.9964E-05 9.9964E-05
9.997E-05 0.0827349 9.997E-05 0.0756582 0.216283 0.0209552 0.543048 9.997E-05 0.0610205
9.9946E-05 0.243983 9.9946E-05 9.9946E-05 0.496398 9.9946E-05 0.259019 9.9946E-05 9.9946E-05
9.9955E-05 0.213261 9.9955E-05 9.9955E-05 0.257052 9.9955E-05 0.506057 0.0231299 9.9955E-05
9.997E-05 0.146061 9.997E-05 0.245198 0.0748841 0.0634628 0.351038 0.119056 9.997E-05
9.9973E-05 0.0131869 0.588056 0.0603526 0.0622916 0.16523 0.110584 9.9973E-05 9.9973E-05
9.993E-05 9.993E-05 0.999201 9.993E-05 9.993E-05 9.993E-05 9.993E-05 9.993E-05 9.993E-05
9.993E-05 9.993E-05 0.999201 9.993E-05 9.993E-05 9.993E-05 9.993E-05 9.993E-05 9.993E-05
9.9955E-05 9.9955E-05 0.638618 0.153679 9.9955E-05 0.130059 0.0771447 9.9955E-05 9.9955E-05
9.9946E-05 0.420131 9.9946E-05 0.051145 9.9946E-05 9.9946E-05 0.528124 9.9946E-05 9.9946E-05
9.9973E-05 0.0396608 0.000919037 0.16431 0.143082 9.9973E-05 0.634447 0.0172816 9.9973E-05
9.9937E-05 9.9937E-05 9.9937E-05 0.791306 9.9937E-05 9.9937E-05 0.207995 9.9937E-05 9.9937E-05
0.0694818 9.9973E-05 9.9973E-05 0.496221 0.0312624 0.0176323 0.336647 0.0484551 9.9973E-05
9.999E-05 0.0474153 0.0092054 0.402136 0.0137075 0.0929992 0.393758 0.00623267 0.0344459
0.099698 0.782057 9.9964E-05 0.0220923 9.9964E-05 0.0898865 0.00586614 9.9964E-05 9.9964E-05
0.0530116 0.0552261 9.9964E-05 9.9964E-05 9.9964E-05 9.9964E-05 0.805482 0.0351042 0.0507766
9.9955E-05 0.75499 0.0623774 9.9955E-05 0.128153 9.9955E-05 9.9955E-05 0.0539806 9.9955E-05
9.9946E-05 0.211289 0.0119809 9.9946E-05 9.9946E-05 9.9946E-05 0.776131 9.9946E-05 9.9946E-05
0.0975344 0.411926 9.9964E-05 9.9964E-05 0.0808154 0.0596937 0.349631 9.9964E-05 9.9964E-05
9.9973E-05 0.351047 9.9973E-05 0.090937 0.0952452 0.0317025 0.385032 9.9973E-05 0.0457372
9.9955E-05 0.919537 9.9955E-05 9.9955E-05 0.0392138 9.9955E-05 9.9955E-05 0.0105338 0.0302161
9.9964E-05 0.385761 9.9964E-05 0.215756 9.9964E-05 0.0599606 0.294035 9.9964E-05 0.0440886
0.0290552 9.9964E-05 9.9964E-05 0.075238 0.193668 9.9964E-05 0.637003 9.9964E-05 0.0646357
9.9955E-05 9.9955E-05 0.00501749 0.922347 9.9955E-05 0.0203263 0.0518094 9.9955E-05 9.9955E-05
9.9946E-05 9.9946E-05 9.9946E-05 0.901956 0.0120154 9.9946E-05 0.0854287 9.9946E-05 9.9946E-05
0.00118148 9.9964E-05 9.9964E-05 0.515743 9.9964E-05 0.0843445 0.32128 0.0770511 9.9964E-05
9.9946E-05 9.9946E-05 9.9946E-05 0.600858 9.9946E-05 0.174658 0.223884 9.9946E-05 9.9946E-05
9.997E-05 0.0561212 0.0180644 0.758584 9.997E-05 0.0773354 0.0844994 9.997E-05 0.00509535
9.9937E-05 9.9937E-05 0.0515785 0.947722 9.9937E-05 9.9937E-05 9.9937E-05 9.9937E-05 9.9937E-05
0.0404379 9.996E-05 0.0115685 0.920764 9.996E-05 0.0206927 9.996E-05 9.996E-05 0.00613749
0.0179907 9.9955E-05 9.9955E-05 0.783117 9.9955E-05 0.127214 0.0711782 9.9955E-05 9.9955E-05
9.9937E-05 9.9937E-05 9.9937E-05 0.9862 0.0131007 9.9937E-05 9.9937E-05 9.9937E-05 9.9937E-05
9.9937E-05 9.9937E-05 0.0103313 0.988969 9.9937E-05 9.9937E-05 9.9937E-05 9.9937E-05 9.9937E-05
9.99371E-05 9.99371E-05 0.0160046 0.983296 9.99371E-05 9.99371E-05 9.99371E-05 9.99371E-05 9.99371E-05
0.00800261 9.9973E-05 9.9973E-05 0.807404 0.0296144 0.0106714 0.138447 0.00556133 9.9973E-05
9.9955E-05 0.0749378 0.0150187 0.896367 9.9955E-05 9.9955E-05 9.9955E-05 0.0131772 9.9955E-05
9.9937E-05 9.9937E-05 9.9937E-05 0.993051 9.9937E-05 9.9937E-05 9.9937E-05 0.00624944 9.9937E-05
0.0358638 0.0584736 9.9982E-05 0.497974 0.139294 0.0426333 0.213671 9.9982E-05 0.0118913
0.0312373 0.00621174 9.9982E-05 0.589649 0.0714068 0.179937 0.103301 9.9982E-05 0.0180563
9.9973E-05 9.9973E-05 0.023655 0.718945 0.0259575 0.103767 0.106677 0.0206992 9.9973E-05
9.995E-05 0.051005 0.0174064 0.831473 9.995E-05 0.0996157 9.995E-05 9.995E-05 9.995E-05
9.9946E-05 9.9946E-05 0.0216413 0.834258 9.9946E-05 0.143501 9.9946E-05 9.9946E-05 9.9946E-05
9.9955E-05 9.9955E-05 9.9955E-05 0.737361 9.9955E-05 0.181533 9.9955E-05 0.0226912 0.0579141
0.0365025 9.9955E-05 0.000299352 0.929006 9.9955E-05 0.0336926 9.9955E-05 9.9955E-05 9.9955E-05
9.9964E-05 0.0557473 9.9964E-05 0.688832 9.9964E-05 9.9964E-05 0.171454 0.0395346 0.0440327
0.0542461 9.9964E-05 9.9964E-05 0.868271 0.0149085 0.00248499 9.9964E-05 9.9964E-05 0.0596891
9.9955E-05 9.9955E-05 0.342109 9.9955E-05 0.511368 9.9955E-05 9.9955E-05 0.0642315 0.0817919
9.9973E-05 9.9973E-05 0.160204 0.0561348 0.278209 0.00575578 0.414599 9.9973E-05 0.0847987
9.9964E-05 9.9964E-05 0.250256 9.9964E-05 0.169508 9.9964E-05 0.513568 0.0127649 0.0535034
9.9973E-05 9.9973E-05 0.14922 0.0293784 0.550232 0.096307 0.0112746 9.9973E-05 0.163288
0.0895806 9.9982E-05 0.103317 0.162818 0.0608282 0.0559685 0.476392 9.9982E-05 0.0508965
9.997E-05 0.240803 0.481921 0.0506137 0.101343 9.997E-05 0.0613985 0.0636207 9.997E-05
9.9964E-05 0.0841266 0.149249 0.101184 9.9964E-05 9.9964E-05 0.5591 9.9964E-05 0.105941
9.9946E-05 0.137041 0.404052 9.9946E-05 9.9946E-05 9.9946E-05 0.458307 9.9946E-05 9.9946E-05
9.995E-05 9.995E-05 0.318785 9.995E-05 0.0728535 0.0672912 0.540571 9.995E-05 9.995E-05
9.9973E-05 0.16155 0.268661 0.0587182 9.9973E-05 0.119546 0.358635 9.9973E-05 0.0325895
9.9973E-05 9.9973E-05 0.0486942 0.165178 0.24477 9.9973E-05 0.471182 0.00311124 0.0667653
0.0328555 0.134968 9.9964E-05 0.0972258 0.254346 9.9964E-05 0.480204 9.9964E-05 9.9964E-05
0.0161971 0.92759 9.9955E-05 0.0455603 9.9955E-05 9.9955E-05 9.9955E-05 0.0101531 9.9955E-05
9.9973E-05 0.247603 0.0863439 0.0375348 0.13603 9.9973E-05 0.489212 0.00297687 9.9973E-05
9.9964E-05 0.173702 0.0183323 9.9964E-05 0.0941354 0.148154 0.565276 9.9964E-05 9.9964E-05
0.00605453 0.44223 9.9964E-05 9.9964E-05 0.39553 0.0269053 0.12888 9.9964E-05 9.9964E-05
9.996E-05 0.238107 0.0641038 0.144145 9.996E-05 9.996E-05 0.521333 9.996E-05 0.0319116
9.9973E-05 0.511593 9.9973E-05 0.0318698 9.9973E-05 0.00659771 0.421077 0.00382045 0.0247423
9.9937E-05 0.997982 9.9937E-05 9.9937E-05 0.00131815 9.9937E-05 9.9937E-05 9.9937E-05 9.9937E-05
9.9937E-05 0.903807 9.9937E-05 9.9937E-05 9.9937E-05 9.9937E-05 9.9937E-05 9.9937E-05 0.0954938
9.9946E-05 0.815568 9.9946E-05 0.072311 9.9946E-05 0.111521 9.9946E-05 9.9946E-05 9.9946E-05
0.0400629 0.336352 9.9946E-05 9.9946E-05 0.622986 9.9946E-05 9.9946E-05 9.9946E-05 9.9946E-05
9.9955E-05 0.424376 9.9955E-05 9.9955E-05 0.269816 0.0199405 0.285367 9.9955E-05 9.9955E-05
0.385679 0.19009 0.0037924 0.0966987 9.9973E-05 0.125318 0.198122 9.9973E-05 9.9973E-05
0.038007 0.137564 0.0922961 0.0670711 9.997E-05 0.033535 0.631227 9.997E-05 9.997E-05
0.913895 9.9946E-05 9.9946E-05 9.9946E-05 0.0729289 9.9946E-05 9.9946E-05 9.9946E-05 0.012576
0.889317 9.9946E-05 9.9946E-05 9.9946E-05 0.0997843 9.9946E-05 9.9946E-05 0.0102989 9.9946E-05
0.155331 9.998E-05 0.0583229 0.0610491 0.00793275 0.0263688 0.586731 0.104064 9.998E-05
9.998E-05 0.0687527 0.130476 0.174179 9.998E-05 0.239112 0.274573 0.109305 0.00340177
9.9964E-05 9.9964E-05 9.9964E-05 0.0593055 9.9964E-05 0.307111 0.225587 0.386743 0.0208541
9.9991E-05 0.000152979 0.253172 0.00966902 0.0182473 0.327093 0.0780044 0.275058 0.0385036
9.9955E-05 9.9955E-05 0.0570435 9.9955E-05 9.9955E-05 0.380812 0.223097 0.338548 9.9955E-05
9.9937E-05 9.9937E-05 0.0373766 9.9937E-05 9.9937E-05 9.9937E-05 9.9937E-05 0.961924 9.9937E-05
9.9937E-05 9.9937E-05 9.9937E-05 9.9937E-05 9.9937E-05 9.9937E-05 9.9937E-05 0.946699 0.0526014
0.0167584 0.00214499 9.9955E-05 9.9955E-05 9.9955E-05 9.9955E-05 0.636108 0.344489 9.9955E-05
0.0457953 9.9946E-05 9.9946E-05 9.9946E-05 9.9946E-05 9.9946E-05 0.558876 0.394729 9.9946E-05
9.993E-05 9.993E-05 9.993E-05 9.993E-05 9.993E-05 9.993E-05 9.993E-05 0.999201 9.993E-05
9.9946E-05 9.9946E-05 9.9946E-05 9.9946E-05 9.9946E-05 9.9946E-05 0.689851 0.299674 0.00987542
0.0487875 9.9964E-05 0.0126105 9.9964E-05 9.9964E-05 9.9964E-05 0.688804 0.226606 0.0227919
0.0158667 0.167342 0.00140281 0.208594 9.9973E-05 9.9973E-05 0.273114 0.333381 9.9973E-05
0.677481 0.110969 9.9946E-05 9.9946E-05 9.9946E-05 9.9946E-05 0.210951 9.9946E-05 9.9946E-05
0.420656 0.141815 0.043887 0.0388221 9.998E-05 0.0568838 0.213341 0.0843954 9.998E-05
0.207046 0.143237 0.00309699 0.115854 9.9964E-05 9.9964E-05 0.530366 9.9964E-05 9.9964E-05
0.259228 0.0843297 0.105996 0.0243642 0.0454322 9.998E-05 0.381607 0.0988427 9.998E-05
0.150041 0.363841 9.997E-05 0.232362 0.0234079 0.0655402 0.164508 9.997E-05 9.997E-05
0.234931 9.9955E-05 9.9955E-05 9.9955E-05 0.233922 9.9955E-05 0.522689 0.00795776 9.9955E-05
0.594927 0.374431 0.00864593 9.9955E-05 9.9955E-05 9.9955E-05 0.0214966 9.9955E-05 9.9955E-05
0.247983 0.0282642 0.0219729 9.9964E-05 9.9964E-05 0.0365064 0.664874 9.9964E-05 9.9964E-05
0.820397 0.0854782 0.00888569 0.0847396 9.9955E-05 9.9955E-05 9.9955E-05 9.9955E-05 9.9955E-05
0.358426 0.133451 9.9964E-05 9.9964E-05 9.9964E-05 0.02093 0.361225 0.125568 9.9964E-05
0.131269 0.0495275 0.0030358 0.00801376 9.999E-05 0.15029 0.445631 0.198241 0.0138922
0.298408 0.193049 9.9955E-05 0.0787148 9.9955E-05 9.9955E-05 0.429329 9.9955E-05 9.9955E-05
0.0526818 0.0643794 0.184545 0.142506 9.998E-05 0.0776043 0.449267 0.0288156 9.998E-05
0.0494517 0.115248 0.0311368 0.147901 9.9991E-05 0.0833684 0.452288 0.0343157 0.086191
0.0285788 9.9964E-05 0.310472 0.0212966 9.9964E-05 0.211366 0.427887 9.9964E-05 9.9964E-05
9.9991E-05 0.0639355 0.205323 0.058123 0.0403372 0.133805 0.479991 0.0177069 0.000678293
9.998E-05 0.155443 0.104441 0.0661796 0.00730618 0.301208 0.34291 0.0223123 9.998E-05
0.0520847 9.997E-05 0.0559457 9.997E-05 9.997E-05 0.133597 0.54544 0.099171 0.113461
0.468428 9.9955E-05 0.519308 0.00578508 9.9955E-05 0.00597903 9.9955E-05 9.9955E-05 9.9955E-05
9.9964E-05 0.00149579 0.100364 0.176759 9.9964E-05 9.9964E-05 0.706903 0.0140784 9.9964E-05
0.290678 9.9946E-05 0.682157 9.9946E-05 9.9946E-05 9.9946E-05 9.9946E-05 0.0265653 9.9946E-05
0.101436 9.9955E-05 0.110504 9.9955E-05 9.9955E-05 0.104731 0.68283 9.9955E-05 9.9955E-05
0.926573 9.9946E-05 9.9946E-05 9.9946E-05 9.9946E-05 9.9946E-05 0.0250634 9.9946E-05 0.0477635
0.900936 9.9937E-05 9.9937E-05 9.9937E-05 0.0983648 9.9937E-05 9.9937E-05 9.9937E-05 9.9937E-05
0.355892 9.9955E-05 9.9955E-05 9.9955E-05 0.058326 9.9955E-05 0.569518 9.9955E-05 0.0157642
0.21983 9.9955E-05 0.0213147 9.9955E-05 9.9955E-05 0.0107559 0.747599 9.9955E-05 9.9955E-05
0.607044 9.9937E-05 9.9937E-05 9.9937E-05 9.9937E-05 9.9937E-05 0.392257 9.9937E-05 9.9937E-05
0.390004 9.9937E-05 9.9937E-05 9.9937E-05 9.9937E-05 9.9937E-05 0.609296 9.9937E-05 9.9937E-05
0.367246 9.9937E-05 9.9937E-05 9.9937E-05 9.9937E-05 9.9937E-05 0.632054 9.9937E-05 9.9937E-05
9.9955E-05 0.171155 9.9955E-05 0.119411 9.9955E-05 0.585134 0.1238 9.9955E-05 9.9955E-05
9.9955E-05 0.109406 9.9955E-05 0.115333 9.9955E-05 0.761127 9.9955E-05 9.9955E-05 0.0136349
9.9946E-05 0.029907 9.9946E-05 9.9946E-05 9.9946E-05 0.737829 0.231665 9.9946E-05 9.9946E-05
0.00991158 9.997E-05 9.997E-05 0.112816 0.0540557 0.65095 0.118918 9.997E-05 0.0530486
0.0225684 9.996E-05 0.0335948 9.996E-05 9.996E-05 0.520316 0.416015 9.996E-05 0.007106
9.9946E-05 9.9946E-05 0.148228 9.9946E-05 9.9946E-05 0.841913 9.9946E-05 9.9946E-05 0.00925914
0.0654535 9.9946E-05 9.9946E-05 9.9946E-05 9.9946E-05 0.867 9.9946E-05 0.0669467 9.9946E-05
9.9946E-05 9.9946E-05 9.9946E-05 0.0707771 0.051992 0.876631 9.9946E-05 9.9946E-05 9.9946E-05
9.995E-05 9.995E-05 9.995E-05 9.995E-05 0.0417491 0.650274 0.284793 9.995E-05 0.0226839
9.9955E-05 0.0315603 9.9955E-05 0.00644766 9.9955E-05 0.663579 0.297913 9.9955E-05 9.9955E-05
9.9973E-05 0.14911 9.9973E-05 0.186596 0.0496358 0.245956 0.325982 9.9973E-05 0.0424202
0.0123174 0.0105351 0.0403332 0.149108 9.9982E-05 0.746472 0.0239717 9.9982E-05 0.0170631
9.999E-05 0.0584146 0.0447828 0.00365222 0.0495402 0.638269 0.14456 0.0388737 0.021807
9.9946E-05 9.9946E-05 0.0182933 9.9946E-05 9.9946E-05 0.91142 9.9946E-05 0.0696871 9.9946E-05
9.997E-05 0.076719 9.997E-05 0.197163 9.997E-05 0.484264 0.160515 0.050308 0.0307306
0.079153 0.0539369 9.9973E-05 0.0990638 0.0323813 0.734709 9.9973E-05 0.000455871 9.9973E-05
9.995E-05 9.995E-05 0.0246985 0.0317836 9.995E-05 0.92037 9.995E-05 9.995E-05 0.0226482
9.9964E-05 9.9964E-05 9.9964E-05 0.123298 0.0520992 0.467389 0.277458 0.0793559 9.9964E-05
0.137578 9.9955E-05 9.9955E-05 9.9955E-05 9.9955E-05 0.721462 0.0882356 9.9955E-05 0.0522253
9.9973E-05 0.168839 9.9973E-05 0.150838 0.12195 0.324707 0.0735149 9.9973E-05 0.159851
0.00225868 9.9991E-05 0.151781 0.0825639 0.071013 0.288374 0.326328 0.0326262 0.0449553
0.0745603 0.0447205 9.997E-05 0.213087 0.054705 0.45724 0.155388 9.997E-05 9.997E-05
9.9964E-05 9.9964E-05 9.9964E-05 0.0958895 0.142435 0.727067 0.0247304 0.00947844 9.9964E-05
9.9946E-05 9.9946E-05 0.122843 9.9946E-05 9.9946E-05 0.87086 9.9946E-05 9.9946E-05 0.00569712
9.997E-05 9.997E-05 0.110137 0.0923874 0.124104 0.047791 0.494196 9.997E-05 0.131085
0.0705815 9.9955E-05 9.9955E-05 9.9955E-05 9.9955E-05 0.185914 0.45507 9.9955E-05 0.287935
9.9955E-05 0.0243546 0.240927 0.00385174 9.9955E-05 9.9955E-05 9.9955E-05 9.9955E-05 0.730367
9.993E-05 9.993E-05 9.993E-05 9.993E-05 9.993E-05 9.993E-05 9.993E-05 9.993E-05 0.999201
9.9964E-05 0.213471 9.9964E-05 0.000217123 9.9964E-05 0.0602915 0.179917 9.9964E-05 0.545703
0.00287749 0.00462649 9.9982E-05 0.133957 0.0490416 9.9982E-05 0.0210925 0.0141723 0.774032
9.9946E-05 9.9946E-05 0.390639 9.9946E-05 9.9946E-05 0.0556667 9.9946E-05 9.9946E-05 0.553095
0.0999688 9.9964E-05 9.9964E-05 0.0868704 0.0828583 9.9964E-05 0.39918 9.9964E-05 0.330723
0.0494309 9.998E-05 0.0317995 0.0257614 0.0996831 0.1483 0.379908 9.998E-05 0.264917
9.9964E-05 9.9964E-05 9.9964E-05 0.0444564 0.194875 0.0765866 0.215568 9.9964E-05 0.468114
9.9964E-05 9.9964E-05 9.9964E-05 0.021563 0.0748589 0.0845948 0.000331505 9.9964E-05 0.818252
9.996E-05 0.0956806 9.996E-05 0.0150032 9.996E-05 0.128604 0.466846 9.996E-05 0.293467
9.9955E-05 9.9955E-05 9.9955E-05 0.00172628 0.151045 9.9955E-05 0.147829 9.9955E-05 0.6989
9.9937E-05 9.9937E-05 0.00616577 9.9937E-05 9.9937E-05 9.9937E-05 9.9937E-05 9.9937E-05 0.993135
9.9964E-05 9.9964E-05 9.9964E-05 0.212381 0.185874 0.132238 0.418597 9.9964E-05 0.0505094
9.9955E-05 9.9955E-05 9.9955E-05 9.9955E-05 9.9955E-05 0.0860298 0.457349 0.00900243 0.447119
