9.9973E-05 0.156162 0.108305 0.0345074 0.0812801 9.9973E-05 9.9973E-05 0.170827 0.448618
0.0886369 0.032457 9.9973E-05 0.0266296 0.107126 9.9973E-05 0.00460917 9.9973E-05 0.740241
9.9946E-05 0.752236 9.9946E-05 0.0243079 0.222856 9.9946E-05 9.9946E-05 9.9946E-05 9.9946E-05
0.0158743 9.9973E-05 9.9973E-05 0.0492864 0.0941563 0.00731672 9.9973E-05 0.118694 0.714373
0.090122 0.3159 0.0786447 0.0316041 0.0604073 0.0355576 0.0395825 9.9991E-05 0.348082
0.0407504 0.254779 0.214364 0.153237 9.9973E-05 9.9973E-05 0.00703938 9.9973E-05 0.329529
0.110688 0.379503 9.9955E-05 9.9955E-05 0.158614 9.9955E-05 9.9955E-05 9.9955E-05 0.350695
9.9955E-05 0.543346 9.9955E-05 0.0755123 0.166242 9.9955E-05 9.9955E-05 9.9955E-05 0.214399
0.0893215 0.254837 9.9982E-05 9.9982E-05 0.0318839 0.0461324 0.00703761 0.0153043 0.555283
0.0853434 0.0199842 9.9973E-05 9.9973E-05 0.119074 0.00840799 0.05437 9.9973E-05 0.71252
0.132684 0.120957 9.9982E-05 0.0119319 0.0460981 0.0921832 9.9982E-05 0.144428 0.451518
9.9973E-05 0.298361 0.0551386 9.9973E-05 0.35232 0.218521 0.0322387 0.0431206 9.9973E-05
0.032786 0.0666298 0.0240803 9.9982E-05 0.0634262 0.0936752 0.153101 9.9982E-05 0.566102
0.0360391 0.481311 9.9955E-05 9.9955E-05 9.9955E-05 0.0097779 9.9955E-05 9.9955E-05 0.472372
0.0668057 0.247641 9.9964E-05 9.9964E-05 9.9964E-05 0.0724775 0.0205173 9.9964E-05 0.592158
0.0790181 0.0335072 9.9955E-05 9.9955E-05 9.9955E-05 9.9955E-05 9.9955E-05 0.169279 0.717696
9.9946E-05 9.9946E-05 9.9946E-05 9.9946E-05 0.670739 9.9946E-05 0.122127 9.9946E-05 0.206534
9.993E-05 9.993E-05 9.993E-05 9.993E-05 0.999201 9.993E-05 9.993E-05 9.993E-05 9.993E-05
9.993E-05 9.993E-05 9.993E-05 9.993E-05 0.999201 9.993E-05 9.993E-05 9.993E-05 9.993E-05
0.105726 9.9964E-05 0.126872 9.9964E-05 0.563273 9.9964E-05 0.136615 9.9964E-05 0.0671134
9.9955E-05 0.235212 9.9955E-05 9.9955E-05 9.9955E-05 9.9955E-05 0.0126975 0.019047 0.732544
9.9973E-05 0.08406 0.168966 0.0968726 9.9973E-05 9.9973E-05 0.0243216 0.0584689 0.567011
9.9946E-05 9.9946E-05 9.9946E-05 9.9946E-05 9.9946E-05 9.9946E-05 0.216673 0.587242 0.195485
0.0372984 0.0400419 0.0102352 0.0918386 9.9991E-05 0.0210735 0.516444 0.100763 0.182206
9.9973E-05 0.0932103 0.121591 0.0763059 0.0799264 9.9973E-05 0.378011 9.9973E-05 0.250655
9.9964E-05 0.59566 9.9964E-05 9.9964E-05 0.00938263 0.103781 9.9964E-05 0.0932078 0.197569
0.0110913 0.105098 9.9973E-05 0.0391274 0.0558914 9.9973E-05 0.0705025 9.9973E-05 0.71799
9.9955E-05 0.77646 0.120117 9.9955E-05 0.0611633 0.0417599 9.9955E-05 9.9955E-05 9.9955E-05
9.9955E-05 0.122589 0.0907519 9.9955E-05 9.9955E-05 0.00886404 9.9955E-05 9.9955E-05 0.777295
0.0326198 0.233911 9.9964E-05 9.9964E-05 9.9964E-05 0.12341 9.9964E-05 0.0164943 0.593165
0.0192975 0.28636 0.00380613 9.9964E-05 9.9964E-05 9.9964E-05 9.9964E-05 0.158973 0.531164
0.00511664 0.849954 9.9964E-05 9.9964E-05 9.9964E-05 0.0380305 9.9964E-05 0.105079 0.00142092
0.0183165 0.252676 9.9955E-05 9.9955E-05 9.9955E-05 9.9955E-05 0.255082 9.9955E-05 0.473425
0.0445243 0.203455 0.0659274 0.0947983 9.9982E-05 0.00800326 9.9982E-05 0.176038 0.407054
9.9955E-05 9.9955E-05 9.9955E-05 0.0150323 0.00664915 9.9955E-05 9.9955E-05 0.974022 0.00379656
9.9946E-05 9.9946E-05 9.9946E-05 0.0203735 9.9946E-05 9.9946E-05 9.9946E-05 0.948964 0.0300631
9.9973E-05 0.0328747 0.0415332 0.0730898 9.9973E-05 9.9973E-05 0.10687 0.521232 0.224101
0.0112577 9.9973E-05 0.0291852 9.9973E-05 9.9973E-05 0.0379558 0.112223 0.58406 0.225019
9.9955E-05 9.9955E-05 0.0727435 9.9955E-05 0.00196686 9.9955E-05 9.9955E-05 0.902129 0.0226605
9.9946E-05 9.9946E-05 9.9946E-05 9.9946E-05 0.00513752 9.9946E-05 0.11134 0.882923 9.9946E-05
9.9937E-05 9.9937E-05 9.9937E-05 9.9937E-05 9.9937E-05 9.9937E-05 0.227502 0.771799 9.9937E-05
9.9946E-05 9.9946E-05 0.0841727 9.9946E-05 9.9946E-05 9.9946E-05 9.9946E-05 0.903634 0.0115934
9.9937E-05 9.9937E-05 9.9937E-05 9.9937E-05 9.9937E-05 9.9937E-05 0.887453 0.111847 9.9937E-05
9.993E-05 9.993E-05 9.993E-05 9.993E-05 9.993E-05 9.993E-05 0.999201 9.993E-05 9.993E-05
9.993E-05 9.993E-05 9.993E-05 9.993E-05 9.993E-05 9.993E-05 0.999201 9.993E-05 9.993E-05
9.9955E-05 9.9955E-05 0.134243 9.9955E-05 9.9955E-05 9.9955E-05 0.601467 0.146396 0.117395
9.9946E-05 9.9946E-05 0.120022 9.9946E-05 9.9946E-05 9.9946E-05 0.814698 9.9946E-05 0.0646805
9.993E-05 9.993E-05 9.993E-05 9.993E-05 9.993E-05 9.993E-05 0.999201 9.993E-05 9.993E-05
9.9973E-05 0.116406 0.115433 9.9973E-05 9.9973E-05 0.0225994 0.248453 0.248579 0.24823
0.0204772 0.0843329 9.9964E-05 0.00573019 9.9964E-05 9.9964E-05 0.0536085 0.835451 9.9964E-05
0.0349949 9.9973E-05 0.153307 0.0119475 9.9973E-05 9.9973E-05 0.0808469 0.71521 0.00339341
0.00255083 9.9964E-05 9.9964E-05 9.9964E-05 0.0179785 9.9964E-05 0.130431 0.822665 0.0259743
9.9946E-05 9.9946E-05 0.0820281 9.9946E-05 9.9946E-05 9.9946E-05 0.1473 0.770073 9.9946E-05
0.0737425 9.9964E-05 0.0366693 9.9964E-05 0.00274266 9.9964E-05 0.166696 0.719749 9.9964E-05
9.9946E-05 9.9946E-05 0.00247089 9.9946E-05 9.9946E-05 9.9946E-05 0.303295 0.693634 9.9946E-05
9.9973E-05 0.0894955 0.150081 9.9973E-05 9.9973E-05 0.00429512 0.0252566 0.632553 0.0980194
0.0688128 9.9946E-05 9.9946E-05 9.9946E-05 9.9946E-05 9.9946E-05 0.31381 0.616778 9.9946E-05
0.0844575 0.328888 9.9955E-05 0.120135 0.466019 9.9955E-05 9.9955E-05 9.9955E-05 9.9955E-05
0.14992 0.165993 9.9964E-05 9.9964E-05 0.103841 9.9964E-05 9.9964E-05 0.0464581 0.533388
9.9946E-05 9.9946E-05 9.9946E-05 9.9946E-05 0.354771 9.9946E-05 0.0249409 9.9946E-05 0.619689
0.136403 0.351973 0.0741653 9.9973E-05 0.291504 9.9973E-05 9.9973E-05 0.0987146 0.0469407
0.0412205 0.0723273 0.067811 0.0188267 0.121535 9.9982E-05 0.214366 9.9982E-05 0.463714
9.9955E-05 0.262637 9.9955E-05 9.9955E-05 0.48207 9.9955E-05 0.0674348 9.9955E-05 0.187358
9.9973E-05 0.152734 0.135402 9.9973E-05 0.155504 0.125934 9.9973E-05 0.135804 0.294322
9.9973E-05 0.407744 0.23096 0.0193703 0.159365 9.9973E-05 0.117816 9.9973E-05 0.0644443
9.9955E-05 9.9955E-05 0.0564819 9.9955E-05 0.294881 9.9955E-05 0.0161078 9.9955E-05 0.632029
9.9964E-05 9.9964E-05 0.0553784 9.9964E-05 0.365604 9.9964E-05 0.0917098 0.00119119 0.485717
9.9982E-05 0.150293 0.0345615 0.0721872 0.145899 0.0361953 0.238136 9.9982E-05 0.322528
9.9964E-05 0.360744 0.262172 9.9964E-05 9.9964E-05 0.0533482 0.051803 9.9964E-05 0.271533
9.9964E-05 0.764678 9.9964E-05 0.0902634 9.9964E-05 9.9964E-05 0.0139748 0.0884244 0.0422595
9.9955E-05 0.261453 9.9955E-05 9.9955E-05 0.0803995 9.9955E-05 0.0564615 9.9955E-05 0.601186
9.9982E-05 0.0988389 9.9982E-05 0.105562 0.115507 0.00351121 0.0247693 0.124961 0.526651
9.9955E-05 0.646579 9.9955E-05 9.9955E-05 0.0139673 9.9955E-05 0.0338947 9.9955E-05 0.305059
0.00730206 0.323975 0.126535 0.0502036 9.9973E-05 9.9973E-05 0.157707 9.9973E-05 0.333977
9.9973E-05 0.264662 0.000249779 0.046847 0.0360337 0.0180395 9.9973E-05 9.9973E-05 0.633869
9.993E-05 0.999201 9.993E-05 9.993E-05 9.993E-05 9.993E-05 9.993E-05 9.993E-05 9.993E-05
0.0628811 0.771305 9.9946E-05 9.9946E-05 9.9946E-05 9.9946E-05 9.9946E-05 9.9946E-05 0.165215
9.9955E-05 0.55094 0.0871115 9.9955E-05 9.9955E-05 9.9955E-05 0.0720626 9.9955E-05 0.289386
9.9946E-05 0.877476 9.9946E-05 9.9946E-05 9.9946E-05 0.0906218 0.0313023 9.9946E-05 9.9946E-05
0.0192595 0.470709 0.0605701 9.9955E-05 9.9955E-05 9.9955E-05 9.9955E-05 9.9955E-05 0.448962
9.9955E-05 9.9955E-05 9.9955E-05 9.9955E-05 0.00589612 0.414397 9.9955E-05 0.115379 0.463828
0.0331924 9.9955E-05 9.9955E-05 0.347778 9.9955E-05 9.9955E-05 0.110564 9.9955E-05 0.507966
9.9946E-05 0.105966 9.9946E-05 0.000391544 9.9946E-05 0.893042 9.9946E-05 9.9946E-05 9.9946E-05
9.9937E-05 0.00803855 9.9937E-05 9.9937E-05 9.9937E-05 0.991262 9.9937E-05 9.9937E-05 9.9937E-05
9.9964E-05 9.9964E-05 0.105668 0.0475437 9.9964E-05 0.29377 9.9964E-05 0.221321 0.331297
9.9964E-05 9.9964E-05 0.143876 0.173244 0.134084 9.9964E-05 9.9964E-05 0.127936 0.42046
0.0591039 9.9964E-05 0.33246 0.299476 9.9964E-05 9.9964E-05 9.9964E-05 0.125063 0.183498
0.0897845 9.9973E-05 0.0532093 0.226207 0.225043 9.9973E-05 9.9973E-05 0.142433 0.263024
9.9955E-05 9.9955E-05 0.26404 0.299309 0.114858 9.9955E-05 9.9955E-05 9.9955E-05 0.321293
9.9946E-05 0.0487628 9.9946E-05 0.873737 0.0769001 9.9946E-05 9.9946E-05 9.9946E-05 9.9946E-05
9.993E-05 9.993E-05 9.993E-05 0.999201 9.993E-05 9.993E-05 9.993E-05 9.993E-05 9.993E-05
9.9946E-05 9.9946E-05 9.9946E-05 0.534662 9.9946E-05 9.9946E-05 0.0891227 9.9946E-05 0.375616
9.9937E-05 9.9937E-05 9.9937E-05 0.774789 9.9937E-05 9.9937E-05 9.9937E-05 9.9937E-05 0.224511
9.9937E-05 9.9937E-05 9.9937E-05 0.883521 9.9937E-05 0.11578 9.9937E-05 9.9937E-05 9.9937E-05
9.9946E-05 9.9946E-05 0.117471 0.441697 9.9946E-05 9.9946E-05 9.9946E-05 9.9946E-05 0.440232
0.0090048 0.0409807 9.9964E-05 0.337639 9.9964E-05 9.9964E-05 0.140699 9.9964E-05 0.471277
0.00830061 0.112087 0.0793057 0.187641 9.9991E-05 0.0687159 0.0306563 0.0979712 0.415222
9.9955E-05 0.0358188 9.9955E-05 9.9955E-05 9.9955E-05 0.684459 9.9955E-05 0.0118687 0.267354
0.0349639 0.00402434 0.00494702 0.024577 9.9991E-05 0.524379 0.0728482 0.0341247 0.300036
0.0575725 0.00580589 0.15574 0.0762239 9.9973E-05 0.246454 9.9973E-05 9.9973E-05 0.457904
9.9964E-05 9.9964E-05 9.9964E-05 0.116019 0.103635 0.370895 9.9964E-05 0.0552582 0.353793
0.0206478 0.193929 0.201644 0.0346691 9.9982E-05 0.138514 0.104809 9.9982E-05 0.305587
9.9964E-05 0.121862 0.0525644 0.175153 9.9964E-05 0.274102 9.9964E-05 9.9964E-05 0.375918
9.9946E-05 0.11079 9.9946E-05 9.9946E-05 9.9946E-05 0.719047 9.9946E-05 9.9946E-05 0.169563
9.9964E-05 9.9964E-05 0.142096 0.0572861 9.9964E-05 0.297256 0.0152993 9.9964E-05 0.487664
0.0215604 9.9955E-05 9.9955E-05 9.9955E-05 9.9955E-05 0.893568 0.0322323 9.9955E-05 0.0521398
0.0129302 0.100897 9.9982E-05 0.0638236 9.9982E-05 0.410442 0.115649 0.00722651 0.288831
9.9964E-05 9.9964E-05 0.147928 0.0413855 9.9964E-05 0.290346 0.0939504 9.9964E-05 0.425991
9.9964E-05 9.9964E-05 9.9964E-05 0.127013 9.9964E-05 0.32522 0.0566342 0.148162 0.342571
0.0981763 9.9955E-05 9.9955E-05 9.9955E-05 0.112416 9.9955E-05 9.9955E-05 0.204159 0.584749
0.12269 0.00761876 0.293647 0.0554307 0.0533902 0.129027 0.140972 0.00259763 0.194627
0.0413661 9.9964E-05 0.0371958 9.9964E-05 0.210591 9.9964E-05 9.9964E-05 0.190053 0.520394
9.9991E-05 0.287614 0.183012 0.128971 0.0497054 0.012892 0.0755312 0.161637 0.100536
9.9973E-05 0.0932624 9.9973E-05 9.9973E-05 0.205077 0.000702872 0.00984572 0.13724 0.553573
0.0798711 9.9982E-05 0.0684934 0.187089 0.0474469 0.00201459 9.9982E-05 0.233782 0.381103
9.9946E-05 9.9946E-05 0.0575765 9.9946E-05 0.398528 0.543296 9.9946E-05 9.9946E-05 9.9946E-05
0.0612507 9.9982E-05 0.108731 9.9982E-05 0.0342525 0.0815716 0.056367 0.158569 0.499059
0.0496664 9.9955E-05 9.9955E-05 0.147964 0.556093 0.245776 9.9955E-05 9.9955E-05 9.9955E-05
9.9973E-05 9.9973E-05 0.251075 0.016659 0.0175851 0.214844 0.128572 9.9973E-05 0.370964
9.9937E-05 9.9937E-05 9.9937E-05 9.9937E-05 9.9937E-05 0.854343 9.9937E-05 9.9937E-05 0.144957
9.9937E-05 0.0414971 9.9937E-05 9.9937E-05 9.9937E-05 0.957803 9.9937E-05 9.9937E-05 9.9937E-05
9.9955E-05 9.9955E-05 0.0115613 0.0802515 9.9955E-05 0.462785 9.9955E-05 9.9955E-05 0.444902
9.9955E-05 9.9955E-05 9.9955E-05 0.00254753 9.9955E-05 0.225275 9.9955E-05 0.0571981 0.71448
9.9937E-05 9.9937E-05 9.9937E-05 9.9937E-05 9.9937E-05 0.595475 9.9937E-05 9.9937E-05 0.403826
9.9955E-05 9.9955E-05 9.9955E-05 0.030765 9.9955E-05 0.434394 0.0662592 9.9955E-05 0.468082
9.9946E-05 9.9946E-05 9.9946E-05 9.9946E-05 9.9946E-05 0.467418 0.063374 9.9946E-05 0.468608
9.9955E-05 9.9955E-05 0.587893 9.9955E-05 9.9955E-05 9.9955E-05 0.0309388 0.0432462 0.337422
9.9973E-05 0.0118232 0.441395 9.9973E-05 0.0161584 9.9973E-05 0.0274401 0.252428 0.250455
9.9973E-05 0.0640538 0.622335 0.0809742 9.9973E-05 9.9973E-05 0.201466 0.00344112 0.0274297
0.0602844 9.9955E-05 0.70788 9.9955E-05 9.9955E-05 9.9955E-05 9.9955E-05 0.0733247 0.158011
9.9973E-05 0.0729614 0.552426 0.0047673 0.00519764 9.9973E-05 9.9973E-05 0.185905 0.178442
0.000443112 9.9946E-05 0.963934 9.9946E-05 0.0350232 9.9946E-05 9.9946E-05 9.9946E-05 9.9946E-05
0.0190133 9.9955E-05 0.839777 9.9955E-05 9.9955E-05 0.0611824 9.9955E-05 0.0795273 9.9955E-05
0.033233 9.9955E-05 0.667671 9.9955E-05 9.9955E-05 9.9955E-05 9.9955E-05 0.205098 0.0934983
0.0384013 9.9964E-05 0.616066 9.9964E-05 9.9964E-05 0.0752437 9.9964E-05 0.115973 0.153916
9.9946E-05 9.9946E-05 0.64132 9.9946E-05 9.9946E-05 9.9946E-05 0.0813761 9.9946E-05 0.276705
0.0488858 0.141241 0.486233 0.0236808 9.9973E-05 9.9973E-05 9.9973E-05 0.261114 0.0385461
9.9955E-05 9.9955E-05 0.859495 0.0332735 9.9955E-05 0.00171401 9.9955E-05 0.105018 9.9955E-05
9.9982E-05 0.0277068 0.535912 0.0329252 9.9982E-05 0.0200719 0.0228599 0.139999 0.220324
0.000629619 9.9955E-05 0.737047 0.0212922 9.9955E-05 9.9955E-05 0.240531 9.9955E-05 9.9955E-05
9.9955E-05 9.9955E-05 0.671748 9.9955E-05 9.9955E-05 0.00737635 0.0803982 9.9955E-05 0.239978
9.9964E-05 0.0731711 0.537592 9.9964E-05 0.119797 9.9964E-05 9.9964E-05 0.179668 0.0893718
9.9946E-05 9.9946E-05 0.79235 9.9946E-05 0.0674045 9.9946E-05 0.139646 9.9946E-05 9.9946E-05
0.0115506 0.0588243 0.458256 9.9982E-05 0.0582327 0.0909574 0.234116 9.9982E-05 0.0878623
0.0341573 0.0376546 0.690728 9.9973E-05 9.9973E-05 0.0572253 9.9973E-05 0.0382932 0.141641
0.0908757 0.0113913 0.298693 0.0020381 0.0324167 0.0991797 9.99938E-05 0.167653 0.297653
0.0701258 0.0264186 0.344986 0.10921 0.162891 0.000724463 9.9991E-05 0.128313 0.157232
9.9973E-05 0.0509364 0.557925 0.107782 9.9973E-05 0.0299967 0.151111 9.9973E-05 0.101948
9.9964E-05 0.0174467 0.682544 0.0587048 9.9964E-05 9.9964E-05 9.9964E-05 0.128722 0.112182
9.9937E-05 9.9937E-05 0.888785 9.9937E-05 0.110516 9.9937E-05 9.9937E-05 9.9937E-05 9.9937E-05
0.263115 9.9973E-05 0.0414077 9.9973E-05 0.00702482 9.9973E-05 0.0958452 0.160915 0.431393
0.225837 9.9973E-05 0.112461 0.0858647 9.9973E-05 0.0541286 9.9973E-05 0.0337491 0.48766
0.894544 9.9955E-05 9.9955E-05 9.9955E-05 0.0479976 0.0119628 9.9955E-05 0.0449961 9.9955E-05
0.999201 9.993E-05 9.993E-05 9.993E-05 9.993E-05 9.993E-05 9.993E-05 9.993E-05 9.993E-05
0.424891 0.14396 9.9964E-05 9.9964E-05 9.9964E-05 0.00714176 9.9964E-05 0.124917 0.29869
0.840383 0.0100805 0.0808057 0.015479 9.9964E-05 9.9964E-05 0.0528522 9.9964E-05 9.9964E-05
0.578197 9.9946E-05 0.0992102 9.9946E-05 0.321993 9.9946E-05 9.9946E-05 9.9946E-05 9.9946E-05
0.321976 0.023371 0.151253 9.9973E-05 9.9973E-05 0.0801707 9.9973E-05 0.079684 0.343245
0.338612 9.9964E-05 9.9964E-05 0.0166494 0.124722 9.9964E-05 9.9964E-05 0.12014 0.399477
0.397594 0.141587 0.270712 0.126282 0.0147484 9.9982E-05 9.9982E-05 0.0221467 0.0267289
0.843186 0.00927527 0.0904024 9.9964E-05 9.9964E-05 0.0513887 0.00534818 9.9964E-05 9.9964E-05
0.300543 0.018276 0.111785 0.048948 9.9973E-05 9.9973E-05 0.126559 9.9973E-05 0.393589
0.631325 0.203716 9.9964E-05 9.9964E-05 9.9964E-05 0.0436242 9.9964E-05 0.0637317 0.057204
0.999201 9.993E-05 9.993E-05 9.993E-05 9.993E-05 9.993E-05 9.993E-05 9.993E-05 9.993E-05
0.066724 9.9964E-05 9.9964E-05 0.11198 0.0764268 9.9964E-05 9.9964E-05 0.348546 0.395924
0.356646 9.9964E-05 0.199472 0.116436 9.9964E-05 9.9964E-05 0.125426 9.9964E-05 0.201621
