0.139619 9.995E-05 9.995E-05 0.0717302 9.995E-05 0.610676 9.995E-05 0.177475 9.995E-05
0.00149708 0.180424 9.9982E-05 0.0360711 9.9982E-05 0.438363 0.0147227 0.199833 0.128889
9.9946E-05 0.662503 0.0935745 9.9946E-05 9.9946E-05 9.9946E-05 0.243323 9.9946E-05 9.9946E-05
0.0177867 0.186444 9.9973E-05 9.9973E-05 0.0905018 0.544978 0.0203711 9.9973E-05 0.139618
9.996E-05 0.117784 9.996E-05 0.164637 0.000170973 0.463126 9.996E-05 0.253883 9.996E-05
0.0378782 0.217728 9.9991E-05 0.133577 0.0558878 0.397737 0.0352084 0.0413597 0.0805245
0.00266196 0.521375 9.9982E-05 0.0864062 9.9982E-05 0.0808953 0.0592611 0.242733 0.00646818
9.9964E-05 0.74749 0.0095096 9.9964E-05 9.9964E-05 0.0845932 0.147948 0.0100586 9.9964E-05
0.0712011 0.645694 0.0431913 0.0373032 9.9982E-05 0.131591 9.9982E-05 0.0146214 0.0561973
0.110448 0.204078 9.9982E-05 0.0387723 0.0758554 0.330765 9.9982E-05 0.0648085 0.175072
9.9973E-05 0.182994 9.9973E-05 9.9973E-05 0.0857786 0.395319 0.126502 0.128659 0.0804465
9.996E-05 0.0253567 0.11788 9.996E-05 9.996E-05 0.0548214 0.0320175 0.769525 9.996E-05
0.0633169 0.141242 9.9964E-05 0.0879823 9.9964E-05 0.550682 9.9964E-05 9.9964E-05 0.156377
9.995E-05 0.771588 9.995E-05 0.0367306 9.995E-05 0.173731 9.995E-05 9.995E-05 0.017451
9.995E-05 0.430134 9.995E-05 0.0299138 9.995E-05 0.509062 9.995E-05 9.995E-05 0.0303908
9.997E-05 0.143606 0.086176 0.0759192 0.266747 0.253336 9.997E-05 9.997E-05 0.173916
0.21943 0.10597 9.9973E-05 9.9973E-05 9.9973E-05 0.0107283 0.337581 0.205215 0.120776
9.993E-05 9.993E-05 9.993E-05 9.993E-05 9.993E-05 9.993E-05 0.999201 9.993E-05 9.993E-05
9.993E-05 9.993E-05 9.993E-05 9.993E-05 9.993E-05 9.993E-05 0.999201 9.993E-05 9.993E-05
0.0573957 9.9973E-05 9.9973E-05 0.0902839 0.162824 0.0253011 0.546697 9.9973E-05 0.117198
0.014111 0.437216 9.9964E-05 9.9964E-05 9.9964E-05 0.324431 9.9964E-05 0.0844123 0.13943
9.9973E-05 0.119968 9.9973E-05 9.9973E-05 0.0382305 0.602079 0.0175351 0.0752294 0.146659
9.9946E-05 9.9946E-05 9.9946E-05 9.9946E-05 0.080473 0.176013 9.9946E-05 9.9946E-05 0.742915
0.0346583 0.052623 0.00853859 9.9973E-05 0.0537692 0.366684 9.9973E-05 9.9973E-05 0.483427
0.0497366 0.151817 9.9964E-05 9.9964E-05 0.124177 0.234366 9.9964E-05 9.9964E-05 0.439503
9.9955E-05 0.813985 0.0771071 9.9955E-05 9.9955E-05 0.00826933 9.9955E-05 9.9955E-05 0.100139
0.204444 0.183165 9.997E-05 9.997E-05 0.196982 0.336499 0.0740393 9.997E-05 0.00457016
0.0111865 0.805355 0.0403456 9.9955E-05 9.9955E-05 9.9955E-05 0.142613 9.9955E-05 9.9955E-05
0.0507024 0.224007 9.9955E-05 9.9955E-05 9.9955E-05 0.636823 0.0879672 9.9955E-05 9.9955E-05
9.9973E-05 0.427884 0.0293341 0.00620207 9.9973E-05 0.447532 9.9973E-05 0.0139431 0.0748048
0.152255 0.505926 9.9955E-05 9.9955E-05 9.9955E-05 0.276435 9.9955E-05 9.9955E-05 0.064884
9.9964E-05 0.871059 0.060823 0.0107828 9.9964E-05 9.9964E-05 0.0332665 9.9964E-05 0.0236683
0.010827 0.177711 9.9973E-05 9.9973E-05 0.0966157 0.365586 9.9973E-05 0.178399 0.170561
0.0504973 0.237367 0.0895036 0.0560002 9.9973E-05 0.380002 9.9973E-05 9.9973E-05 0.18633
9.9955E-05 9.9955E-05 0.022685 9.9955E-05 0.0110476 9.9955E-05 0.0414145 9.9955E-05 0.924353
0.0128192 0.000249339 9.9955E-05 9.9955E-05 9.9955E-05 0.0546531 9.9955E-05 9.9955E-05 0.931779
0.271972 0.0240886 9.9964E-05 9.9964E-05 0.107515 0.154365 9.9964E-05 9.9964E-05 0.44166
0.22963 9.9955E-05 9.9955E-05 9.9955E-05 0.0244205 0.23967 9.9955E-05 9.9955E-05 0.505779
0.100958 0.0803755 9.9955E-05 9.9955E-05 0.074098 9.9955E-05 9.9955E-05 9.9955E-05 0.744069
9.9937E-05 9.9937E-05 9.9937E-05 9.9937E-05 9.9937E-05 9.9937E-05 0.0409121 9.9937E-05 0.958388
9.9946E-05 9.9946E-05 0.007944 0.0347601 9.9946E-05 9.9946E-05 9.9946E-05 9.9946E-05 0.956696
0.0719765 9.9955E-05 9.9955E-05 9.9955E-05 0.0994748 0.0289314 9.9955E-05 9.9955E-05 0.799118
9.994E-05 0.0415254 9.994E-05 9.994E-05 9.994E-05 0.0161764 9.994E-05 9.994E-05 0.941699
9.9937E-05 9.9937E-05 9.9937E-05 9.9937E-05 9.9937E-05 9.9937E-05 0.0234582 9.9937E-05 0.975842
9.9955E-05 9.9955E-05 9.9955E-05 0.0125786 9.9955E-05 9.9955E-05 0.0175929 0.0104175 0.958911
0.0216276 0.0300896 9.9973E-05 9.9973E-05 0.153907 0.0291802 9.9973E-05 0.0294959 0.7354
9.9955E-05 9.9955E-05 9.9955E-05 0.101941 9.9955E-05 0.0511109 9.9955E-05 0.0568359 0.789612
9.9937E-05 9.9937E-05 9.9937E-05 9.9937E-05 9.9937E-05 9.9937E-05 0.0077382 9.9937E-05 0.991562
0.0606902 0.111133 9.9973E-05 0.120674 9.9973E-05 0.263043 0.0376488 9.9973E-05 0.40651
0.0221553 9.9973E-05 9.9973E-05 0.0395035 0.036893 0.236553 0.0476393 9.9973E-05 0.616956
0.176084 9.9964E-05 9.9964E-05 0.0360484 9.9964E-05 0.161313 9.9964E-05 0.00360401 0.622551
0.0266294 0.0190072 9.9964E-05 0.00495446 9.9964E-05 9.9964E-05 9.9964E-05 0.0709506 0.878058
0.106974 9.9955E-05 9.9955E-05 9.9955E-05 0.00331372 9.9955E-05 9.9955E-05 0.00802411 0.881188
0.119363 9.9955E-05 9.9955E-05 0.0640284 9.9955E-05 9.9955E-05 9.9955E-05 0.00492288 0.811186
0.00950505 9.9946E-05 9.9946E-05 9.9946E-05 9.9946E-05 9.9946E-05 0.0392969 9.9946E-05 0.950598
0.2137 0.00861731 0.013457 0.0166608 9.9982E-05 0.154111 9.9982E-05 0.060905 0.532349
9.9955E-05 9.9955E-05 0.00314333 9.9955E-05 9.9955E-05 0.043522 9.9955E-05 0.0744044 0.87843
9.993E-05 9.993E-05 9.993E-05 9.993E-05 9.993E-05 9.993E-05 9.993E-05 0.999201 9.993E-05
0.329813 0.393196 0.0272679 9.9973E-05 9.9973E-05 9.9973E-05 0.0670753 0.162447 0.0199012
9.9955E-05 9.9955E-05 9.9955E-05 9.9955E-05 0.0450421 0.258267 9.9955E-05 0.645791 0.0504
9.993E-05 9.993E-05 9.993E-05 9.993E-05 9.993E-05 9.993E-05 9.993E-05 0.999201 9.993E-05
0.205522 0.0218177 0.0250724 0.029507 0.111656 0.124428 9.9991E-05 0.436916 0.0449811
0.0612755 0.0473215 0.0189035 9.9973E-05 0.0143809 9.9973E-05 0.112325 0.745494 9.9973E-05
0.0994848 9.9964E-05 0.119635 9.9964E-05 9.9964E-05 0.311022 9.9964E-05 0.335179 0.13428
0.0933071 0.194249 9.9991E-05 0.0305223 0.0473215 0.204316 0.180541 0.157055 0.0925882
0.143605 0.0782023 9.999E-05 0.0218886 0.111636 0.320562 0.044194 0.18123 0.0985819
0.230323 0.0766337 9.9991E-05 0.0583806 0.0826847 0.188113 0.0772963 0.273165 0.0133034
0.110803 0.119398 9.9982E-05 0.0464767 9.9982E-05 0.298724 0.0363505 0.246462 0.141586
0.333551 0.296694 0.0100383 0.0186513 9.9973E-05 0.338392 0.00237385 9.9973E-05 9.9973E-05
9.9955E-05 0.753856 9.9955E-05 9.9955E-05 0.0839999 9.9955E-05 9.9955E-05 0.158562 0.00308273
0.0512281 0.162618 9.9955E-05 9.9955E-05 9.9955E-05 0.485919 9.9955E-05 0.299735 9.9955E-05
0.32706 0.296731 9.9964E-05 9.9964E-05 0.0100873 0.343518 0.0222046 9.9964E-05 9.9964E-05
0.0605862 0.763359 9.9964E-05 9.9964E-05 0.0200112 0.0354801 9.9964E-05 0.120164 9.9964E-05
9.9955E-05 9.9955E-05 9.9955E-05 0.0815324 9.9955E-05 0.564783 9.9955E-05 0.216037 0.137148
9.9955E-05 0.275867 9.9955E-05 0.0123805 9.9955E-05 0.583965 9.9955E-05 0.127288 9.9955E-05
9.99371E-05 0.996392 9.99371E-05 0.00290828 9.99371E-05 9.99371E-05 9.99371E-05 9.99371E-05 9.99371E-05
9.9946E-05 0.881144 9.9946E-05 0.0420631 0.0761936 9.9946E-05 9.9946E-05 9.9946E-05 9.9946E-05
0.0351383 0.448236 9.9964E-05 9.9964E-05 9.9964E-05 0.310953 9.9964E-05 0.191855 0.0134185
9.9946E-05 0.822045 0.0887823 9.9946E-05 9.9946E-05 9.9946E-05 9.9946E-05 0.0885727 9.9946E-05
0.0733678 0.567376 9.9964E-05 9.9964E-05 0.0494935 0.246005 9.9964E-05 0.0633575 9.9964E-05
0.0623615 0.0690556 0.307235 9.997E-05 9.997E-05 0.476813 9.997E-05 0.0416273 0.0426077
0.0415471 0.137151 9.997E-05 0.10828 0.144507 0.540303 9.997E-05 9.997E-05 0.0279119
9.9937E-05 9.9937E-05 0.959573 9.9937E-05 9.9937E-05 9.9937E-05 9.9937E-05 0.0397273 9.9937E-05
9.9937E-05 0.0302507 0.96905 9.9937E-05 9.9937E-05 9.9937E-05 9.9937E-05 9.9937E-05 9.9937E-05
0.181362 0.105821 0.292379 9.9973E-05 0.162798 0.222489 9.9973E-05 9.9973E-05 0.0348519
9.9955E-05 0.0245735 9.9955E-05 0.00522492 0.911873 9.9955E-05 9.9955E-05 9.9955E-05 0.0578288
9.993E-05 9.993E-05 9.993E-05 9.993E-05 0.999201 9.993E-05 9.993E-05 9.993E-05 9.993E-05
0.0604385 0.0326976 9.997E-05 0.00281125 0.717541 9.997E-05 0.128561 9.997E-05 0.0576507
9.993E-05 9.993E-05 9.993E-05 9.993E-05 0.999201 9.993E-05 9.993E-05 9.993E-05 9.993E-05
9.9964E-05 0.0853027 0.501169 0.0608743 0.329646 9.9964E-05 0.0226076 9.9964E-05 9.9964E-05
9.995E-05 9.995E-05 0.438447 0.159084 0.254995 0.146975 9.995E-05 9.995E-05 9.995E-05
9.9964E-05 9.9964E-05 0.118179 0.0150743 0.331334 0.512761 9.9964E-05 9.9964E-05 0.0222521
9.9946E-05 9.9946E-05 0.267343 9.9946E-05 0.43814 0.293917 9.9946E-05 9.9946E-05 9.9946E-05
0.117382 9.995E-05 0.630368 0.00733009 0.244421 9.995E-05 9.995E-05 9.995E-05 9.995E-05
9.9964E-05 9.9964E-05 0.0833721 0.00705738 0.347205 0.514041 9.9964E-05 0.0479241 9.9964E-05
9.9964E-05 9.9964E-05 0.173277 0.0518065 0.119318 0.588246 9.9964E-05 9.9964E-05 0.0669523
9.996E-05 0.170718 0.145144 9.996E-05 0.36985 0.194442 9.996E-05 9.996E-05 0.119446
9.9946E-05 9.9946E-05 0.438756 9.9946E-05 9.9946E-05 0.516841 0.043803 9.9946E-05 9.9946E-05
9.998E-05 0.0198561 0.305872 0.00172646 0.0721709 0.447887 9.998E-05 0.126124 0.0261647
9.9955E-05 9.9955E-05 0.0545521 9.9955E-05 0.10533 0.737048 0.10257 9.9955E-05 9.9955E-05
0.0908237 0.0168023 0.307323 9.9982E-05 0.0347759 0.435148 0.114526 0.00040021 9.9982E-05
0.192009 0.144542 0.0387739 0.0296041 9.998E-05 0.35883 9.998E-05 0.22247 0.0135712
9.9964E-05 0.115383 0.264051 0.0983403 9.9964E-05 0.51177 9.9964E-05 0.0100568 9.9964E-05
0.0140379 0.183055 0.610729 9.9955E-05 9.9955E-05 0.191679 9.9955E-05 9.9955E-05 9.9955E-05
0.0836143 9.9955E-05 0.229163 9.9955E-05 0.00388659 0.682836 9.9955E-05 9.9955E-05 9.9955E-05
9.9964E-05 0.00292121 0.683629 9.9964E-05 9.9964E-05 0.170999 9.9964E-05 0.13639 0.00566124
9.9964E-05 0.0330007 0.272176 0.0236035 0.159904 0.510916 9.9964E-05 9.9964E-05 9.9964E-05
0.00157278 9.9973E-05 0.0377809 0.0771708 0.0296616 0.763824 0.0896901 9.9973E-05 9.9973E-05
9.9955E-05 9.9955E-05 0.132262 9.9955E-05 9.9955E-05 0.69984 9.9955E-05 0.141256 0.0261417
0.228663 0.123391 9.997E-05 9.997E-05 0.174926 0.156982 9.997E-05 0.242574 0.0731649
0.353904 0.119015 0.146566 9.998E-05 0.0780984 0.0808366 9.998E-05 0.0718879 0.149491
0.0354356 0.0649138 9.998E-05 9.998E-05 0.516156 0.167544 0.090364 0.0494155 0.0759705
0.165466 9.99753E-05 9.99753E-05 9.99753E-05 0.22274 0.236829 0.0744165 0.265415 0.0348331
0.102558 0.0350517 9.999E-05 0.0165213 0.281071 0.273755 0.0461617 0.129539 0.115244
0.257601 9.999E-05 0.216882 0.0112955 0.12622 0.189016 0.0367778 0.0631231 0.0989831
0.00917025 9.9955E-05 0.418999 9.9955E-05 9.9955E-05 0.0756038 0.495727 9.9955E-05 9.9955E-05
0.11088 9.9964E-05 9.9964E-05 9.9964E-05 0.0818445 0.672693 0.0514416 9.9964E-05 0.0827411
0.0121015 9.9964E-05 0.271944 0.0413434 0.0588861 9.9964E-05 0.615325 9.9964E-05 9.9964E-05
0.0851237 9.9973E-05 0.0396998 9.9973E-05 0.10254 0.68134 0.0798005 9.9973E-05 0.0111962
9.9937E-05 9.9937E-05 0.668793 9.9937E-05 9.9937E-05 0.330507 9.9937E-05 9.9937E-05 9.9937E-05
9.993E-05 9.993E-05 0.999201 9.993E-05 9.993E-05 9.993E-05 9.993E-05 9.993E-05 9.993E-05
9.9937E-05 9.9937E-05 0.308305 9.9937E-05 9.9937E-05 0.690996 9.9937E-05 9.9937E-05 9.9937E-05
9.9946E-05 9.9946E-05 0.0746446 9.9946E-05 9.9946E-05 0.882735 0.0420203 9.9946E-05 9.9946E-05
9.9946E-05 9.9946E-05 0.334105 9.9946E-05 9.9946E-05 0.645522 9.9946E-05 0.019774 9.9946E-05
9.9946E-05 9.9946E-05 0.318251 9.9946E-05 9.9946E-05 0.671709 9.9946E-05 9.9946E-05 0.0094404
9.9946E-05 9.9946E-05 0.174567 9.9946E-05 9.9946E-05 0.814694 0.0101395 9.9946E-05 9.9946E-05
0.630029 0.016046 9.9955E-05 9.9955E-05 9.9955E-05 0.301705 9.9955E-05 9.9955E-05 0.0517199
0.560925 0.00750449 9.9955E-05 9.9955E-05 9.9955E-05 0.280569 9.9955E-05 9.9955E-05 0.150502
0.884688 0.0472332 9.9955E-05 9.9955E-05 9.9955E-05 0.0490998 9.9955E-05 9.9955E-05 0.0184791
0.635382 9.9964E-05 9.9964E-05 0.0582554 9.9964E-05 0.110543 0.0549051 9.9964E-05 0.140514
0.608001 0.111211 9.9955E-05 9.9955E-05 0.187828 9.9955E-05 9.9955E-05 9.9955E-05 0.0924612
0.869808 9.9937E-05 9.9937E-05 9.9937E-05 9.9937E-05 9.9937E-05 0.129492 9.9937E-05 9.9937E-05
0.84726 9.9955E-05 0.0682568 9.9955E-05 0.0786837 9.9955E-05 0.00529996 9.9955E-05 9.9955E-05
0.790304 9.9964E-05 9.9964E-05 0.0193745 9.9964E-05 0.0688508 9.9964E-05 0.0697746 0.051296
0.680643 9.9973E-05 9.9973E-05 0.00505108 0.220656 9.9973E-05 0.0257211 0.0367572 0.0308713
0.825674 9.9946E-05 9.9946E-05 9.9946E-05 9.9946E-05 0.145902 9.9946E-05 9.9946E-05 0.0278239
0.477524 9.9973E-05 9.9973E-05 0.11316 0.0436685 0.248514 0.0264658 9.9973E-05 0.0903674
0.905313 9.9937E-05 0.0939876 9.9937E-05 9.9937E-05 9.9937E-05 9.9937E-05 9.9937E-05 9.9937E-05
0.508398 9.9991E-05 0.0026871 0.0187973 0.0738578 0.244291 0.00854076 0.051979 0.0913493
0.752492 9.9964E-05 0.0365111 0.00844249 0.125025 9.9964E-05 9.9964E-05 9.9964E-05 0.0771296
0.675538 0.0034132 9.9964E-05 9.9964E-05 0.127268 0.0947994 9.9964E-05 9.9964E-05 0.0985814
0.511024 0.122309 9.9973E-05 0.0119693 0.157357 0.0349465 9.9973E-05 9.9973E-05 0.162093
0.946477 9.9937E-05 9.9937E-05 9.9937E-05 9.9937E-05 9.9937E-05 0.0528235 9.9937E-05 9.9937E-05
0.362534 0.0143203 9.9973E-05 0.0777034 9.9973E-05 0.291837 0.0327015 9.9973E-05 0.220604
0.735918 0.211482 0.0520006 9.9946E-05 9.9946E-05 9.9946E-05 9.9946E-05 9.9946E-05 9.9946E-05
0.45928 0.0994937 0.0574761 0.0695292 0.0414227 0.11995 9.999E-05 0.122359 0.0303886
0.300901 9.999E-05 0.0630193 0.0145178 0.120024 0.204547 0.108199 0.0528405 0.135851
0.219342 0.00816028 9.999E-05 0.0512131 0.0403492 0.354426 0.0579268 0.00688062 0.261602
0.587747 9.9964E-05 9.9964E-05 0.0211604 0.0437715 0.213561 9.9964E-05 9.9964E-05 0.133361
0.904496 9.9946E-05 9.9946E-05 9.9946E-05 9.9946E-05 9.9946E-05 0.0425862 0.0523177 9.9946E-05
0.015722 9.9982E-05 9.9982E-05 0.11488 0.0515612 0.451956 0.157729 0.100979 0.106972
0.287979 0.0854312 9.998E-05 0.176748 0.00264943 0.41061 0.0170002 9.998E-05 0.0193817
9.9937E-05 9.9937E-05 9.9937E-05 0.829254 9.9937E-05 9.9937E-05 0.170047 9.9937E-05 9.9937E-05
9.993E-05 9.993E-05 9.993E-05 0.999201 9.993E-05 9.993E-05 9.993E-05 9.993E-05 9.993E-05
0.0760107 0.232234 9.9964E-05 0.414827 9.9964E-05 0.207383 9.9964E-05 9.9964E-05 0.0691448
0.0395007 0.0641658 0.0146628 0.761349 9.9973E-05 9.9973E-05 9.9973E-05 0.0623996 0.0576225
0.0695887 9.996E-05 9.996E-05 0.713479 9.996E-05 9.996E-05 0.164592 0.0248685 0.027072
0.0999437 0.0421724 0.0465792 0.333648 0.0356184 0.397759 9.998E-05 0.044079 9.998E-05
9.9973E-05 9.9973E-05 9.9973E-05 0.117807 0.0556038 0.36186 0.175665 0.201994 0.0867711
0.119702 9.996E-05 9.996E-05 0.234637 0.0187483 0.0577548 9.996E-05 0.568759 9.996E-05
0.0260119 0.0085999 9.996E-05 0.875108 9.996E-05 0.0724427 9.996E-05 9.996E-05 0.017438
0.0342543 0.0283563 9.9982E-05 0.425667 0.01597 0.428781 9.9982E-05 0.0095508 0.0572209
9.9973E-05 0.0501421 0.00244691 0.690054 0.070479 0.147867 9.9973E-05 0.0387113 9.9973E-05
9.9937E-05 9.9937E-05 9.9937E-05 0.962656 9.9937E-05 9.9937E-05 0.0366449 9.9937E-05 9.9937E-05
0.52688 0.194377 0.00834731 0.00413152 9.999E-05 0.123914 0.0270836 0.0479812 0.067185
0.224638 0.023557 9.997E-05 0.308484 0.265143 0.157883 9.997E-05 9.997E-05 0.0199953
