0.00824675 0.926375 0.0143657 0.0306787 0.0203342
0.00606209 0.948449 9.9982E-05 0.0452884 9.9982E-05
9.999E-05 0.821057 0.0939815 0.0508113 0.0340499
9.999E-05 0.752424 0.00387514 0.127723 0.115878
0.00640874 0.887647 0.0145112 0.0290635 0.0623698
0.126343 0.643693 0.0801955 0.103852 0.0459161
0.0422703 0.889354 0.022074 0.0462015 9.9991E-05
0.0483864 0.756519 9.9991E-05 0.183296 0.0116989
0.069756 0.816995 9.9982E-05 0.113049 9.9982E-05
0.0567507 0.721784 0.0998016 0.0532649 0.0683986
0.0620192 0.765927 0.0424239 0.128144 0.00148567
0.103238 9.9991E-05 0.324464 0.475193 0.0970051
9.9982E-05 9.9982E-05 0.540295 0.326747 0.132757
0.0728257 0.0204676 0.318856 0.518228 0.0696226
9.999E-05 0.0613145 0.399791 0.41066 0.128134
0.103622 0.0683648 0.382423 0.28159 0.164001
0.0716968 0.0591768 0.664159 0.121276 0.0836916
0.0911681 0.00934982 0.53163 0.295866 0.0719854
0.0405718 0.0958887 0.41917 0.378457 0.0659126
0.159116 0.0232573 0.0489028 0.694136 0.0745883
0.112595 9.9991E-05 0.493545 0.311846 0.0819142
0.156501 0.0422155 0.445613 0.246597 0.109073
0.083144 0.0833086 0.611707 0.190606 0.0312351
0.146923 9.9991E-05 0.330184 0.397043 0.125749
0.0164303 0.0712881 0.537249 0.170894 0.204139
9.9982E-05 9.9982E-05 0.574079 0.303646 0.122075
0.0808711 0.0108381 0.223525 0.557186 0.12758
0.0631652 9.9991E-05 0.262206 0.461117 0.213412
0.180806 0.0183685 0.346332 0.454394 9.9991E-05
9.9982E-05 0.850038 0.0811156 9.9982E-05 0.0686468
9.9982E-05 0.856392 0.130304 9.9982E-05 0.0131043
9.9982E-05 0.799514 0.160044 9.9982E-05 0.040242
9.9982E-05 0.728065 0.18316 9.9982E-05 0.0885757
0.173369 0.0633083 0.582326 0.16243 0.0185673
0.0911819 0.085822 0.629234 0.163459 0.0303032
0.262639 9.9991E-05 0.724639 0.0112544 0.00136707
0.142656 0.0743731 0.232843 0.550028 9.9991E-05
0.457626 0.0113203 0.474815 0.0561391 9.9991E-05
0.0492796 0.0960786 0.765922 0.0886201 9.9991E-05
0.0824855 0.0409478 0.81331 9.9991E-05 0.0631569
0.139069 0.144132 0.587217 0.0618703 0.067712
0.113658 0.0379851 0.59946 0.129428 0.119469
0.426657 9.9982E-05 0.323889 0.249255 9.9982E-05
0.201199 0.0712099 0.613692 0.0129241 0.100975
0.228196 9.9991E-05 0.651262 0.0161829 0.104259
0.0796333 0.20834 0.659098 9.9991E-05 0.0528287
0.45238 9.9973E-05 0.54732 9.9973E-05 9.9973E-05
0.147349 0.0689457 0.743614 0.0249856 0.0151056
0.0935649 0.12578 0.664185 0.0551543 0.0613168
0.887953 0.111748 9.9973E-05 9.9973E-05 9.9973E-05
0.281291 9.9982E-05 0.261536 0.456973 9.9982E-05
0.531574 0.0194666 0.0599882 0.297478 0.0914939
0.0674196 0.0566276 0.575253 0.189035 0.111664
0.0969548 0.166244 0.699584 0.00966698 0.0275504
0.0959719 0.129636 0.68802 0.0256945 0.0606777
0.24021 0.0918718 0.25932 0.407143 0.00145452
0.0970524 0.0580022 0.620393 0.224452 9.9991E-05
0.076763 0.0388564 0.543957 0.203477 0.136947
0.257237 0.0839943 0.450696 0.204162 0.00391048
0.267255 0.187159 0.0743257 0.386464 0.0847957
0.108721 0.0884213 0.571984 0.188076 0.0427973
0.0822891 0.0504595 0.358094 0.371696 0.137461
0.281705 0.0409504 0.121369 0.555876 9.9991E-05
0.0921493 9.9982E-05 0.63446 0.273191 9.9982E-05
0.140511 0.0233367 0.506074 0.151082 0.178997
0.0677955 0.0963183 0.548463 0.214747 0.0726762
0.249123 0.00533465 0.386129 0.296411 0.0630029
0.183456 9.9991E-05 0.577851 0.17001 0.0685825
9.9991E-05 0.0438109 0.588778 0.300995 0.0663154
0.249213 0.0294164 0.268015 0.453256 9.9991E-05
0.260212 9.9982E-05 0.69382 0.0457678 9.9982E-05
0.392417 9.9982E-05 0.400255 0.207128 9.9982E-05
0.0861276 0.104875 0.713753 0.0733097 0.0219344
0.814002 9.9982E-05 0.147443 0.0383551 9.9982E-05
0.737303 9.9982E-05 0.183452 0.0790446 9.9982E-05
0.463034 9.9982E-05 0.510651 0.0261149 9.9982E-05
0.197723 0.00159905 0.599594 0.199401 0.00168335
0.127271 0.148133 0.622085 0.102411 9.9991E-05
0.228582 9.9991E-05 0.637536 0.0955415 0.0382407
0.313855 0.0106542 0.448614 0.226777 9.9991E-05
0.183564 0.0233577 0.427163 0.365815 9.9991E-05
0.108678 0.0415666 0.678443 0.0632326 0.10808
0.318819 0.0712517 0.481139 0.12869 9.9991E-05
0.272289 0.0498331 0.586906 0.0908716 9.9991E-05
0.401038 0.00275171 0.59601 9.9982E-05 9.9982E-05
0.76126 9.9982E-05 0.198211 0.0403287 9.9982E-05
0.115567 0.0645222 0.788224 0.0315862 9.9991E-05
9.9991E-05 0.843087 0.101894 0.0278604 0.0270583
9.9973E-05 0.937234 0.0624658 9.9973E-05 9.9973E-05
9.9982E-05 0.890714 0.0988192 9.9982E-05 0.0102664
0.0282803 0.934841 0.00495283 9.9991E-05 0.0318259
9.9973E-05 0.910304 0.0893966 9.9973E-05 9.9973E-05
9.9982E-05 0.895871 0.0747235 9.9982E-05 0.0292052
9.9973E-05 0.928347 0.0713528 9.9973E-05 9.9973E-05
0.189306 0.0860964 0.555174 0.0912481 0.0781761
0.0892061 0.0858199 0.581674 0.123702 0.119598
0.613037 9.9982E-05 0.245861 0.140902 9.9982E-05
0.124103 0.0688602 0.594787 0.0632631 0.148987
0.205386 0.0525579 0.559839 0.180091 0.00212696
0.122913 0.0915892 0.759689 9.9991E-05 0.0257091
0.232373 0.0436774 0.681924 9.9991E-05 0.0419263
0.291579 9.9991E-05 0.634388 0.00347828 0.0704548
0.529165 0.00330863 0.155875 0.311552 9.9991E-05
0.196739 0.0932815 0.542104 0.0385025 0.129372
0.0703981 0.10992 0.707016 9.9991E-05 0.112566
0.159717 0.0644141 0.501674 0.093236 0.180959
0.460599 9.9973E-05 0.539101 9.9973E-05 9.9973E-05
0.282066 9.9982E-05 0.71116 9.9982E-05 0.00657351
0.16822 0.0238628 0.63883 0.164896 0.00419136
0.405206 9.9982E-05 0.531389 9.9982E-05 0.0632043
0.212646 0.0672018 0.640774 0.0792787 9.9991E-05
0.02479 0.146199 0.532498 0.192248 0.104265
0.266283 9.9991E-05 0.162215 0.437204 0.134198
0.039896 0.110804 0.403481 0.320075 0.125744
0.118017 0.0441469 0.556075 0.176603 0.105157
0.00941006 0.0772935 0.696798 0.157224 0.0592743
0.0729319 0.0036468 0.546289 0.377032 9.9991E-05
0.0444152 0.0349068 0.587114 0.258349 0.0752147
9.9991E-05 0.0104194 0.49748 0.422822 0.0691779
0.196412 0.137079 0.502507 0.133597 0.0304046
0.117925 0.0716852 0.579534 0.189409 0.0414475
0.122627 0.0756684 0.651555 0.137429 0.0127206
9.9982E-05 0.0276878 0.606914 0.365198 9.9982E-05
0.0543084 9.9991E-05 0.686523 0.186958 0.0721107
0.0943213 0.0778623 0.511557 0.173974 0.142285
9.9982E-05 9.9982E-05 0.667761 0.218805 0.113234
0.130113 9.9991E-05 0.5723 0.187986 0.109501
0.0766841 9.9991E-05 0.516108 0.272265 0.134843
0.162153 0.145409 0.396635 0.292072 0.00373152
0.0718934 0.0118959 0.592657 0.190061 0.133492
9.9991E-05 0.0460995 0.644249 0.227774 0.0817783
0.185707 0.0472329 0.302652 0.425537 0.03887
0.365867 9.9991E-05 0.198086 0.374892 0.0610549
0.0979312 0.0405757 0.596681 0.174391 0.0904215
0.491072 9.9991E-05 0.117098 0.335744 0.055986
0.127922 0.0534646 0.372939 0.442611 0.00306389
0.13687 9.9991E-05 0.49524 0.342672 0.0251186
0.104867 0.0388825 0.420612 0.435539 9.9991E-05
0.105308 9.9991E-05 0.342358 0.515253 0.0369806
9.9982E-05 0.0857068 0.72097 0.193124 9.9982E-05
9.9991E-05 0.0738098 0.596788 0.208371 0.120931
0.0547468 0.117153 0.576462 0.235426 0.0162133
0.407586 9.9991E-05 0.125827 0.328648 0.137839
0.155746 0.116278 0.553475 0.141898 0.0326026
0.23011 0.0420191 0.539929 0.0486135 0.139328
0.58885 0.183306 0.0830465 0.144697 9.9991E-05
0.154999 0.144107 0.6668 9.9991E-05 0.0339942
0.327047 0.110995 0.417147 0.0539372 0.0908747
0.146053 0.0830727 0.43687 0.148975 0.185029
0.417237 0.113056 0.332555 0.137052 9.9991E-05
0.453018 0.11429 0.285286 0.147306 9.9991E-05
0.325775 0.0636276 0.500541 0.109956 9.9991E-05
0.202015 0.0284784 0.350948 0.254621 0.163938
0.229187 0.174319 0.439582 0.0347006 0.122212
0.583203 0.0911054 0.0273293 0.099566 0.198797
0.150724 0.0493575 0.524568 0.119099 0.156251
0.385247 9.9982E-05 0.481581 0.132971 9.9982E-05
0.268227 0.00237749 0.634319 0.0949765 9.9991E-05
0.0589011 0.181802 0.616517 0.0573757 0.0854036
0.179805 0.346042 0.158217 0.00577086 0.310164
0.270877 0.587871 9.9982E-05 9.9982E-05 0.141053
0.337488 0.496298 9.9982E-05 9.9982E-05 0.166014
0.121275 0.424345 0.0469659 0.0254542 0.38196
0.27092 9.9982E-05 0.674025 9.9982E-05 0.0548548
0.199408 0.111895 0.524227 0.0763069 0.0881631
9.9982E-05 9.9982E-05 0.240606 0.00532848 0.753866
9.9991E-05 0.00789264 0.304737 0.138935 0.548335
0.0223137 0.0950835 0.470735 0.055225 0.356642
0.516548 0.0199391 0.365495 0.0151232 0.0828952
0.196685 0.159317 0.566381 9.9991E-05 0.077517
0.707754 0.0125582 0.20064 9.9991E-05 0.0789477
0.189309 0.0343227 0.694916 0.0611871 0.0202657
0.331393 0.0283205 0.505793 0.0908597 0.043634
0.207896 0.0953927 0.622744 9.9991E-05 0.0738674
0.64968 0.020079 0.239524 0.0254797 0.0652378
0.185642 0.00670112 0.559735 0.0314126 0.216509
0.194318 0.182346 0.464924 0.0167922 0.141619
0.0357957 9.9982E-05 0.0230531 9.9982E-05 0.940951
9.9973E-05 9.9973E-05 0.0630736 9.9973E-05 0.936627
0.0293968 0.00917391 0.233249 0.0955565 0.632624
9.9973E-05 9.9973E-05 0.238043 9.9973E-05 0.761657
0.0227785 0.0513851 0.0876011 9.9991E-05 0.838135
9.997E-05 9.997E-05 9.997E-05 9.997E-05 0.9996
9.9973E-05 9.9973E-05 9.9973E-05 0.0462568 0.953443
9.9973E-05 9.9973E-05 0.144169 9.9973E-05 0.855531
9.9973E-05 9.9973E-05 9.9973E-05 0.021149 0.978551
9.997E-05 9.997E-05 9.997E-05 9.997E-05 0.9996
9.997E-05 9.997E-05 9.997E-05 9.997E-05 0.9996
9.9991E-05 0.030496 0.141503 0.032296 0.795605
9.9991E-05 0.0607997 0.101672 0.0333029 0.804126
9.9973E-05 9.9973E-05 9.9973E-05 0.0115436 0.988157
9.9991E-05 0.0355255 0.29465 0.173243 0.496482
0.043218 0.0130686 0.217556 9.9991E-05 0.726057
9.9991E-05 0.0132789 0.178081 0.0313497 0.77719
9.9991E-05 0.00209799 0.0642146 0.0344329 0.899155
9.997E-05 9.997E-05 9.997E-05 9.997E-05 0.9996
9.9982E-05 0.0436325 0.00607787 9.9982E-05 0.95009
9.9973E-05 0.00342848 9.9973E-05 9.9973E-05 0.996272
0.0462111 0.0382897 0.246262 0.062796 0.606441
0.027873 9.9991E-05 0.0295464 0.0294332 0.913047
0.534002 0.416195 9.9982E-05 9.9982E-05 0.0496032
0.0951017 0.288188 0.441008 0.10944 0.0662621
0.223261 0.256626 0.4664 9.9991E-05 0.053613
0.399678 0.248497 0.0878645 0.0471908 0.21677
0.151498 0.236534 0.492613 9.9991E-05 0.119256
0.323034 0.299002 0.290789 9.9991E-05 0.0870747
0.18994 0.156018 0.563169 0.0109588 0.0799155
0.31858 0.20306 0.255835 9.9991E-05 0.222426
0.12631 0.221147 0.409365 0.0519414 0.191235
0.266234 0.15438 0.301612 9.9991E-05 0.277675
0.15039 0.231897 0.525175 0.0446258 0.0479115
0.0534443 0.836706 0.0480166 0.0544851 0.00734807
0.0240273 0.912803 9.9982E-05 9.9982E-05 0.06297
0.016601 0.967799 9.9982E-05 0.0153997 9.9982E-05
9.9982E-05 0.950584 0.0330713 0.0161452 9.9982E-05
9.9991E-05 0.915289 0.02372 0.0576831 0.00320794
0.0293914 0.912965 0.00536427 9.9991E-05 0.0521789
9.9991E-05 0.882859 0.048446 0.000999318 0.0675953
0.0872002 0.866245 9.9991E-05 0.031067 0.0153874
0.00205079 0.914462 0.0695061 0.0138807 9.9991E-05
9.9982E-05 0.853359 9.9982E-05 0.0432541 0.103187
0.112868 0.607893 9.9982E-05 0.279039 9.9982E-05
0.0139028 0.594239 9.9991E-05 0.389771 0.00198733
0.118282 0.513794 9.9982E-05 0.367724 9.9982E-05
0.10399 0.49411 9.9982E-05 0.4017 9.9982E-05
0.164321 0.0525594 0.598347 0.184673 9.9991E-05
0.181269 9.9991E-05 0.557275 0.199166 0.0621903
0.109082 0.00606893 0.556391 0.24485 0.0836084
0.201166 0.039971 0.516268 0.242495 9.9991E-05
0.128164 9.9991E-05 0.204575 0.643204 0.0239561
0.0937257 0.0088157 0.658066 0.134345 0.105048
0.203431 9.9991E-05 0.621959 0.103854 0.0706562
0.224506 9.9982E-05 0.699155 0.0761392 9.9982E-05
0.458568 9.9982E-05 0.491504 9.9982E-05 0.0497281
0.10399 0.110637 0.700122 0.0766335 0.00861713
0.19093 0.019925 0.587728 0.201318 9.9991E-05
0.770421 9.9982E-05 0.0660623 0.163317 9.9982E-05
0.0521763 0.02515 0.626419 0.200012 0.0962419
0.548162 0.0406771 0.410961 9.9982E-05 9.9982E-05
0.233576 0.00428802 0.659862 0.0714267 0.0308469
0.430832 9.9982E-05 0.27509 0.293879 9.9982E-05
0.0737355 0.118619 9.9991E-05 0.805476 0.00207028
0.0271647 0.116122 0.0964871 0.760126 9.9991E-05
0.018518 0.00833877 0.086388 0.886655 9.9991E-05
0.100094 0.0915085 0.0122422 0.796055 9.9991E-05
0.0589088 0.0151819 0.0312818 0.863233 0.0313944
9.9991E-05 0.0391223 0.0617349 0.819209 0.0798342
9.9982E-05 0.869922 0.0836935 9.9982E-05 0.046185
9.9991E-05 0.828501 0.102549 0.0592852 0.00956525
9.9991E-05 0.743577 0.113449 0.0120661 0.130808
9.9991E-05 0.727219 0.0283369 0.0920235 0.15232
0.000519095 0.804277 0.0525637 9.9991E-05 0.14254
0.0259857 0.387098 9.9982E-05 0.586716 9.9982E-05
0.0960424 0.450441 9.9982E-05 0.453317 9.9982E-05
0.123353 0.397038 0.0100614 0.469448 9.9991E-05
9.9991E-05 0.834895 0.120611 0.00739044 0.0370036
0.113263 0.37963 9.9982E-05 0.506907 9.9982E-05
0.0997441 0.226816 0.218361 9.9991E-05 0.45498
0.0558888 0.150495 0.476266 0.0404383 0.276911
9.9982E-05 0.191384 0.541348 9.9982E-05 0.267069
0.113902 0.285768 0.312859 0.0422407 0.24523
0.0292514 0.210681 0.579753 0.0360694 0.144245
0.196957 0.483781 9.9982E-05 9.9982E-05 0.319062
0.144699 9.9982E-05 0.526749 0.328352 9.9982E-05
0.269906 0.0160059 0.427861 0.260594 0.0256324
0.0171075 0.0566436 0.412291 0.513858 9.9991E-05
0.210261 9.9991E-05 0.582642 0.204303 0.00269431
0.7896 9.9973E-05 9.9973E-05 0.210101 9.9973E-05
0.0792526 0.0836866 0.602495 0.139869 0.0946969
0.15241 0.00988713 0.587852 0.194547 0.0553033
0.0785399 0.0618556 0.490526 0.368979 9.9991E-05
9.9991E-05 0.0791024 0.549615 0.238947 0.132236
0.44761 9.9982E-05 0.226555 0.325635 9.9982E-05
0.225714 9.9991E-05 0.524729 0.182023 0.067434
0.0496069 9.9991E-05 0.581355 0.290377 0.0785609
0.110494 0.159772 0.441556 0.0596735 0.228505
0.268481 9.9991E-05 0.43587 0.263687 0.031862
0.108611 9.9991E-05 0.412408 0.357335 0.121547
0.241993 0.0089905 0.51591 0.115187 0.11792
0.099127 0.0127881 0.646524 0.241461 9.9991E-05
0.0604132 0.0514952 0.613906 0.172923 0.101262
0.0418648 0.1899 0.50884 0.166421 0.0929744
0.0312254 9.9991E-05 0.678556 0.197678 0.0924404
9.9982E-05 0.790916 0.124642 9.9982E-05 0.0842418
0.0198844 0.847967 0.09652 9.9991E-05 0.0355291
0.0853632 0.790485 0.0291037 0.0736067 0.0214416
0.0751659 0.837526 9.9991E-05 0.0491115 0.0380963
9.9973E-05 0.866944 0.132756 9.9973E-05 9.9973E-05
0.0590131 9.9991E-05 0.24688 0.653488 0.0405188
0.126167 0.0348022 0.558309 0.166885 0.113837
0.189934 0.179109 0.373155 0.0380533 0.219748
9.9982E-05 9.9982E-05 0.640013 0.23293 0.126856
0.0421337 0.0363037 0.641145 0.268009 0.0124083
0.22886 0.0337513 0.359687 0.310689 0.0670119
0.208397 0.0780254 0.0375102 0.666819 0.00924854
0.0423108 0.013004 0.554067 0.362754 0.0278647
0.116185 0.0916046 0.220936 0.554788 0.0164857
0.278418 0.0574432 0.417479 0.157702 0.0889582
0.119415 0.0926836 0.114715 0.626129 0.0470579
0.0983558 0.119187 0.597874 0.1195 0.0650823
0.115906 0.0408389 0.230405 0.576666 0.0361838
0.185566 9.9991E-05 0.362193 0.341434 0.110707
0.104229 0.0691482 0.52733 0.18706 0.112233
0.470093 0.0610753 0.339624 0.0806031 0.048604
0.280343 0.0560199 0.617705 0.0109149 0.0350166
0.160533 0.194334 0.531169 0.0164175 0.0975476
0.419315 0.0377935 0.404527 0.134047 0.00431698
0.0852433 0.0683206 0.519764 0.159428 0.167244
0.289868 0.0805262 0.569294 0.0602119 9.9991E-05
0.703636 9.9982E-05 0.172772 0.123392 9.9982E-05
0.642864 0.0278115 0.329125 9.9982E-05 9.9982E-05
0.293891 0.0372416 0.569756 0.0990113 9.9991E-05
0.620114 9.9982E-05 0.258329 0.121358 9.9982E-05
0.295383 0.0370118 0.570082 0.0935152 0.00400836
0.171286 9.9991E-05 0.13831 0.62496 0.0653436
0.360472 9.9991E-05 0.326049 0.29914 0.0142394
0.0708365 9.9991E-05 0.344386 0.468143 0.116534
9.9991E-05 0.0788588 0.63006 0.197131 0.0938503
0.150538 9.9982E-05 0.332504 0.516758 9.9982E-05
0.102328 0.0343401 0.534064 0.184589 0.144679
0.00563282 9.9991E-05 0.59734 0.248634 0.148293
0.150139 0.0180251 0.482174 0.268479 0.0811838
0.0354738 9.9991E-05 0.443619 0.356703 0.164104
0.0578549 0.081609 0.501739 0.299515 0.0592818
0.0616257 9.9991E-05 0.289436 0.574321 0.0745168
0.0539213 9.9991E-05 0.359175 0.453503 0.133301
0.086085 9.9991E-05 0.638892 0.208944 0.0659787
0.0266159 0.0881163 0.63578 0.140662 0.108826
0.193702 0.0709203 0.415029 0.275863 0.0444852
0.0408202 9.9991E-05 0.542777 0.280254 0.136049
0.0133036 0.084501 0.374547 0.461207 0.0664409
0.0215132 9.9991E-05 0.577005 0.315712 0.08567
0.0554533 9.9991E-05 0.539871 0.276177 0.128399
0.164847 0.0532841 0.487963 0.133713 0.160192
0.0124939 0.367455 0.498217 9.9991E-05 0.121734
0.124487 0.120685 0.547179 9.9991E-05 0.20755
0.159956 0.123011 0.458903 0.0925554 0.165575
0.101259 0.10352 0.545061 0.092563 0.157597
0.0361317 0.255295 0.54034 9.9991E-05 0.168133
0.287631 9.9991E-05 0.485866 0.194479 0.0319241
0.110638 0.190061 0.590346 0.0201649 0.0887894
0.505914 0.32265 0.0367285 9.9991E-05 0.134607
0.0455626 0.0767003 0.559889 0.0921768 0.225671
9.9991E-05 0.149621 0.620777 0.0141818 0.21532
0.1199 0.0719666 0.536396 0.0570139 0.214723
0.266596 0.171182 0.342385 0.0486487 0.171189
0.028759 0.276892 0.591248 9.9991E-05 0.103001
0.037074 0.225419 0.576092 9.9991E-05 0.161315
0.301991 0.529158 9.9982E-05 9.9982E-05 0.168651
9.9991E-05 0.209078 0.53634 0.0282161 0.226265
9.9982E-05 0.194768 0.563499 9.9982E-05 0.241532
0.150888 0.121811 0.554648 0.0111527 0.161501
0.0153979 0.225392 0.516718 9.9991E-05 0.242393
0.0481623 0.252851 0.617862 0.00280398 0.0783215
0.310393 0.0265524 0.484007 0.00949168 0.169556
0.182531 0.108158 0.371152 0.170701 0.167459
0.766913 9.9991E-05 0.101372 0.0992912 0.0323236
0.789134 9.9982E-05 0.127298 0.0833684 9.9982E-05
0.184177 0.0147209 0.480698 0.177857 0.142547
0.0670415 0.103692 0.354556 0.101068 0.373643
0.220248 0.093046 0.277308 9.9991E-05 0.409298
0.264594 0.222642 0.119385 0.0271664 0.366212
0.0881739 0.222742 0.330948 0.0161983 0.341938
0.630895 0.123392 0.123281 9.9991E-05 0.122332
0.526252 0.131386 0.198509 9.9991E-05 0.143754
0.23452 0.0195272 0.579191 9.9991E-05 0.166662
0.235111 0.0888525 0.537701 9.9991E-05 0.138235
0.543783 0.0622852 0.266991 9.9991E-05 0.126841
0.175286 0.0749588 0.531887 0.0667448 0.151124
0.146331 0.0433767 0.689725 0.04507 0.0754973
0.110926 0.14758 0.519821 0.09555 0.126123
0.408349 0.0315682 0.437448 0.122535 9.9991E-05
0.516893 9.9982E-05 0.389813 9.9982E-05 0.0930936
0.236682 0.0317335 0.51019 0.0816687 0.139726
0.268474 0.0311106 0.423408 0.149706 0.127301
0.135704 0.106805 0.458388 0.104251 0.194852
0.407641 9.9991E-05 0.57352 0.0162257 0.0025131
0.503977 9.9982E-05 0.359614 0.136209 9.9982E-05
0.272233 0.0314113 0.663337 9.9991E-05 0.0329184
0.549998 9.9991E-05 0.339038 0.0918291 0.0190344
0.369185 0.0209217 0.555744 0.0380949 0.0160549
0.171184 0.0619768 0.679826 0.032403 0.0546101
0.269056 9.9991E-05 0.530925 0.127888 0.0720309
0.0689246 0.159652 0.520801 9.9991E-05 0.250523
0.160457 0.166156 0.429927 0.115279 0.12818
0.162798 0.150638 0.269728 0.067688 0.349148
0.159025 0.156654 0.332402 0.0805751 0.271345
0.0715392 0.179462 0.400188 0.112048 0.236763
0.175783 0.0880084 0.487068 0.0742299 0.174911
0.567937 0.200237 9.9991E-05 0.0194972 0.212229
0.100799 0.069944 0.47383 0.0264504 0.328976
0.433482 0.407886 9.9982E-05 9.9982E-05 0.158432
0.159747 0.0300417 0.502403 0.0473601 0.260449
0.783789 9.9973E-05 0.215911 9.9973E-05 9.9973E-05
0.902489 0.000263411 0.0512985 0.0458487 9.9991E-05
0.287695 9.9991E-05 0.556913 0.088195 0.0670969
0.19038 0.0622101 0.71874 9.9991E-05 0.0285698
0.353343 9.9982E-05 0.556362 0.0900958 9.9982E-05
0.298689 9.9973E-05 0.701011 9.9973E-05 9.9973E-05
0.330009 9.9982E-05 0.613402 9.9982E-05 0.0563896
0.0727136 0.810559 0.0410087 9.9991E-05 0.0756185
9.9982E-05 0.72213 9.9982E-05 0.176606 0.101064
9.9982E-05 0.889175 9.9982E-05 0.0426926 0.0679322
9.9973E-05 0.967001 0.032699 9.9973E-05 9.9973E-05
0.236673 9.9991E-05 0.661202 0.0658325 0.0361927
0.0697385 0.0907776 0.620523 0.145141 0.0738194
0.20471 0.0561478 0.688842 0.0502006 9.9991E-05
0.115457 0.155162 0.727426 0.00185541 9.9991E-05
0.17209 0.0859137 0.508361 0.134592 0.0990434
0.418272 0.00590524 0.40174 0.173983 9.9991E-05
0.19863 9.9991E-05 0.795715 0.000584788 0.00497051
0.448866 0.0278801 0.523054 9.9982E-05 9.9982E-05
9.9991E-05 0.251513 0.521043 0.0504898 0.176854
0.368144 9.9982E-05 0.544706 9.9982E-05 0.0869502
0.271451 9.9982E-05 0.505915 0.222433 9.9982E-05
0.189997 9.9982E-05 0.712015 0.0977886 9.9982E-05
0.19898 0.0491793 0.601632 0.150109 9.9991E-05
0.287233 0.00653766 0.706029 9.9982E-05 9.9982E-05
0.131423 0.0958572 0.697424 0.0751956 9.9991E-05
0.692211 9.9973E-05 0.307489 9.9973E-05 9.9973E-05
0.503368 0.0112689 0.431931 0.0533317 9.9991E-05
0.36809 0.0495328 0.502042 0.0802347 9.9991E-05
0.89814 9.9973E-05 0.10156 9.9973E-05 9.9973E-05
0.278414 9.9982E-05 0.616659 0.104727 9.9982E-05
0.672723 9.9973E-05 0.326978 9.9973E-05 9.9973E-05
0.871583 9.9982E-05 0.0954583 0.0327588 9.9982E-05
0.289949 0.0190379 0.571126 0.0220197 0.0978676
0.38587 0.0274924 0.405858 0.18068 9.9991E-05
0.24002 0.00737826 0.571741 0.149055 0.0318052
0.195927 0.104275 0.59115 0.00297254 0.105675
0.164171 0.0201378 0.660107 0.151231 0.0043527
0.309948 9.9991E-05 0.369385 0.230525 0.0900423
0.124797 9.9982E-05 0.743461 0.131542 9.9982E-05
0.173748 0.0128014 0.573869 0.173345 0.0662358
0.467253 9.9982E-05 0.494562 0.0379853 9.9982E-05
0.211457 0.0685311 0.552907 0.0685425 0.0985624
0.058401 0.642906 9.9991E-05 0.273872 0.0247211
0.000935619 0.778929 0.0787957 0.14124 9.9991E-05
0.00184607 0.816283 9.9982E-05 0.181671 9.9982E-05
0.0541552 0.771541 9.9982E-05 0.174104 9.9982E-05
9.9982E-05 0.745972 0.0210841 0.232744 9.9982E-05
0.407935 0.00154238 0.365251 0.225171 9.9991E-05
0.53831 0.0238956 0.262282 0.175412 9.9991E-05
0.645475 9.9973E-05 0.354225 9.9973E-05 9.9973E-05
0.0726274 0.132859 0.649471 9.9991E-05 0.144943
0.146044 0.138126 0.675575 0.0235202 0.0167344
0.43419 0.0398287 0.525781 9.9982E-05 9.9982E-05
0.192294 0.0161979 0.78877 9.9991E-05 0.00263858
0.308668 0.0590487 0.617495 0.00636943 0.00841855
0.239014 9.9982E-05 0.725782 0.0350034 9.9982E-05
0.126544 0.0783244 0.604308 0.104232 0.0865919
0.383389 9.9991E-05 0.447019 0.160526 0.00896561
0.212338 9.9982E-05 0.590476 0.196986 9.9982E-05
0.298207 9.9982E-05 0.518638 0.182955 9.9982E-05
0.209357 0.0987384 0.57746 0.0274642 0.0869808
0.260938 0.00131463 0.601299 0.136349 9.9991E-05
0.260837 0.0234947 0.616207 0.0993616 9.9991E-05
9.9991E-05 0.127378 0.419338 0.0492757 0.403908
0.0427077 0.0244769 0.255985 0.0924187 0.584412
0.0611856 0.0641336 0.334705 9.9991E-05 0.539876
0.0685563 0.166613 0.256904 9.9991E-05 0.507827
9.9991E-05 0.149881 0.439117 0.0254048 0.385497
0.305778 0.00343944 0.585454 0.0533882 0.0519405
0.0856135 0.192094 9.9991E-05 0.00911998 0.713072
9.9982E-05 0.170954 0.35299 9.9982E-05 0.475856
0.216812 0.157971 0.449 9.9991E-05 0.176117
0.136548 0.180358 0.547563 0.0410893 0.0944419
0.21955 0.156904 0.496658 0.126788 9.9991E-05
0.100245 0.157127 0.553682 0.109399 0.0795469
0.117697 0.150622 0.584921 0.10151 0.0452505
9.9982E-05 0.185781 0.337311 9.9982E-05 0.476708
0.0362976 0.166667 0.389894 9.9991E-05 0.407042
9.9982E-05 0.0728166 0.381716 9.9982E-05 0.545267
0.00992921 0.0901697 0.452679 0.0897998 0.357422
0.0364734 0.0865777 0.302954 9.9991E-05 0.573895
0.0312145 0.127372 0.415624 0.00300079 0.422788
0.0710057 0.0722431 0.201574 0.0148971 0.64028
9.9991E-05 0.0956241 0.446591 0.0310698 0.426615
0.20655 0.113431 0.569704 0.0603048 0.0500102
0.00501533 0.197917 0.393547 0.0552635 0.348257
9.9982E-05 0.165055 0.229562 9.9982E-05 0.605183
0.0967153 0.125074 0.385213 0.0313222 0.361675
0.201776 0.190597 0.266135 0.331715 0.00977673
0.173067 9.9991E-05 0.618381 0.101518 0.106933
0.0683021 0.138436 0.410988 0.0732509 0.309023
0.0252921 0.154717 0.660569 0.119221 0.0402012
0.221147 0.205079 0.548777 0.0248969 9.9991E-05
0.112611 0.224982 0.337816 9.9991E-05 0.324492
0.103521 0.1791 0.298265 0.0582201 0.360894
0.110646 0.105184 0.600734 0.0423332 0.141103
0.104079 0.12306 0.318982 9.9991E-05 0.453779
0.0216616 0.109858 0.272918 9.9991E-05 0.595463
9.9991E-05 0.216964 0.0991544 0.0183707 0.665411
0.0711976 0.0548667 0.632863 0.108683 0.132389
0.167187 0.143585 0.556992 0.132136 9.9991E-05
0.55849 0.171571 0.157132 9.9991E-05 0.112706
0.105208 0.167138 0.630512 9.9991E-05 0.0970424
0.153853 0.123373 0.509657 0.162579 0.0505378
0.162818 0.220714 0.454213 9.9991E-05 0.162155
0.205874 0.0689865 0.425195 0.140914 0.15903
0.410405 0.35258 9.9982E-05 9.9982E-05 0.236816
0.475084 0.377977 9.9982E-05 9.9982E-05 0.146739
0.257012 0.172072 0.291799 0.100354 0.178763
0.390615 0.330072 0.00661828 9.9991E-05 0.272595
0.274322 0.473804 9.9982E-05 9.9982E-05 0.251674
0.312466 0.164045 0.331393 9.9991E-05 0.191996
0.180984 0.198356 0.388654 9.9991E-05 0.231906
0.277057 0.336554 0.164771 0.0251361 0.196482
0.36407 0.352515 0.100256 9.9991E-05 0.18306
0.076685 0.172143 0.466954 0.139016 0.145201
0.401698 0.267288 0.152562 0.0337507 0.144702
0.417808 0.495843 9.9982E-05 9.9982E-05 0.086149
0.0972412 0.171674 0.489731 0.110832 0.130522
0.213192 0.161097 0.273636 0.0553648 0.29671
0.0132854 0.274363 0.427285 0.0861106 0.198957
9.9982E-05 0.210548 0.625122 9.9982E-05 0.16413
0.0108199 0.176732 0.621371 9.9991E-05 0.190977
0.0556761 0.160422 0.486032 0.0314284 0.266442
9.9991E-05 0.385178 0.366715 0.0222377 0.225769
9.9991E-05 0.161225 0.504388 0.0782348 0.256052
9.9991E-05 0.261681 0.486616 0.0301958 0.221408
0.1051 0.284437 0.348441 0.0250512 0.236971
0.151283 0.112716 0.344811 0.198169 0.19302
0.00559847 0.107266 0.471531 0.200337 0.215268
0.0398368 0.112103 0.508827 0.0905357 0.248697
0.044292 0.122214 0.638649 0.0600205 0.134824
9.9991E-05 0.335982 0.286259 0.0679247 0.309734
0.0265509 0.139733 0.524652 0.015656 0.293409
0.217864 0.364798 0.163841 9.9991E-05 0.253397
0.0286214 0.189976 0.483159 0.0345394 0.263705
0.16754 0.304369 0.147501 9.9991E-05 0.38049
0.0390345 0.791817 9.9991E-05 0.166118 0.00293027
0.0378127 0.0515624 0.107049 0.789166 0.0144097
9.997E-05 9.997E-05 9.997E-05 0.9996 9.997E-05
9.997E-05 9.997E-05 9.997E-05 0.9996 9.997E-05
9.997E-05 9.997E-05 9.997E-05 0.9996 9.997E-05
9.9982E-05 9.9982E-05 0.0414577 0.954342 0.00400041
9.9973E-05 9.9973E-05 0.089666 0.910034 9.9973E-05
9.9973E-05 0.0853839 9.9973E-05 0.914316 9.9973E-05
9.9973E-05 0.172765 9.9973E-05 0.826935 9.9973E-05
0.031885 0.920917 0.0152805 0.0318177 9.9991E-05
9.9982E-05 0.842863 0.0589615 0.0979754 9.9982E-05
0.055502 0.888218 9.9982E-05 9.9982E-05 0.0560796
9.9982E-05 0.824299 0.0402922 0.135209 9.9982E-05
9.9991E-05 0.899899 0.0295997 0.021371 0.0490308
0.0360922 0.915925 9.9982E-05 0.0477828 9.9982E-05
0.0519022 0.748018 0.0557648 9.9991E-05 0.144215
0.0412478 0.876737 0.0222212 9.9991E-05 0.0596938
9.9991E-05 0.697765 0.042903 0.177025 0.0822072
0.00465156 0.925392 0.0301107 9.9991E-05 0.0397459
0.0335385 0.953804 9.9982E-05 0.0124577 9.9982E-05
0.00640876 0.835987 0.0508133 0.0668409 0.0399505
9.9982E-05 0.947792 0.0316846 0.0203238 9.9982E-05
0.000193064 0.88784 0.041822 0.0190586 0.0510865
9.9982E-05 0.886904 0.0611925 9.9982E-05 0.051704
9.9982E-05 0.849393 0.108413 9.9982E-05 0.0419947
9.9982E-05 0.795473 0.0577602 9.9982E-05 0.146567
9.9982E-05 0.78217 0.103413 9.9982E-05 0.114217
9.9982E-05 0.826217 0.139419 9.9982E-05 0.0341641
0.245203 0.197494 0.478221 0.0689118 0.0101705
0.0662923 0.120137 0.813371 9.9982E-05 9.9982E-05
0.0075426 0.149378 0.615801 0.119735 0.107543
0.648134 0.135471 0.195949 9.9991E-05 0.0203456
0.136494 0.184503 0.596061 0.0828418 9.9991E-05
0.651006 0.228924 0.0706715 9.9991E-05 0.0492987
0.123405 0.102139 0.640227 0.0831648 0.0510641
0.206306 0.0705927 0.500119 0.222882 9.9991E-05
0.121215 0.162088 0.587231 0.129365 9.9991E-05
0.209719 0.0160468 0.622202 0.133622 0.01841
0.183996 0.113663 0.526428 0.174071 0.00184142
0.112242 0.0847713 0.727775 0.0470693 0.028142
0.090601 0.0934249 0.582393 0.175643 0.0579384
0.350438 9.9991E-05 0.100449 0.493593 0.0554201
0.822814 0.115524 9.9982E-05 0.0614629 9.9982E-05
0.61123 0.166214 0.171879 9.9991E-05 0.050577
0.126671 0.120603 0.702343 0.00217466 0.0482074
0.229877 0.19805 0.566899 0.00277298 0.00240142
0.256973 0.130987 0.61184 9.9982E-05 9.9982E-05
0.119496 0.149411 0.695597 9.9991E-05 0.0353969
0.0152658 0.200592 0.552291 0.0513929 0.180459
9.9991E-05 0.184751 0.521186 0.0880272 0.205935
0.125061 0.378982 0.168026 0.153263 0.174667
0.0824548 0.12003 0.744302 0.0271617 0.0260517
0.0117354 0.246309 0.472193 0.106028 0.163734
0.348937 0.446372 9.9982E-05 9.9982E-05 0.204491
0.137004 0.302581 0.259425 9.9991E-05 0.30089
0.0934794 0.338493 0.258902 0.102468 0.206657
9.9991E-05 0.277305 0.467252 0.155047 0.100296
0.122425 0.127433 0.493379 0.0530497 0.203713
9.9982E-05 0.278509 0.572276 9.9982E-05 0.149016
9.9991E-05 0.211538 0.585085 0.0574704 0.145807
0.178095 0.165838 0.367669 0.0557971 0.232601
9.9982E-05 0.497201 0.37469 9.9982E-05 0.127909
