9.9982E-05 0.892154 9.9982E-05 0.00152603 0.10612
0.00444007 0.974086 9.9982E-05 9.9982E-05 0.0212738
9.999E-05 0.831405 0.131602 0.0145977 0.0222947
9.9991E-05 0.781643 0.015455 0.100225 0.102578
9.9982E-05 0.878625 9.9982E-05 0.0748418 0.0463329
0.225338 0.602163 0.0603597 0.0707011 0.0414385
0.0867491 0.823907 0.0363618 0.0114181 0.0415643
0.0517029 0.71249 0.0121887 0.0574699 0.166148
0.0694118 0.835727 9.9982E-05 9.9982E-05 0.0946613
0.136633 0.738923 0.050554 0.0361674 0.0377226
0.0411222 0.744064 0.0562135 9.9991E-05 0.1585
0.139307 9.9991E-05 0.29933 0.108205 0.453057
9.9982E-05 9.9982E-05 0.485049 0.201356 0.313395
0.0735102 0.097886 0.334349 0.0716408 0.422614
0.0576263 0.0482453 0.351494 0.195382 0.347253
0.0507471 0.169989 0.433468 0.133372 0.212424
0.0276762 9.9991E-05 0.557641 0.205658 0.208924
0.187753 0.0193033 0.339702 0.225299 0.227943
0.0502484 0.11478 0.433072 0.0917503 0.310149
0.210716 0.0637922 9.9991E-05 0.0849246 0.640468
0.231116 0.00669955 0.504334 0.105956 0.151895
0.183592 9.9991E-05 0.579776 0.0896216 0.14691
0.0472341 0.0668554 0.615462 0.0634821 0.206967
0.192829 0.0466896 0.347947 0.0923798 0.320155
0.105096 0.0154861 0.564385 0.188375 0.126658
9.9991E-05 0.0274826 0.613268 0.0862612 0.272888
0.102609 0.015296 0.269128 0.100416 0.512551
0.118987 9.9991E-05 0.240483 0.169708 0.470722
0.193342 0.00952913 0.310263 0.0343627 0.452503
9.9982E-05 0.881965 0.0668203 0.0510151 9.9982E-05
9.9982E-05 0.85136 0.139973 0.00846756 9.9982E-05
9.9982E-05 0.798114 0.167958 0.0337285 9.9982E-05
9.9982E-05 0.755533 0.176301 0.0679658 9.9982E-05
0.243941 0.0640228 0.60762 0.0225751 0.0618409
0.0764711 0.0815792 0.621022 0.095179 0.125748
0.26423 9.9991E-05 0.656845 0.0508422 0.0279825
0.0546359 0.124147 0.232554 0.000195471 0.588467
0.45511 0.0125466 0.530451 9.9991E-05 0.0017925
0.154732 0.123631 0.573077 0.0472236 0.101336
0.180529 0.0760942 0.675818 0.0674591 9.9991E-05
0.122154 0.145245 0.65997 9.9991E-05 0.0725313
0.0172602 0.128424 0.716275 0.100427 0.0376129
0.450961 9.9982E-05 0.353848 9.9982E-05 0.194992
0.170866 0.0584865 0.663375 0.107173 9.9991E-05
0.244821 0.0601059 0.597698 0.0972756 9.9991E-05
0.0769637 0.145406 0.544725 0.173484 0.0594215
0.449389 9.9982E-05 0.540397 9.9982E-05 0.0100141
0.101068 0.136045 0.70132 0.0424797 0.0190881
0.0722492 0.112515 0.738382 0.0767546 9.9991E-05
0.8934 0.0926616 9.9982E-05 9.9982E-05 0.0137388
0.300738 9.9982E-05 0.272987 9.9982E-05 0.426076
0.616683 0.0456649 0.0913796 0.0420864 0.204187
0.0619746 0.082492 0.561419 0.122819 0.171295
0.0291408 0.108722 0.647785 0.125194 0.0891581
0.116114 0.0807827 0.510355 0.174935 0.117813
0.306716 0.112144 0.236851 0.0170324 0.327257
0.0543463 9.9991E-05 0.620842 0.0808455 0.243866
0.111759 0.110587 0.570931 0.0986892 0.108034
0.203423 0.132291 0.426995 0.0283768 0.208915
0.300016 0.235996 0.103195 0.0590676 0.301725
0.0966224 0.0927794 0.685969 0.062309 0.0623201
0.0697885 0.0564704 0.474278 0.0944613 0.305001
0.297152 0.0426337 0.148919 9.9991E-05 0.511196
0.0861893 9.9991E-05 0.572301 0.0352763 0.306133
0.165794 0.0507937 0.602267 0.159954 0.0211914
0.0898551 9.9991E-05 0.512346 0.174481 0.223218
0.233387 0.0554214 0.302655 0.0824569 0.326081
0.17479 0.0644272 0.571263 0.0588235 0.130697
0.0349231 0.120444 0.602149 0.110569 0.131916
0.306291 0.0348922 0.297285 9.9991E-05 0.361432
0.191549 9.9982E-05 0.737832 9.9982E-05 0.0704195
0.448479 9.9982E-05 0.426684 9.9982E-05 0.124637
0.132743 0.0559869 0.633971 0.0182945 0.159004
0.77761 9.9982E-05 0.217778 9.9982E-05 0.00441249
0.678247 9.9982E-05 0.218008 9.9982E-05 0.103545
0.453811 9.9982E-05 0.532107 9.9982E-05 0.0138814
0.185227 9.9982E-05 0.656524 9.9982E-05 0.158048
0.111455 0.194272 0.551091 0.119666 0.0235153
0.221397 0.0154474 0.619258 0.0221243 0.121773
0.324041 0.0396412 0.448661 9.9991E-05 0.187557
0.19851 0.00853254 0.44772 9.9991E-05 0.345137
0.165144 0.0677526 0.626276 0.0781403 0.062687
0.370036 0.00694321 0.511143 9.9991E-05 0.111778
0.248872 0.0177413 0.637468 9.9991E-05 0.0958187
0.427708 9.9973E-05 0.571992 9.9973E-05 9.9973E-05
0.891528 9.9982E-05 0.0898108 0.0184615 9.9982E-05
0.131184 0.0516588 0.753872 0.0554644 0.00782078
9.9991E-05 0.83316 0.0840301 0.0484695 0.0342407
9.9973E-05 0.911097 0.0886034 9.9973E-05 9.9973E-05
9.9982E-05 0.894679 0.0444228 0.0606984 9.9982E-05
9.9982E-05 0.934803 0.0525034 0.0124933 9.9982E-05
9.9973E-05 0.893774 0.105926 9.9973E-05 9.9973E-05
9.9982E-05 0.909051 0.0623351 0.0284136 9.9982E-05
9.9973E-05 0.932832 0.0668678 9.9973E-05 9.9973E-05
0.0792743 0.140742 0.665781 0.0764338 0.037769
0.117933 0.0383009 0.554812 0.155485 0.133469
0.533652 9.9982E-05 0.319702 9.9982E-05 0.146446
0.0740514 0.0963261 0.694067 0.0437243 0.0918306
0.18043 0.0902217 0.619866 9.9991E-05 0.109382
0.116888 0.106587 0.691552 0.0848735 9.9991E-05
0.212259 0.0545141 0.693494 0.0396326 9.9991E-05
0.279445 0.00705948 0.63665 0.0767461 9.9991E-05
0.522144 0.0349024 0.205045 9.9991E-05 0.237809
0.223545 0.112179 0.525032 0.0502928 0.0889516
0.114348 0.0655833 0.791183 9.9991E-05 0.0287856
0.116092 0.0172868 0.522964 0.187326 0.156331
0.443346 0.0550346 0.50142 9.9982E-05 9.9982E-05
0.377564 9.9982E-05 0.590765 0.0314708 9.9982E-05
0.288888 9.9982E-05 0.624703 9.9982E-05 0.0862098
0.439518 9.9982E-05 0.517957 0.042325 9.9982E-05
0.154665 0.0701804 0.656661 9.9991E-05 0.118393
0.0173065 0.148773 0.6477 0.0306598 0.15556
0.331803 0.0773 0.295118 0.0323318 0.263447
0.00515397 0.0889906 0.476841 0.094824 0.33419
0.0392472 0.0527783 0.575085 0.0819429 0.250946
0.123763 0.0675075 0.621243 0.0548051 0.132681
9.9991E-05 0.0715461 0.524003 0.0293896 0.374961
0.12499 0.00399173 0.57314 0.0995436 0.198334
9.9991E-05 0.00454242 0.561976 0.0376437 0.395738
0.116555 0.119333 0.544367 0.0430664 0.176678
0.10787 0.0706517 0.640068 0.0838885 0.0975217
0.130107 0.0849394 0.669417 9.9991E-05 0.115436
0.0128509 0.0275908 0.6476 9.9991E-05 0.311859
0.0797923 9.9991E-05 0.63512 0.138632 0.146356
9.9991E-05 0.158497 0.619249 0.0995611 0.122592
0.0873144 9.9991E-05 0.603084 0.0776785 0.231823
0.113118 0.0455182 0.610526 0.114212 0.116626
0.102869 9.9991E-05 0.584448 0.116806 0.195777
0.196678 0.187737 0.39634 0.0501009 0.169144
0.0334444 9.9991E-05 0.631679 0.13613 0.198647
9.9982E-05 9.9982E-05 0.759391 0.105168 0.135241
0.129404 9.9991E-05 0.384361 0.0877154 0.39842
0.408806 0.0227412 0.134527 0.0893302 0.344596
0.0640082 0.0940144 0.671031 0.0142728 0.156674
0.465665 9.9991E-05 0.13528 0.0702666 0.328689
0.0869835 0.0619917 0.455834 9.9991E-05 0.395091
0.229042 9.9982E-05 0.517497 9.9982E-05 0.253261
0.0961496 0.0436696 0.468156 9.9991E-05 0.391925
0.0573452 9.9991E-05 0.399751 0.0363895 0.506414
0.0892119 0.0478193 0.672047 0.10504 0.0858809
0.0492411 0.185863 0.521562 0.105443 0.137892
0.0843447 0.0791901 0.583537 0.0889327 0.163995
0.348334 0.0143545 0.138577 0.120628 0.378107
0.152401 0.217416 0.536217 0.0179616 0.0760043
0.323626 0.112806 0.454805 0.0799136 0.0288493
0.624552 0.184907 0.0600024 9.9991E-05 0.130438
0.0915169 0.153758 0.644635 0.0544545 0.0556351
0.37715 0.0908937 0.375521 0.121451 0.0349841
0.177804 0.118716 0.459064 0.157377 0.0870405
0.408818 0.165448 0.307534 0.0428799 0.0753207
0.556656 0.0968147 0.222772 9.9991E-05 0.123658
0.298851 0.0837789 0.52012 9.9991E-05 0.0971503
0.159892 0.0487638 0.551373 0.0639662 0.176006
0.155112 0.114837 0.454501 0.163423 0.112128
0.593547 0.103394 0.0920289 0.177656 0.0333739
0.0974967 0.0924002 0.576796 0.0956873 0.13762
0.347864 9.9982E-05 0.537275 9.9982E-05 0.114661
0.275443 0.0321193 0.542752 0.00322147 0.146464
0.118044 0.129329 0.620949 0.100244 0.0314346
0.236855 0.34423 0.0699952 0.34882 9.9991E-05
0.2551 0.589587 9.9982E-05 0.155113 9.9982E-05
0.299714 0.538235 9.9982E-05 0.161852 9.9982E-05
0.11239 0.413246 0.0978772 0.334876 0.0416111
0.170774 0.0460771 0.688348 0.0947015 9.9991E-05
0.217071 0.108414 0.506145 0.131449 0.0369207
9.9982E-05 9.9982E-05 0.259459 0.721814 0.0185271
0.0132245 9.9991E-05 0.330337 0.534298 0.12204
0.0274622 0.0695955 0.499804 0.387731 0.0154072
0.496793 0.0177651 0.358784 0.088798 0.0378595
0.0428319 0.0570421 0.607327 0.129214 0.163585
0.667367 0.0405331 0.258328 0.0336718 9.9991E-05
0.243782 0.0403921 0.591726 0.0980904 0.0260095
0.381656 9.9991E-05 0.53377 0.041069 0.0434049
0.20903 0.0374082 0.586756 0.106983 0.0598229
0.619866 0.02079 0.292278 0.016773 0.0502929
0.139533 0.056072 0.607393 0.177418 0.0195845
0.188122 0.049321 0.643894 0.109258 0.00940545
0.0255085 9.9973E-05 9.9973E-05 0.974192 9.9973E-05
9.9973E-05 9.9973E-05 0.0672114 0.932489 9.9973E-05
9.9982E-05 9.9982E-05 0.262363 0.619226 0.118211
9.9973E-05 9.9973E-05 0.290073 0.709627 9.9973E-05
0.0246319 9.9991E-05 0.121207 0.836778 0.0172822
9.997E-05 9.997E-05 9.997E-05 0.9996 9.997E-05
9.9973E-05 9.9973E-05 9.9973E-05 0.946622 0.0530783
9.9973E-05 9.9973E-05 0.135148 0.864552 9.9973E-05
9.9973E-05 9.9973E-05 9.9973E-05 0.977896 0.0218036
9.997E-05 9.997E-05 9.997E-05 0.9996 9.997E-05
9.997E-05 9.997E-05 9.997E-05 0.9996 9.997E-05
9.9982E-05 0.02249 0.246747 0.730563 9.9982E-05
9.9991E-05 0.0056957 0.0812251 0.853015 0.0599641
9.9973E-05 9.9973E-05 9.9973E-05 0.989272 0.0104277
0.0972363 0.0427695 0.24935 0.496789 0.113855
0.0399476 0.0455692 0.232578 0.660815 0.0210895
0.00415375 0.0349822 0.207143 0.753621 9.9991E-05
9.9991E-05 0.0210632 0.0730419 0.897556 0.00823919
9.997E-05 9.997E-05 9.997E-05 0.9996 9.997E-05
9.9991E-05 0.0457 0.0426211 0.880679 0.0308997
9.997E-05 9.997E-05 9.997E-05 0.9996 9.997E-05
9.9991E-05 0.0401112 0.250954 0.634855 0.07398
0.0324465 9.9991E-05 0.0411398 0.915301 0.0110122
0.531828 0.373692 9.9982E-05 0.0942794 9.9982E-05
0.214822 0.16635 0.347373 0.17194 0.0995141
0.249533 0.249518 0.382134 0.118716 9.9991E-05
0.431143 0.268206 0.137201 0.163351 9.9991E-05
0.220144 0.220296 0.447983 0.100436 0.0111412
0.384715 0.288672 0.197808 0.128705 9.9991E-05
0.188476 0.266877 0.443156 0.101391 9.9991E-05
0.277865 0.163007 0.299791 0.259237 9.9991E-05
0.153166 0.117317 0.474883 0.238432 0.0162022
0.274023 0.159927 0.297739 0.26821 9.9991E-05
0.288948 0.185001 0.437389 0.088562 9.9991E-05
0.0197805 0.834661 0.0375348 0.0213335 0.0866904
0.0148099 0.902809 9.9991E-05 0.0460077 0.0362729
9.9982E-05 0.965495 0.0112053 9.9982E-05 0.0230993
9.9982E-05 0.952317 0.0219384 9.9982E-05 0.0255449
9.9982E-05 0.890549 0.0296956 9.9982E-05 0.0795553
0.00206276 0.910795 0.00632322 0.080719 9.9991E-05
9.9982E-05 0.892322 0.0333558 0.0741224 9.9982E-05
0.0521803 0.895313 0.00430689 0.0113878 0.0368118
0.0102936 0.937273 0.0522337 9.9982E-05 9.9982E-05
9.9982E-05 0.895386 0.0463489 0.0580652 9.9982E-05
0.100344 0.615596 9.9982E-05 9.9982E-05 0.283859
0.0607546 0.614072 9.9982E-05 9.9982E-05 0.324974
0.202083 0.547405 9.9982E-05 9.9982E-05 0.250312
0.149841 0.501507 9.9982E-05 9.9982E-05 0.348452
0.12076 0.0965363 0.572222 0.0524555 0.158027
0.209043 0.00522165 0.674652 0.0255394 0.0855445
0.128295 0.0240706 0.6664 0.0156981 0.165537
0.193168 0.0268816 0.505435 9.9991E-05 0.274416
0.123112 9.9991E-05 0.279478 0.0205804 0.576729
0.193002 9.9982E-05 0.718461 0.0883366 9.9982E-05
0.163336 9.9991E-05 0.676488 0.0486246 0.111452
0.239538 9.9982E-05 0.705987 9.9982E-05 0.0542747
0.421947 9.9982E-05 0.577376 0.000476771 9.9982E-05
0.0570757 0.0194128 0.659685 0.114846 0.148981
0.230968 9.9982E-05 0.565434 9.9982E-05 0.203398
0.846227 9.9982E-05 0.0415087 9.9982E-05 0.112064
0.109237 0.0510287 0.620317 9.9991E-05 0.219318
0.577942 0.00961938 0.412238 9.9982E-05 9.9982E-05
0.274276 9.9991E-05 0.690211 0.0235077 0.0119051
0.42434 9.9982E-05 0.315485 9.9982E-05 0.259975
0.0864903 0.16295 0.0180612 9.9991E-05 0.732399
0.0778299 0.116051 0.0693603 9.9991E-05 0.736659
0.151651 0.021109 9.9982E-05 9.9982E-05 0.82704
0.0656985 0.142392 0.0148581 9.9991E-05 0.776952
0.0569046 0.0529168 0.0785805 0.021332 0.790266
9.9991E-05 0.0511039 0.0197375 0.103937 0.825122
9.9982E-05 0.885734 0.0887915 0.0252743 9.9982E-05
9.9991E-05 0.810375 0.0533241 0.0740052 0.0621957
9.9982E-05 0.75797 0.095811 0.146019 9.9982E-05
9.9991E-05 0.77076 0.058242 0.10811 0.0627875
9.9982E-05 0.811043 0.0765857 0.112171 9.9982E-05
0.0363396 0.380802 9.9982E-05 9.9982E-05 0.582659
0.135774 0.459694 9.9982E-05 9.9982E-05 0.404332
0.102071 0.44766 9.9982E-05 9.9982E-05 0.450069
9.9982E-05 0.838033 0.127624 0.0341428 9.9982E-05
0.0811734 0.391513 9.9982E-05 9.9982E-05 0.527113
0.106453 0.209518 0.249904 0.434024 9.9991E-05
0.0589403 0.168979 0.515567 0.242982 0.0135316
9.9982E-05 0.1959 0.501867 0.302033 9.9982E-05
0.0610317 0.278448 0.381046 0.245976 0.0334982
0.0333784 0.147407 0.462539 0.188318 0.168357
0.161343 0.495455 9.9982E-05 0.343002 9.9982E-05
0.0693174 0.0026375 0.523239 0.0475855 0.35722
0.346853 9.9991E-05 0.415895 0.0470582 0.190094
9.9991E-05 0.0740584 0.313022 0.0379816 0.574838
0.298859 9.9991E-05 0.509081 0.0248125 0.167147
0.789269 9.9973E-05 9.9973E-05 9.9973E-05 0.210431
0.110633 0.0969017 0.593959 0.0756916 0.122815
0.143464 0.0647391 0.581183 0.000539569 0.210074
0.0942389 0.0147556 0.492516 9.9991E-05 0.398389
0.0254503 0.123898 0.540463 0.0894449 0.220744
0.576527 9.9982E-05 0.186994 9.9982E-05 0.23628
0.320806 0.00929087 0.385746 0.122922 0.161235
9.9991E-05 0.0462111 0.544132 0.0895922 0.319965
0.172594 0.149431 0.421031 0.249261 0.00768303
0.35867 9.9991E-05 0.374012 0.0379492 0.229268
0.207928 9.9991E-05 0.497188 0.084731 0.210052
0.243688 0.00576038 0.541763 0.139313 0.0694755
0.214696 0.0448589 0.568006 0.0430433 0.129395
0.0266203 0.0152583 0.614851 0.146227 0.197043
0.123119 0.0548442 0.586769 0.166641 0.0686262
0.0822312 0.112299 0.64455 0.0498218 0.111098
9.9982E-05 0.762739 0.103506 0.133555 9.9982E-05
0.0204817 0.834078 0.0526648 0.0926759 9.9991E-05
0.0419517 0.771375 0.069778 0.0315756 0.0853196
0.0242352 0.830918 0.095961 0.0217332 0.0271524
9.9982E-05 0.843956 0.141489 0.0143547 9.9982E-05
0.146192 9.9991E-05 0.249698 0.0328448 0.571165
0.233337 0.000261666 0.444947 0.156986 0.16447
0.210369 0.160252 0.388025 0.206851 0.0345036
9.9982E-05 9.9982E-05 0.6847 0.137883 0.177217
0.10714 0.0577059 0.614954 9.9991E-05 0.2201
0.258252 9.9991E-05 0.24922 0.124848 0.36758
0.251369 0.140102 0.0196009 9.9991E-05 0.588828
0.077618 0.0429246 0.587628 0.0158378 0.275991
0.114645 0.0943102 0.191133 0.0754003 0.524511
0.192122 0.0679412 0.465837 0.0824578 0.191643
0.180059 0.105595 0.18333 0.0273462 0.50367
0.00844449 0.0859867 0.617407 0.113872 0.17429
0.131303 0.0906394 0.254092 0.00229846 0.521667
0.232366 0.0129203 0.292515 0.135181 0.327018
0.300439 0.045652 0.460943 0.0516166 0.14135
0.507189 0.0483274 0.296164 0.0310333 0.117286
0.203508 0.0916519 0.610663 0.0533406 0.0408364
0.161881 0.123689 0.592479 0.12185 9.9991E-05
0.478902 9.9982E-05 0.425701 9.9982E-05 0.0951964
0.219337 0.044813 0.547683 0.134884 0.0532826
0.207014 0.149083 0.63828 0.00552239 9.9991E-05
0.732526 9.9982E-05 0.136654 9.9982E-05 0.13062
0.623331 0.0219437 0.334247 9.9991E-05 0.0203788
0.327643 0.0454624 0.554573 0.0380157 0.0343052
0.593937 0.0247357 0.26344 9.9991E-05 0.117788
0.306796 9.9991E-05 0.443665 0.113794 0.135644
0.109632 9.9991E-05 0.210714 0.0266747 0.652879
0.362614 9.9991E-05 0.287382 0.0547237 0.295181
0.0804542 0.0300097 0.380656 0.103316 0.405565
9.9982E-05 9.9982E-05 0.590111 0.171926 0.237763
0.158347 9.9982E-05 0.344933 9.9982E-05 0.49652
0.247165 0.0209506 0.424976 0.169522 0.137386
9.9991E-05 0.0244469 0.578281 0.129208 0.267964
0.162438 0.0299235 0.43961 0.138193 0.229835
0.171913 9.9991E-05 0.465885 0.153817 0.208285
9.9991E-05 0.0815688 0.445422 0.0889565 0.383952
0.0791503 9.9991E-05 0.282502 0.100511 0.537737
0.0356783 9.9991E-05 0.363302 0.0968316 0.504088
0.0431557 9.9991E-05 0.655637 0.0911478 0.20996
0.0659193 9.9991E-05 0.576393 0.13598 0.221608
0.208452 0.0919468 0.459668 0.0471443 0.192789
0.123629 9.9991E-05 0.524777 0.103463 0.248031
0.0211108 0.0843914 0.394627 0.0715461 0.428325
0.0532618 0.0308967 0.641174 0.0456802 0.228987
0.103704 0.02646 0.626163 0.082441 0.161232
0.0106589 0.0573804 0.608693 0.186289 0.136979
9.9991E-05 0.383851 0.4464 0.151745 0.0179032
0.165715 0.138702 0.408548 0.286935 9.9991E-05
0.0947387 0.0998533 0.449929 0.259015 0.0964646
0.0576289 0.0276861 0.589198 0.201943 0.123545
0.0347909 0.240257 0.502865 0.221987 9.9991E-05
0.282573 9.9991E-05 0.505109 0.0159019 0.196317
0.0409227 0.145242 0.601099 0.157014 0.0557224
0.548831 0.25161 0.0151206 0.184338 9.9991E-05
0.0955681 0.115177 0.461363 0.253297 0.0745951
0.0812598 0.191898 0.509471 0.195933 0.0214382
9.9991E-05 0.0522566 0.571026 0.244543 0.132075
0.19218 0.241747 0.344935 0.143518 0.0776203
0.0558728 0.216491 0.547095 0.139621 0.04092
0.0802994 0.18817 0.473292 0.258138 9.9991E-05
0.310749 0.523078 9.9982E-05 0.165973 9.9982E-05
0.0516281 0.200413 0.547623 0.200237 9.9991E-05
0.0338206 0.152972 0.507261 0.277158 0.0287896
0.147801 0.0715023 0.565893 0.127624 0.08718
9.9982E-05 0.254958 0.523716 0.221125 9.9982E-05
0.0872968 0.153863 0.522028 0.169605 0.0672075
0.302997 9.9991E-05 0.474853 0.110788 0.111263
0.218681 0.00163774 0.575781 0.120109 0.0837911
0.762054 9.9982E-05 0.166267 9.9982E-05 0.0714788
0.795569 0.0154857 0.135099 9.9991E-05 0.0537457
0.242482 0.0853764 0.596003 0.0634574 0.0126804
0.137778 0.116791 0.319467 0.390274 0.03569
0.169256 0.0943179 0.313969 0.422358 9.9991E-05
0.279169 0.226986 0.130261 0.363485 9.9991E-05
0.095752 0.161896 0.367309 0.374943 9.9991E-05
0.715807 0.103662 0.0535788 0.126852 9.9991E-05
0.583367 0.0994935 0.137992 0.179047 9.9991E-05
0.114864 0.0106029 0.515191 0.24428 0.115061
0.300046 0.0508886 0.488578 0.147048 0.0134396
0.587797 0.0642645 0.184521 0.163318 9.9991E-05
0.140268 0.112167 0.61045 0.0883795 0.0487359
0.285995 0.0291048 0.536803 0.139307 0.00879109
0.117109 0.0703907 0.467248 0.178937 0.166315
0.505149 0.0457006 0.44895 9.9982E-05 9.9982E-05
0.467023 9.9991E-05 0.415619 0.0606814 0.0565773
0.285897 0.0481998 0.569276 0.0965272 9.9991E-05
0.365683 0.00749333 0.439588 0.109202 0.0780334
0.140144 0.113406 0.569105 0.162743 0.0146018
0.429006 0.0168405 0.536277 0.000684959 0.0171914
0.614885 9.9991E-05 0.342643 0.00490315 0.0374695
0.19173 0.00393813 0.733834 0.0703983 9.9991E-05
0.603295 9.9991E-05 0.275454 0.025374 0.0957774
0.363871 0.0808189 0.545084 0.0101266 9.9991E-05
0.178937 0.0456672 0.5779 0.128505 0.0689903
0.23923 0.0260503 0.464458 0.165851 0.10441
0.162164 0.217161 0.392821 0.181268 0.046586
0.0613352 0.11543 0.449129 0.214496 0.15961
0.142196 0.15936 0.396082 0.302261 9.9991E-05
0.122304 0.169055 0.224685 0.305174 0.178781
0.0117856 0.159423 0.53491 0.214457 0.0794235
0.154576 0.106018 0.459135 0.244744 0.0355274
0.61484 0.189249 9.9982E-05 0.195712 9.9982E-05
9.9991E-05 0.0766024 0.547312 0.261436 0.114549
0.440168 0.392069 9.9982E-05 0.167563 9.9982E-05
0.173567 0.0433405 0.518731 0.264262 9.9991E-05
0.749461 9.9973E-05 0.250239 9.9973E-05 9.9973E-05
0.924164 9.9973E-05 0.0755359 9.9973E-05 9.9973E-05
0.325021 9.9991E-05 0.61564 0.0214251 0.0378135
0.238901 0.0212967 0.669791 0.0699111 9.9991E-05
0.488013 9.9973E-05 0.511687 9.9973E-05 9.9973E-05
0.428078 9.9982E-05 0.529072 0.0426497 9.9982E-05
0.317528 9.9991E-05 0.611455 0.0641969 0.00672082
0.0353424 0.805611 0.110376 0.0485699 9.9991E-05
0.0196234 0.696931 9.9991E-05 0.125034 0.158312
9.9982E-05 0.892937 9.9982E-05 0.061034 0.0458294
9.9973E-05 0.961929 0.0377707 9.9973E-05 9.9973E-05
0.262009 0.0533758 0.614926 0.05835 0.0113398
0.207061 0.0594585 0.678945 0.023595 0.0309411
0.220685 0.0110477 0.661831 9.9991E-05 0.106336
0.0566659 0.0900234 0.601424 0.124058 0.127829
0.267026 0.102379 0.545781 0.0657953 0.019019
0.3655 0.0332817 0.427305 9.9991E-05 0.173814
0.153614 0.00521624 0.779947 0.0251587 0.0360637
0.461135 0.00460327 0.534061 9.9982E-05 9.9982E-05
0.0659519 0.26529 0.464766 0.170841 0.0331515
0.346011 9.9991E-05 0.503286 0.051994 0.0986085
0.309837 9.9982E-05 0.533727 9.9982E-05 0.156236
0.265825 0.00945341 0.677589 0.0200223 0.0271099
0.245407 0.0177597 0.675704 9.9991E-05 0.0610294
0.325286 9.9973E-05 0.674414 9.9973E-05 9.9973E-05
0.109136 0.0465841 0.817855 9.9991E-05 0.0263252
0.691441 9.9973E-05 0.308259 9.9973E-05 9.9973E-05
0.475626 9.9982E-05 0.42718 9.9982E-05 0.0969938
0.375436 0.0275541 0.480383 0.000968607 0.115659
0.883813 9.9973E-05 0.115887 9.9973E-05 9.9973E-05
0.233649 0.0631376 0.507383 0.0234016 0.172429
0.635527 9.9982E-05 0.318576 9.9982E-05 0.0456968
0.877196 9.9982E-05 0.0830056 9.9982E-05 0.0395985
0.117975 0.0488635 0.788904 9.9991E-05 0.0441581
0.441858 0.00903327 0.38835 9.9991E-05 0.16066
0.257324 9.9991E-05 0.560085 0.0713337 0.111158
0.187466 0.0677859 0.644761 0.0998871 9.9991E-05
0.192061 0.0165873 0.637056 9.9991E-05 0.154196
0.291892 9.9991E-05 0.284616 0.164879 0.258513
0.251387 9.9991E-05 0.659414 0.0470816 0.0420167
0.24347 0.065123 0.596094 0.0189384 0.076374
0.393203 9.9982E-05 0.551655 9.9982E-05 0.054942
0.260762 0.0883472 0.597201 0.0535897 9.9991E-05
0.0915804 0.66742 9.9982E-05 9.9982E-05 0.2408
0.0852543 0.791345 0.059486 9.9991E-05 0.0638144
0.0615762 0.814058 9.9982E-05 9.9982E-05 0.124166
0.0476125 0.804481 9.9982E-05 9.9982E-05 0.147707
9.9973E-05 0.721109 9.9973E-05 9.9973E-05 0.278591
0.366681 0.00341698 0.399963 9.9991E-05 0.229839
0.592623 9.9982E-05 0.32479 9.9982E-05 0.0823867
0.614073 9.9973E-05 0.385627 9.9973E-05 9.9973E-05
0.0961305 0.0957047 0.662415 0.0653915 0.0803583
0.0332429 0.0875279 0.585498 0.130131 0.1636
0.48296 9.9982E-05 0.505834 0.0110068 9.9982E-05
0.21973 0.00360501 0.723986 0.0475079 0.00517121
0.348454 0.0335704 0.598184 0.0196919 9.9991E-05
0.188833 0.0524769 0.676713 9.9991E-05 0.0818769
0.170194 0.0648483 0.756837 0.00771746 0.00040345
0.327422 9.9982E-05 0.472972 9.9982E-05 0.199406
0.30658 9.9982E-05 0.565788 9.9982E-05 0.127432
0.232872 9.9982E-05 0.493513 9.9982E-05 0.273414
0.14679 0.165915 0.655606 0.0288087 0.00287996
0.263248 0.00934051 0.634327 9.9991E-05 0.092985
0.204661 0.0887995 0.644686 9.9991E-05 0.0617534
0.0128357 0.0868837 0.397802 0.489616 0.0128627
0.0314112 0.102968 0.383016 0.482505 9.9991E-05
0.023754 0.125653 0.352596 0.497897 9.9991E-05
0.0533723 0.168008 0.27823 0.500289 9.9991E-05
0.0727753 0.118877 0.458329 0.349919 9.9991E-05
0.275085 0.0250406 0.645784 0.0539905 9.9991E-05
0.0517297 0.261909 9.9982E-05 0.686162 9.9982E-05
0.0201814 0.171465 0.277518 0.528067 0.00276811
0.35181 0.124262 0.300576 0.223251 9.9991E-05
0.133508 0.217736 0.648556 9.9982E-05 9.9982E-05
0.193674 0.210191 0.471028 0.0619109 0.0631962
0.175249 0.127609 0.575409 0.12111 0.000623594
0.0860454 0.116516 0.657506 0.0429469 0.0969856
9.9982E-05 0.214981 0.306741 0.478078 9.9982E-05
9.9991E-05 0.165151 0.421781 0.387786 0.0251829
0.00868402 0.0669715 0.392765 0.531479 9.9991E-05
0.0628981 0.0915214 0.301159 0.409078 0.135343
0.0335145 0.125026 0.232458 0.608902 9.9991E-05
0.108357 0.0654561 0.3556 0.438958 0.0316287
0.0536889 0.129526 0.252658 0.555627 0.00850059
0.0820421 0.132595 0.357497 0.389554 0.038312
0.286295 0.142727 0.468459 0.102419 9.9991E-05
0.0654825 0.130439 0.333453 0.415153 0.0554723
9.9982E-05 0.193653 0.157944 0.648203 9.9982E-05
0.00947153 0.134154 0.293666 0.423539 0.139169
0.281003 0.197366 0.305798 9.9991E-05 0.215734
0.164169 0.0128896 0.583904 0.126363 0.112675
0.00983704 0.206926 0.390911 0.353529 0.0387969
0.125076 0.102566 0.633565 0.0690641 0.0697283
0.174966 0.190875 0.543264 0.0147261 0.0761687
0.0956135 0.161567 0.407985 0.251296 0.0835383
0.111474 0.247526 0.316177 0.324723 9.9991E-05
0.124471 0.0961228 0.635225 0.114242 0.0299396
0.0597609 0.0807649 0.393519 0.464214 0.001742
9.9982E-05 0.112271 0.372822 0.514707 9.9982E-05
9.9982E-05 0.234549 0.111433 0.653818 9.9982E-05
0.161084 0.129998 0.588426 0.112584 0.00790812
0.254105 0.185928 0.52344 9.9991E-05 0.0364283
0.549349 0.208271 0.155625 0.0866554 9.9991E-05
0.0978364 0.134452 0.657036 0.0633652 0.0473108
0.206784 0.099766 0.466342 0.0845212 0.142587
0.00943821 0.268372 0.586381 0.0831683 0.0526409
0.204658 0.0877077 0.550671 0.119028 0.037935
0.42771 0.369671 9.9982E-05 0.202419 9.9982E-05
0.494023 0.322437 9.9982E-05 0.18334 9.9982E-05
0.320025 0.166883 0.324957 0.155106 0.0330298
0.376473 0.376049 0.038835 0.208543 9.9991E-05
0.292917 0.449916 9.9982E-05 0.256967 9.9982E-05
0.321638 0.147687 0.335264 0.195311 9.9991E-05
0.228754 0.168444 0.376811 0.222849 0.00314239
0.230501 0.330565 0.227651 0.211182 9.9991E-05
0.363061 0.323169 0.156329 0.157342 9.9991E-05
0.161604 0.178344 0.458151 0.201801 9.9991E-05
0.414449 0.265829 0.176197 0.143425 9.9991E-05
0.405767 0.471504 9.9982E-05 0.122529 9.9982E-05
0.0739095 0.0512592 0.364646 0.345857 0.164328
0.167691 0.232805 0.319961 0.278317 0.00122611
9.9991E-05 0.251194 0.492761 0.223201 0.0327446
9.9982E-05 0.192018 0.508143 0.299639 9.9982E-05
9.9982E-05 0.236496 0.58493 0.178374 9.9982E-05
0.0721613 0.204584 0.481607 0.225541 0.0161068
9.9982E-05 0.412059 0.388364 0.199377 9.9982E-05
0.0218232 0.220258 0.545375 0.212443 9.9991E-05
9.9982E-05 0.2274 0.445389 0.327011 9.9982E-05
0.156259 0.236963 0.276471 0.330207 9.9991E-05
0.246418 0.227268 0.325483 0.129205 0.0716257
0.0740763 0.181303 0.558177 0.159962 0.0264813
0.0989283 0.145413 0.564206 0.191353 9.9991E-05
0.147519 0.109845 0.558116 0.172526 0.0119939
0.0098386 0.368318 0.302777 0.305751 0.0133147
9.9991E-05 0.209595 0.479367 0.214091 0.096847
0.240366 0.402059 0.126407 0.231068 9.9991E-05
0.00675169 0.194758 0.564484 0.225185 0.0088218
0.210412 0.250322 0.163872 0.375295 9.9991E-05
0.0824586 0.796742 9.9982E-05 9.9982E-05 0.120599
0.0236946 0.0822715 0.123011 9.9991E-05 0.770923
9.997E-05 9.997E-05 9.997E-05 9.997E-05 0.9996
9.9973E-05 0.00646828 9.9973E-05 9.9973E-05 0.993232
9.9973E-05 9.9973E-05 9.9973E-05 0.00178575 0.997914
9.9991E-05 0.0254639 0.0678639 0.0103612 0.896211
9.9982E-05 9.9982E-05 0.0765517 0.0106584 0.91259
9.9973E-05 0.049479 9.9973E-05 9.9973E-05 0.950221
9.9973E-05 0.217697 9.9973E-05 9.9973E-05 0.782003
0.0214597 0.894507 0.0570172 0.0269163 9.9991E-05
9.9991E-05 0.802731 0.0453688 0.0304906 0.12131
9.9982E-05 0.936035 0.0148231 0.0489418 9.9982E-05
0.0288133 0.83324 0.0329383 9.9991E-05 0.104908
9.9982E-05 0.921986 0.0298628 0.0479511 9.9982E-05
9.9982E-05 0.895914 9.9982E-05 0.0113924 0.0924936
9.9991E-05 0.74652 0.0610196 0.131388 0.0609726
9.9982E-05 0.883357 0.0578196 0.0586238 9.9982E-05
9.9991E-05 0.729314 0.0486817 0.0777807 0.144124
9.9991E-05 0.920878 0.0058168 0.0705269 0.0026781
0.0197915 0.943036 9.9982E-05 9.9982E-05 0.0369725
0.0429084 0.825016 9.9991E-05 0.0845329 0.047443
9.9982E-05 0.968986 9.9982E-05 0.0121266 0.018688
9.9982E-05 0.933571 0.0427798 0.0234494 9.9982E-05
9.9982E-05 0.875229 0.0987057 0.0258655 9.9982E-05
9.9982E-05 0.817721 0.0873601 0.0947186 9.9982E-05
9.9982E-05 0.778809 0.0678865 0.153105 9.9982E-05
9.9982E-05 0.811391 0.152512 0.0358969 9.9982E-05
9.9982E-05 0.830273 0.139242 0.0302849 9.9982E-05
0.212878 0.205568 0.439375 0.0292876 0.112891
0.0983337 0.115128 0.745068 9.9991E-05 0.04137
0.0625036 0.182944 0.66831 0.0365935 0.0496496
0.732952 0.0796383 0.144676 0.0426341 9.9991E-05
0.0776022 0.136348 0.614856 0.0188409 0.152352
0.681557 0.189424 0.070258 0.0586613 9.9991E-05
9.9991E-05 0.106296 0.763953 0.0393682 0.0902826
0.216545 0.152995 0.487954 9.9991E-05 0.142406
0.169928 0.155665 0.621513 9.9991E-05 0.052795
0.168768 0.0778837 0.718553 9.9991E-05 0.0346954
0.19615 0.123734 0.46642 0.051152 0.162544
0.186667 0.160626 0.613681 0.0389265 9.9991E-05
0.10217 0.139517 0.672043 9.9991E-05 0.0861705
0.371265 9.9991E-05 0.142578 0.0503567 0.4357
0.830732 0.111365 9.9982E-05 9.9982E-05 0.0577026
0.60973 0.139928 0.205992 0.0229706 0.0213794
0.0951042 0.129151 0.593945 0.0743783 0.107422
0.186269 0.147242 0.610508 0.0324445 0.0235356
0.269738 0.128281 0.575168 0.0267126 9.9991E-05
0.163906 0.128965 0.594656 0.112374 9.9991E-05
9.9991E-05 0.255048 0.529996 0.179264 0.0355916
9.9982E-05 0.20758 0.661873 0.130347 9.9982E-05
0.126197 0.411364 0.184629 0.13447 0.143339
0.0525727 0.156669 0.600622 0.0851929 0.104943
0.073701 0.295039 0.384978 0.166931 0.0793508
0.386135 0.44121 9.9982E-05 0.172456 9.9982E-05
0.141286 0.241461 0.301383 0.31577 9.9991E-05
9.9991E-05 0.381508 0.395219 0.169741 0.0534312
9.9991E-05 0.356461 0.421767 0.119797 0.101875
0.0174356 0.0957918 0.506823 0.3038 0.07615
9.9991E-05 0.18729 0.558873 0.202278 0.0514588
9.9991E-05 0.133381 0.645041 0.194291 0.0271878
0.196166 0.22462 0.357565 0.211514 0.0101339
0.0230317 0.493844 0.328645 0.154379 9.9991E-05
