0.00517051 9.9982E-05 9.9982E-05 0.0480904 0.0392861 0.890715 0.0165378
9.9964E-05 0.0382406 0.0560618 9.9964E-05 9.9964E-05 0.905298 9.9964E-05
0.0980323 0.0189643 9.9982E-05 0.0134565 0.0442339 0.825113 9.9982E-05
0.0172636 0.115263 9.9973E-05 9.9973E-05 0.103705 0.763468 9.9973E-05
9.9964E-05 9.9964E-05 0.0606866 9.9964E-05 0.0585773 0.880336 9.9964E-05
9.9982E-05 0.0900012 0.160519 9.9982E-05 0.0661405 0.622502 0.0606374
9.9973E-05 0.025958 0.118772 9.9973E-05 0.00248287 0.852487 9.9973E-05
9.9973E-05 0.0954638 0.156521 9.9973E-05 0.0169826 0.730732 9.9973E-05
9.9982E-05 0.0789621 0.0198765 0.115813 9.9982E-05 0.73526 0.0498882
9.9964E-05 9.9964E-05 0.174942 9.9964E-05 0.118794 0.705864 9.9964E-05
9.999E-05 0.0804233 0.121651 0.000278205 0.000199956 0.760681 0.0366657
0.21302 0.43432 9.9973E-05 9.9973E-05 0.103741 9.9973E-05 0.248619
0.51466 0.282195 0.00950251 0.0154584 0.08243 9.9991E-05 0.0956541
0.256862 0.459701 0.0228635 0.0741346 0.0607459 9.9991E-05 0.125593
0.272917 0.272822 0.101567 0.0710313 0.161655 9.9991E-05 0.119907
0.229188 0.219484 0.0805984 9.9991E-05 0.207638 0.0885042 0.174487
0.537502 0.141015 0.0481404 0.16363 0.0961785 0.0134339 9.9991E-05
0.399854 0.208957 0.027518 0.0830334 0.0978127 9.9991E-05 0.182725
0.259516 0.244981 9.9991E-05 0.130075 0.0623108 0.0914078 0.211609
9.9982E-05 0.614339 0.104072 9.9982E-05 0.0923229 0.0540168 0.13505
0.424726 0.256678 0.0251321 0.0206924 0.040056 0.0387812 0.193935
0.455102 0.154872 0.148389 0.140708 0.0600419 9.9991E-05 0.040787
0.574574 0.164299 9.9991E-05 0.0124307 0.0323602 0.0728161 0.14342
0.225887 0.280514 0.0519761 0.0108544 0.16265 0.0203712 0.247747
0.662531 0.0921215 0.0321379 0.0763494 0.0214501 0.085246 0.030164
0.559435 0.286472 9.9973E-05 0.0799933 0.0737993 9.9973E-05 9.9973E-05
0.154499 0.513746 9.9982E-05 9.9982E-05 0.122361 0.0399066 0.169288
0.205125 0.395632 9.9982E-05 0.0518765 0.176885 9.9982E-05 0.170282
0.187023 0.419338 0.185244 0.0205535 0.0516549 0.0120212 0.124165
0.109818 9.9964E-05 9.9964E-05 9.9964E-05 0.0728472 0.816935 9.9964E-05
0.108489 9.9964E-05 9.9964E-05 9.9964E-05 0.0492497 0.841861 9.9964E-05
0.121671 0.0549296 9.9973E-05 9.9973E-05 0.063893 0.759207 9.9973E-05
0.138904 9.9982E-05 9.9982E-05 0.0168029 0.0380564 0.749888 0.056149
0.495382 0.0896585 0.0994415 9.9991E-05 0.0395275 0.0572534 0.218637
0.406132 0.0038948 9.9982E-05 9.9982E-05 0.127817 0.136041 0.325916
0.572245 9.9973E-05 0.0498491 9.9973E-05 0.0248783 9.9973E-05 0.352728
0.157656 0.547127 9.9982E-05 0.0423448 9.9982E-05 0.088347 0.164325
0.204636 9.9973E-05 9.9973E-05 9.9973E-05 0.0747283 0.0522413 0.668094
0.510739 0.0812809 0.0423993 9.9982E-05 9.9982E-05 0.103809 0.261572
0.720962 9.9991E-05 0.105981 0.0579847 0.00975346 0.044966 0.0602524
0.577185 0.0399631 0.0643272 0.00961667 0.0349216 0.129778 0.144209
0.5811 0.0641977 0.0477585 9.9982E-05 9.9982E-05 0.144188 0.162557
0.0944082 0.108359 9.9982E-05 0.0714507 9.9982E-05 0.0210959 0.704486
0.653011 0.0068931 0.0777302 0.125024 0.010255 0.0619063 0.0651798
0.523697 0.00518164 0.0275031 0.0296291 0.0637853 0.0392399 0.310964
0.677468 0.000562169 9.9991E-05 0.161229 0.01293 0.0913315 0.0563799
0.320746 0.00742524 0.0576681 9.9973E-05 9.9973E-05 9.9973E-05 0.61386
0.578833 9.9982E-05 9.9982E-05 0.087273 0.0358031 0.00245693 0.295434
0.55201 0.0498081 0.0811804 0.0928482 9.9991E-05 0.0968487 0.127205
9.9964E-05 9.9964E-05 0.0647178 0.217594 9.9964E-05 9.9964E-05 0.717289
0.127812 0.49571 0.0673876 0.0541749 0.0144361 9.9991E-05 0.240378
0.0173741 0.159893 0.236519 0.252528 9.9982E-05 9.9982E-05 0.333485
0.587156 0.184129 0.0804307 0.0198716 0.09282 0.0239294 0.0116632
0.661349 0.0439879 0.0618572 0.0203378 0.0755583 0.13681 9.9991E-05
0.63402 0.156254 0.0159354 0.108456 9.9982E-05 9.9982E-05 0.085135
0.184999 0.316906 0.143113 0.119447 9.9991E-05 0.047499 0.187935
0.53842 0.275903 0.117299 0.0396127 0.00718283 9.9991E-05 0.0214826
0.571866 0.150849 0.0264183 0.0980916 0.0497946 0.0343816 0.0685996
0.394292 0.16354 0.118633 0.0173457 9.9991E-05 0.118065 0.188025
0.0424274 0.328617 0.116793 0.202628 0.0129587 0.12987 0.166706
0.518849 0.0952839 0.0486148 0.103194 9.9991E-05 0.0621229 0.171836
0.406216 0.27573 0.0235678 0.209202 0.0258482 9.9991E-05 0.0593355
0.0210529 0.487016 0.0903175 0.155653 9.9982E-05 9.9982E-05 0.24576
0.507037 0.263608 9.9973E-05 0.117898 9.9973E-05 9.9973E-05 0.111156
0.654552 0.0933805 0.15176 0.0122106 0.054757 9.9991E-05 0.0332399
0.531608 0.230003 0.00168232 0.0904943 0.00800346 0.0318705 0.106338
0.354337 0.264252 0.0956844 0.0788074 9.9991E-05 0.00596851 0.200851
0.4624 0.20344 0.0555651 0.0753334 0.0941913 9.9991E-05 0.10897
0.625457 0.193351 9.9973E-05 0.0516688 9.9973E-05 9.9973E-05 0.129223
0.18112 0.341999 0.0809903 0.151836 9.9982E-05 9.9982E-05 0.243855
0.553393 0.0407207 9.9973E-05 0.06108 9.9973E-05 9.9973E-05 0.344507
0.16766 0.146258 9.9964E-05 9.9964E-05 9.9964E-05 9.9964E-05 0.685682
0.536923 0.100226 0.0136624 0.109205 9.9991E-05 0.0437209 0.196162
9.9964E-05 9.9964E-05 0.00941876 0.106296 9.9964E-05 9.9964E-05 0.883885
9.9973E-05 0.0329091 0.125431 0.0460546 9.9973E-05 9.9973E-05 0.795306
0.247308 0.005887 9.9973E-05 0.0197722 9.9973E-05 9.9973E-05 0.726732
0.440057 0.106936 9.9991E-05 0.0216008 0.00521595 0.000545416 0.425545
0.60661 0.0488417 0.0239335 0.0461341 0.00695235 0.136759 0.130769
0.452502 0.0268873 9.9991E-05 0.0254258 0.0256052 0.0532593 0.41622
0.111887 0.142651 9.9982E-05 9.9982E-05 0.0557662 0.0344223 0.655074
0.182469 0.25258 9.9973E-05 9.9973E-05 9.9973E-05 0.0412616 0.52339
0.571836 9.9982E-05 9.9982E-05 0.0349334 0.0243791 0.106743 0.261908
0.20856 0.0907133 9.9973E-05 9.9973E-05 0.0571718 9.9973E-05 0.643255
0.46584 0.123023 0.0182707 9.9982E-05 9.9982E-05 0.00498427 0.387683
0.37085 9.9973E-05 0.0135047 0.0315847 9.9973E-05 9.9973E-05 0.583761
9.9964E-05 9.9964E-05 0.237048 0.0875903 9.9964E-05 9.9964E-05 0.674961
0.672453 0.112654 0.0089908 0.0288158 0.0368371 9.9991E-05 0.140149
0.0670226 0.0835925 9.9973E-05 9.9973E-05 0.0573737 0.791711 9.9973E-05
0.0929026 9.9955E-05 9.9955E-05 9.9955E-05 9.9955E-05 0.906598 9.9955E-05
0.0632172 9.9973E-05 9.9973E-05 0.0737985 0.0448257 0.817859 9.9973E-05
0.0148082 9.9973E-05 9.9973E-05 0.160583 0.0101408 0.814168 9.9973E-05
0.0484954 9.9982E-05 0.00376274 0.0283308 0.0382697 0.880941 9.9982E-05
0.0388552 9.9982E-05 9.9982E-05 0.0904515 0.0447327 0.812173 0.0135872
0.0506722 9.9964E-05 9.9964E-05 0.0914631 9.9964E-05 0.857465 9.9964E-05
0.466288 0.042133 9.9991E-05 0.0174983 0.0924823 0.136365 0.245133
0.448603 0.0665174 9.9982E-05 9.9982E-05 0.0700249 0.175079 0.239576
0.00537541 0.0688746 0.0181297 0.00089288 9.9991E-05 0.0223185 0.884309
0.54011 0.12758 0.0643673 0.114869 0.119754 0.0062233 0.027097
0.405054 0.121984 9.9973E-05 9.9973E-05 9.9973E-05 0.0713293 0.401332
0.538006 9.9964E-05 9.9964E-05 9.9964E-05 9.9964E-05 0.118929 0.342665
0.571315 0.0119341 0.0497911 9.9982E-05 9.9982E-05 0.105123 0.261636
0.477273 9.9973E-05 0.0761692 9.9973E-05 0.0919212 9.9973E-05 0.354336
9.9964E-05 0.254186 9.9964E-05 9.9964E-05 9.9964E-05 0.0323836 0.713031
0.575437 0.0605867 9.9991E-05 0.194353 0.030962 0.0970348 0.0415264
0.619521 0.0647654 0.0504295 0.0463368 0.0236461 0.0702313 0.12507
0.472363 9.9991E-05 0.0934669 0.0336694 0.170069 0.063678 0.166654
0.298545 9.9973E-05 0.0466482 0.0761943 9.9973E-05 9.9973E-05 0.578312
0.460044 9.9973E-05 0.0420442 9.9973E-05 0.0337138 9.9973E-05 0.463898
0.363788 0.0511568 0.0394233 9.9991E-05 0.0796688 0.0850069 0.380856
0.165683 9.9964E-05 9.9964E-05 9.9964E-05 0.184155 9.9964E-05 0.649762
0.390407 0.108839 9.9973E-05 9.9973E-05 9.9973E-05 0.0851747 0.415279
0.555923 0.0630328 0.0376802 0.0369098 9.9991E-05 0.150572 0.155782
0.190462 0.363735 0.0714116 0.156084 0.0416657 9.9991E-05 0.176542
0.452909 0.264734 0.0367322 0.147058 9.9991E-05 0.0435615 0.0549056
0.589169 0.142407 0.0814867 0.00966743 0.0197041 0.157465 9.9991E-05
0.587106 0.152573 0.0117547 9.9982E-05 9.9982E-05 0.127785 0.120581
0.465997 0.374705 9.9973E-05 0.0466328 9.9973E-05 9.9973E-05 0.112366
0.534786 0.343759 9.9982E-05 9.9982E-05 0.0807551 0.0149912 0.0255092
0.533373 0.39546 9.9973E-05 0.0609121 9.9973E-05 0.00995418 9.9973E-05
0.519162 0.214571 0.0880384 0.0888384 9.9991E-05 0.0301307 0.0591595
0.603254 0.224639 0.00611387 0.0424108 0.067492 9.9991E-05 0.05599
0.621914 0.192042 0.144957 9.9973E-05 9.9973E-05 0.0407869 9.9973E-05
0.541716 0.346581 0.0387343 0.0409564 9.9982E-05 9.9982E-05 0.0318123
0.563828 0.131771 0.150928 0.0920256 0.0115999 9.9991E-05 0.0497481
0.457524 0.047706 0.0334547 0.0427467 0.143407 0.140353 0.134808
0.484996 0.225284 9.9982E-05 9.9982E-05 0.076729 0.00692586 0.205865
0.47172 0.0756267 0.172026 0.0958629 0.145418 0.0392457 9.9991E-05
0.469942 0.218126 0.0934268 9.9982E-05 0.10175 9.9982E-05 0.116555
0.447943 0.249254 0.0852144 0.197047 9.9982E-05 0.020342 9.9982E-05
0.566996 0.192799 0.0335014 0.00237917 0.105557 9.9991E-05 0.0986673
0.756595 0.132954 0.0346096 0.0659249 9.9982E-05 9.9982E-05 0.0097165
0.176719 0.389351 0.0538133 0.0789508 0.0679451 9.9991E-05 0.233122
0.162367 0.237891 0.227549 0.186104 0.00425735 9.9991E-05 0.181732
0.539868 0.211555 0.0538203 9.9991E-05 0.0136336 0.0465576 0.134466
0.0145706 0.337667 0.267064 0.0615469 0.0925945 9.9991E-05 0.226458
0.296174 0.466786 0.0865546 0.00700867 9.9991E-05 0.0680008 0.0753756
0.336807 0.276571 0.0931964 9.9991E-05 0.0207671 0.0062798 0.266279
0.365475 0.403655 9.9982E-05 0.0272606 9.9982E-05 0.0758516 0.127558
0.267117 0.442809 0.0546238 0.0366673 0.0540659 9.9991E-05 0.144617
0.64843 0.167836 0.113866 9.9973E-05 9.9973E-05 0.0695675 9.9973E-05
0.570166 0.105499 9.9991E-05 0.0136842 0.0489614 0.129287 0.132302
0.488969 0.185253 9.9991E-05 0.00601612 0.0550288 0.0672454 0.197389
0.175563 0.369318 0.0848326 0.181333 9.9982E-05 9.9982E-05 0.188753
0.508957 0.0233784 0.0582262 0.107567 0.0505433 0.116741 0.134588
0.494009 0.0950283 0.18529 0.0111398 0.135122 0.0177241 0.0616874
9.9982E-05 0.14448 0.363519 0.287509 9.9982E-05 0.0482581 0.156033
0.661637 0.0156469 0.155835 0.0803587 9.9991E-05 0.0677316 0.0186904
0.378218 0.0466117 0.211619 0.179714 0.0135058 9.9991E-05 0.170232
0.539375 0.0354365 0.178977 0.164391 0.00565761 0.0263102 0.0498521
0.252056 0.168593 0.235558 0.167113 9.9991E-05 0.0547456 0.121835
0.196772 0.131503 0.464023 0.0474074 9.9991E-05 0.0680866 0.0921081
0.45595 0.123758 0.271892 0.0819898 9.9991E-05 0.0531882 0.0131214
0.484655 0.132399 0.139029 0.0419918 0.0342175 0.118963 0.0487438
0.460397 0.101957 0.225365 0.0259745 9.9991E-05 0.130675 0.0555325
0.0173908 0.131056 0.207005 0.261259 0.116878 9.9991E-05 0.266311
0.459229 0.025466 0.119872 0.015158 0.0720031 0.16476 0.143511
0.378408 0.108384 0.19908 0.0901826 9.9982E-05 9.9982E-05 0.223745
0.451767 0.105303 0.16353 0.0308496 0.0338359 9.9991E-05 0.214615
0.483133 0.104746 0.162049 9.9991E-05 0.0668452 0.123124 0.0600034
0.179932 0.0405664 0.0318154 0.281575 0.206904 0.2036 0.0556067
9.9973E-05 9.9973E-05 0.0506088 0.498636 0.103179 0.347276 9.9973E-05
9.9973E-05 9.9973E-05 0.146468 0.50763 0.10605 0.239553 9.9973E-05
0.0912872 0.0293303 9.9982E-05 0.353006 0.282622 0.243555 9.9982E-05
0.620393 9.9964E-05 0.337826 9.9964E-05 9.9964E-05 9.9964E-05 0.0413815
0.606892 0.018856 0.231554 9.9982E-05 0.0303476 0.11215 9.9982E-05
0.244966 9.9964E-05 9.9964E-05 9.9964E-05 0.727093 9.9964E-05 0.0275418
0.231346 0.106969 0.0158304 9.9982E-05 0.51565 9.9982E-05 0.130004
0.284133 0.0899818 0.0071239 0.0221042 0.421771 0.0145692 0.160317
0.274193 9.9982E-05 0.451325 0.0522071 0.0313345 9.9982E-05 0.190741
0.556083 9.9991E-05 0.168578 0.163067 0.0487548 0.0496383 0.0137787
0.195515 9.9964E-05 0.670957 0.133129 9.9964E-05 9.9964E-05 9.9964E-05
0.603734 9.9973E-05 0.279109 0.107396 9.9973E-05 9.9973E-05 0.00946136
0.498372 0.0330321 0.394568 0.0393568 0.00780114 0.0142131 0.0126573
0.558831 0.0424287 0.264246 0.000287883 0.0100356 0.124071 9.9991E-05
0.192076 9.9973E-05 0.502421 0.16361 9.9973E-05 9.9973E-05 0.141593
0.567691 0.00890752 0.101345 0.0129547 0.137164 0.0457283 0.126209
0.564224 9.9982E-05 0.242658 9.9982E-05 0.0246431 0.0768318 0.0914428
9.9964E-05 9.9964E-05 0.0154662 9.9964E-05 0.931097 9.9964E-05 0.0530369
0.0527225 9.9964E-05 0.0162057 9.9964E-05 0.930672 9.9964E-05 9.9964E-05
0.10521 9.9982E-05 0.00976931 9.9982E-05 0.695487 0.0516975 0.137636
0.267915 0.031115 9.9964E-05 9.9964E-05 0.70057 9.9964E-05 9.9964E-05
0.126399 0.0200378 0.0258189 0.0621152 0.765429 9.9982E-05 9.9982E-05
9.9955E-05 9.9955E-05 9.9955E-05 0.0114964 0.988004 9.9955E-05 9.9955E-05
9.9973E-05 0.0169746 0.00304693 9.9973E-05 0.979474 0.000204297 9.9973E-05
0.0802712 9.9955E-05 9.9955E-05 9.9955E-05 0.919229 9.9955E-05 9.9955E-05
0.017237 0.0290466 9.9964E-05 9.9964E-05 0.953317 9.9964E-05 9.9964E-05
9.995E-05 9.995E-05 9.995E-05 9.995E-05 0.9994 9.995E-05 9.995E-05
9.995E-05 9.995E-05 9.995E-05 9.995E-05 0.9994 9.995E-05 9.995E-05
0.154511 0.0187871 9.9982E-05 9.9982E-05 0.732493 0.0540358 0.0399729
0.126504 0.0036653 9.9982E-05 9.9982E-05 0.814061 0.0276543 0.0279152
9.9955E-05 9.9955E-05 9.9955E-05 9.9955E-05 0.958771 9.9955E-05 0.0407288
0.435168 0.0572186 0.0339011 0.0561799 0.299055 0.0693623 0.0491144
0.226028 0.0971236 0.000969746 0.0164486 0.633447 0.0258834 9.9991E-05
0.0911841 0.061954 9.9973E-05 0.042614 0.803948 9.9973E-05 9.9973E-05
0.0893428 0.0334164 9.9973E-05 9.9973E-05 0.86917 0.00777122 9.9973E-05
0.0667637 9.9955E-05 9.9955E-05 9.9955E-05 0.932736 9.9955E-05 9.9955E-05
0.0199275 9.9964E-05 9.9964E-05 0.0692699 0.910403 9.9964E-05 9.9964E-05
9.995E-05 9.995E-05 9.995E-05 9.995E-05 0.9994 9.995E-05 9.995E-05
0.234583 0.0139532 9.9982E-05 9.9982E-05 0.57257 0.159925 0.0187698
9.9982E-05 0.0197905 0.0318867 9.9982E-05 0.898511 0.0443954 0.00521678
9.9982E-05 9.9982E-05 0.36752 0.362921 0.000135598 0.248292 0.0209315
0.472378 0.117928 0.0856146 0.185695 0.00494065 0.133343 9.9991E-05
0.487891 0.0119478 0.176736 0.0686874 0.00744084 0.199091 0.0482062
0.197998 0.0636165 0.188906 0.350667 0.0603345 0.138378 9.9991E-05
0.397963 0.0365868 0.174584 0.11857 0.168037 0.104159 9.9991E-05
0.226402 9.9991E-05 0.278635 0.228607 0.0618656 0.17536 0.0290305
0.441486 0.104803 0.0637899 0.127476 0.029581 0.160296 0.0725689
0.270017 9.9991E-05 0.285306 0.256937 0.133057 0.0521445 0.00243857
0.395733 9.9991E-05 0.145465 0.0884481 0.16645 0.182967 0.0208375
0.454872 9.9982E-05 0.155383 0.21492 0.0932529 0.0813719 9.9982E-05
0.463634 0.0496909 0.118086 0.113013 0.0758061 0.17967 9.9991E-05
0.0722781 0.0727784 0.00284421 0.0942818 9.9982E-05 0.757618 9.9982E-05
9.9964E-05 9.9964E-05 9.9964E-05 0.151976 0.027801 0.819823 9.9964E-05
9.9964E-05 0.0227883 9.9964E-05 0.0820162 9.9964E-05 0.894796 9.9964E-05
0.0251521 0.00385739 9.9973E-05 0.0686251 9.9973E-05 0.902066 9.9973E-05
0.0409245 0.0429361 9.9973E-05 0.125932 9.9973E-05 0.789907 9.9973E-05
9.9964E-05 9.9964E-05 9.9964E-05 0.102623 0.0396907 0.857287 9.9964E-05
0.0546203 9.9964E-05 9.9964E-05 9.9964E-05 0.0721731 0.872807 9.9964E-05
0.0280212 9.9973E-05 0.0634415 0.0648315 9.9973E-05 0.843406 9.9973E-05
0.0474288 9.9973E-05 9.9973E-05 0.0961989 9.9973E-05 0.835101 0.0209718
9.9973E-05 0.00346917 9.9973E-05 0.173149 0.0633288 0.759753 9.9973E-05
9.9973E-05 0.219016 9.9973E-05 0.00853228 9.9973E-05 0.617093 0.155059
9.9964E-05 0.327992 9.9964E-05 9.9964E-05 9.9964E-05 0.598589 0.0730193
9.9982E-05 0.28212 0.0266912 0.106102 9.9982E-05 0.473637 0.111251
9.9973E-05 0.313339 0.0486501 9.9973E-05 9.9973E-05 0.513612 0.124098
0.533524 0.124255 0.0313122 9.9991E-05 0.0123165 0.00939609 0.289096
0.44555 9.9982E-05 0.0376166 9.9982E-05 0.0325731 0.0863597 0.3977
0.517609 0.170683 0.073668 0.00407652 0.0365815 0.0316359 0.165746
0.381874 0.220599 9.9973E-05 0.079723 9.9973E-05 9.9973E-05 0.317504
0.16333 0.569213 0.037799 9.9973E-05 9.9973E-05 9.9973E-05 0.229358
0.591303 0.0124398 0.0594543 9.9991E-05 0.0388709 0.0757777 0.222055
0.473246 0.0989944 0.0267201 9.9982E-05 0.0474003 9.9982E-05 0.35344
0.497409 0.0679108 0.163731 0.00209501 0.0576077 9.9991E-05 0.211146
0.215814 9.9973E-05 0.117118 9.9973E-05 0.102493 9.9973E-05 0.564275
0.712131 0.122938 0.0521893 0.0393603 0.000429947 0.0185591 0.0543928
0.411649 0.100303 0.093948 9.9973E-05 9.9973E-05 9.9973E-05 0.3938
9.9964E-05 0.0948566 0.273856 9.9964E-05 9.9964E-05 9.9964E-05 0.630887
0.550208 0.171237 0.17021 0.0391086 0.00434829 0.0252236 0.0396641
0.287339 9.9973E-05 0.160899 0.133966 9.9973E-05 9.9973E-05 0.417497
0.478062 9.9973E-05 0.0317296 0.0817535 9.9973E-05 9.9973E-05 0.408155
0.121856 0.206799 0.049147 9.9982E-05 9.9982E-05 0.0223456 0.599652
0.0130239 0.690473 0.163717 9.9973E-05 9.9973E-05 0.132486 9.9973E-05
0.0421516 0.58509 0.242124 9.9973E-05 9.9973E-05 0.130334 9.9973E-05
9.9964E-05 0.722966 0.205474 9.9964E-05 9.9964E-05 0.0711599 9.9964E-05
9.9973E-05 0.641627 0.218361 9.9973E-05 9.9973E-05 0.127343 0.0123686
0.0253255 0.726319 0.174252 9.9982E-05 0.0134683 0.0604352 9.9982E-05
0.0870816 0.694216 0.107179 9.9982E-05 0.0282701 0.0830539 9.9982E-05
0.0681312 9.9982E-05 9.9982E-05 0.0367516 0.0503027 0.834978 0.00963647
0.0845981 0.0676133 9.9982E-05 0.0326351 0.0222059 0.792748 9.9982E-05
0.148574 9.9982E-05 0.0168164 0.00134794 0.110161 0.722901 9.9982E-05
0.0121732 0.0742009 9.9982E-05 0.0491146 0.163949 0.700362 9.9982E-05
0.0886877 0.00700795 9.9982E-05 0.00877042 0.116398 0.778936 9.9982E-05
9.9982E-05 0.548423 0.00129526 0.052819 9.9982E-05 0.373212 0.0240508
9.9982E-05 0.436936 0.0656977 0.034793 9.9982E-05 0.426419 0.0359538
9.9982E-05 0.405537 0.0835378 9.9982E-05 0.0177228 0.411913 0.0810894
0.148505 0.00201917 9.9973E-05 9.9973E-05 0.0269267 0.822249 9.9973E-05
9.9982E-05 0.488402 0.0152491 0.021637 9.9982E-05 0.381077 0.0934348
0.308714 9.9973E-05 9.9973E-05 0.354543 0.26919 0.0672535 9.9973E-05
0.557855 0.040315 0.0649832 9.9991E-05 0.208845 0.126404 0.00149799
0.530323 0.00564256 9.9973E-05 9.9973E-05 0.236039 0.227696 9.9973E-05
0.410681 9.9982E-05 0.0648549 0.170583 0.137416 0.216265 9.9982E-05
0.304483 0.023308 0.0859766 0.00590673 0.254209 0.133536 0.192581
0.0103582 9.9982E-05 0.00701429 0.446137 0.256713 0.279578 9.9982E-05
0.447558 0.27947 0.13435 0.0341709 9.9982E-05 9.9982E-05 0.104251
0.362313 0.179287 0.236316 0.0943576 0.0158208 9.9991E-05 0.111806
0.314961 0.539665 0.0374509 9.9982E-05 9.9982E-05 0.0958565 0.0118666
0.469538 0.19225 0.285686 0.0239451 0.00694399 9.9991E-05 0.0215363
9.9973E-05 0.126831 0.490575 0.128665 9.9973E-05 9.9973E-05 0.25363
0.514613 0.136265 0.0752457 0.0745943 0.0442728 0.0408752 0.114134
0.514014 0.183016 0.214244 9.9973E-05 9.9973E-05 0.0884255 9.9973E-05
0.377959 0.404883 9.9982E-05 0.0521747 9.9982E-05 0.0220613 0.142722
0.532924 0.221887 0.0761393 0.0506837 0.0810259 0.0372397 9.9991E-05
0.12549 0.211735 0.227838 0.183081 9.9982E-05 9.9982E-05 0.251656
0.470007 0.111428 0.293605 0.0180496 0.0455344 9.9991E-05 0.0612762
0.548741 0.275778 0.107248 9.9982E-05 0.0346155 9.9982E-05 0.0334166
0.455309 0.0788575 0.0227323 0.127564 0.0718622 0.148114 0.0955604
0.439759 0.257607 0.233804 0.0685306 9.9973E-05 9.9973E-05 9.9973E-05
0.486479 0.263464 0.0403085 0.0696551 9.9991E-05 0.0187536 0.121239
0.604324 0.0753214 0.166228 0.0297727 0.00807245 9.9991E-05 0.116182
0.569427 0.168768 0.209118 9.9973E-05 9.9973E-05 9.9973E-05 0.0523876
0.534556 0.139372 0.0948458 0.0435725 0.0440069 0.0638319 0.0798147
0.600388 0.193924 9.9991E-05 0.0189484 0.0314524 0.0636351 0.0915511
0.503043 0.147028 0.0907705 0.0719252 9.9991E-05 0.0625688 0.124564
0.145096 9.9964E-05 9.9964E-05 9.9964E-05 0.0832329 0.771271 9.9964E-05
0.0526122 9.9991E-05 0.0259436 0.0178301 0.0464922 0.819806 0.0372156
0.0663045 0.0963252 9.9973E-05 0.151093 9.9973E-05 0.685978 9.9973E-05
9.9991E-05 0.0271611 0.05705 0.00921868 0.0444664 0.811905 0.0500989
0.0945631 9.9964E-05 9.9964E-05 9.9964E-05 0.0664081 0.838629 9.9964E-05
0.190834 0.530588 9.9973E-05 0.11831 9.9973E-05 9.9973E-05 0.159967
0.497778 0.149649 0.132786 0.125891 0.0168373 0.0432931 0.0337653
0.252574 9.9991E-05 0.0469662 0.058381 0.295383 0.15652 0.190075
0.729672 0.175083 0.0386054 0.0563392 9.9973E-05 9.9973E-05 9.9973E-05
0.539083 0.209385 9.9982E-05 0.0554359 9.9982E-05 0.0439366 0.151959
0.277934 0.259157 0.239023 0.176302 0.0473848 9.9982E-05 9.9982E-05
0.0110665 0.618249 9.9982E-05 0.179869 9.9982E-05 0.0447638 0.145851
0.52918 0.306154 9.9982E-05 0.0703729 0.0143688 9.9982E-05 0.0797244
0.127173 0.482395 0.21239 9.9991E-05 0.0443139 0.0810147 0.0526132
0.287478 0.1367 0.210412 0.086925 0.0712244 0.0420377 0.165223
0.0885784 0.45113 0.0750954 0.0924501 9.9991E-05 0.121878 0.170768
0.538677 0.14015 9.9991E-05 0.0192275 0.0907465 0.101229 0.10987
0.203418 0.524696 9.9982E-05 0.065357 9.9982E-05 0.067663 0.138666
0.305354 0.245588 0.264999 0.0476191 0.0469853 0.0562267 0.0332274
0.471514 0.123984 0.251965 0.0149989 9.9991E-05 0.0677461 0.0696921
0.297004 0.050248 0.553996 0.0857478 9.9982E-05 0.0128041 9.9982E-05
0.597771 0.0356009 0.211762 0.0936314 9.9991E-05 0.00655432 0.0545799
0.570754 0.0153613 0.104296 0.140945 9.9991E-05 0.0896413 0.0789018
0.350193 0.071124 0.487537 0.0899666 9.9982E-05 9.9982E-05 0.000979376
0.444665 0.0860431 0.193598 0.0602865 0.0697356 0.0526732 0.0929988
0.56151 0.0625593 0.257158 0.08675 0.00192793 0.0299943 9.9991E-05
0.0618308 0.106667 0.668611 0.075503 9.9982E-05 9.9982E-05 0.0871885
0.268346 9.9973E-05 0.555183 0.148127 9.9973E-05 9.9973E-05 0.0280443
0.499473 0.0993576 0.356838 0.00543155 9.9982E-05 9.9982E-05 0.0387
0.173189 0.094408 0.547013 0.0683963 9.9982E-05 9.9982E-05 0.116794
0.426684 0.0622033 0.262133 0.0971084 9.9982E-05 9.9982E-05 0.151671
0.123575 0.549632 9.9973E-05 0.123553 9.9973E-05 9.9973E-05 0.202939
0.222108 0.261741 0.352427 9.9982E-05 0.0349152 9.9982E-05 0.128608
0.34431 0.364166 9.9991E-05 0.0369061 0.0859755 0.0157203 0.152822
0.563889 0.189865 9.9982E-05 0.0565342 0.122612 9.9982E-05 0.0668991
0.246304 0.467248 9.9973E-05 0.0470677 9.9973E-05 9.9973E-05 0.239081
0.476194 0.232107 0.133818 0.0795283 0.0352372 0.0430156 9.9991E-05
0.50401 0.248969 9.9982E-05 0.0318764 0.0966359 0.118309 9.9982E-05
0.543298 0.252744 9.9982E-05 0.10881 0.00430026 9.9982E-05 0.0906479
0.444542 0.248958 9.9982E-05 0.0762421 0.105168 9.9982E-05 0.12489
0.323076 0.245261 0.0138394 9.9991E-05 0.118686 0.040255 0.258782
0.198923 0.532469 9.9973E-05 9.9973E-05 0.0551906 9.9973E-05 0.213118
0.349067 0.363038 0.045264 9.9982E-05 0.13476 9.9982E-05 0.107671
0.660935 0.2665 0.0471008 0.025164 9.9973E-05 9.9973E-05 9.9973E-05
0.588835 0.0809507 0.0891399 0.0614079 0.0413007 0.0967186 0.0416472
0.426237 0.213487 0.0682683 0.119281 9.9991E-05 0.00231423 0.170313
0.545689 0.251274 0.0759676 0.044434 0.0549042 9.9991E-05 0.0276313
0.330672 0.441997 0.0163814 0.128737 0.0323858 0.0497277 9.9991E-05
0.555933 0.199847 0.0421418 9.9991E-05 0.0566063 0.00981921 0.135553
0.505005 0.257765 0.104846 0.0433485 0.0882851 9.9991E-05 0.000651653
0.533242 0.1037 0.0574034 9.9991E-05 0.122718 0.0551539 0.127682
0.471193 9.9982E-05 9.9982E-05 0.165932 0.0797382 0.280092 0.00284517
0.383748 9.9991E-05 0.0435839 0.201704 0.212035 0.0819761 0.076853
0.509435 0.0911224 9.9991E-05 0.0631187 0.149623 0.121866 0.064734
0.631227 0.0152526 0.0634952 0.0686212 0.0163786 0.145337 0.0596874
0.513701 9.9982E-05 9.9982E-05 0.0684888 0.161296 0.144934 0.11138
0.473807 0.128874 0.221985 0.0297192 0.0512182 9.9991E-05 0.0942967
0.441709 0.0966593 0.0463226 0.0387604 0.150269 0.125835 0.100445
0.0498068 9.9991E-05 0.0803457 0.504265 0.0499245 0.11807 0.197487
0.426915 0.0582648 9.9991E-05 0.10742 0.161309 0.125478 0.120513
0.532453 0.0114864 0.130575 0.0224165 0.154175 0.126387 0.0225068
0.451704 0.118932 0.0655404 0.0900952 0.249035 0.0166634 0.0080305
0.334687 0.0988144 0.0775783 0.226239 0.0825877 0.0890976 0.0909962
0.619451 9.9982E-05 9.9982E-05 0.149798 0.0984922 0.101395 0.0306635
0.529892 9.9982E-05 0.0444608 0.165297 0.154517 0.105633 9.9982E-05
9.9982E-05 9.9982E-05 0.0493683 0.536328 0.138697 0.268836 0.00657004
0.501655 0.0455427 0.0170178 0.103502 0.165494 0.14387 0.0229186
0.544418 9.9991E-05 0.0721977 0.0681772 0.174972 0.124417 0.0157183
0.585863 0.0457802 0.10331 9.9991E-05 0.106833 0.120163 0.0379505
0.62564 9.9973E-05 9.9973E-05 0.199048 0.0566604 0.118352 9.9973E-05
0.548842 0.063421 9.9991E-05 0.121722 0.0995883 0.153508 0.012818
0.437538 0.051207 0.318974 9.9991E-05 0.0975291 0.0491044 0.0455481
0.488926 0.103714 0.120401 9.9991E-05 0.0534952 0.157699 0.0756643
9.9973E-05 0.0307237 0.88158 9.9973E-05 0.0118068 9.9973E-05 0.0755901
0.0183134 0.0483623 0.928053 9.9973E-05 0.00497129 9.9973E-05 9.9973E-05
0.481839 0.0541791 0.285375 0.0133066 0.104204 0.0351218 0.0259737
0.476957 9.9982E-05 0.0420437 0.189828 0.234156 0.0568158 9.9982E-05
0.357043 9.9982E-05 0.0899949 0.230978 0.310968 0.0108166 9.9982E-05
0.156443 0.00819759 0.157032 0.206851 0.325048 0.109424 0.0370044
0.425895 9.9991E-05 0.0703805 0.208219 0.189074 0.0975404 0.00879111
0.143131 9.9982E-05 0.598975 0.226405 0.0275528 0.00373537 9.9982E-05
0.186307 9.9982E-05 0.514536 0.235322 0.043832 0.0198031 9.9982E-05
0.567634 9.9991E-05 0.202414 0.0206523 0.103067 0.00803267 0.0980999
0.474128 9.9973E-05 0.369614 9.9973E-05 0.0955021 0.0604556 9.9973E-05
0.220039 9.9982E-05 0.583269 0.0528406 0.099701 0.0439502 9.9982E-05
0.630899 0.0315004 0.224624 0.034892 0.0379063 0.0400789 9.9991E-05
0.528184 0.032807 0.323366 0.0172234 0.0756547 0.0226648 9.9991E-05
0.42787 0.0613679 0.19733 0.109153 0.134606 0.0189306 0.0507412
0.327799 0.112091 0.528688 9.9982E-05 9.9982E-05 0.00648239 0.0247404
0.311273 0.0904119 0.459078 9.9982E-05 0.0577158 9.9982E-05 0.0813208
0.475398 0.0462061 0.262123 9.9991E-05 0.062866 0.0223379 0.130969
0.375991 0.105973 0.386643 9.9991E-05 0.0345111 0.0532973 0.0434848
0.329308 0.0533689 0.26426 0.0897494 0.11185 0.151363 9.9991E-05
0.429217 0.00953436 0.533837 9.9982E-05 9.9982E-05 0.00755073 0.0196612
0.254795 0.0467772 0.698028 9.9964E-05 9.9964E-05 9.9964E-05 9.9964E-05
0.632865 9.9991E-05 0.293655 0.00231283 0.0448919 0.00620935 0.0199653
0.2134 9.9973E-05 0.692736 9.9973E-05 0.0220236 9.9973E-05 0.0715405
0.311326 9.9982E-05 0.529271 9.9982E-05 0.0831094 0.0336393 0.0424543
0.586722 0.121152 0.14176 0.0308601 9.9991E-05 0.0339094 0.085496
0.464776 0.115219 0.319902 9.9991E-05 0.0489829 0.0344626 0.016557
0.465456 9.9982E-05 0.105252 9.9982E-05 0.130471 0.263357 0.0352639
0.301102 0.0886505 0.233161 9.9991E-05 0.154932 0.151973 0.0700814
0.355413 0.0834443 9.9991E-05 0.139318 0.214903 0.106373 0.100449
0.407169 0.0813739 0.144033 0.0492792 0.192222 0.125823 9.9991E-05
0.255552 0.0885411 0.0860545 9.9991E-05 0.258337 0.197712 0.113703
0.391763 9.9982E-05 0.247536 0.0673538 0.125325 0.167823 9.9982E-05
9.9973E-05 9.9973E-05 0.652773 0.02207 0.187671 0.137186 9.9973E-05
0.504724 9.9973E-05 0.105467 9.9973E-05 0.281168 0.108341 9.9973E-05
9.9973E-05 9.9973E-05 0.423715 0.168744 0.0778741 0.329367 9.9973E-05
0.452025 9.9973E-05 0.22457 9.9973E-05 0.237404 0.0857011 9.9973E-05
0.0993722 9.9964E-05 0.726073 9.9964E-05 9.9964E-05 9.9964E-05 0.174155
9.9955E-05 9.9955E-05 0.924801 9.9955E-05 9.9955E-05 9.9955E-05 0.0746989
0.456987 0.0215278 0.408743 9.9982E-05 9.9982E-05 0.00097852 0.111563
0.628135 9.9982E-05 0.34287 0.00834177 9.9982E-05 0.00328257 0.0171706
0.389069 9.9964E-05 0.528205 9.9964E-05 9.9964E-05 9.9964E-05 0.0823261
0.567221 9.9973E-05 0.371952 9.9973E-05 9.9973E-05 0.00138306 0.0591438
0.564358 9.9964E-05 0.432986 9.9964E-05 0.00225612 9.9964E-05 9.9964E-05
0.0387933 0.0523066 0.0466352 9.9982E-05 0.109636 0.752429 9.9982E-05
9.9973E-05 0.15663 9.9973E-05 0.00205188 0.124975 0.716043 9.9973E-05
9.9973E-05 0.0381133 9.9973E-05 0.0216312 0.0690954 0.87086 9.9973E-05
0.0494356 9.9964E-05 9.9964E-05 0.0330817 9.9964E-05 0.917083 9.9964E-05
0.495919 0.0732504 9.9982E-05 9.9982E-05 0.0077455 0.0374438 0.385441
0.400799 0.0244732 9.9982E-05 9.9982E-05 0.0594687 0.0973964 0.417663
0.456903 0.0428465 9.9964E-05 9.9964E-05 9.9964E-05 9.9964E-05 0.499851
0.510611 0.0445821 9.9973E-05 9.9973E-05 9.9973E-05 0.142219 0.302288
0.507288 0.105035 0.106465 0.0580019 0.0415378 0.149484 0.0321885
0.224237 0.101945 0.0684821 0.0142142 0.00715691 0.0423257 0.541639
0.538253 9.9964E-05 9.9964E-05 9.9964E-05 0.0488503 9.9964E-05 0.412497
0.284871 9.9973E-05 0.10987 9.9973E-05 9.9973E-05 0.0344507 0.570508
0.504534 0.0596165 0.0186862 0.0625221 0.153659 0.200882 9.9991E-05
0.267456 9.9973E-05 0.0963842 9.9973E-05 0.130968 9.9973E-05 0.504892
0.360985 0.137901 9.9973E-05 9.9973E-05 9.9973E-05 0.013831 0.486984
0.506825 0.0456146 9.9982E-05 9.9982E-05 0.00085637 0.035752 0.410752
0.390682 0.0817644 9.9973E-05 9.9973E-05 9.9973E-05 0.0561064 0.471147
0.589733 9.9973E-05 0.0221385 0.0723106 9.9973E-05 9.9973E-05 0.315518
0.470761 9.9973E-05 9.9973E-05 9.9973E-05 0.0336474 0.117345 0.377947
0.00578075 9.9964E-05 0.0811456 9.9964E-05 9.9964E-05 9.9964E-05 0.912674
0.201299 0.0110537 0.0917244 0.0270593 0.0504229 0.022953 0.595488
0.309505 0.0218355 0.0127684 0.0558975 0.00151573 0.0668344 0.531643
9.9964E-05 9.9964E-05 0.137465 0.0830279 9.9964E-05 9.9964E-05 0.779108
0.384669 0.103478 0.00156158 0.0563608 9.9991E-05 0.00920176 0.444629
0.0872844 9.9973E-05 0.198168 0.0615062 9.9973E-05 9.9973E-05 0.652741
9.9964E-05 9.9964E-05 0.141216 0.139861 9.9964E-05 9.9964E-05 0.718523
0.535939 9.9973E-05 9.9973E-05 0.0388899 9.9973E-05 0.00392394 0.420947
0.188991 0.0843792 9.9973E-05 9.9973E-05 9.9973E-05 0.0825514 0.643778
0.36194 0.149044 9.9982E-05 0.0321942 0.0116094 9.9982E-05 0.445012
0.525513 9.9982E-05 9.9982E-05 0.0317717 0.119526 0.13029 0.192699
0.531107 0.128534 9.9982E-05 0.0239038 9.9982E-05 0.00514482 0.31111
0.421145 0.258148 0.135041 0.0554215 0.0341557 9.9991E-05 0.095989
0.523501 0.0413839 0.08655 9.9982E-05 0.0465934 9.9982E-05 0.301772
0.426761 0.0921638 9.9991E-05 0.0165268 0.0247327 0.0392695 0.400446
0.305794 9.9964E-05 0.0426903 9.9964E-05 9.9964E-05 9.9964E-05 0.651116
0.546365 0.021388 0.184772 9.9982E-05 9.9982E-05 0.0930964 0.154179
9.9991E-05 0.245226 0.0920606 0.00580962 0.0264428 0.624504 0.00585687
0.0561052 0.119628 9.9982E-05 0.0135373 9.9982E-05 0.750354 0.0601762
9.9973E-05 0.118056 9.9973E-05 0.0760139 9.9973E-05 0.80541 0.000219752
9.9973E-05 0.145033 0.0456268 0.05176 9.9973E-05 0.75728 9.9973E-05
0.00796218 0.261064 0.00874677 9.9973E-05 9.9973E-05 0.721927 9.9973E-05
0.0405153 0.157935 9.9982E-05 0.0413382 0.0467686 9.9982E-05 0.713243
0.122378 0.104206 9.9973E-05 9.9973E-05 9.9973E-05 0.0784246 0.694691
0.116823 9.9973E-05 0.0681335 9.9973E-05 0.010946 9.9973E-05 0.803798
0.422343 0.0179481 9.9991E-05 0.0346701 0.133791 0.133961 0.257187
0.499109 9.9973E-05 0.164435 9.9973E-05 9.9973E-05 0.18021 0.155946
0.199704 9.9991E-05 0.0938474 0.0221045 0.0538938 0.0262056 0.604144
0.534966 0.0206493 0.0435385 9.9982E-05 0.0995631 9.9982E-05 0.301083
0.336361 9.9973E-05 0.0911208 9.9973E-05 9.9973E-05 0.0810398 0.491178
0.532905 0.0651066 0.0311285 0.00910806 0.0152227 9.9991E-05 0.346429
0.532536 0.117717 9.9982E-05 9.9982E-05 0.0498159 0.0635893 0.236142
0.152844 0.166501 0.0129079 9.9982E-05 0.0878443 9.9982E-05 0.579703
0.320678 0.0577521 9.9973E-05 9.9973E-05 9.9973E-05 0.000960846 0.620309
0.267996 0.137045 9.9973E-05 9.9973E-05 9.9973E-05 0.00177538 0.592883
0.583933 0.0332823 0.20249 0.0956463 9.9991E-05 0.0818733 0.00267559
0.404938 9.9964E-05 9.9964E-05 9.9964E-05 9.9964E-05 0.0510978 0.543565
0.450047 0.0355546 9.9982E-05 0.0345318 9.9982E-05 0.0387161 0.44095
0.354698 9.9991E-05 0.0767925 0.0606405 0.370864 0.103144 0.0337605
0.367187 0.00462839 0.043363 0.0200524 0.44697 0.1177 9.9991E-05
0.496991 9.9973E-05 9.9973E-05 0.0475224 0.353715 0.101472 9.9973E-05
0.372457 9.9973E-05 9.9973E-05 0.214378 0.31607 0.0967958 9.9973E-05
0.41438 0.106868 9.9982E-05 0.0998361 0.320463 0.0582528 9.9982E-05
0.480079 9.9973E-05 0.091903 0.0967562 9.9973E-05 9.9973E-05 0.330962
0.0502722 9.9973E-05 9.9973E-05 0.243162 0.60281 0.103456 9.9973E-05
0.328694 9.9991E-05 0.000109064 0.0874288 0.428824 0.137195 0.0176492
0.375165 9.9991E-05 0.0163697 0.141012 0.136729 0.152427 0.178197
0.616703 0.0697295 0.124904 0.00819866 9.9991E-05 0.174922 0.00544292
0.422433 0.141218 0.201189 0.040233 9.9991E-05 0.15939 0.0354376
0.621944 0.153245 0.0937298 9.9982E-05 0.0324536 0.0984281 9.9982E-05
0.580444 0.105165 0.0998012 9.9991E-05 0.0178046 0.123051 0.0736339
0.38007 9.9973E-05 9.9973E-05 9.9973E-05 0.405795 0.2093 0.0045352
0.322215 0.0965445 0.0636419 9.9991E-05 0.371436 0.129028 0.0170352
0.423322 9.9973E-05 9.9973E-05 0.0615549 0.471159 0.0436639 9.9973E-05
0.323978 0.0537304 0.125325 0.0273822 0.390944 0.0785401 9.9991E-05
0.335186 9.9982E-05 9.9982E-05 0.14633 0.458661 0.0367384 0.0228848
0.411272 0.0731521 0.00794414 0.0664835 0.282692 0.146383 0.0120738
0.284572 9.9973E-05 9.9973E-05 0.193176 0.480262 0.041689 9.9973E-05
0.384437 0.0638324 0.0456602 0.0902659 0.347833 0.0678716 9.9991E-05
0.543263 9.9982E-05 0.290839 0.109701 9.9982E-05 0.0249601 0.0310375
0.404304 0.0541269 9.9982E-05 0.0770068 0.295379 0.168983 9.9982E-05
0.204056 9.9973E-05 9.9973E-05 0.0994825 0.566218 0.129944 9.9973E-05
0.331027 0.0931189 9.9991E-05 0.0555245 0.403421 0.0657805 0.0510281
0.183739 0.257064 0.228233 0.0600381 0.016561 0.136278 0.118087
0.556444 0.0387158 0.16348 0.048117 0.0836551 0.0369243 0.072664
0.418737 0.0354294 9.9991E-05 0.133963 0.201166 0.152502 0.0581024
0.637961 0.0620558 0.0641132 0.0239292 0.0112477 0.111381 0.0893124
0.450055 0.0672827 0.104691 9.9982E-05 9.9982E-05 0.191533 0.186239
0.403527 0.0108626 0.0956264 0.074122 0.178207 0.203651 0.0340037
0.39663 0.0127821 0.090718 0.15317 0.168751 0.177849 9.9991E-05
0.564839 0.0594135 0.151975 0.030202 0.0683314 0.125139 9.9991E-05
0.290976 9.9982E-05 9.9982E-05 0.0948436 0.351132 0.118702 0.144147
0.418151 9.9982E-05 9.9982E-05 0.126744 0.379665 0.0488512 0.0263883
0.0890848 9.9973E-05 9.9973E-05 0.197565 0.612835 0.100215 9.9973E-05
0.660037 0.0266862 0.0970423 0.0102485 0.0614629 0.144423 9.9991E-05
0.481833 0.0978338 0.198159 9.9982E-05 9.9982E-05 0.149117 0.0728562
0.205745 9.9982E-05 0.462649 0.276342 9.9982E-05 0.044246 0.010818
0.596973 0.0443592 0.0401744 0.0566301 0.0816044 0.123663 0.0565957
0.385651 0.178784 0.264431 0.00893436 0.0308463 0.131254 9.9991E-05
0.47261 9.9991E-05 0.0529811 0.259779 0.106423 0.0585511 0.0495556
0.575937 9.9991E-05 0.145236 0.171211 0.0229305 0.0734839 0.0111018
0.0348277 9.9964E-05 9.9964E-05 0.890707 0.0740658 9.9964E-05 9.9964E-05
9.995E-05 9.995E-05 9.995E-05 0.9994 9.995E-05 9.995E-05 9.995E-05
0.352503 0.122567 0.020635 0.472137 0.00665426 9.9991E-05 0.025404
0.159349 0.00431738 9.9982E-05 0.764634 0.0428274 0.0286723 9.9982E-05
9.9964E-05 9.9964E-05 9.9964E-05 0.794089 0.081268 0.124243 9.9964E-05
0.383061 0.0198983 0.139056 0.349619 0.0408045 9.9991E-05 0.0674609
0.399355 0.031765 0.0244976 0.273521 0.11454 0.140986 0.0153361
0.239043 0.0901158 0.0172374 0.485167 0.0769241 0.0750089 0.0165044
0.248929 9.9955E-05 9.9955E-05 0.750571 9.9955E-05 9.9955E-05 9.9955E-05
0.494062 0.0610139 9.9991E-05 0.283543 0.0720504 0.0231132 0.0661179
0.196911 0.0396013 9.9991E-05 0.571337 0.00141274 0.000221085 0.190417
9.995E-05 9.995E-05 9.995E-05 0.9994 9.995E-05 9.995E-05 9.995E-05
0.489144 0.0905471 0.0549289 0.0337699 0.216798 0.114712 9.9991E-05
0.351242 0.0178265 9.9991E-05 0.404201 0.150825 0.0344004 0.0414057
0.413889 0.0254391 9.9991E-05 0.0568363 0.135851 0.303712 0.0641734
0.565491 9.9991E-05 0.0367365 0.0192319 0.215088 0.159839 0.00351422
0.452524 9.9991E-05 0.0552369 0.0486136 0.176681 0.159517 0.107328
0.533536 0.0316963 0.0109335 0.136373 0.185727 0.101634 9.9991E-05
0.337913 0.0676908 9.9982E-05 0.14659 0.192519 0.255086 9.9982E-05
0.554621 0.0149596 0.0201627 0.119272 0.113093 0.177792 9.9991E-05
0.447843 0.0342824 9.9982E-05 0.0256295 0.249865 0.242181 9.9982E-05
0.283626 9.9991E-05 0.090069 0.111735 0.256396 0.215912 0.0421614
0.257673 0.140935 0.0319478 0.105761 0.131964 0.116816 0.214904
0.541749 0.070823 9.9991E-05 0.0387705 0.135735 0.184007 0.0288156
0.564019 0.106867 0.0321124 0.0183583 0.0973326 0.158376 0.0229351
0.632736 0.100441 9.9991E-05 0.0478106 0.0409013 0.121467 0.0565445
0.375484 9.9973E-05 9.9973E-05 0.247892 0.183607 0.192717 9.9973E-05
0.448648 9.9991E-05 0.0586667 0.0169057 0.190417 0.209195 0.0760675
0.245656 9.9982E-05 0.00918307 0.360431 0.123291 0.261239 9.9982E-05
0.516631 0.152649 9.9982E-05 0.00367491 0.177363 0.149481 9.9982E-05
0.306106 9.9973E-05 9.9973E-05 0.369584 0.202022 0.121988 9.9973E-05
9.9973E-05 0.0871125 9.9973E-05 0.148979 9.9973E-05 0.705786 0.0578225
0.102914 0.753889 9.9982E-05 0.00682415 0.0109396 0.125234 9.9982E-05
9.9973E-05 0.964139 0.0174043 9.9973E-05 9.9973E-05 0.0155941 0.002563
9.9955E-05 0.997162 9.9955E-05 9.9955E-05 9.9955E-05 0.00233848 9.9955E-05
9.995E-05 0.9994 9.995E-05 9.995E-05 9.995E-05 9.995E-05 9.995E-05
9.9955E-05 0.90812 9.9955E-05 9.9955E-05 0.0913803 9.9955E-05 9.9955E-05
0.0920701 0.90743 9.9955E-05 9.9955E-05 9.9955E-05 9.9955E-05 9.9955E-05
9.9955E-05 0.926895 9.9955E-05 9.9955E-05 9.9955E-05 0.0726049 9.9955E-05
9.9955E-05 0.798596 9.9955E-05 9.9955E-05 9.9955E-05 0.200905 9.9955E-05
9.9982E-05 0.0402733 9.9982E-05 0.0610008 0.0074155 0.883533 0.007577
0.0595741 0.110251 9.9973E-05 0.00802066 9.9973E-05 0.821854 9.9973E-05
9.9964E-05 9.9964E-05 9.9964E-05 9.9964E-05 0.0954345 0.843476 0.06069
0.0379249 0.125868 0.0134339 0.0354955 9.9982E-05 0.787078 9.9982E-05
9.9973E-05 0.0494828 9.9973E-05 0.0743744 0.0322981 0.843545 9.9973E-05
9.9964E-05 0.0144365 0.130235 9.9964E-05 9.9964E-05 0.854929 9.9964E-05
9.9982E-05 0.0479753 0.0734286 0.0472667 0.124147 0.706983 9.9982E-05
9.9973E-05 9.9973E-05 0.0484758 0.0468751 0.0757364 0.828613 9.9973E-05
9.9982E-05 0.0982898 0.0480535 9.9982E-05 0.119856 0.703179 0.0304216
9.9964E-05 9.9964E-05 9.9964E-05 9.9964E-05 0.0905372 0.876143 0.0329202
9.9955E-05 9.9955E-05 0.0559546 9.9955E-05 9.9955E-05 0.943546 9.9955E-05
9.9991E-05 0.0125979 0.0152731 0.046934 0.0593345 0.825592 0.0401687
0.0190451 9.9964E-05 9.9964E-05 0.0535261 9.9964E-05 0.927029 9.9964E-05
0.0451514 9.9973E-05 0.0416682 9.9973E-05 0.0433119 0.869569 9.9973E-05
9.9982E-05 0.018273 9.9982E-05 0.0419765 0.0749255 0.810674 0.0539511
0.126671 9.9964E-05 9.9964E-05 9.9964E-05 0.052346 0.820583 9.9964E-05
0.0805021 9.9964E-05 9.9964E-05 9.9964E-05 0.136805 0.782293 9.9964E-05
0.135475 9.9964E-05 9.9964E-05 9.9964E-05 0.0924905 0.771635 9.9964E-05
0.109028 9.9964E-05 9.9964E-05 9.9964E-05 0.100073 0.790499 9.9964E-05
0.395789 0.064126 0.283146 0.0800285 9.9991E-05 0.173807 0.00300357
0.680001 0.0369553 0.107764 0.0615594 9.9991E-05 0.0743584 0.039261
0.568552 0.0341374 0.173563 9.9982E-05 9.9982E-05 0.193481 0.0300671
0.102689 9.9982E-05 0.612512 0.184394 9.9982E-05 0.0369988 0.0632058
0.502196 0.178942 0.153023 0.0805283 9.9982E-05 0.0851108 9.9982E-05
0.143985 9.9982E-05 0.48707 0.241134 9.9982E-05 0.0774272 0.0501842
0.605139 0.0726025 0.154015 0.0612836 0.0231485 0.0837115 9.9991E-05
0.342291 0.106515 0.25711 0.0027124 9.9991E-05 0.126879 0.164394
0.487167 0.0950776 0.122873 0.129596 9.9991E-05 0.0340612 0.131126
0.417045 0.0237893 0.0918211 0.0404203 0.04581 0.0515601 0.329555
0.47077 0.17331 0.132098 0.119751 9.9991E-05 0.0418686 0.0621025
0.640144 0.0845313 0.176831 0.0306896 0.00785087 0.0598528 9.9991E-05
0.579877 0.109106 0.18385 9.9973E-05 9.9973E-05 0.126867 9.9973E-05
0.0423457 0.419634 0.179245 0.119954 0.0493487 9.9991E-05 0.189373
9.9973E-05 0.0466568 0.80329 0.129516 9.9973E-05 0.0202376 9.9973E-05
0.165234 0.0771902 0.479771 0.277505 9.9973E-05 9.9973E-05 9.9973E-05
0.625316 0.118943 0.19796 9.9982E-05 0.00489037 0.0526905 9.9982E-05
0.521313 0.0630457 0.231002 0.0328784 9.9991E-05 0.111924 0.0397377
0.500949 9.9982E-05 0.155145 0.131005 9.9982E-05 0.12785 0.0848508
0.705631 0.0204577 0.14929 9.9982E-05 0.0236992 0.100722 9.9982E-05
0.535173 0.0184957 0.0540183 0.09801 0.14474 0.149463 9.9991E-05
