9.9973E-05 0.0612148 9.9973E-05 9.9973E-05 0.844331 0.0120156 0.0821386
0.0230952 0.00986576 9.9973E-05 0.0419231 0.924816 9.9973E-05 9.9973E-05
9.9991E-05 0.0170481 0.0301396 0.0382143 0.817483 0.0845724 0.0124423
9.9973E-05 0.102582 0.0919495 9.9973E-05 0.751775 0.0533941 9.9973E-05
0.0751371 9.9973E-05 0.0677595 9.9973E-05 0.848909 0.0078947 9.9973E-05
0.247212 9.9973E-05 0.101181 0.0130118 0.638295 9.9973E-05 9.9973E-05
0.146914 9.9964E-05 0.024755 9.9964E-05 0.827932 9.9964E-05 9.9964E-05
0.141746 0.0744706 0.057889 9.9973E-05 0.725595 9.9973E-05 9.9973E-05
9.99729E-05 0.0660143 9.99729E-05 0.0668326 0.814304 9.99729E-05 0.0525493
0.169903 9.9973E-05 0.0615637 9.9973E-05 0.712107 0.0561264 9.9973E-05
0.186223 0.0630534 9.9973E-05 9.9973E-05 0.73226 0.0181636 9.9973E-05
9.9982E-05 0.430266 0.0973789 0.232599 0.0207826 0.218773 9.9982E-05
9.9982E-05 0.241624 0.0413147 0.0865666 9.9982E-05 0.580727 0.0495677
9.9982E-05 0.419223 0.0941497 0.169399 9.9982E-05 0.206909 0.110119
9.9991E-05 0.36561 0.172683 0.122254 0.0116322 0.268513 0.0592088
0.0790137 0.135778 0.119681 0.0884601 0.103869 0.378946 0.0942522
0.00661072 0.149367 0.118445 9.9991E-05 0.0193417 0.600711 0.105424
0.0255138 0.220101 0.0842989 0.239892 9.9991E-05 0.385283 0.0448116
9.999E-05 0.270305 0.0546626 0.162324 0.0790879 0.310918 0.122603
0.123952 0.606659 0.072549 0.0883448 0.0716291 9.9991E-05 0.0367658
0.0992445 0.198144 0.0318699 0.161683 0.00857986 0.429184 0.0712939
0.129052 0.126962 0.043802 0.147985 0.0253682 0.4348 0.0920302
0.0445933 0.109584 0.0182681 0.143417 0.0428851 0.586971 0.0542816
0.028393 0.293215 0.101743 0.248441 0.0776383 0.250469 9.9991E-05
0.0435406 0.135953 0.0373333 0.00742845 0.0696472 0.637327 0.0687696
9.9991E-05 0.221587 0.00940117 0.0304371 0.0608895 0.645472 0.0321136
9.999E-05 0.430781 0.124947 0.186724 0.00490243 0.186645 0.0659002
9.9982E-05 0.414017 0.221134 0.188664 9.9982E-05 0.145996 0.0299884
0.041501 0.4089 9.9991E-05 0.166163 0.00171018 0.296616 0.0850098
9.9964E-05 9.9964E-05 0.0617302 9.9964E-05 0.857477 0.0803934 9.9964E-05
9.9964E-05 9.9964E-05 0.0156236 9.9964E-05 0.853313 0.130664 9.9964E-05
0.0120504 9.9991E-05 0.0630831 0.035946 0.779612 0.0961606 0.0130476
9.9982E-05 9.9982E-05 0.0985821 0.0544378 0.72696 0.077784 0.0420365
0.0719862 0.0844814 0.0317069 0.220546 0.027714 0.563465 9.9991E-05
0.0953428 0.086088 0.0644098 0.261549 0.0556334 0.436877 9.9991E-05
0.0590396 9.9973E-05 9.9973E-05 0.342509 0.0164175 0.581734 9.9973E-05
0.0534878 0.498694 0.0163665 0.147333 0.108464 0.153685 0.021969
0.0236579 0.0196258 0.0158145 0.578837 9.9991E-05 0.324896 0.0370694
9.9973E-05 9.9973E-05 0.159094 0.416183 0.0260373 0.398387 9.9973E-05
0.0695005 9.9982E-05 0.0204792 0.147163 9.9982E-05 0.73671 0.0259475
0.175763 0.0710748 9.9982E-05 0.0910972 0.109002 0.552862 9.9982E-05
0.0990694 0.1138 9.9982E-05 0.0605856 0.117289 0.609056 9.9982E-05
9.9982E-05 0.0701571 9.9982E-05 0.727606 0.0632853 0.125436 0.0133156
0.217317 0.0170945 0.0926767 0.0326707 0.022176 0.550413 0.0676522
0.137527 9.9982E-05 0.17475 0.176051 0.0658906 0.445581 9.9982E-05
9.9991E-05 0.06566 0.0356378 0.0885738 0.182731 0.564885 0.0624126
9.9964E-05 9.9964E-05 9.9964E-05 0.663854 9.9964E-05 0.287014 0.048732
9.9973E-05 0.0454001 0.0407582 0.28919 9.9973E-05 0.624352 9.9973E-05
0.00230068 0.0565806 0.0349585 0.160024 0.104804 0.567064 0.0742686
0.118526 9.9964E-05 9.9964E-05 0.669704 9.9964E-05 9.9964E-05 0.21137
0.127506 0.39883 0.00210501 0.255968 9.9991E-05 0.192499 0.0229919
0.225713 0.200862 9.9982E-05 0.293502 9.9982E-05 0.0723307 0.207393
0.146118 0.0774599 0.00263836 0.087496 0.0798647 0.606323 9.9991E-05
0.0966488 9.9982E-05 9.9982E-05 0.0583933 0.112479 0.644968 0.0873112
0.0458657 0.0992045 9.9982E-05 0.098072 9.9982E-05 0.618763 0.137894
0.0263543 0.298449 9.9991E-05 0.293045 0.10742 0.190626 0.0840056
0.136964 0.216506 0.0380245 0.0546068 9.9991E-05 0.523353 0.0304462
0.00475664 0.075035 0.0273045 0.137272 0.0829467 0.579571 0.0931141
0.104384 0.161143 0.019044 0.139496 0.159268 0.396802 0.0198632
0.0310397 0.329081 0.019017 0.173582 0.141601 0.0812235 0.224455
9.9991E-05 0.00530248 0.00662577 0.284594 0.0426499 0.538698 0.12203
0.0294608 0.217944 0.0153543 0.102065 0.0699377 0.439327 0.125912
0.175211 0.49246 9.9991E-05 0.227123 0.036061 0.0123027 0.0567413
9.9973E-05 0.242326 9.9973E-05 0.18926 9.9973E-05 0.459899 0.108215
0.130162 0.0773973 9.9982E-05 0.0229875 9.9982E-05 0.692534 0.0767196
9.9991E-05 0.165589 0.0323156 0.0374046 0.0204868 0.601464 0.14264
0.0482926 0.265119 0.0543825 0.181821 9.9991E-05 0.329697 0.120588
0.0550421 0.152394 9.9982E-05 0.0766756 9.9982E-05 0.559896 0.155793
0.0686358 0.204892 9.9991E-05 0.0256796 0.0828263 0.610339 0.00752681
0.170685 0.359509 9.9991E-05 0.197406 0.00621958 0.228118 0.0379617
9.9964E-05 0.0615107 9.9964E-05 0.412283 9.9964E-05 0.525807 9.9964E-05
9.9973E-05 0.0749135 9.9973E-05 0.706407 0.03649 0.18189 9.9973E-05
9.9991E-05 0.0264347 0.0545993 0.258148 0.0432444 0.52491 0.0925634
0.0941693 9.9964E-05 9.9964E-05 0.84097 9.9964E-05 9.9964E-05 0.064461
0.0986931 0.0296787 0.00470915 0.818619 0.0148796 0.0185121 0.0149083
9.9955E-05 9.9955E-05 9.9955E-05 0.747455 9.9955E-05 0.252045 9.9955E-05
9.9973E-05 0.0397622 9.9973E-05 0.45781 9.9973E-05 0.501879 0.000248654
9.9982E-05 0.0844632 9.9982E-05 0.114555 0.0346551 0.671537 0.0945897
9.9991E-05 0.0289403 0.023418 0.519289 0.0558285 0.350692 0.0217318
9.9982E-05 0.103421 0.0501616 0.701903 0.042611 0.101704 9.9982E-05
9.9982E-05 0.265862 0.0379912 0.48206 0.0173549 0.196531 9.9982E-05
0.0772009 0.00509118 0.0739305 0.287105 0.150584 0.405988 9.9991E-05
9.9973E-05 0.0237406 9.9973E-05 0.608887 0.0954489 0.271623 9.9973E-05
0.0159471 9.9973E-05 9.9973E-05 0.459475 0.0400983 0.48418 9.9973E-05
0.0177698 9.9973E-05 9.9973E-05 0.590794 9.9973E-05 0.352972 0.0381646
0.190333 9.9973E-05 9.9973E-05 0.677496 0.00200852 9.9973E-05 0.129862
9.9982E-05 0.0216467 9.9982E-05 0.214978 0.046281 0.654334 0.0625599
9.9973E-05 0.0371993 0.0370703 9.9973E-05 0.802896 0.122535 9.9973E-05
9.9964E-05 9.9964E-05 0.0195241 9.9964E-05 0.891706 0.0883699 9.9964E-05
9.9964E-05 9.9964E-05 0.0348782 9.9964E-05 0.845888 0.118833 9.9964E-05
9.9973E-05 9.9973E-05 0.00709236 9.9973E-05 0.85859 0.0280291 0.105989
9.9964E-05 9.9964E-05 9.9964E-05 9.9964E-05 0.820577 0.10385 0.0751731
9.9982E-05 9.9982E-05 0.0369672 0.00628271 0.844177 0.0599141 0.0524588
9.99668E-05 9.99668E-05 9.99668E-05 9.99668E-05 0.894101 0.0862452 0.0192538
9.9982E-05 0.00613786 0.134117 0.339947 0.0943639 0.425234 9.9982E-05
0.0846107 0.203009 0.0660629 0.135427 9.9982E-05 0.51069 9.9982E-05
9.9973E-05 0.0848038 9.9973E-05 0.867049 0.0316274 0.0162197 9.9973E-05
0.164658 0.0243786 0.0854264 0.111206 0.0988562 0.515374 9.9991E-05
0.123148 0.0834152 0.00775453 0.306967 0.0537805 0.424834 9.9991E-05
0.0464736 9.9973E-05 9.9973E-05 0.288726 0.0796694 0.584831 9.9973E-05
0.113721 0.0550242 0.0218059 0.253209 0.0422979 0.513841 9.9991E-05
0.0514276 9.9973E-05 0.0833314 0.445978 9.9973E-05 0.418963 9.9973E-05
9.9964E-05 0.163564 9.9964E-05 0.736206 0.0998294 9.9964E-05 9.9964E-05
0.0432874 0.0342922 0.0463874 0.197067 0.085328 0.507549 0.0860881
0.104179 9.9982E-05 9.9982E-05 0.154142 0.0684216 0.638284 0.0347742
0.0144901 0.0885235 9.9991E-05 0.107192 0.102134 0.600153 0.0874073
0.119265 9.9982E-05 9.9982E-05 0.502905 0.0123744 0.301201 0.0640549
0.0710374 9.9982E-05 0.00201942 0.410023 0.0104029 0.506317 9.9982E-05
9.9973E-05 0.0392521 9.9973E-05 0.39562 0.0839536 0.480875 9.9973E-05
0.0175164 9.9973E-05 0.0912647 0.605839 9.9973E-05 0.28508 9.9973E-05
9.9973E-05 0.0677093 9.9973E-05 0.413089 0.0899181 0.428983 9.9973E-05
0.0397704 9.9982E-05 9.9982E-05 0.184417 0.207486 0.539254 0.0288722
0.0616588 0.298025 0.0040615 0.104651 9.9991E-05 0.277069 0.254435
0.0500775 0.261569 0.0393639 9.9991E-05 0.0930259 0.473054 0.0828098
0.00850779 0.125041 9.9991E-05 0.0105007 0.120831 0.657867 0.0771528
0.120958 0.129957 0.0944875 0.112646 0.0121221 0.505136 0.0246929
9.9982E-05 0.35724 9.9982E-05 0.0383183 0.0489031 0.534537 0.0208015
0.0139145 0.19379 0.022996 0.00638494 0.00556207 0.626391 0.130961
9.9973E-05 0.34217 9.9973E-05 0.0888584 0.0444776 0.524194 9.9973E-05
0.00748128 0.0450912 9.9991E-05 0.161643 0.101268 0.591276 0.0931405
0.00863264 0.119177 0.0111312 0.0735693 0.0404008 0.629524 0.117565
0.076017 0.166212 9.9991E-05 0.122859 0.0347453 0.518794 0.0812735
9.9973E-05 0.328303 9.9973E-05 0.123608 9.9973E-05 0.468323 0.0794653
0.073274 0.157188 0.105982 0.092696 9.9991E-05 0.513711 0.0570488
0.180451 0.0893468 0.0668997 0.00454162 9.9991E-05 0.610508 0.0481523
9.9973E-05 0.246956 0.0723574 0.144212 9.9973E-05 0.536175 9.9973E-05
0.111494 0.150762 0.0340274 0.0296439 0.0579357 0.566932 0.0492051
0.0958817 0.190688 0.0510217 0.0681676 0.0339603 0.547423 0.0128578
0.101001 0.25808 9.9973E-05 9.9973E-05 9.9973E-05 0.455665 0.184953
0.0764808 0.167556 0.0187331 0.0285742 9.9991E-05 0.638194 0.0703621
9.9973E-05 0.200707 0.0123265 9.9973E-05 9.9973E-05 0.684104 0.102562
0.0677286 0.335114 0.103395 0.25915 0.0160953 0.218417 9.9991E-05
0.274234 0.245327 9.9982E-05 0.0737722 9.9982E-05 0.203391 0.203075
0.18287 0.149866 0.0221928 0.0340783 0.022752 0.575047 0.0131941
0.329666 0.259046 0.0953864 0.236336 9.9991E-05 0.0414904 0.0379748
0.0540467 0.430872 9.9991E-05 0.105558 0.0588615 0.313973 0.0365881
0.0227754 0.306676 9.9973E-05 0.212481 9.9973E-05 0.457768 9.9973E-05
0.0595244 0.409775 9.9982E-05 0.109892 0.0620751 0.358533 9.9982E-05
0.0831809 0.482299 9.9973E-05 0.132833 9.9973E-05 0.301387 9.9973E-05
0.0895811 0.130399 0.0582243 0.104557 0.0558959 0.561242 9.9991E-05
0.111546 0.137971 0.053914 0.0775464 0.091004 0.524416 0.00360292
0.137079 0.244012 0.0108676 0.000606708 0.00451665 0.525643 0.0772747
0.158076 0.296135 0.000523258 0.135021 9.9991E-05 0.18576 0.224385
9.9991E-05 0.0836262 0.0621121 0.294331 0.1006 0.426704 0.0325264
0.241288 0.047826 0.0318099 0.0420911 9.9991E-05 0.527379 0.109505
0.576885 0.0747454 9.9982E-05 0.066099 0.147304 9.9982E-05 0.134766
0.189135 9.9982E-05 9.9982E-05 0.0661141 0.0575849 0.637787 0.0491794
0.173441 0.0230683 9.9991E-05 0.183871 0.0479507 0.357566 0.214003
0.0234667 0.065924 0.0376383 0.0813709 0.058657 0.492354 0.240589
0.227465 0.0976046 9.9991E-05 0.0463728 0.0749607 0.312102 0.241395
0.474538 0.138956 9.9991E-05 0.0450411 0.0946396 0.178502 0.0682232
0.247822 0.0795463 9.9991E-05 0.0962512 0.0481425 0.479616 0.0485222
0.148545 0.0684736 9.9982E-05 9.9982E-05 0.0126176 0.545154 0.22501
0.189996 0.172602 0.127927 0.0624923 0.0313842 0.332772 0.0828266
0.288902 0.0910052 0.1157 0.253358 0.0169987 9.9991E-05 0.233935
0.169803 0.119359 9.9982E-05 0.0841179 0.0558546 0.570666 9.9982E-05
0.298202 0.111036 9.9982E-05 0.155673 9.9982E-05 0.354914 0.079975
0.317082 0.0617053 9.9982E-05 0.127169 9.9982E-05 0.459396 0.0344472
0.124612 0.0607453 0.0624093 0.0519569 0.0874995 0.506706 0.106071
0.0247696 0.0321602 0.166004 9.9991E-05 0.263753 0.201063 0.31215
0.0928866 9.9973E-05 0.0870643 9.9973E-05 0.410586 9.9973E-05 0.409163
0.124064 9.9973E-05 0.0787896 9.9973E-05 0.325291 9.9973E-05 0.471555
9.9973E-05 9.9973E-05 0.226964 9.9973E-05 0.292025 0.137973 0.342738
0.315539 9.9973E-05 0.0212881 0.052144 9.9973E-05 0.610729 9.9973E-05
0.150034 0.0631074 0.0839941 0.170948 0.0751165 0.4567 9.9991E-05
9.9973E-05 0.000173675 0.641133 0.0397628 9.9973E-05 0.318631 9.9973E-05
9.9973E-05 0.175973 0.466191 0.101419 9.9973E-05 0.256118 9.9973E-05
0.0716869 0.0222335 0.413965 0.133905 0.085189 0.272921 9.9991E-05
0.543065 9.9973E-05 9.9973E-05 0.0548865 9.9973E-05 0.324249 0.0774988
0.123973 9.9982E-05 9.9982E-05 0.170357 0.0688354 0.544701 0.0919339
0.727294 9.9964E-05 9.9964E-05 9.9964E-05 9.9964E-05 0.183588 0.0887187
0.198686 0.0395453 0.0303843 0.0544339 0.0135165 0.61386 0.0495743
0.407051 0.113302 0.0117555 9.9991E-05 0.0207378 0.440382 0.00667143
0.27116 0.0186839 0.0525006 9.9991E-05 0.0245591 0.568855 0.0641418
0.486364 0.0310024 9.9982E-05 0.131931 9.9982E-05 0.201508 0.148995
0.177013 0.0643765 0.0829207 0.0346615 0.0540075 0.586921 9.9991E-05
0.266211 0.0308548 0.0696343 9.9991E-05 0.0322251 0.580019 0.020956
9.9964E-05 9.9964E-05 0.93439 0.0388949 9.9964E-05 0.0263155 9.9964E-05
0.0304798 9.9964E-05 0.944468 9.9964E-05 9.9964E-05 0.0246519 9.9964E-05
0.0329254 0.116166 0.596099 0.0301671 0.0157014 0.208841 9.9991E-05
9.9973E-05 9.9973E-05 0.692846 0.0116847 0.010597 0.284572 9.9973E-05
9.9982E-05 0.034719 0.799615 0.0369488 9.9982E-05 0.10805 0.0204664
9.995E-05 9.995E-05 0.9994 9.995E-05 9.995E-05 9.995E-05 9.995E-05
0.0145884 0.0431942 0.941818 9.9964E-05 9.9964E-05 9.9964E-05 9.9964E-05
9.9955E-05 9.9955E-05 0.791886 9.9955E-05 9.9955E-05 0.207614 9.9955E-05
9.995E-05 9.995E-05 0.9994 9.995E-05 9.995E-05 9.995E-05 9.995E-05
9.995E-05 9.995E-05 0.9994 9.995E-05 9.995E-05 9.995E-05 9.995E-05
9.995E-05 9.995E-05 0.9994 9.995E-05 9.995E-05 9.995E-05 9.995E-05
9.9973E-05 0.0298886 0.776517 9.9973E-05 0.0172295 0.176065 9.9973E-05
9.9982E-05 9.9982E-05 0.791396 0.0395405 0.0685703 0.0998398 0.00045296
9.9955E-05 9.9955E-05 0.997617 0.00188343 9.9955E-05 9.9955E-05 9.9955E-05
0.0356071 0.0123367 0.293503 0.132443 0.105399 0.416258 0.0044523
9.9982E-05 0.102026 0.544356 0.0287455 0.0453775 0.279295 9.9982E-05
9.9973E-05 9.9973E-05 0.667942 9.9973E-05 0.0294857 0.239684 0.0625887
9.9964E-05 9.9964E-05 0.87506 9.9964E-05 0.056078 0.0684625 9.9964E-05
9.9964E-05 9.9964E-05 0.9751 9.9964E-05 9.9964E-05 0.00529063 0.0192092
9.9982E-05 0.0193763 0.865616 9.9982E-05 0.0171657 0.0324539 0.0651879
9.995E-05 9.995E-05 0.9994 9.995E-05 9.995E-05 9.995E-05 9.995E-05
9.9982E-05 0.0578152 0.677667 0.0890228 0.0516546 0.12364 9.9982E-05
0.0273406 9.9973E-05 0.895411 0.0649108 0.012038 9.9973E-05 9.9973E-05
0.450084 9.9973E-05 0.0338779 9.9973E-05 0.274306 9.9973E-05 0.241431
0.19883 0.0266556 0.00743451 9.9991E-05 0.235664 0.43254 0.0987758
0.222371 0.0169774 0.0288403 9.9991E-05 0.224164 0.432436 0.0751113
0.208015 0.0177716 0.00243902 9.9991E-05 0.146303 0.274434 0.350937
0.133614 0.00702679 0.109583 0.0651219 0.138138 0.41715 0.129366
0.308696 9.9991E-05 0.054565 0.0391828 0.194009 0.196272 0.207175
0.0947366 0.0929095 0.0905299 0.0448382 0.123726 0.394509 0.158751
0.249968 9.9982E-05 0.125694 9.9982E-05 0.153291 0.357035 0.113812
0.183148 9.9991E-05 0.0937931 0.00207542 0.192385 0.468301 0.0601971
0.219467 9.9982E-05 0.148701 9.9982E-05 0.127381 0.368647 0.135604
0.0421234 0.0445824 0.02695 0.0626639 0.211544 0.542304 0.0698325
0.0553736 0.0537395 9.9973E-05 9.9973E-05 0.820099 0.0704876 9.9973E-05
9.9964E-05 9.9964E-05 0.0624788 9.9964E-05 0.892647 9.9964E-05 0.0444745
9.9964E-05 0.0246701 9.9964E-05 9.9964E-05 0.939472 9.9964E-05 0.0354581
9.9964E-05 0.0399511 9.9964E-05 9.9964E-05 0.928639 0.0310097 9.9964E-05
9.9973E-05 0.0760218 0.0467986 9.9973E-05 0.83137 9.9973E-05 0.0455097
9.9964E-05 9.9964E-05 0.0785121 9.9964E-05 0.794066 9.9964E-05 0.127022
9.9973E-05 9.9973E-05 0.0871946 0.0290596 0.863767 0.019679 9.9973E-05
0.0178271 0.0002524 9.9982E-05 0.00584009 0.83352 9.9982E-05 0.14236
9.9964E-05 9.9964E-05 9.9964E-05 9.9964E-05 0.857339 0.0458991 0.0963617
9.9973E-05 9.9973E-05 0.0755281 9.9973E-05 0.782719 0.00352511 0.137928
9.9973E-05 0.259721 9.9973E-05 0.11703 0.589021 9.9973E-05 0.0339279
9.9973E-05 0.262436 9.9973E-05 0.0686064 0.602681 9.9973E-05 0.0659767
0.0164782 0.273622 9.9982E-05 0.134534 0.482799 9.9982E-05 0.0923673
0.0914213 0.305306 9.9973E-05 0.0844117 0.518562 9.9973E-05 9.9973E-05
9.9982E-05 0.105489 9.9982E-05 0.339985 0.000847741 0.503346 0.0501329
0.030241 0.048845 9.9982E-05 0.366032 0.0584184 0.496264 9.9982E-05
0.0477321 0.178195 0.0566189 0.191323 9.9991E-05 0.525057 0.000973398
9.9982E-05 0.233922 9.9982E-05 0.279299 0.0219416 0.382089 0.0825496
0.0381234 0.549664 9.9973E-05 0.198179 9.9973E-05 0.213734 9.9973E-05
0.193001 9.9982E-05 0.0762587 0.222704 0.0148529 0.492984 9.9982E-05
0.0105638 0.110759 0.0551404 0.272962 9.9982E-05 0.550375 9.9982E-05
0.0561043 0.0729853 9.9982E-05 0.300968 9.9982E-05 0.510166 0.0595759
0.102838 0.003991 0.0516567 0.472109 9.9982E-05 0.369206 9.9982E-05
0.0289204 0.0138717 9.9982E-05 0.162824 9.9982E-05 0.57145 0.222734
0.0262785 0.245775 9.9973E-05 0.241234 9.9973E-05 0.486412 9.9973E-05
0.203196 0.0860076 9.9964E-05 0.710397 9.9964E-05 9.9964E-05 9.9964E-05
0.139678 0.0493637 0.00316911 0.193539 0.101635 0.512515 9.9991E-05
0.111803 9.9973E-05 9.9973E-05 0.545248 9.9973E-05 0.227183 0.115467
0.0026795 0.0319208 9.9982E-05 0.392779 9.9982E-05 0.504647 0.0677739
9.9973E-05 0.18663 9.9973E-05 0.664558 0.0645437 0.0839675 9.9973E-05
0.100781 0.734568 0.0044952 9.9991E-05 0.134609 0.00041428 0.0250332
0.184621 0.642166 9.9973E-05 9.9973E-05 0.124596 0.0483179 9.9973E-05
0.23216 0.752457 9.9964E-05 9.9964E-05 0.0149838 9.9964E-05 9.9964E-05
0.157961 0.710827 9.9973E-05 0.00568715 0.125225 9.9973E-05 9.9973E-05
0.16216 0.763349 0.0232249 9.9973E-05 0.0509663 9.9973E-05 9.9973E-05
0.103715 0.714931 0.0462159 9.9982E-05 0.0580521 0.0768864 9.9982E-05
9.9973E-05 9.9973E-05 0.011751 9.9973E-05 0.83175 0.0744531 0.081746
9.9982E-05 0.0469886 0.0393323 9.9982E-05 0.792365 0.0818711 0.0392433
9.9973E-05 9.9973E-05 0.13226 9.9973E-05 0.680529 0.10648 0.0804314
9.9982E-05 0.0787599 0.0778779 9.9982E-05 0.716949 0.0931925 0.0330208
9.9982E-05 0.0141705 0.0642162 9.9982E-05 0.776085 0.123612 0.0217166
0.0312084 0.561542 9.9964E-05 9.9964E-05 0.40685 9.9964E-05 9.9964E-05
0.147015 0.352514 9.9973E-05 0.030926 0.469246 9.9973E-05 9.9973E-05
0.112557 0.431019 9.9964E-05 9.9964E-05 0.456024 9.9964E-05 9.9964E-05
9.9973E-05 0.00607471 0.0347763 9.9973E-05 0.832002 0.126847 9.9973E-05
0.10824 0.4343 9.9973E-05 0.0672437 0.389916 9.9973E-05 9.9973E-05
9.9973E-05 9.9973E-05 0.299469 9.9973E-05 0.105979 0.370089 0.224163
0.120503 0.0291055 0.226849 9.9991E-05 0.0662265 0.511086 0.0461295
9.9964E-05 9.9964E-05 0.218972 9.9964E-05 0.247471 0.533157 9.9964E-05
0.0315337 0.0249436 0.171265 0.105327 0.156936 0.310414 0.19958
0.0726806 0.0484322 0.110488 0.0271605 0.164629 0.562007 0.014602
0.0199094 9.9982E-05 0.238809 9.9982E-05 0.337817 0.00510062 0.398163
0.149694 0.353037 9.9982E-05 0.0252114 9.9982E-05 0.457574 0.0142836
0.22988 0.130595 9.9982E-05 0.131345 9.9982E-05 0.369097 0.138882
0.0651588 0.494323 9.9991E-05 0.0577567 0.0474471 0.30994 0.0252747
0.177687 0.163162 9.9982E-05 0.0939778 9.9982E-05 0.497591 0.0673824
0.429749 0.159613 9.9973E-05 0.214357 9.9973E-05 9.9973E-05 0.19598
0.143011 0.184856 0.0441328 0.0243764 0.059732 0.543792 9.9991E-05
0.150693 0.195163 9.9982E-05 0.082278 9.9982E-05 0.496573 0.0750927
0.0184105 0.422427 9.9991E-05 0.128461 0.0201379 0.37534 0.035123
0.0442028 0.225974 0.0793441 0.0201786 0.0642515 0.565949 9.9991E-05
0.150069 0.232552 9.9982E-05 0.30157 9.9982E-05 0.050758 0.264851
0.123773 0.0917229 9.9982E-05 0.199274 9.9982E-05 0.444235 0.140796
0.106761 0.257327 0.0393182 0.129765 0.0231686 0.44356 9.9991E-05
0.0282536 0.0782081 0.103029 0.080548 0.0990207 0.46543 0.145511
0.165164 0.282584 9.9982E-05 0.116718 9.9982E-05 0.382674 0.0526603
0.0356355 0.289003 9.9991E-05 0.11449 0.0178906 0.471122 0.0717583
0.246533 0.0452342 0.0699511 0.0993552 9.9991E-05 0.482868 0.0559587
0.129167 0.149033 9.9982E-05 0.0923679 9.9982E-05 0.573324 0.0559089
9.9991E-05 0.0935165 0.0628545 0.192658 0.000964564 0.638257 0.011649
0.101426 0.12192 0.0642309 0.0223577 0.136102 0.553864 9.9991E-05
0.0354439 0.155421 0.00220457 0.0130204 0.0271853 0.610462 0.156262
9.9964E-05 9.9964E-05 0.129549 9.9964E-05 0.755936 0.114115 9.9964E-05
0.00820658 9.9982E-05 0.0830296 0.0467752 0.826663 0.0351254 9.9982E-05
0.0536993 0.0109322 0.00859735 0.0493862 0.777986 0.0675332 0.0318658
0.0209843 9.9982E-05 0.0382079 0.128506 0.790411 0.0216907 9.9982E-05
9.9955E-05 9.9955E-05 9.9955E-05 9.9955E-05 0.84107 0.15843 9.9955E-05
9.9973E-05 0.551965 9.9973E-05 0.0858687 9.9973E-05 0.248948 0.112919
0.144977 0.17786 0.116871 0.105465 0.0138523 0.357693 0.0832823
9.9991E-05 0.0241661 0.111023 0.111387 0.150333 0.5198 0.0831915
9.9973E-05 0.149076 9.9973E-05 9.9973E-05 0.0002624 0.689375 0.160987
0.013948 0.271313 9.9982E-05 0.117616 0.0930901 0.503832 9.9982E-05
0.137973 0.390544 0.0359722 9.9982E-05 9.9982E-05 0.294172 0.141139
0.0253707 0.566089 9.9991E-05 0.115862 0.0827064 0.0115502 0.198322
0.00596083 0.310876 9.9982E-05 0.088054 0.0185602 0.576349 9.9982E-05
0.118077 0.403188 0.0900808 0.204543 0.0984504 0.0855607 9.9991E-05
0.109238 0.20337 0.0158511 0.11308 0.0419944 0.424473 0.0919922
0.0233 0.522683 9.9991E-05 0.155074 0.141502 0.129252 0.0280893
0.00538365 0.232343 0.0552874 9.9991E-05 0.0882181 0.584801 0.0338663
0.0554893 0.454491 9.9991E-05 0.162806 0.0877199 0.183811 0.0555831
0.210941 0.252656 0.0507496 0.0427554 0.000289893 0.387613 0.0549945
0.173068 0.173275 9.9982E-05 9.9982E-05 0.0901051 0.483795 0.0795571
0.623632 0.00994919 9.9982E-05 9.9982E-05 0.0564861 0.264936 0.0447971
0.256008 0.064847 9.9991E-05 0.0751162 0.0694746 0.524344 0.0101105
0.199812 0.0164703 9.9982E-05 9.9982E-05 0.131429 0.585985 0.0661037
0.475802 0.125622 9.9982E-05 0.0094652 9.9982E-05 0.334562 0.0543489
0.241432 0.0512451 0.0138095 0.0600956 0.118294 0.515023 9.9991E-05
0.186039 0.0462638 9.9991E-05 0.0779229 0.0170933 0.549882 0.122699
0.718167 0.0696552 9.9982E-05 0.0665646 9.9982E-05 0.0819455 0.0634674
0.567687 0.0107569 9.9973E-05 9.9973E-05 9.9973E-05 0.270991 0.150266
0.415277 0.0651171 9.9973E-05 9.9973E-05 9.9973E-05 0.47369 0.0456161
0.615592 0.0822816 9.9982E-05 0.0933046 0.0769637 0.131658 9.9982E-05
0.217766 0.198699 9.9982E-05 0.0852707 9.9982E-05 0.413272 0.0847929
9.9973E-05 0.563394 9.9973E-05 0.199044 9.9973E-05 0.1552 0.0820625
0.156443 0.359574 0.0130016 0.138348 9.9991E-05 0.241848 0.0906854
9.9991E-05 0.429276 0.100215 0.163632 0.0278312 0.273562 0.00538377
0.00387948 0.198185 0.00619921 0.0283105 0.0162451 0.68019 0.0669912
9.9973E-05 0.440488 9.9973E-05 0.23733 9.9973E-05 0.285248 0.036634
9.9982E-05 0.113736 0.0695356 0.167878 9.9982E-05 0.449402 0.199249
9.9982E-05 0.197084 0.014243 9.9982E-05 0.0375347 0.650033 0.100905
9.9982E-05 0.226938 0.0273308 0.121226 9.9982E-05 0.5746 0.0497044
0.0213579 0.236543 0.136756 0.174403 0.00576876 0.409749 0.0154222
9.9982E-05 0.29899 0.0971392 0.188133 0.0305548 0.384983 9.9982E-05
9.9973E-05 0.502249 0.0500035 0.200605 9.9973E-05 0.246843 9.9973E-05
9.9991E-05 0.413119 0.01864 0.0797833 0.00643144 0.417167 0.0647589
0.0380325 0.234368 0.000759182 9.9982E-05 9.9982E-05 0.635422 0.091218
0.0906342 0.10168 9.9991E-05 0.0628219 0.000873126 0.628404 0.115487
0.168744 0.249318 9.9982E-05 0.0253215 9.9982E-05 0.420585 0.135832
9.9982E-05 0.213696 0.0391277 0.0686842 9.9982E-05 0.52638 0.151912
0.0200151 0.446312 0.0258011 9.9982E-05 9.9982E-05 0.423353 0.084319
9.9982E-05 0.202615 9.9982E-05 0.0259324 0.0199083 0.712134 0.0392098
0.0276644 0.228886 0.0815699 0.0496173 0.0521856 0.524881 0.035196
0.0413305 0.16113 0.151723 0.0483178 0.0743194 0.523079 9.9991E-05
9.9982E-05 9.9982E-05 0.0714022 0.0340977 0.332463 0.445577 0.11626
0.0469163 9.9991E-05 0.162279 0.0619839 0.0786774 0.485092 0.164952
0.0360987 0.0914263 0.141747 0.110851 0.0503928 0.438861 0.130623
0.123727 0.0828466 0.0788881 0.000307896 0.10833 0.594275 0.0116253
9.9982E-05 9.9982E-05 0.119039 0.0907614 0.194299 0.512031 0.0836694
0.275309 0.118188 0.01976 9.9982E-05 9.9982E-05 0.527937 0.0586057
0.0125181 0.147369 0.152136 0.0468131 0.145931 0.495133 9.9991E-05
0.11033 9.9991E-05 0.0527728 0.243591 0.124442 0.0377507 0.431013
9.9991E-05 0.0600715 0.133726 0.0395376 0.0454859 0.592755 0.128324
0.0335709 0.0873502 0.161149 0.11119 0.110868 0.495771 9.9991E-05
0.0637188 0.0617383 0.137704 0.0384148 0.0506902 0.517305 0.130429
0.0120672 0.111456 0.0747547 0.151804 0.113624 0.339318 0.196975
9.9991E-05 0.0276252 0.0520238 0.0712604 0.148918 0.553378 0.146695
0.106163 9.9982E-05 0.114849 9.9982E-05 0.197627 0.567266 0.013895
0.0111712 9.9982E-05 0.101708 0.0231173 0.299356 9.9982E-05 0.564448
0.0173666 9.9991E-05 0.186142 0.0533384 0.100823 0.51083 0.131399
9.9982E-05 0.0441324 0.205068 9.9982E-05 0.0968959 0.603403 0.0503016
0.125678 9.9991E-05 0.081611 0.032871 0.0423534 0.64501 0.0723769
9.9973E-05 9.9973E-05 0.166783 9.9973E-05 0.138828 0.549212 0.144877
0.0770277 0.0658786 0.0939099 0.0426096 0.129271 0.572555 0.0187478
0.342018 0.0579268 0.0715273 0.0932477 9.9982E-05 0.435081 9.9982E-05
0.23599 0.0440779 0.121124 0.0443588 0.0352643 0.464148 0.0550365
0.663313 9.9964E-05 0.036798 0.299489 9.9964E-05 9.9964E-05 9.9964E-05
0.821492 0.0434562 9.9964E-05 0.134652 9.9964E-05 9.9964E-05 9.9964E-05
0.345631 0.0439368 0.0670834 9.9982E-05 0.0611173 0.482031 9.9982E-05
0.0738103 0.0157239 0.210502 9.9991E-05 0.0333394 0.467003 0.199521
0.101461 9.9991E-05 0.288727 0.0328053 0.0243453 0.374301 0.178261
0.13468 9.9991E-05 0.240954 0.0573023 0.12992 0.175554 0.26149
0.0973519 9.9982E-05 0.197381 9.9982E-05 0.204232 0.378753 0.122082
0.670682 9.9973E-05 0.0843973 9.9973E-05 9.9973E-05 0.0543624 0.190259
0.520697 9.9991E-05 0.118597 0.0165479 0.0457097 0.11827 0.180078
0.307958 9.9982E-05 0.165037 0.0248736 9.9982E-05 0.496774 0.00515874
0.430778 9.9982E-05 0.141921 0.0124726 0.0313382 0.38329 9.9982E-05
0.533128 9.9991E-05 0.127786 0.00579335 0.0346561 0.188938 0.109599
0.20139 0.0283976 0.122876 9.9991E-05 0.0147847 0.549172 0.0832802
0.311096 0.0243729 0.171618 9.9973E-05 9.9973E-05 0.492613 9.9973E-05
0.146609 0.0128283 0.135057 0.104027 0.0364158 0.485657 0.0794061
0.439981 0.0821401 9.9982E-05 0.12817 0.00394208 0.345567 9.9982E-05
0.435246 9.9982E-05 0.00932127 0.120978 0.0466622 0.387592 9.9982E-05
0.2142 0.0831701 0.0545163 0.117321 0.0340052 0.485774 0.0110139
0.436479 0.118441 0.113429 9.9973E-05 9.9973E-05 0.331351 9.9973E-05
0.225097 0.0184413 0.02972 0.0649876 0.0812517 0.499072 0.0814301
0.516909 9.9973E-05 0.0338148 9.9973E-05 9.9973E-05 0.435799 0.0131771
0.666819 0.044734 9.9973E-05 0.0679098 9.9973E-05 0.220237 9.9973E-05
0.247019 9.9982E-05 0.0453113 0.143282 0.0425557 0.521632 9.9982E-05
0.57507 0.0351642 0.0115999 0.136331 9.9982E-05 0.241635 9.9982E-05
0.599039 9.9982E-05 0.0224722 0.00579753 0.0049848 0.367506 9.9982E-05
0.189245 0.0962703 0.0936288 0.0933518 0.00140756 0.493126 0.0329707
0.229916 0.0874949 0.127424 0.124077 9.9982E-05 0.430889 9.9982E-05
0.147641 9.9982E-05 0.169775 9.9982E-05 0.142662 0.482895 0.0568269
0.104749 0.00874402 0.135799 0.119388 0.186644 0.355833 0.0888442
0.131427 0.110021 0.274756 9.9991E-05 0.10565 0.280162 0.097884
0.105253 0.100461 0.135705 9.9991E-05 0.201992 0.362819 0.0936699
0.102823 0.0991087 0.178015 0.101498 0.141484 0.367794 0.00927762
0.294471 9.9991E-05 0.191627 0.00650303 0.141346 0.317957 0.0479961
0.525251 9.9982E-05 0.156923 0.0313189 0.0906921 9.9982E-05 0.195615
0.0495633 0.0799109 0.181688 9.9991E-05 0.040423 0.583489 0.0648258
0.393196 9.9973E-05 0.103037 9.9973E-05 0.254904 9.9973E-05 0.248563
0.215683 9.9982E-05 0.133472 9.9982E-05 0.0343684 0.539824 0.0764533
0.703153 9.9964E-05 9.9964E-05 0.213535 9.9964E-05 0.0829123 9.9964E-05
0.752245 9.9955E-05 9.9955E-05 0.247256 9.9955E-05 9.9955E-05 9.9955E-05
0.435259 0.0125098 0.0199133 0.0999288 9.9982E-05 0.432189 9.9982E-05
0.364169 9.9973E-05 0.024995 0.00105572 9.9973E-05 0.609481 9.9973E-05
0.50948 0.0141253 9.9973E-05 0.0835695 9.9973E-05 0.392525 9.9973E-05
0.349118 9.9973E-05 9.9973E-05 0.14082 0.0184344 0.491328 9.9973E-05
0.34896 0.000894803 0.00818464 0.0758119 9.9982E-05 0.565949 9.9982E-05
0.0668597 9.9973E-05 0.0850241 9.9973E-05 0.800834 0.0469826 9.9973E-05
9.9973E-05 0.143253 0.175389 9.9973E-05 0.667435 9.9973E-05 0.0136233
9.9964E-05 0.0446087 0.0796712 9.9964E-05 0.87532 9.9964E-05 9.9964E-05
9.9964E-05 9.9964E-05 9.9964E-05 9.9964E-05 0.902036 0.0505229 0.0470416
0.0137299 9.9973E-05 9.9973E-05 0.389769 0.048326 0.547875 9.9973E-05
9.9973E-05 9.9973E-05 0.0468776 0.442655 0.0150396 0.495127 9.9973E-05
9.9964E-05 9.9964E-05 9.9964E-05 0.462323 0.0529324 0.484345 9.9964E-05
0.11643 0.0135303 0.040752 0.223318 0.0735819 0.532287 9.9991E-05
0.0803717 0.13587 9.9991E-05 0.106887 0.0830987 0.548202 0.0454707
0.0711401 0.088647 0.0351243 0.601845 0.0303895 0.172754 9.9991E-05
9.9964E-05 9.9964E-05 0.0748756 0.380274 9.9964E-05 0.544451 9.9964E-05
0.172193 9.9973E-05 9.9973E-05 0.455399 9.9973E-05 0.335736 0.0363711
0.000674287 0.136058 0.183728 0.0499102 0.213707 0.402712 0.0132111
0.102929 0.0571697 0.0598703 0.354507 9.9991E-05 0.389025 0.0363991
9.9964E-05 0.133606 9.9964E-05 0.526279 9.9964E-05 0.339716 9.9964E-05
9.9964E-05 9.9964E-05 9.9964E-05 0.435743 9.9964E-05 0.542577 0.0212806
0.0338808 0.0333011 9.9982E-05 0.514352 0.0499397 0.368326 9.9982E-05
0.0191638 9.9973E-05 9.9973E-05 0.385638 9.9973E-05 0.570336 0.0245626
9.9973E-05 9.9973E-05 0.0542944 0.35086 0.0516741 0.542871 9.9973E-05
0.101812 9.9964E-05 9.9964E-05 0.892499 9.9964E-05 0.00528931 9.9964E-05
0.152609 9.9991E-05 0.0489317 0.50839 0.033332 0.242719 0.013919
9.9973E-05 0.0251357 9.9973E-05 0.580359 9.9973E-05 0.35517 0.0390356
0.0832561 9.9964E-05 9.9964E-05 0.833483 9.9964E-05 9.9964E-05 0.0828611
9.9982E-05 0.0968334 9.9982E-05 0.416006 0.0748404 0.39552 0.0166008
0.113035 9.9973E-05 9.9973E-05 0.610633 9.9973E-05 0.0800644 0.195968
0.111371 9.9964E-05 9.9964E-05 0.734903 9.9964E-05 9.9964E-05 0.153326
0.0617641 9.9982E-05 0.0321222 0.33818 0.0245423 0.543192 9.9982E-05
0.0488555 0.106793 9.9982E-05 0.569532 0.0509597 0.223659 9.9982E-05
9.9982E-05 0.111916 0.0302361 0.386794 9.9982E-05 0.464469 0.00638444
0.0131716 0.080024 0.0437831 0.11881 0.148381 0.567297 0.0285333
9.9991E-05 0.0741349 0.00236184 0.360173 0.018434 0.522044 0.0227519
0.092785 0.183429 9.9982E-05 0.0616308 9.9982E-05 0.406853 0.255102
9.9973E-05 0.0333527 9.9973E-05 0.340984 0.00941235 0.615951 9.9973E-05
9.9982E-05 0.0721292 0.0173011 0.366418 0.0683109 0.475641 9.9982E-05
0.0751576 9.9973E-05 9.9973E-05 0.587781 9.9973E-05 0.313307 0.0234546
0.107211 0.00603896 0.0751971 0.236666 0.0965359 0.478251 9.9991E-05
0.0816842 0.221098 9.9982E-05 0.0238979 0.639344 9.9982E-05 0.0337763
0.0311439 0.060135 0.00743702 0.0675442 0.747253 0.0553317 0.0311547
9.9964E-05 0.159658 9.9964E-05 9.9964E-05 0.762407 9.9964E-05 0.0775347
0.0678348 0.124326 9.9973E-05 9.9973E-05 0.799218 9.9973E-05 0.00832174
0.0351481 0.183213 9.9982E-05 0.0400174 0.708972 0.0324497 9.9982E-05
9.9982E-05 0.141337 0.0199601 0.680286 0.0329364 0.125281 9.9982E-05
0.0988167 0.0743581 9.9982E-05 0.666396 0.0733481 0.0868814 9.9982E-05
0.103034 9.9964E-05 9.9964E-05 0.78877 9.9964E-05 0.107796 9.9964E-05
0.07431 0.00353671 0.140027 0.264142 0.0732561 0.444628 9.9991E-05
0.0835712 0.0155721 0.0991458 0.197334 0.124263 0.480014 9.9991E-05
0.0537129 9.9991E-05 0.00418903 0.566454 0.019896 0.276276 0.0793718
0.088412 9.9973E-05 0.0591737 0.266357 9.9973E-05 0.585757 9.9973E-05
0.0539119 9.9982E-05 0.166212 0.413362 0.0370007 0.329313 9.9982E-05
0.0324324 0.1377 9.9982E-05 0.24778 9.9982E-05 0.573514 0.00837322
9.9973E-05 0.0525821 9.9973E-05 0.294536 0.0542367 0.598345 9.9973E-05
0.164854 0.127793 0.0374156 0.433379 9.9982E-05 0.236359 9.9982E-05
9.9964E-05 0.0925527 9.9964E-05 0.558826 9.9964E-05 0.348221 9.9964E-05
9.9964E-05 0.162177 9.9964E-05 0.534416 9.9964E-05 0.303006 9.9964E-05
0.299714 0.00209381 9.9982E-05 0.0259191 0.13655 0.535523 9.9982E-05
9.9973E-05 0.0226922 9.9973E-05 0.51501 0.0457443 0.416253 9.9973E-05
0.0466449 9.9982E-05 9.9982E-05 0.426307 0.0404378 0.472953 0.0134581
0.0848505 9.9982E-05 0.415316 9.9982E-05 0.023827 0.431596 0.0442105
0.0174837 0.0296993 0.405233 9.9991E-05 0.0845226 0.362455 0.100507
9.9973E-05 9.9973E-05 0.341464 9.9973E-05 0.0956848 0.405466 0.157085
0.0138979 9.9982E-05 0.487366 9.9982E-05 0.0659973 0.286511 0.146028
9.9973E-05 9.9973E-05 0.210528 9.9973E-05 0.126614 0.553811 0.108747
0.103444 9.9982E-05 9.9982E-05 0.329686 0.0190084 0.508801 0.0388612
9.9973E-05 9.9973E-05 0.590059 9.9973E-05 0.198558 0.0688425 0.142241
9.9982E-05 9.9982E-05 0.430933 0.0184745 0.150789 0.289275 0.110328
0.154079 9.9991E-05 0.0870244 0.0220174 0.176286 0.435042 0.125451
0.263966 9.9982E-05 9.9982E-05 0.00329401 0.158574 0.55702 0.0169463
0.412197 0.00145842 9.9982E-05 9.9982E-05 0.14507 0.396487 0.0445864
0.17083 0.037432 9.9982E-05 9.9982E-05 0.168236 0.596804 0.0264975
0.14773 0.0227127 0.0118437 0.118866 0.104463 0.594284 9.9991E-05
9.9973E-05 9.9973E-05 0.430419 9.9973E-05 0.161331 0.347017 0.0609328
9.9982E-05 0.0940428 0.311507 9.9982E-05 0.0775811 0.443699 0.0729697
9.9973E-05 9.9973E-05 0.457934 9.9973E-05 0.0522555 0.434016 0.0554942
0.0994999 0.0619102 0.243749 0.00167873 0.0685154 0.465029 0.0596177
9.9973E-05 9.9973E-05 0.453117 9.9973E-05 0.0064445 0.328679 0.21146
0.0702886 0.0198472 0.37607 0.133954 0.133237 0.258993 0.00761042
0.0206192 9.9991E-05 0.432208 0.0394281 0.1062 0.33272 0.0687249
9.9982E-05 0.126015 0.299989 9.9982E-05 0.0427091 0.398327 0.132761
0.245527 0.00584861 9.9991E-05 0.038525 0.0172478 0.508576 0.184175
9.9982E-05 9.9982E-05 0.336302 0.0735954 0.12234 0.374423 0.0931394
9.9973E-05 9.9973E-05 0.587247 9.9973E-05 0.130656 0.205724 0.0760721
0.0785045 0.0931026 0.313792 9.9991E-05 0.144771 0.30973 0.0599994
0.335212 0.146612 9.9982E-05 0.0768651 0.210277 0.230834 9.9982E-05
0.287151 0.0624968 0.123414 0.0155686 9.9991E-05 0.510543 0.000726561
0.0340761 0.019884 0.22213 9.9991E-05 0.10159 0.492859 0.12936
0.292983 0.0132327 9.9973E-05 9.9973E-05 0.0937017 0.599782 9.9973E-05
0.238602 0.00425813 0.0672245 0.10153 0.184681 0.403604 9.9991E-05
0.0149036 0.00999222 0.241598 0.120364 0.210683 0.371982 0.0304773
0.0369125 0.0159437 0.316628 0.0379702 0.130206 0.285129 0.177211
0.161259 0.0478341 0.0522529 0.0652245 0.0513918 0.58429 0.0377475
9.9982E-05 9.9982E-05 0.364352 0.0627863 0.0605303 0.42578 0.0863521
9.9973E-05 9.9973E-05 0.468233 9.9973E-05 0.0441186 0.426918 0.0604303
9.9973E-05 9.9973E-05 0.531694 9.9973E-05 0.125273 0.222751 0.119981
9.9982E-05 0.116299 9.9982E-05 0.0694351 0.136865 0.62933 0.047872
0.199851 0.134148 9.9982E-05 0.0416841 0.141558 0.482559 9.9982E-05
0.566317 9.9982E-05 0.00183937 9.9982E-05 0.149732 0.149075 0.132837
0.103306 9.9991E-05 0.149227 0.099848 0.0127326 0.570383 0.0644029
0.10322 0.249061 0.0883516 0.0122749 0.042088 0.37228 0.132724
9.9973E-05 9.9973E-05 0.0581499 9.9973E-05 0.165347 0.537528 0.238675
9.9991E-05 0.0669313 0.00100247 0.0438721 0.0168986 0.593251 0.277944
9.9982E-05 0.00142898 0.0489194 0.00303057 9.9982E-05 0.00471185 0.941709
0.00126398 9.9964E-05 9.9964E-05 9.9964E-05 9.9964E-05 0.0118113 0.986525
0.119974 0.0736721 0.0138237 9.9991E-05 0.00498091 0.367113 0.420336
9.9991E-05 0.00978495 0.0448375 0.0418716 0.0836969 0.134167 0.685542
9.9964E-05 9.9964E-05 0.0866767 9.9964E-05 0.134855 9.9964E-05 0.778068
0.170499 0.0031982 0.0734179 9.9991E-05 0.00616327 0.43671 0.309912
0.110328 9.9982E-05 0.0976381 9.9982E-05 0.191535 0.394029 0.206271
0.0320023 0.0458547 0.066175 0.0834028 0.151049 0.223952 0.397565
9.9964E-05 0.00368209 9.9964E-05 9.9964E-05 9.9964E-05 0.214518 0.7814
0.0583012 0.0055558 0.0759368 9.9991E-05 0.0173768 0.515142 0.327587
9.9964E-05 9.9964E-05 9.9964E-05 0.0413729 9.9964E-05 0.273876 0.684351
9.9955E-05 9.9955E-05 9.9955E-05 9.9955E-05 0.0555081 9.9955E-05 0.943992
9.9982E-05 0.0207653 0.0457738 9.9982E-05 0.141862 0.623068 0.168331
9.9973E-05 0.142352 0.118547 9.9973E-05 9.9973E-05 0.34916 0.389641
9.9973E-05 9.9973E-05 0.147815 9.9973E-05 0.280711 0.46316 0.108013
9.9973E-05 9.9973E-05 0.229815 9.9973E-05 0.179355 0.56933 0.0211998
0.140036 0.00735714 0.195507 0.105636 0.0819785 0.469386 9.9991E-05
0.0529375 9.9982E-05 0.219113 9.9982E-05 0.11009 0.514146 0.103514
0.00504055 0.0650909 0.223007 9.9991E-05 0.334059 0.341446 0.031256
9.9982E-05 0.0360534 0.149573 9.9982E-05 0.195152 0.575017 0.0440046
9.9991E-05 0.0696815 0.231738 0.0130538 0.220347 0.4442 0.0208795
0.154524 9.9982E-05 0.201235 9.9982E-05 0.201846 0.347735 0.0944606
0.0672488 0.0370381 0.10911 0.29006 0.209062 0.287381 9.9991E-05
0.112228 0.0517373 0.0342971 0.0109038 0.204559 0.570517 0.0157573
0.132278 0.0472133 0.120415 0.0500405 0.0666576 0.488298 0.095097
0.0862803 9.9991E-05 0.0971373 0.0864065 0.124426 0.592704 0.0129455
0.0656074 9.9982E-05 0.215935 9.9982E-05 0.247302 0.363428 0.107528
0.0549126 9.9982E-05 0.275837 0.0916857 0.20595 0.371415 9.9982E-05
0.0223375 9.9991E-05 0.140248 0.00912883 0.25815 0.182004 0.388031
9.9982E-05 0.0311745 0.122707 9.9982E-05 0.166667 0.571609 0.107642
9.9982E-05 9.9982E-05 0.22243 0.0616486 0.218769 0.28059 0.216363
0.00136494 0.140806 9.9982E-05 0.0471992 0.763005 9.9982E-05 0.0474253
9.9991E-05 0.795104 0.0070698 0.0113049 0.0433453 0.105267 0.0378093
9.9964E-05 0.972366 9.9964E-05 0.0222496 0.00498471 9.9964E-05 9.9964E-05
9.9964E-05 0.986116 9.9964E-05 9.9964E-05 0.00171639 0.0117677 9.9964E-05
0.0240844 0.944728 9.9964E-05 9.9964E-05 9.9964E-05 0.0307879 9.9964E-05
9.9973E-05 0.874632 0.0589538 9.9973E-05 0.028557 0.0375572 9.9973E-05
9.99587E-05 0.889811 9.99587E-05 9.99587E-05 9.99587E-05 0.109689 9.99587E-05
9.9955E-05 0.924983 9.9955E-05 9.9955E-05 0.0745176 9.9955E-05 9.9955E-05
9.9964E-05 0.802266 0.000299177 9.9964E-05 0.197035 9.9964E-05 9.9964E-05
9.9991E-05 0.0382626 0.0204684 0.00750383 0.875724 0.0221661 0.0357751
9.9973E-05 0.13074 0.00438086 9.9973E-05 0.792405 0.072175 9.9973E-05
0.000718338 9.9982E-05 0.0324331 0.00214551 0.912136 0.0523671 9.9982E-05
0.0208561 0.109522 9.9982E-05 9.9982E-05 0.75926 0.0254763 0.0846858
9.9982E-05 0.0200063 0.0458682 9.9982E-05 0.896302 0.00879401 0.0288294
0.0852975 0.0314507 0.00891714 9.9973E-05 0.874035 9.9973E-05 9.9973E-05
0.0297312 0.0315792 0.151798 9.9991E-05 0.692714 0.0102689 0.0838093
0.00883668 9.9982E-05 0.08164 9.9982E-05 0.853029 0.0444476 0.0118464
9.9982E-05 0.135622 0.073187 0.0265413 0.716323 0.048126 9.9982E-05
9.9964E-05 9.9964E-05 0.0877079 0.0421485 0.869744 9.9964E-05 9.9964E-05
0.00291587 0.0220837 9.9973E-05 0.045648 0.929053 9.9973E-05 9.9973E-05
0.0427226 0.00651025 0.0602805 9.9991E-05 0.756646 0.0126184 0.121122
9.9964E-05 0.0295512 0.0285012 9.9964E-05 0.941548 9.9964E-05 9.9964E-05
0.00488967 9.9982E-05 0.00979192 9.9982E-05 0.876321 0.0521433 0.0566539
9.9964E-05 9.9964E-05 0.0595626 9.9964E-05 0.860818 0.0792193 9.9964E-05
9.9964E-05 9.9964E-05 0.06063 9.9964E-05 0.814186 0.124785 9.9964E-05
9.9973E-05 9.9973E-05 0.136886 9.9973E-05 0.742078 0.081822 0.0389144
9.9964E-05 9.9964E-05 0.102286 9.9964E-05 0.769151 0.128162 9.9964E-05
0.0065924 9.9982E-05 0.092126 0.0449693 0.806306 0.0498066 9.9982E-05
0.297638 0.0213016 0.0144475 0.0690159 0.218731 0.378416 0.000450076
0.168385 0.0347767 9.9982E-05 0.0765321 0.0911571 0.628949 9.9982E-05
0.0113168 0.0772838 0.0819232 0.103462 0.161475 0.564439 9.9991E-05
0.641415 9.9982E-05 9.9982E-05 0.0571014 0.030918 0.126899 0.143466
0.146122 0.121775 9.9982E-05 0.0324635 0.160133 0.539306 9.9982E-05
0.6315 9.9982E-05 0.00951551 9.9982E-05 0.156353 0.0513811 0.15105
0.21145 0.00319161 9.9982E-05 9.9982E-05 0.0595764 0.628536 0.0970467
0.25191 0.0929021 9.9982E-05 0.168155 0.0903582 0.396474 9.9982E-05
0.291547 0.0389651 9.9982E-05 0.00807335 0.129497 0.531718 9.9982E-05
0.0188157 0.0320335 0.0472997 0.390285 0.0161892 0.443336 0.0520407
0.279073 0.149938 9.9982E-05 9.9982E-05 0.0991616 0.468647 0.00298137
0.258242 9.9973E-05 0.1036 9.9973E-05 0.091326 0.546532 9.9973E-05
0.197048 0.0784244 9.9982E-05 0.0102392 0.103979 0.61011 9.9982E-05
0.0544865 0.408457 9.9982E-05 0.232098 9.9982E-05 0.133747 0.171012
0.869438 9.9964E-05 9.9964E-05 9.9964E-05 0.077491 9.9964E-05 0.0526707
0.587894 9.9964E-05 9.9964E-05 9.9964E-05 9.9964E-05 0.155782 0.255924
0.24591 0.0357571 0.0205875 9.9982E-05 0.115451 0.582095 9.9982E-05
0.300579 0.0070219 9.9973E-05 9.9973E-05 0.120372 0.571727 9.9973E-05
0.269338 9.9982E-05 9.9982E-05 0.0159484 0.127597 0.539439 0.0474782
0.166885 9.9982E-05 0.0533312 0.0947762 0.111004 0.573803 9.9982E-05
