0.0361024 0.627076 9.9991E-05 0.100951 0.0287635 0.207008
0.0501711 0.703415 0.0221676 0.0180514 0.14758 0.0586147
0.00923129 9.9982E-05 0.00720119 9.9982E-05 0.904218 0.0791493
0.0196631 0.655001 0.0487597 0.125027 0.151449 9.9991E-05
9.9982E-05 0.483125 9.9982E-05 0.0650027 0.292817 0.158855
0.000257698 0.684036 0.106078 0.000178894 0.0881132 0.121336
9.9982E-05 0.220781 9.9982E-05 0.0379655 0.652772 0.0882813
0.0429872 9.9973E-05 0.0930499 9.9973E-05 0.863663 9.9973E-05
0.0795552 0.361645 0.0751134 9.9982E-05 0.483487 9.9982E-05
0.0146194 0.486984 0.0570136 0.189141 0.20093 0.0513115
0.019936 0.237101 9.9991E-05 0.192192 0.466386 0.0842853
0.0565816 9.9991E-05 0.065759 0.124953 0.58562 0.166987
0.0193193 0.537992 0.0773007 0.0560293 0.215535 0.0938237
9.9964E-05 0.451982 9.9964E-05 9.9964E-05 0.547618 9.9964E-05
0.0219641 0.596482 9.9991E-05 0.029046 0.318086 0.0343217
0.0253298 0.457313 0.0730353 0.232758 0.135688 0.0758761
9.999E-05 0.0607886 0.208327 0.203538 0.214242 0.313005
9.9973E-05 9.9973E-05 0.144724 9.9973E-05 0.0541373 0.800839
0.0827011 9.9973E-05 9.9973E-05 0.0582447 9.9973E-05 0.858754
9.9982E-05 9.9982E-05 0.361626 0.0547342 0.0500105 0.533429
9.9973E-05 0.627678 9.9973E-05 0.0754513 0.296571 9.9973E-05
9.9991E-05 0.610053 0.0385358 0.156013 0.16285 0.0324478
9.9964E-05 0.310564 9.9964E-05 0.689036 9.9964E-05 9.9964E-05
9.999E-05 0.400365 0.0122094 0.525464 0.0479213 0.0139406
9.9973E-05 0.384492 9.9973E-05 0.53297 9.9973E-05 0.0822385
0.0422958 0.345196 9.9982E-05 0.00845102 0.603858 9.9982E-05
0.0327043 0.633604 0.0984919 0.0826793 0.105324 0.0471969
0.0430874 0.0800113 0.108021 9.9991E-05 0.75433 0.0144504
9.9964E-05 0.779555 9.9964E-05 9.9964E-05 0.220045 9.9964E-05
0.106109 0.45693 0.00268658 0.0909397 0.343235 9.9991E-05
9.9982E-05 0.525068 0.0192056 0.0867639 0.368762 9.9982E-05
0.066205 9.9973E-05 9.9973E-05 0.0747873 0.858708 9.9973E-05
9.999E-05 0.57457 0.147078 0.0896917 0.119568 0.0689923
9.9982E-05 0.720259 0.111296 0.0151248 0.15312 9.9982E-05
0.00694164 0.0112391 0.023228 0.92071 9.9991E-05 0.0377815
9.9973E-05 0.0547866 0.00544799 0.939465 9.9973E-05 9.9973E-05
9.9982E-05 0.259204 0.0897133 0.555447 0.0954355 9.9982E-05
9.9973E-05 0.245459 0.0281014 0.72614 9.9973E-05 9.9973E-05
9.9991E-05 0.0870833 0.0226636 0.834379 0.0536859 0.00208846
9.9964E-05 9.9964E-05 9.9964E-05 0.98753 9.9964E-05 0.0120701
0.0312924 9.9982E-05 0.00752293 0.934909 9.9982E-05 0.0260761
9.9973E-05 0.0827234 0.145778 0.771199 9.9973E-05 9.9973E-05
9.9964E-05 0.0231624 9.9964E-05 0.976438 9.9964E-05 9.9964E-05
9.996E-05 9.996E-05 9.996E-05 0.9995 9.996E-05 9.996E-05
9.9973E-05 9.9973E-05 0.0111168 0.979358 9.9973E-05 0.00922577
9.9982E-05 0.0569425 0.12077 0.763045 0.0590429 9.9982E-05
9.9982E-05 0.0253517 0.180274 0.716389 9.9982E-05 0.0777855
9.996E-05 9.996E-05 9.996E-05 0.9995 9.996E-05 9.996E-05
0.0539882 0.222643 0.0256654 0.5754 0.120929 0.00137364
9.9991E-05 0.12428 0.0810397 0.648441 0.0916389 0.0544999
9.9991E-05 0.0858006 0.190151 0.670686 0.0205347 0.0327277
9.9973E-05 9.9973E-05 9.9973E-05 0.915568 0.0826399 0.00149225
9.9964E-05 9.9964E-05 0.132216 0.867384 9.9964E-05 9.9964E-05
0.0294467 9.9982E-05 0.0970944 0.846215 9.9982E-05 0.0270435
9.9964E-05 9.9964E-05 0.0425087 0.957091 9.9964E-05 9.9964E-05
0.0164619 0.262833 0.031564 0.688941 9.9982E-05 9.9982E-05
0.00942724 0.0581616 9.9982E-05 0.905332 9.9982E-05 0.0268789
9.9964E-05 9.9964E-05 9.9964E-05 9.9964E-05 0.502545 0.497055
9.9991E-05 0.387147 0.073974 0.129125 0.180277 0.229376
9.9982E-05 0.51632 9.9982E-05 0.0984907 0.206453 0.178536
9.9982E-05 0.230412 0.110798 9.9982E-05 0.323059 0.335532
0.0210398 0.501766 0.178741 0.149636 0.0541717 0.0946459
9.9991E-05 0.130239 0.0365716 0.104098 0.378375 0.350615
0.0175233 0.490473 9.9991E-05 0.185682 0.11559 0.190632
9.9991E-05 0.309564 0.0986432 0.127704 0.270057 0.193931
0.0158931 0.561848 0.13833 0.0728311 0.0710919 0.140006
9.9991E-05 0.213937 0.20116 0.146377 0.355053 0.0833733
9.9991E-05 0.413301 0.0143203 0.204481 0.234418 0.13338
9.9991E-05 0.630293 0.00676193 0.0884209 0.158355 0.11607
9.9982E-05 0.193859 9.9982E-05 0.0106903 0.786727 0.0085231
9.9982E-05 0.424957 0.165178 0.00409119 0.405574 9.9982E-05
9.9982E-05 0.614335 0.149028 0.0620839 0.174353 9.9982E-05
9.9973E-05 0.258222 0.0493933 9.9973E-05 0.692085 9.9973E-05
0.00577595 0.645616 9.9991E-05 0.101594 0.153037 0.0938765
9.9973E-05 0.736493 9.9973E-05 9.9973E-05 0.221185 0.0420226
9.996E-05 9.996E-05 9.996E-05 9.996E-05 0.9995 9.996E-05
9.9964E-05 0.179252 9.9964E-05 9.9964E-05 0.820348 9.9964E-05
9.9973E-05 0.371407 0.119391 9.9973E-05 0.508902 9.9973E-05
0.019223 0.0621933 9.99767E-05 9.99767E-05 0.918284 9.99767E-05
9.9973E-05 0.662478 9.9973E-05 9.9973E-05 0.310154 0.0270683
0.361074 0.452364 9.9982E-05 0.152427 0.0339349 9.9982E-05
0.169031 0.539555 0.175505 0.039384 0.076426 9.9991E-05
0.9995 9.996E-05 9.996E-05 9.996E-05 9.996E-05 9.996E-05
0.878675 9.9964E-05 9.9964E-05 9.9964E-05 0.120925 9.9964E-05
0.388776 0.275234 0.289411 0.04638 9.9982E-05 9.9982E-05
0.0880385 0.350664 0.366446 0.102938 0.0221137 0.0698008
0.0817857 0.347925 0.373805 0.0783959 9.9991E-05 0.117988
0.058637 0.11904 0.466788 0.00573871 0.0647805 0.285015
0.113932 0.218288 0.535587 9.9982E-05 9.9982E-05 0.131993
0.58965 9.9991E-05 0.0921385 0.00426518 0.142879 0.170967
0.567359 0.12469 0.114545 9.9982E-05 9.9982E-05 0.193206
0.192366 0.69208 0.0269932 0.0883617 9.9982E-05 9.9982E-05
0.352393 0.505464 0.129986 0.0119567 9.9982E-05 9.9982E-05
0.714358 9.9973E-05 0.25293 9.9973E-05 9.9973E-05 0.0324126
0.135604 0.666738 0.106231 0.0912269 9.9982E-05 9.9982E-05
0.245501 0.579364 9.9973E-05 0.174836 9.9973E-05 9.9973E-05
0.234165 0.439533 0.160915 0.10743 0.0037708 0.0541864
0.5119 0.417602 9.9973E-05 9.9973E-05 0.0701983 9.9973E-05
0.511467 0.46612 9.9973E-05 9.9973E-05 0.0221126 9.9973E-05
0.187868 0.665305 9.9982E-05 0.0179518 9.9982E-05 0.128675
0.414047 0.494101 0.0544325 0.0270397 0.0102801 9.9991E-05
0.0812007 0.646697 0.0698896 0.0823784 0.119735 9.9991E-05
0.313029 0.582066 9.9982E-05 9.9982E-05 0.0488663 0.0558393
0.692416 0.187667 9.9973E-05 9.9973E-05 0.119617 9.9973E-05
0.255487 0.677871 0.066299 9.9982E-05 9.9982E-05 0.00014304
0.804651 0.127019 0.0325326 0.0123076 0.0233896 9.9991E-05
0.460472 0.490735 9.9982E-05 0.0263378 0.0222547 9.9982E-05
0.115591 0.698998 0.185112 9.9973E-05 9.9973E-05 9.9973E-05
0.255733 0.664439 0.0452562 0.0343717 9.9982E-05 9.9982E-05
0.0139618 0.516117 0.258837 0.131877 9.9991E-05 0.0791071
0.0805764 0.300236 0.149295 0.294116 0.0891848 0.0865909
9.9982E-05 0.445897 0.243675 0.0797931 9.9982E-05 0.230435
0.0700514 0.297318 0.224482 0.158723 0.0942373 0.155188
0.0784608 0.420438 0.401312 0.00409329 0.0214308 0.0742645
0.111063 0.510214 0.161259 0.0771407 0.00943086 0.130893
0.553374 9.9973E-05 0.160674 9.9973E-05 9.9973E-05 0.285652
0.0887415 0.561736 0.199631 0.149691 9.9982E-05 9.9982E-05
0.388904 9.9982E-05 0.0173746 0.0602623 9.9982E-05 0.533259
0.128386 0.562171 0.303399 0.0058438 9.9982E-05 9.9982E-05
0.8055 0.1941 9.9964E-05 9.9964E-05 9.9964E-05 9.9964E-05
0.9995 9.996E-05 9.996E-05 9.996E-05 9.996E-05 9.996E-05
0.388744 0.610856 9.9964E-05 9.9964E-05 9.9964E-05 9.9964E-05
0.167203 0.827283 0.00517733 9.9982E-05 9.9982E-05 0.00013731
0.434579 0.565021 9.9964E-05 9.9964E-05 9.9964E-05 9.9964E-05
0.400286 0.599314 9.9964E-05 9.9964E-05 9.9964E-05 9.9964E-05
0.31789 0.68171 9.9964E-05 9.9964E-05 9.9964E-05 9.9964E-05
9.9982E-05 0.278582 0.520663 0.17382 0.0267346 9.9982E-05
0.041991 9.9982E-05 0.624106 0.214698 0.119006 9.9982E-05
0.0497332 0.166927 0.637972 0.145168 9.9982E-05 9.9982E-05
9.9991E-05 0.103473 0.730511 0.0870233 0.0582128 0.0206804
9.9982E-05 0.276341 0.650132 0.0158328 0.0574937 9.9982E-05
9.9964E-05 9.9964E-05 0.948111 9.9964E-05 9.9964E-05 0.0514893
0.023301 9.9964E-05 0.976299 9.9964E-05 9.9964E-05 9.9964E-05
9.9982E-05 0.12683 0.693837 0.12406 9.9982E-05 0.0550739
0.075569 0.125364 0.644325 0.154542 9.9982E-05 9.9982E-05
9.9973E-05 0.263431 0.591792 0.144477 9.9973E-05 9.9973E-05
9.9991E-05 0.250291 0.507927 0.146464 0.0594687 0.0357495
0.0335352 0.0971593 0.804915 0.0641905 9.9982E-05 9.9982E-05
9.9982E-05 0.129891 0.663594 0.0828903 0.123424 9.9982E-05
0.0271073 0.1399 0.805597 0.0137359 9.9991E-05 0.0135597
0.0287631 0.266809 0.497928 0.1807 0.0256997 9.9991E-05
0.0645567 0.0230445 0.847912 0.0349945 0.0293925 9.9991E-05
9.9973E-05 9.9973E-05 0.851529 0.0633762 9.9973E-05 0.0847949
0.0877967 0.264349 0.356693 0.210976 0.00264823 0.0775365
0.0886691 0.117114 0.687144 0.0280225 0.0778406 0.00120956
0.115557 0.116537 0.478486 0.0788586 0.122377 0.0881844
0.0396126 0.250808 0.401514 0.0990801 0.0273058 0.181679
9.9982E-05 0.0926418 0.540627 0.223058 0.143474 9.9982E-05
0.0832268 0.0429462 0.873527 9.9973E-05 9.9973E-05 9.9973E-05
9.9964E-05 9.9964E-05 0.930996 9.9964E-05 9.9964E-05 0.0686037
9.9982E-05 0.576803 0.156778 0.0248613 9.9982E-05 0.241358
9.9982E-05 0.538308 0.200414 0.0900914 9.9982E-05 0.170987
9.9964E-05 0.0865435 9.9964E-05 9.9964E-05 9.9964E-05 0.913057
9.996E-05 9.996E-05 9.996E-05 9.996E-05 9.996E-05 0.9995
0.0306669 0.409842 0.0589369 0.0237462 0.184439 0.292369
9.9982E-05 0.0982077 0.0962738 9.9982E-05 0.00651242 0.798806
9.9964E-05 9.9964E-05 9.9964E-05 0.0734977 9.9964E-05 0.926102
0.105467 0.383442 0.178984 0.0185034 0.0113027 0.302302
0.000105038 0.443521 0.215193 9.9991E-05 0.0259231 0.315158
9.9982E-05 0.198546 0.225948 9.9982E-05 0.183685 0.391622
9.9973E-05 0.168997 0.0347584 9.9973E-05 9.9973E-05 0.795945
9.9982E-05 0.718389 0.00236151 0.0571851 9.9982E-05 0.221865
9.9973E-05 0.360685 9.9973E-05 9.9973E-05 0.0563809 0.582634
9.996E-05 9.996E-05 9.996E-05 9.996E-05 9.996E-05 0.9995
9.9991E-05 0.414355 0.151756 0.189705 0.130096 0.113989
9.9982E-05 0.453482 0.142897 0.0439127 9.9982E-05 0.359508
