0.226674 0.0633965 0.0807314 0.219352 0.107888 0.301958
0.0840904 0.120549 9.9991E-05 0.578383 0.0307401 0.186137
0.0327955 9.9982E-05 0.0441311 0.561773 0.3611 9.9982E-05
0.0997022 0.193854 9.9991E-05 0.49042 0.00815507 0.207768
0.179992 0.0559119 0.160343 0.414091 0.0630165 0.126644
0.060834 0.0393395 0.0842455 0.545171 9.9991E-05 0.27031
9.9973E-05 9.9973E-05 0.133878 0.642556 0.223266 9.9973E-05
0.0214578 9.9973E-05 9.9973E-05 0.695899 0.282343 9.9973E-05
0.116269 9.9991E-05 0.0434887 0.590823 0.0735811 0.175738
0.127794 0.00915115 9.9991E-05 0.405794 0.0106176 0.446543
0.0710879 0.118446 0.079781 0.51076 0.00469559 0.215229
0.148178 0.0581603 0.0164706 0.401764 0.375327 9.9991E-05
0.19422 9.9982E-05 0.00135666 0.3471 9.9982E-05 0.457123
0.00947919 0.00041233 0.0980357 0.891873 9.9982E-05 9.9982E-05
0.13368 0.0687967 0.0890794 0.665676 9.9991E-05 0.0426674
0.149317 0.271825 0.0780041 0.296491 9.9991E-05 0.204262
9.9982E-05 0.136368 9.9982E-05 0.0845224 0.650025 0.128885
9.996E-05 9.996E-05 9.996E-05 9.996E-05 0.9995 9.996E-05
9.996E-05 9.996E-05 9.996E-05 9.996E-05 0.9995 9.996E-05
9.9973E-05 0.110789 9.9973E-05 9.9973E-05 0.653716 0.235195
9.9973E-05 0.179628 9.9973E-05 0.797773 9.9973E-05 0.0223
0.149846 0.18632 9.9991E-05 0.418836 0.0671849 0.177713
9.9973E-05 0.843405 9.9973E-05 0.123616 9.9973E-05 0.0326786
0.175477 0.479932 0.0119215 0.0932611 9.9991E-05 0.239309
9.999E-05 0.352692 0.0400798 0.235269 0.0074134 0.364446
0.0520322 0.0506117 0.076903 0.782289 0.0380639 9.9991E-05
0.155396 9.9982E-05 0.0638271 0.342891 9.9982E-05 0.437686
9.9964E-05 9.9964E-05 9.9964E-05 0.784955 0.214645 9.9964E-05
9.9973E-05 9.9973E-05 9.9973E-05 0.698453 0.002115 0.299132
0.153869 0.119975 0.00383978 0.601618 9.9991E-05 0.120599
9.9973E-05 0.0588397 9.9973E-05 0.695033 9.9973E-05 0.245827
0.018523 9.9982E-05 0.0667874 0.821165 0.0933247 9.9982E-05
0.108581 0.0686355 9.9991E-05 0.46628 0.0544706 0.301932
0.187422 0.242296 0.020711 0.462099 9.9991E-05 0.0873711
9.9973E-05 0.881245 9.9973E-05 9.9973E-05 0.0286572 0.0897974
0.0567024 0.942898 9.9964E-05 9.9964E-05 9.9964E-05 9.9964E-05
0.0373019 0.481633 9.9991E-05 0.202951 0.00874402 0.26927
0.079458 0.597529 9.9973E-05 9.9973E-05 9.9973E-05 0.322713
9.9982E-05 0.817692 0.000286918 0.0766677 9.9982E-05 0.105154
9.9973E-05 0.966942 0.00285389 9.9973E-05 0.029904 9.9973E-05
9.9973E-05 0.951938 0.0466558 9.9973E-05 0.00110655 9.9973E-05
0.00833351 0.836083 9.9973E-05 9.9973E-05 9.9973E-05 0.155284
9.9964E-05 0.962451 9.9964E-05 0.0371492 9.9964E-05 9.9964E-05
9.9964E-05 0.975981 9.9964E-05 9.9964E-05 0.0236192 9.9964E-05
9.9964E-05 0.970956 9.9964E-05 9.9964E-05 0.0286437 9.9964E-05
0.0384143 0.845687 0.00434239 0.100639 9.9991E-05 0.0108175
9.9982E-05 0.776953 0.107059 0.0188506 9.9982E-05 0.0969375
9.9964E-05 0.988416 9.9964E-05 9.9964E-05 0.0111842 9.9964E-05
0.0866188 0.395298 0.051907 0.249164 9.9991E-05 0.216911
0.0353531 0.630806 0.0262104 0.072327 0.0471261 0.188177
0.0137184 0.628329 0.0440177 9.9982E-05 9.9982E-05 0.313735
9.9973E-05 0.87984 9.9973E-05 0.0248617 0.0949983 9.9973E-05
9.9973E-05 0.824597 9.9973E-05 9.9973E-05 0.0215403 0.153563
9.9973E-05 0.761441 9.9973E-05 9.9973E-05 0.0647108 0.173548
9.9964E-05 0.960938 9.9964E-05 9.9964E-05 0.0386624 9.9964E-05
0.127049 0.537156 0.0380695 0.0578561 9.9991E-05 0.239769
0.102399 0.894881 9.9973E-05 9.9973E-05 0.00241998 9.9973E-05
9.9973E-05 9.9973E-05 0.103555 0.296002 0.600144 9.9973E-05
9.9982E-05 0.124005 9.9982E-05 0.493867 0.276241 0.105686
9.9982E-05 0.0601717 9.9982E-05 0.502423 0.192825 0.244381
9.9991E-05 0.044367 0.0690451 0.407499 0.403765 0.0752238
9.9991E-05 0.185452 0.0313179 0.371073 0.0744249 0.337632
9.9973E-05 9.9973E-05 9.9973E-05 0.353427 0.48855 0.157723
0.172868 9.9991E-05 0.0168651 0.330724 0.152759 0.326684
9.9991E-05 0.104962 0.0622829 0.397163 0.299053 0.136439
9.9982E-05 0.099423 9.9982E-05 0.319467 0.222895 0.358015
9.9991E-05 0.130941 0.026652 0.360169 0.158546 0.323592
0.129611 0.0991082 9.9991E-05 0.371312 0.169467 0.230402
9.9982E-05 0.0230324 0.101997 0.558352 9.9982E-05 0.316419
0.043912 0.00493222 0.0676322 0.72793 0.155494 9.9991E-05
9.9973E-05 0.193192 9.9973E-05 0.726949 0.079559 9.9973E-05
0.0867704 0.0966724 0.00180063 0.419053 9.9991E-05 0.395603
9.9964E-05 9.9964E-05 9.9964E-05 0.886116 0.113484 9.9964E-05
0.195485 0.0578614 0.00294838 0.372049 0.016502 0.355154
0.122309 0.0499326 0.0703425 0.613097 9.9991E-05 0.144219
0.0309998 9.9973E-05 9.9973E-05 0.812403 0.156298 9.9973E-05
9.9964E-05 9.9964E-05 0.140524 0.859077 9.9964E-05 9.9964E-05
9.9973E-05 9.9973E-05 0.0317846 0.772575 9.9973E-05 0.19534
9.9973E-05 9.9973E-05 0.0515315 0.822552 0.125617 9.9973E-05
9.9982E-05 0.108371 0.0162015 0.752392 9.9982E-05 0.122836
0.495816 0.258974 9.9982E-05 0.228565 9.9982E-05 0.0164452
0.304586 9.9982E-05 9.9982E-05 0.295091 0.00151788 0.398606
0.983078 9.9964E-05 0.0165218 9.9964E-05 9.9964E-05 9.9964E-05
0.940494 9.9964E-05 9.9964E-05 9.9964E-05 0.0591066 9.9964E-05
0.601173 0.156329 0.0910623 0.00313694 9.9991E-05 0.148199
0.146819 0.0505803 0.0473109 0.101049 0.0630634 0.591178
0.187347 9.9991E-05 0.00499279 0.0562701 0.113118 0.638172
0.169993 0.0975995 0.0513023 9.9991E-05 0.302704 0.378301
0.246963 9.9982E-05 0.00753237 9.9982E-05 0.158568 0.586737
0.670155 0.000905848 0.0677402 9.9991E-05 0.251971 0.00912751
0.630171 9.9982E-05 0.157412 9.9982E-05 0.0702085 0.142009
0.450633 0.00681226 0.0104793 0.162532 9.9991E-05 0.369443
0.575193 9.9973E-05 9.9973E-05 0.0170926 9.9973E-05 0.407415
0.753968 9.9982E-05 0.0462816 9.9982E-05 0.0367379 0.162812
0.46662 9.9973E-05 9.9973E-05 0.0483476 9.9973E-05 0.484733
0.359921 9.9973E-05 9.9973E-05 0.211542 9.9973E-05 0.428237
0.347053 0.183629 0.0994631 0.257954 0.00601853 0.105882
0.603864 0.0420932 9.9982E-05 0.262357 9.9982E-05 0.091486
0.509828 0.0880769 9.9991E-05 0.264657 0.0442862 0.093052
0.451895 0.0138822 9.9982E-05 0.257476 9.9982E-05 0.276546
0.501512 0.0827658 9.9991E-05 0.174852 0.0656711 0.175099
0.157631 0.0262946 0.112861 0.36339 9.9991E-05 0.339724
0.40224 9.9982E-05 0.00723615 0.346427 9.9982E-05 0.243896
0.725545 9.9964E-05 9.9964E-05 0.274055 9.9964E-05 9.9964E-05
0.362302 0.0425712 9.9982E-05 0.28541 9.9982E-05 0.309517
0.837506 0.0162367 0.0423247 0.0690793 0.0347535 9.9991E-05
0.57448 0.0722937 0.00718415 0.256957 9.9991E-05 0.0889847
0.372404 0.00906234 9.9982E-05 0.169392 9.9982E-05 0.448942
0.408688 0.133707 9.9982E-05 0.303492 9.9982E-05 0.153913
0.0285705 0.154442 9.9991E-05 0.299657 0.112019 0.405212
0.200187 0.342079 0.182878 0.212857 9.9991E-05 0.0618993
0.152764 0.104206 0.0460112 0.141364 0.197276 0.358379
0.102972 0.0834205 9.9991E-05 0.224399 0.187697 0.401412
9.9991E-05 0.31545 0.0255066 0.452908 0.0284709 0.177564
0.254813 0.144701 0.0491468 0.0971232 0.0585772 0.395639
0.500545 9.9973E-05 9.9973E-05 9.9973E-05 0.487103 0.0120521
0.174054 0.218988 0.0108949 0.23442 9.9991E-05 0.361543
0.33173 0.00704685 0.0235419 9.9982E-05 0.637482 9.9982E-05
0.41772 0.0993133 9.9982E-05 0.101114 9.9982E-05 0.381652
0.942773 9.9982E-05 0.00320151 0.0375386 0.0162872 9.9982E-05
0.97492 9.9964E-05 9.9964E-05 9.9964E-05 0.0246798 9.9964E-05
0.558563 0.0487015 9.9982E-05 0.276383 9.9982E-05 0.116152
0.44773 0.112754 9.9982E-05 0.219026 9.9982E-05 0.220289
0.737854 9.9973E-05 9.9973E-05 0.155953 9.9973E-05 0.105892
0.723202 0.199398 9.9973E-05 9.9973E-05 9.9973E-05 0.0771008
0.667209 0.0661759 9.9982E-05 0.1473 9.9982E-05 0.119115
9.9973E-05 9.9973E-05 0.00529012 0.146657 9.9973E-05 0.847753
0.079386 0.121828 0.0285057 0.0766772 9.9991E-05 0.693503
9.9982E-05 0.10235 0.0418013 0.105641 9.9982E-05 0.750007
0.0778823 0.0826109 9.9991E-05 0.0313426 0.0429902 0.765074
9.9982E-05 0.04587 9.9982E-05 0.303477 0.0044072 0.646046
9.9964E-05 9.9964E-05 9.9964E-05 9.9964E-05 0.176074 0.823526
0.00468629 9.9982E-05 0.0110632 9.9982E-05 0.0569842 0.927066
0.0310149 0.0275252 9.9982E-05 9.9982E-05 0.117495 0.823765
0.0832312 0.0878411 0.0476546 9.9991E-05 0.0274938 0.753679
9.9982E-05 0.0588145 9.9982E-05 0.0711592 0.0601082 0.809718
0.101987 0.200366 0.0946939 0.0891105 9.9991E-05 0.513742
9.9982E-05 0.0709358 0.0737671 9.9982E-05 0.00721847 0.847879
0.102222 0.0129148 0.0494687 0.072436 0.0182086 0.744749
9.9982E-05 0.0450708 0.094847 9.9982E-05 0.0151551 0.844727
0.204394 0.200973 0.046124 9.9982E-05 9.9982E-05 0.548309
9.9991E-05 0.0486119 0.0986191 0.0787286 0.0519101 0.72203
9.9982E-05 0.023439 0.0396039 9.9982E-05 0.0774825 0.859275
0.152377 0.228963 0.0995428 0.116277 0.00368266 0.399158
9.9991E-05 0.0391539 0.0980794 0.145031 0.00358147 0.714054
0.0833645 9.9991E-05 0.156681 0.214915 0.0110909 0.533848
0.151321 0.150403 0.00823237 0.0717816 0.246102 0.37216
0.13383 0.260142 0.0276441 0.0368807 0.118327 0.423176
0.0280119 0.0788806 9.9991E-05 0.0603222 0.0538425 0.778843
9.9973E-05 9.9973E-05 0.0248695 9.9973E-05 0.169374 0.805457
0.00109596 0.0866035 0.0828512 0.439953 0.0178814 0.371615
0.164964 0.0670818 0.10915 0.314594 9.9991E-05 0.34411
9.9973E-05 0.0316118 0.879174 9.9973E-05 0.088914 9.9973E-05
9.996E-05 9.996E-05 0.9995 9.996E-05 9.996E-05 9.996E-05
0.0151577 0.125452 0.394485 0.370647 9.9991E-05 0.0941581
0.000608431 0.0684543 0.911771 0.0189667 9.9982E-05 9.9982E-05
9.9982E-05 0.020349 0.739223 9.9982E-05 0.213798 0.0264299
0.132854 0.115168 0.403081 0.15377 9.9991E-05 0.195028
9.9991E-05 0.188046 0.271051 0.358512 0.095549 0.0867433
9.9991E-05 0.0864389 0.423415 0.248061 0.0954105 0.146574
0.0693144 9.9973E-05 0.870695 9.9973E-05 9.9973E-05 0.0596908
0.067575 9.9982E-05 0.322822 0.181542 9.9982E-05 0.427861
0.00494263 0.0624089 0.704453 0.227996 9.9982E-05 9.9982E-05
9.9964E-05 9.9964E-05 0.988079 9.9964E-05 0.0115207 9.9964E-05
0.116826 0.211101 0.114141 0.275776 9.9991E-05 0.282056
0.0818175 0.00458789 0.384219 0.0749996 9.9991E-05 0.454276
