0.206462 0.208622 0.409122 0.0855694 0.0901244 9.9991E-05
0.0495621 0.382474 0.484667 0.0684589 9.9991E-05 0.0147377
9.9973E-05 9.9973E-05 0.456971 0.142764 9.9973E-05 0.399965
0.167695 0.289974 0.397975 0.0849095 0.0284688 0.030978
0.127226 0.0199719 0.550505 0.0945344 0.164444 0.0433192
0.0980165 0.234384 0.394726 0.154846 0.0857121 0.0323157
9.9973E-05 9.9973E-05 0.692866 9.9973E-05 0.108131 0.198703
9.9973E-05 9.9973E-05 0.656184 0.0458571 9.9973E-05 0.297659
9.9982E-05 0.154277 0.620985 0.154038 9.9982E-05 0.0705005
0.221973 0.150177 0.510719 0.031869 0.0782261 0.00703728
0.261922 0.109817 0.486959 0.0494611 0.0820268 0.00981386
0.0519521 9.9991E-05 0.309153 0.135847 0.0236405 0.479308
0.193134 0.276125 0.419456 0.10756 0.00362454 9.9991E-05
9.9982E-05 0.0306136 0.907194 0.0419109 0.0200818 9.9982E-05
0.171887 0.0239211 0.714489 0.0647847 0.0248183 9.9991E-05
0.0917231 0.413817 0.332375 0.161884 9.9982E-05 9.9982E-05
0.125923 0.201138 0.144558 9.9991E-05 0.0288657 0.499415
9.996E-05 9.996E-05 9.996E-05 9.996E-05 9.996E-05 0.9995
9.996E-05 9.996E-05 9.996E-05 9.996E-05 9.996E-05 0.9995
0.192867 0.201502 0.0268438 9.9991E-05 0.023043 0.555644
0.107883 0.0998573 0.79196 9.9973E-05 9.9973E-05 9.9973E-05
0.327812 0.0848401 0.495428 0.0826595 0.0091608 9.9991E-05
0.833606 0.0794028 0.0866914 9.9973E-05 9.9973E-05 9.9973E-05
0.609275 0.114683 0.0828352 0.141725 0.0354889 0.0159927
0.41793 0.256754 0.159515 0.165601 9.9982E-05 9.9982E-05
0.110646 9.9982E-05 0.765489 0.106698 9.9982E-05 0.0169665
0.0154609 0.392319 0.396934 0.148838 0.0253481 0.0210991
9.9973E-05 9.9973E-05 0.757205 0.0359463 9.9973E-05 0.206549
0.0136598 0.309138 0.618063 0.0589389 9.9982E-05 9.9982E-05
0.138857 0.125162 0.639722 0.0665055 9.9991E-05 0.029654
0.110185 0.222585 0.66693 9.9973E-05 9.9973E-05 9.9973E-05
9.9973E-05 9.9973E-05 0.827098 0.0464624 9.9973E-05 0.126139
0.331238 0.0346202 0.633842 9.9973E-05 9.9973E-05 9.9973E-05
0.126895 0.319533 0.409767 0.0964344 0.0472701 9.9991E-05
0.982904 9.9964E-05 9.9964E-05 9.9964E-05 9.9964E-05 0.0166962
0.990474 9.9964E-05 9.9964E-05 0.00912565 9.9964E-05 9.9964E-05
0.619024 0.197643 0.183033 9.9973E-05 9.9973E-05 9.9973E-05
0.617882 0.222835 0.0604783 0.0965378 0.00216683 9.9991E-05
0.696888 0.25813 0.0446822 9.9973E-05 9.9973E-05 9.9973E-05
0.926877 9.9964E-05 9.9964E-05 9.9964E-05 9.9964E-05 0.0727236
0.948443 9.9973E-05 9.9973E-05 9.9973E-05 0.0467292 0.00452832
0.774254 0.219841 0.00560506 9.9973E-05 9.9973E-05 9.9973E-05
0.993548 9.9964E-05 9.9964E-05 0.00605178 9.9964E-05 9.9964E-05
0.981468 9.9964E-05 9.9964E-05 9.9964E-05 9.9964E-05 0.018132
0.983774 9.9973E-05 9.9973E-05 9.9973E-05 0.0129117 0.00301484
0.787123 0.0841463 0.0944804 0.0230048 0.0111455 9.9991E-05
0.880777 9.9973E-05 0.0530059 9.9973E-05 0.0659174 9.9973E-05
0.9995 9.996E-05 9.996E-05 9.996E-05 9.996E-05 9.996E-05
0.522214 0.14239 0.141886 0.0922907 0.101119 9.9991E-05
0.564747 0.316294 0.0226096 0.042985 0.0532644 9.9991E-05
0.769258 0.0775899 0.0962675 0.0255123 0.0312722 9.9991E-05
0.918239 9.9973E-05 9.9973E-05 0.0265635 9.9973E-05 0.0548974
0.799309 0.189374 9.9973E-05 9.9973E-05 9.9973E-05 0.0110171
0.796692 0.108735 9.9982E-05 9.9982E-05 0.0811495 0.0132235
0.956508 9.9964E-05 9.9964E-05 9.9964E-05 9.9964E-05 0.043092
0.520759 0.280892 0.110272 0.0671231 9.9991E-05 0.0208532
0.878024 0.0352565 0.0200634 0.0207467 0.0458096 9.9991E-05
9.9982E-05 9.9982E-05 0.184756 0.0723446 0.103356 0.639343
0.0221994 0.25567 0.386743 0.0144007 0.0905971 0.230389
9.9982E-05 0.348616 0.390768 9.9982E-05 0.051985 0.208432
9.9982E-05 0.104402 0.471678 9.9982E-05 0.0825952 0.341125
0.151545 0.29049 0.311441 0.0905704 0.0828304 0.0731237
0.107018 9.9973E-05 0.351386 9.9973E-05 9.9973E-05 0.541296
0.162729 0.148496 0.368745 0.151057 0.00927772 0.159695
0.045798 0.245207 0.413039 9.9982E-05 9.9982E-05 0.295756
0.150126 0.215442 0.482777 9.9991E-05 0.0197279 0.131827
0.0984163 0.325446 0.245824 0.0726749 0.0578472 0.199793
0.103138 0.256109 0.343412 0.0581789 0.0587949 0.180367
0.107555 0.241609 0.498091 0.152545 9.9982E-05 9.9982E-05
0.0181887 9.9982E-05 0.704245 0.0591937 9.9982E-05 0.218172
0.121759 0.157416 0.546298 0.0365468 9.9991E-05 0.137881
0.192367 0.157924 0.395692 0.156608 0.0276029 0.0698062
9.9982E-05 0.00519591 0.879642 9.9982E-05 0.0239069 0.0910549
0.176704 0.0936403 0.380868 0.259104 0.089583 9.9991E-05
9.9973E-05 0.279686 0.547057 0.172957 9.9973E-05 9.9973E-05
9.9973E-05 9.9973E-05 0.899841 0.00429293 9.9973E-05 0.0955659
9.9964E-05 9.9964E-05 0.887123 9.9964E-05 0.112478 9.9964E-05
0.0988 0.0174038 0.883496 9.9973E-05 9.9973E-05 9.9973E-05
9.9973E-05 9.9973E-05 0.895651 9.9973E-05 0.00817197 0.0958766
9.9973E-05 0.129635 0.845272 9.9973E-05 9.9973E-05 0.024793
0.161527 0.184132 0.114231 0.53991 9.9982E-05 9.9982E-05
0.0267697 0.404197 0.240553 0.309706 0.0186743 9.9991E-05
9.9964E-05 9.9964E-05 9.9964E-05 0.955301 0.0442989 9.9964E-05
9.9964E-05 9.9964E-05 9.9964E-05 0.95686 9.9964E-05 0.0427401
0.204202 0.136372 0.248692 0.378241 0.0323926 9.9991E-05
0.159299 0.437403 0.151538 0.0942872 0.0361431 0.12133
0.035902 0.562692 9.9991E-05 0.214356 0.0525374 0.134413
0.051554 0.338205 0.0285184 0.16139 0.0796261 0.340707
9.9982E-05 0.604589 0.00256135 0.165176 9.9982E-05 0.227474
9.9964E-05 9.9964E-05 9.9964E-05 0.5712 9.9964E-05 0.428401
9.9982E-05 0.0858796 9.9982E-05 0.699898 0.0846965 0.129326
0.0848107 0.313951 0.0143905 0.581453 0.00529419 9.9991E-05
0.0240462 0.32722 9.9973E-05 0.648434 9.9973E-05 9.9973E-05
0.011656 0.107316 9.9991E-05 0.705571 0.107386 0.0679702
9.9991E-05 0.47029 0.0941099 0.369126 0.00382283 0.0625513
0.167286 0.21769 0.17466 0.440164 9.9982E-05 9.9982E-05
0.126157 0.197437 0.286331 0.299602 9.9991E-05 0.0903744
9.9973E-05 0.0925705 0.139679 0.767451 9.9973E-05 9.9973E-05
0.0406059 0.176269 0.105917 0.675091 9.9991E-05 0.00201713
0.0189144 0.387612 0.0610739 0.509546 0.0227535 9.9991E-05
0.0259657 0.229843 0.0575972 0.556845 0.0413641 0.0883856
0.0478833 0.253722 0.397905 0.206547 0.0938431 9.9991E-05
9.9982E-05 0.191695 0.17094 0.620521 0.0166447 9.9982E-05
9.9982E-05 9.9982E-05 0.201816 0.748749 0.0303829 0.018852
9.9973E-05 0.383424 0.134271 0.482005 9.9973E-05 9.9973E-05
0.015052 9.9982E-05 0.00486927 0.930751 0.0491275 9.9982E-05
0.0891401 0.0644882 0.158953 0.68183 0.00174461 0.00384466
0.0695093 0.334716 0.185955 0.369295 9.9991E-05 0.0404244
0.118742 0.137868 0.260979 0.482212 9.9982E-05 9.9982E-05
0.134033 0.456616 0.157121 0.108083 9.9991E-05 0.144048
0.147871 0.307191 0.228558 0.135664 0.0572172 0.123498
0.140039 0.348055 0.212952 0.10269 0.0429859 0.153279
0.0498381 0.493556 0.180111 0.0370638 9.9991E-05 0.239331
0.137317 0.441429 0.121288 0.125456 0.0480894 0.126421
0.112286 0.441783 0.0257931 0.277819 0.100454 0.0418647
9.9964E-05 9.9964E-05 9.9964E-05 0.472211 9.9964E-05 0.527389
0.156171 0.432952 0.17999 0.230687 9.9982E-05 9.9982E-05
9.9973E-05 9.9973E-05 9.9973E-05 0.345476 0.00217458 0.652049
0.0704517 0.449584 0.0606554 0.366371 9.9991E-05 0.0528385
9.9964E-05 9.9964E-05 9.9964E-05 0.970665 0.0289355 9.9964E-05
9.996E-05 9.996E-05 9.996E-05 0.9995 9.996E-05 9.996E-05
9.9973E-05 0.202152 0.1594 0.638149 9.9973E-05 9.9973E-05
0.153075 0.177268 0.128263 0.541195 9.9982E-05 9.9982E-05
9.9973E-05 0.0840858 0.0853451 0.830269 9.9973E-05 9.9973E-05
0.119962 0.108188 9.9973E-05 0.77155 9.9973E-05 9.9973E-05
9.9973E-05 0.24178 0.169927 0.587993 9.9973E-05 9.9973E-05
0.0504423 0.837799 0.0922811 0.0192778 9.9982E-05 9.9982E-05
0.159982 0.707356 0.0525852 0.0216491 0.00382642 0.0546012
9.9973E-05 0.928392 0.00828977 9.9973E-05 0.0630187 9.9973E-05
0.0569525 0.820945 0.0169355 9.9991E-05 0.0958194 0.00924763
0.103179 0.617524 0.236737 9.9982E-05 0.0423592 9.9982E-05
9.9964E-05 0.750128 9.9964E-05 9.9964E-05 9.9964E-05 0.249473
9.9964E-05 0.939642 9.9964E-05 9.9964E-05 9.9964E-05 0.0599578
0.159078 0.705215 9.9982E-05 9.9982E-05 0.134238 0.00126906
0.0153236 0.775962 9.9991E-05 0.0954692 0.0648321 0.0483137
0.153732 0.750066 0.0824489 9.9982E-05 0.0135531 9.9982E-05
0.186029 0.554636 0.173426 0.0687565 0.0170515 9.9991E-05
0.261551 0.639166 9.9982E-05 9.9982E-05 0.0726175 0.0264656
0.115595 0.630191 0.0385017 0.091472 0.124141 9.9991E-05
0.0963169 0.785965 9.9982E-05 9.9982E-05 0.0118213 0.105697
0.14968 0.769088 0.00401715 0.0449157 0.0321995 9.9991E-05
0.0511811 0.805943 0.118892 9.9991E-05 0.0122248 0.0116587
0.0473019 0.833235 9.9982E-05 9.9982E-05 0.046062 0.0732015
0.146053 0.584815 0.0431135 0.116431 0.0224453 0.0871414
9.9982E-05 0.855595 0.0743282 0.0434953 0.0263816 9.9982E-05
0.116755 0.380298 0.194776 0.155755 0.106123 0.0462922
9.9991E-05 0.663132 0.00687731 0.127745 0.0479718 0.154175
0.126635 0.555723 0.164531 0.0465759 9.9991E-05 0.106435
0.152469 0.77044 9.9973E-05 9.9973E-05 9.9973E-05 0.0767917
0.0655469 0.783516 9.9973E-05 9.9973E-05 9.9973E-05 0.150637
0.0901292 0.36838 0.293247 9.9991E-05 0.243394 0.00475017
0.127208 0.323105 0.157705 0.145522 0.219519 0.0269408
0.0121952 9.9973E-05 9.9973E-05 9.9973E-05 0.736757 0.250748
9.996E-05 9.996E-05 9.996E-05 9.996E-05 0.9995 9.996E-05
0.0852944 0.131307 0.263014 0.0756782 0.444606 9.9991E-05
0.0317045 0.0992287 0.00412304 0.045332 0.819512 9.9991E-05
0.0147296 0.029651 9.9982E-05 9.9982E-05 0.571477 0.383943
0.0851575 0.254746 0.151426 0.166509 0.342061 9.9991E-05
0.163132 0.214526 0.296952 0.0324062 0.192802 0.100182
9.9982E-05 0.352263 0.148957 9.9982E-05 0.407914 0.0906665
0.0178307 9.9973E-05 9.9973E-05 0.021448 0.960421 9.9973E-05
0.0934629 0.313517 0.280125 0.0961956 0.216599 9.9991E-05
0.0623863 0.0308664 0.130759 0.0947383 0.68115 9.9991E-05
9.996E-05 9.996E-05 9.996E-05 9.996E-05 0.9995 9.996E-05
0.202149 0.404998 0.222843 0.118897 0.0335205 0.0175917
0.0262837 0.431411 0.0251549 0.114122 0.402928 9.9991E-05
