9.9955E-05 9.9955E-05 0.024165 0.0428474 0.0561897 0.62136 9.9955E-05 9.9955E-05 0.254938 9.9955E-05
0.0151483 9.9955E-05 0.0175807 9.9955E-05 9.9955E-05 0.61035 9.9955E-05 9.9955E-05 0.351494 0.00492738
9.9937E-05 9.9937E-05 9.9937E-05 9.9937E-05 0.0157243 9.9937E-05 0.0114406 9.9937E-05 0.972135 9.9937E-05
9.995E-05 0.125514 0.15537 0.075647 9.995E-05 0.62847 9.995E-05 9.995E-05 0.0144991 9.995E-05
0.025939 9.9955E-05 9.9955E-05 9.9955E-05 9.9955E-05 0.314559 0.0207358 0.0793008 0.558966 9.9955E-05
0.198751 0.20694 0.00998869 0.099217 9.9973E-05 0.318076 0.103214 0.0635138 9.9973E-05 9.9973E-05
0.0315478 9.9946E-05 9.9946E-05 9.9946E-05 0.0578277 0.190999 9.9946E-05 9.9946E-05 0.719026 9.9946E-05
9.99201E-05 9.99201E-05 9.99201E-05 9.99201E-05 9.99201E-05 9.99201E-05 9.99201E-05 9.99201E-05 0.999101 9.99201E-05
0.109871 0.34409 9.9955E-05 9.9955E-05 9.9955E-05 0.160126 9.9955E-05 9.9955E-05 0.351263 0.0341495
0.0261982 0.180896 0.0611205 0.0666898 9.9982E-05 0.522745 0.00250739 0.0532822 0.0863603 9.9982E-05
9.9964E-05 0.167469 0.0332473 0.200403 9.9964E-05 0.470261 9.9964E-05 0.0074075 0.120812 9.9964E-05
9.9973E-05 9.9973E-05 0.0649535 0.0892634 0.0632966 0.0611693 9.9973E-05 0.0766696 0.607067 0.0372806
9.9973E-05 0.218588 0.175354 0.0531528 9.9973E-05 0.403464 0.0646173 0.0324289 0.0520943 9.9973E-05
9.9946E-05 0.426596 9.9946E-05 9.9946E-05 9.9946E-05 0.276281 9.9946E-05 9.9946E-05 0.276768 0.0197554
9.9982E-05 0.395617 0.0390234 0.00836454 9.9982E-05 0.354691 0.0175162 0.0496565 0.125533 0.00939823
0.00615939 0.0320788 0.106997 9.9982E-05 9.9982E-05 0.590383 0.0866749 0.100239 0.0726711 0.00459726
0.299778 9.9955E-05 0.0386015 9.9955E-05 0.50591 9.9955E-05 9.9955E-05 9.9955E-05 0.125947 0.0292634
9.99201E-05 9.99201E-05 9.99201E-05 9.99201E-05 0.999101 9.99201E-05 9.99201E-05 9.99201E-05 9.99201E-05 9.99201E-05
9.99201E-05 9.99201E-05 9.99201E-05 9.99201E-05 0.999101 9.99201E-05 9.99201E-05 9.99201E-05 9.99201E-05 9.99201E-05
0.307562 9.9964E-05 0.0286099 0.0178853 0.599295 9.9964E-05 9.9964E-05 0.00234785 0.0438998 9.9964E-05
9.9928E-05 0.447093 9.9928E-05 9.9928E-05 9.9928E-05 0.552107 9.9928E-05 9.9928E-05 9.9928E-05 9.9928E-05
0.00641733 0.0419433 0.037329 9.9964E-05 0.101417 0.809036 0.00345836 9.9964E-05 9.9964E-05 9.9964E-05
9.9937E-05 9.9937E-05 0.690761 9.9937E-05 9.9937E-05 0.300565 0.00797449 9.9937E-05 9.9937E-05 9.9937E-05
0.0412728 0.0871062 0.490765 0.0438669 9.9982E-05 0.14832 9.9982E-05 0.00597764 0.106284 0.0762087
0.0894509 0.04256 0.352362 0.139629 9.9964E-05 0.253453 0.122145 9.9964E-05 9.9964E-05 9.9964E-05
9.9955E-05 0.80614 0.0372852 9.9955E-05 9.9955E-05 0.0987479 0.0310605 0.0262663 9.9955E-05 9.9955E-05
9.9955E-05 0.0981027 0.0259445 0.111117 9.9955E-05 0.706421 9.9955E-05 0.0579148 9.9955E-05 9.9955E-05
0.0338221 0.641671 9.9955E-05 9.9955E-05 0.110176 9.9955E-05 9.9955E-05 9.9955E-05 0.106671 0.107159
0.0456085 0.308039 9.9955E-05 9.9955E-05 0.0516874 0.556841 9.9955E-05 9.9955E-05 0.0373249 9.9955E-05
9.9955E-05 0.272338 0.0561561 9.9955E-05 9.9955E-05 0.339949 9.9955E-05 9.9955E-05 0.257809 0.0732489
0.0635527 0.440782 0.0482751 9.9955E-05 9.9955E-05 0.408589 9.9955E-05 9.9955E-05 0.0383016 9.9955E-05
9.9946E-05 0.837722 9.9946E-05 0.102191 9.9946E-05 9.9946E-05 0.0227753 0.0367122 9.9946E-05 9.9946E-05
0.0150856 0.0958986 0.168664 9.9964E-05 0.0601836 0.541514 9.9964E-05 9.9964E-05 0.118254 9.9964E-05
0.0406945 0.0302374 0.0658456 9.9973E-05 9.9973E-05 0.539282 9.9973E-05 0.056578 0.2255 0.0415625
9.9955E-05 9.9955E-05 0.914108 9.9955E-05 9.9955E-05 0.0302499 0.0175467 0.0194856 0.0181101 9.9955E-05
0.0241214 9.9946E-05 0.856765 0.00176043 9.9946E-05 0.116753 9.9946E-05 9.9946E-05 9.9946E-05 9.9946E-05
0.199499 9.9955E-05 0.42967 9.9955E-05 0.0157716 0.263779 0.0907807 9.9955E-05 9.9955E-05 9.9955E-05
0.113096 9.9955E-05 0.613643 9.9955E-05 9.9955E-05 0.248081 9.9955E-05 0.00278131 9.9955E-05 0.0218986
0.201067 9.9964E-05 0.678295 9.9964E-05 9.9964E-05 0.048059 0.0257792 0.00746442 0.0389359 9.9964E-05
9.9928E-05 9.9928E-05 0.965144 9.9928E-05 9.9928E-05 9.9928E-05 9.9928E-05 0.0340571 9.9928E-05 9.9928E-05
9.9937E-05 9.9937E-05 0.955206 9.9937E-05 9.9937E-05 9.9937E-05 9.9937E-05 0.0270762 9.9937E-05 0.0170183
0.110618 9.9946E-05 0.757137 0.0161929 9.9946E-05 0.115452 9.9946E-05 9.9946E-05 9.9946E-05 9.9946E-05
9.9928E-05 9.9928E-05 0.992112 9.9928E-05 9.9928E-05 9.9928E-05 9.9928E-05 9.9928E-05 0.00708869 9.9928E-05
9.9928E-05 9.9928E-05 0.964116 9.9928E-05 0.0350849 9.9928E-05 9.9928E-05 9.9928E-05 9.9928E-05 9.9928E-05
9.99281E-05 9.99281E-05 0.982591 9.99281E-05 9.99281E-05 9.99281E-05 9.99281E-05 0.0166099 9.99281E-05 9.99281E-05
0.0643428 0.0824874 0.796432 9.9946E-05 9.9946E-05 9.9946E-05 0.0561381 9.9946E-05 9.9946E-05 9.9946E-05
9.9937E-05 9.9937E-05 0.784821 9.9937E-05 9.9937E-05 0.0889164 9.9937E-05 0.125563 9.9937E-05 9.9937E-05
9.99201E-05 9.99201E-05 0.999101 9.99201E-05 9.99201E-05 9.99201E-05 9.99201E-05 9.99201E-05 9.99201E-05 9.99201E-05
0.158727 0.15173 0.512765 0.00527605 9.9973E-05 0.0684514 9.9973E-05 9.9973E-05 0.0496752 0.0530754
0.232252 0.0202487 0.545487 9.9964E-05 9.9964E-05 0.148363 0.0309671 9.9964E-05 0.0222819 9.9964E-05
0.0818592 9.9964E-05 0.795963 9.9964E-05 9.9964E-05 0.039132 0.0289838 0.0458907 9.9964E-05 0.00777185
0.0329849 0.0027051 0.903244 0.0467637 9.9964E-05 9.9964E-05 0.0115712 0.00233163 9.9964E-05 9.9964E-05
0.0785979 9.9937E-05 0.861586 9.9937E-05 0.0591164 9.9937E-05 9.9937E-05 9.9937E-05 9.9937E-05 9.9937E-05
0.159671 9.9946E-05 0.744336 0.0931062 0.00228754 9.9946E-05 9.9946E-05 9.9946E-05 9.9946E-05 9.9946E-05
9.99281E-05 9.99281E-05 0.983225 9.99281E-05 0.0159754 9.99281E-05 9.99281E-05 9.99281E-05 9.99281E-05 9.99281E-05
0.128174 0.137599 0.58283 9.9955E-05 9.9955E-05 0.0686523 0.0822447 9.9955E-05 9.9955E-05 9.9955E-05
9.9946E-05 9.9946E-05 0.891468 9.9946E-05 0.0299361 9.9946E-05 9.9946E-05 0.0314248 9.9946E-05 0.0465716
9.9946E-05 9.9946E-05 9.9946E-05 9.9946E-05 0.331461 9.9946E-05 0.0579483 0.158649 0.451342 9.9946E-05
0.233334 9.9982E-05 0.0754811 0.0110722 0.0353369 0.0991011 9.9982E-05 0.0392203 0.489323 0.0169321
0.0195229 9.9955E-05 0.0100785 9.9955E-05 0.213489 0.422452 9.9955E-05 9.9955E-05 0.333958 9.9955E-05
0.110155 0.0530195 0.0747488 0.0283292 0.0677765 9.9982E-05 0.0142166 0.122819 0.528736 9.9982E-05
0.268779 0.10304 0.078705 0.203906 9.9973E-05 0.309204 9.9973E-05 0.00151433 0.0345516 9.9973E-05
9.9973E-05 9.9973E-05 0.0873572 0.0471442 0.275766 0.0197686 0.0947841 0.0113544 0.463525 9.9973E-05
0.169067 0.0909933 9.9973E-05 9.9973E-05 0.0991667 0.46349 9.9973E-05 0.0552215 0.0816557 0.0401054
0.0939418 0.389634 0.109221 0.133975 0.18884 0.083989 9.9964E-05 9.9964E-05 9.9964E-05 9.9964E-05
0.0846143 9.9955E-05 9.9955E-05 0.0218813 0.247559 0.639534 9.9955E-05 0.00591172 9.9955E-05 9.9955E-05
9.9928E-05 9.9928E-05 9.9928E-05 9.9928E-05 0.402042 0.597158 9.9928E-05 9.9928E-05 9.9928E-05 9.9928E-05
0.2014 0.221859 0.0682851 9.9973E-05 0.0575257 0.297064 9.9973E-05 0.0785739 0.0749932 9.9973E-05
0.125864 0.277064 9.9955E-05 0.14666 9.9955E-05 0.385178 9.9955E-05 0.0647344 9.9955E-05 9.9955E-05
9.9946E-05 0.793075 0.0147931 9.9946E-05 0.171756 9.9946E-05 9.9946E-05 9.9946E-05 9.9946E-05 0.0197767
9.9955E-05 0.267617 0.0305521 9.9955E-05 0.136213 0.49319 9.9955E-05 9.9955E-05 0.0719278 9.9955E-05
0.0523154 0.0950202 0.0744408 9.9982E-05 0.0138796 0.520619 9.9982E-05 0.0774391 0.0819896 0.0840965
9.9937E-05 0.197905 9.9937E-05 9.9937E-05 9.9937E-05 0.168046 9.9937E-05 9.9937E-05 0.63335 9.9937E-05
0.00423415 0.213948 0.107338 9.9973E-05 0.00633055 0.564721 9.9973E-05 0.102411 0.000716654 9.9973E-05
9.9946E-05 0.202799 9.9946E-05 9.9946E-05 9.9946E-05 0.592775 0.0272013 9.9946E-05 0.176624 9.9946E-05
9.99281E-05 0.953366 9.99281E-05 9.99281E-05 9.99281E-05 9.99281E-05 9.99281E-05 9.99281E-05 0.0458343 9.99281E-05
9.9937E-05 0.928712 9.9937E-05 9.9937E-05 9.9937E-05 9.9937E-05 0.0299518 0.0406367 9.9937E-05 9.9937E-05
0.215436 0.757968 9.9937E-05 9.9937E-05 9.9937E-05 0.0258961 9.9937E-05 9.9937E-05 9.9937E-05 9.9937E-05
9.9937E-05 0.250814 9.9937E-05 9.9937E-05 9.9937E-05 9.9937E-05 9.9937E-05 9.9937E-05 0.697159 0.0513266
0.00699461 0.605984 9.9946E-05 9.9946E-05 9.9946E-05 0.323397 9.9946E-05 9.9946E-05 0.0630241 9.9946E-05
9.9964E-05 0.0583297 0.122826 0.00766432 9.9964E-05 0.422428 0.0184193 9.9964E-05 9.9964E-05 0.369933
0.159836 0.00283333 9.9982E-05 9.9982E-05 0.0678249 0.492843 0.0132148 0.0826699 0.00122926 0.179348
9.9928E-05 9.9928E-05 9.9928E-05 9.9928E-05 9.9928E-05 9.9928E-05 9.9928E-05 9.9928E-05 0.0318566 0.967344
9.9928E-05 9.9928E-05 9.9928E-05 9.9928E-05 9.9928E-05 9.9928E-05 9.9928E-05 9.9928E-05 0.11689 0.882311
0.133864 9.9964E-05 0.145316 0.062214 9.9964E-05 0.270418 9.9964E-05 9.9964E-05 0.0749331 0.312855
0.396869 9.9964E-05 0.123671 0.0393555 9.9964E-05 0.239224 0.0953933 9.9964E-05 0.105088 9.9964E-05
0.412533 9.9955E-05 9.9955E-05 0.119256 9.9955E-05 0.217022 0.242443 0.00824642 9.9955E-05 9.9955E-05
0.329415 0.0109554 0.0423487 0.127562 0.108052 0.0592618 0.22111 0.0802854 0.02091 9.9991E-05
0.264826 9.9964E-05 0.00336106 9.9964E-05 0.114838 0.370639 0.244621 9.9964E-05 9.9964E-05 0.00131486
9.9946E-05 0.0158725 9.9946E-05 9.9946E-05 0.0136101 9.9946E-05 0.966018 9.9946E-05 0.00390004 9.9946E-05
9.99201E-05 9.99201E-05 9.99201E-05 9.99201E-05 9.99201E-05 9.99201E-05 0.999101 9.99201E-05 9.99201E-05 9.99201E-05
9.9937E-05 9.9937E-05 0.0143972 9.9937E-05 9.9937E-05 0.660592 0.324311 9.9937E-05 9.9937E-05 9.9937E-05
9.9937E-05 9.9937E-05 0.00634051 9.9937E-05 9.9937E-05 0.5245 0.46846 9.9937E-05 9.9937E-05 9.9937E-05
9.9928E-05 9.9928E-05 9.9928E-05 9.9928E-05 9.9928E-05 9.9928E-05 0.97108 9.9928E-05 9.9928E-05 0.0281209
0.0348685 9.9955E-05 0.0116037 9.9955E-05 9.9955E-05 0.650163 0.28363 0.0192351 9.9955E-05 9.9955E-05
9.9973E-05 9.9973E-05 0.013333 0.0485385 0.0416052 0.680315 0.131667 0.0423567 9.9973E-05 0.0418851
0.041419 0.0748096 0.145847 0.0442765 9.9982E-05 0.302121 0.314539 0.0537539 0.023035 9.9982E-05
0.105146 0.0348466 9.9955E-05 0.0332143 9.9955E-05 0.141554 9.9955E-05 9.9955E-05 9.9955E-05 0.684739
9.9964E-05 9.9964E-05 0.0599827 0.130075 9.9964E-05 0.364706 0.0117896 9.9964E-05 0.025166 0.407881
9.9955E-05 9.9955E-05 9.9955E-05 0.0693526 9.9955E-05 0.702675 0.0376693 9.9955E-05 0.089489 0.100314
0.0130757 0.0650453 0.0541701 0.0232192 0.0689653 0.31614 0.120327 9.9982E-05 9.9982E-05 0.338857
0.224759 9.9973E-05 9.9973E-05 0.0119916 9.9973E-05 0.310597 0.00584355 0.104465 0.119605 0.222438
9.9973E-05 0.129381 9.9973E-05 0.0306192 9.9973E-05 0.494085 0.00434992 0.0646176 0.0267414 0.249906
9.9937E-05 0.0981307 9.9937E-05 9.9937E-05 9.9937E-05 0.175765 9.9937E-05 9.9937E-05 9.9937E-05 0.725405
0.149479 0.000740066 9.9964E-05 9.9964E-05 0.00641056 0.414788 9.9964E-05 0.0112519 9.9964E-05 0.416931
9.9955E-05 0.0968673 0.0462267 9.9955E-05 9.9955E-05 0.0126928 0.0370688 9.9955E-05 9.9955E-05 0.806645
9.9946E-05 0.0574894 0.0340401 9.9946E-05 9.9946E-05 0.442155 9.9946E-05 9.9946E-05 9.9946E-05 0.465716
9.9964E-05 9.9964E-05 0.0202437 9.9964E-05 0.0503257 0.701002 9.9964E-05 0.0202968 0.112526 0.0952056
0.005153 0.0604326 0.0570694 0.0423631 9.9982E-05 0.539403 0.0033503 9.9982E-05 0.00789976 0.284129
0.280841 0.116912 0.157044 0.0331955 0.00648641 0.264622 0.081544 0.059155 9.9982E-05 9.9982E-05
0.0630912 0.0677228 0.104222 0.149405 0.0350432 0.46914 0.015491 0.030448 9.9991E-05 0.0653364
9.9973E-05 9.9973E-05 0.0915967 0.011859 0.319134 0.53669 0.0193913 0.00716555 9.9973E-05 0.0138644
0.210098 0.0735877 0.0121975 9.9964E-05 0.242762 0.379616 0.0813383 9.9964E-05 9.9964E-05 9.9964E-05
0.317164 0.0154804 0.10461 9.9973E-05 0.152156 0.273211 0.0980731 9.9973E-05 0.039005 9.9973E-05
0.187741 9.9964E-05 9.9964E-05 0.130989 0.0220111 0.435712 0.132385 0.0907632 9.9964E-05 9.9964E-05
9.99279E-05 9.99279E-05 9.99279E-05 0.936818 9.99279E-05 9.99279E-05 9.99279E-05 9.99279E-05 9.99279E-05 0.0623828
0.249444 9.994E-05 0.0341393 0.15551 9.994E-05 0.560307 9.994E-05 9.994E-05 9.994E-05 9.994E-05
9.99201E-05 9.99201E-05 9.99201E-05 0.999101 9.99201E-05 9.99201E-05 9.99201E-05 9.99201E-05 9.99201E-05 9.99201E-05
0.141661 9.9946E-05 9.9946E-05 0.286131 9.9946E-05 0.55451 9.9946E-05 9.9946E-05 9.9946E-05 0.0170978
9.9937E-05 9.9937E-05 9.9937E-05 9.9937E-05 9.9937E-05 0.0788553 9.9937E-05 0.0333385 9.9937E-05 0.887107
9.9928E-05 9.9928E-05 9.9928E-05 9.9928E-05 9.9928E-05 9.9928E-05 9.9928E-05 9.9928E-05 0.136396 0.862804
9.9946E-05 0.108518 9.9946E-05 9.9946E-05 9.9946E-05 0.53646 9.9946E-05 0.0055771 9.9946E-05 0.348845
9.9946E-05 9.9946E-05 9.9946E-05 0.0146022 9.9946E-05 0.704799 0.0621605 9.9946E-05 9.9946E-05 0.217838
9.9937E-05 9.9937E-05 9.9937E-05 0.0260753 9.9937E-05 0.453368 9.9937E-05 9.9937E-05 9.9937E-05 0.519857
9.9946E-05 9.9946E-05 9.9946E-05 9.9946E-05 9.9946E-05 0.534056 0.0417549 0.0413558 9.9946E-05 0.382233
0.0137238 9.9937E-05 9.9937E-05 9.9937E-05 9.9937E-05 0.595674 9.9937E-05 9.9937E-05 9.9937E-05 0.389902
0.807013 9.9946E-05 0.0367358 9.9946E-05 9.9946E-05 0.0573207 9.9946E-05 9.9946E-05 9.9946E-05 0.0983304
0.563897 9.9955E-05 0.158964 9.9955E-05 9.9955E-05 0.135562 0.0176587 9.9955E-05 0.123419 9.9955E-05
0.706682 0.0865176 0.154934 9.9964E-05 9.9964E-05 0.0132334 9.9964E-05 0.0230618 9.9964E-05 0.0151718
0.735672 9.9955E-05 0.0856509 9.9955E-05 9.9955E-05 0.0641651 9.9955E-05 0.0315547 0.0824576 9.9955E-05
0.721113 0.0992446 9.9955E-05 9.9955E-05 9.9955E-05 0.0174681 0.0385799 9.9955E-05 9.9955E-05 0.123094
0.859182 9.9928E-05 9.9928E-05 9.9928E-05 0.140018 9.9928E-05 9.9928E-05 9.9928E-05 9.9928E-05 9.9928E-05
0.860675 9.9955E-05 9.9955E-05 9.9955E-05 0.0295447 9.9955E-05 0.0215926 9.9955E-05 0.0577181 0.0299695
0.847061 9.9955E-05 0.0818066 9.9955E-05 9.9955E-05 9.9955E-05 0.00599799 0.0165316 0.0481034 9.9955E-05
0.778141 0.00122984 0.0113706 9.9964E-05 9.9964E-05 0.123736 0.0843336 9.9964E-05 9.9964E-05 0.000789053
0.646374 9.9937E-05 0.110972 9.9937E-05 9.9937E-05 0.241955 9.9937E-05 9.9937E-05 9.9937E-05 9.9937E-05
0.690435 0.101516 0.0605739 9.9955E-05 9.9955E-05 9.9955E-05 9.9955E-05 0.0944575 9.9955E-05 0.0525174
0.813349 9.9946E-05 9.9946E-05 0.0313606 9.9946E-05 0.133514 9.9946E-05 0.0211765 9.9946E-05 9.9946E-05
0.514907 0.045119 0.0548017 9.9973E-05 0.0188201 0.279313 0.0541017 9.9973E-05 0.0326377 9.9973E-05
0.854252 9.9928E-05 9.9928E-05 9.9928E-05 9.9928E-05 9.9928E-05 0.144948 9.9928E-05 9.9928E-05 9.9928E-05
0.515548 0.0104335 0.144399 9.9964E-05 9.9964E-05 0.22853 0.0888314 9.9964E-05 9.9964E-05 0.0118581
0.587828 0.0122997 0.0178061 0.0761026 9.9973E-05 0.180075 9.9973E-05 0.115915 0.00967399 9.9973E-05
0.842036 9.995E-05 0.0981019 9.995E-05 0.034091 9.995E-05 9.995E-05 0.0235094 0.00176193 9.995E-05
0.692464 0.0245697 9.9946E-05 9.9946E-05 9.9946E-05 9.9946E-05 9.9946E-05 9.9946E-05 0.13816 0.144207
0.731626 0.0117338 9.9973E-05 9.9973E-05 9.9973E-05 0.0489728 0.050574 0.0324496 0.11309 0.0112539
0.531414 0.0347608 0.0563339 0.114855 9.998E-05 0.0884816 9.998E-05 0.077656 0.0435817 0.0527162
0.335333 9.9991E-05 0.134427 0.00513614 0.0741764 0.159706 0.136459 0.0453065 0.0604744 0.0488813
0.531123 0.133521 0.246403 9.9964E-05 9.9964E-05 0.067576 0.0205352 9.9964E-05 9.9964E-05 0.000442125
0.84423 9.9937E-05 0.0751588 9.9937E-05 9.9937E-05 9.9937E-05 9.9937E-05 9.9937E-05 9.9937E-05 0.0799116
0.861165 9.9937E-05 9.9937E-05 0.033325 0.10481 9.9937E-05 9.9937E-05 9.9937E-05 9.9937E-05 9.9937E-05
0.0398388 9.9964E-05 0.0889785 0.0487456 0.133007 0.504703 9.9964E-05 0.184327 9.9964E-05 9.9964E-05
0.00442562 9.998E-05 0.121554 0.0262278 0.0361257 0.484562 9.998E-05 0.178669 0.0627492 0.0854872
9.9928E-05 9.9928E-05 9.9928E-05 9.9928E-05 0.223386 9.9928E-05 9.9928E-05 0.775814 9.9928E-05 9.9928E-05
9.99201E-05 9.99201E-05 9.99201E-05 9.99201E-05 9.99201E-05 9.99201E-05 9.99201E-05 0.999101 9.99201E-05 9.99201E-05
0.114367 0.206203 0.0568807 9.997E-05 9.997E-05 0.126266 9.997E-05 0.368075 0.0879414 0.0399673
0.0840335 0.0733045 0.0597664 9.9946E-05 9.9946E-05 9.9946E-05 9.9946E-05 0.782296 9.9946E-05 9.9946E-05
0.054828 9.9946E-05 0.0456793 9.9946E-05 0.25724 9.9946E-05 9.9946E-05 0.641653 9.9946E-05 9.9946E-05
0.144296 9.996E-05 9.996E-05 0.134995 9.996E-05 0.316963 9.996E-05 0.357436 0.00353927 0.0423709
0.157553 9.9982E-05 0.0980144 9.9982E-05 0.10125 0.317554 0.0452966 0.171775 0.0726278 0.0357291
0.24346 0.00909828 9.9964E-05 9.9964E-05 0.0710776 0.171847 9.9964E-05 0.310873 0.193245 9.9964E-05
9.9928E-05 9.9928E-05 9.9928E-05 9.9928E-05 9.9928E-05 0.0930016 9.9928E-05 0.906199 9.9928E-05 9.9928E-05
0.00688493 0.0044347 0.0842949 9.9964E-05 9.9964E-05 0.557628 0.00540387 0.340953 9.9964E-05 9.9964E-05
0.0246968 9.9955E-05 0.0557559 9.9955E-05 9.9955E-05 0.0981491 9.9955E-05 0.66056 0.160338 9.9955E-05
9.9928E-05 9.9928E-05 9.9928E-05 9.9928E-05 0.0107833 9.9928E-05 9.9928E-05 0.988417 9.9928E-05 9.9928E-05
0.1375 9.9955E-05 0.119818 0.0117488 9.9955E-05 0.491469 9.9955E-05 0.238964 9.9955E-05 9.9955E-05
0.267083 9.9964E-05 0.0013444 9.9964E-05 9.9964E-05 0.33932 0.0208704 0.35867 0.0123121 9.9964E-05
