9.9964E-05 0.00548835 9.9964E-05 0.0167375 0.245166 9.9964E-05 0.466119 0.115094 9.9964E-05 0.150995
0.0468356 0.656334 0.0122087 0.078796 0.0445805 0.153121 9.9973E-05 9.9973E-05 9.9973E-05 0.00782449
9.9946E-05 9.9946E-05 9.9946E-05 0.0243391 0.835868 0.0699591 9.9946E-05 9.9946E-05 0.0692341 9.9946E-05
9.9946E-05 0.410571 9.9946E-05 9.9946E-05 9.9946E-05 9.9946E-05 0.438954 0.014551 0.135325 9.9946E-05
9.9964E-05 9.9964E-05 9.9964E-05 0.0705042 0.247352 0.165757 0.435635 0.0299131 9.9964E-05 0.050439
0.2756 0.340631 0.12542 0.0509693 0.177168 0.0298134 9.9964E-05 9.9964E-05 9.9964E-05 9.9964E-05
9.9973E-05 0.161564 0.0525739 9.9973E-05 0.352557 0.118736 0.0651019 9.9973E-05 0.058389 0.190778
9.9946E-05 0.145595 9.9946E-05 9.9946E-05 0.701285 9.9946E-05 9.9946E-05 9.9946E-05 0.0980935 0.0544263
0.0678604 0.0331916 9.9964E-05 0.0632551 0.398719 9.9964E-05 0.394138 9.9964E-05 9.9964E-05 0.042436
0.106347 9.9955E-05 9.9955E-05 0.00230721 0.106322 9.9955E-05 0.687406 0.0971178 9.9955E-05 9.9955E-05
0.0913939 0.344495 0.00078658 0.046969 0.256129 0.0205002 0.108776 0.129874 0.000977185 9.9991E-05
9.9964E-05 0.115749 0.0827841 9.9964E-05 0.468776 0.0520587 9.9964E-05 0.0801031 0.200129 9.9964E-05
9.9955E-05 0.634375 9.9955E-05 0.0330139 9.9955E-05 0.00686497 0.271041 0.0542052 9.9955E-05 9.9955E-05
9.9937E-05 9.9937E-05 9.9937E-05 9.9937E-05 0.365011 0.0433726 0.590916 9.9937E-05 9.9937E-05 9.9937E-05
9.9964E-05 0.179706 9.9964E-05 0.0822055 0.295249 0.0383901 0.370132 0.0339183 9.9964E-05 9.9964E-05
0.0183381 0.444416 9.9964E-05 9.9964E-05 0.1099 9.9964E-05 0.249528 0.0538712 9.9964E-05 0.123547
0.0752922 0.0543105 9.9955E-05 9.9955E-05 9.9955E-05 9.9955E-05 0.250627 0.012221 0.60705 9.9955E-05
9.99201E-05 9.99201E-05 9.99201E-05 9.99201E-05 9.99201E-05 9.99201E-05 9.99201E-05 9.99201E-05 0.999101 9.99201E-05
9.99201E-05 9.99201E-05 9.99201E-05 9.99201E-05 9.99201E-05 9.99201E-05 9.99201E-05 9.99201E-05 0.999101 9.99201E-05
0.153041 0.122239 9.9955E-05 9.9955E-05 9.9955E-05 9.9955E-05 9.9955E-05 0.0595062 0.581541 0.0831737
9.9937E-05 0.102344 9.9937E-05 9.9937E-05 0.0954759 9.9937E-05 0.801481 9.9937E-05 9.9937E-05 9.9937E-05
9.9937E-05 0.909894 9.9937E-05 0.0161954 9.9937E-05 9.9937E-05 9.9937E-05 9.9937E-05 0.0732107 9.9937E-05
9.9937E-05 0.288086 9.9937E-05 9.9937E-05 9.9937E-05 9.9937E-05 0.043205 0.668009 9.9937E-05 9.9937E-05
9.9964E-05 9.9964E-05 0.0735844 0.0127761 9.9964E-05 9.9964E-05 0.369036 0.470927 0.0160089 0.0572677
0.165468 0.362092 9.9964E-05 0.0248076 9.9964E-05 9.9964E-05 0.173301 0.243493 0.030438 9.9964E-05
9.9946E-05 9.9946E-05 0.105166 9.9946E-05 0.318584 0.0182314 0.557419 9.9946E-05 9.9946E-05 9.9946E-05
0.14398 0.522071 9.9973E-05 9.9973E-05 0.00261521 0.0647023 0.149014 9.9973E-05 0.0062809 0.111037
0.127756 9.9937E-05 0.103725 9.9937E-05 0.76782 9.9937E-05 9.9937E-05 9.9937E-05 9.9937E-05 9.9937E-05
9.9946E-05 0.0317275 9.9946E-05 9.9946E-05 9.9946E-05 0.0631604 0.831137 9.9946E-05 9.9946E-05 0.073375
9.9973E-05 0.412912 0.118568 9.9973E-05 0.253894 0.00213566 0.155224 0.0388891 9.9973E-05 0.0180764
0.0440792 0.74412 9.9937E-05 9.9937E-05 0.211101 9.9937E-05 9.9937E-05 9.9937E-05 9.9937E-05 9.9937E-05
9.9946E-05 0.0401848 0.0133776 9.9946E-05 0.870313 9.9946E-05 9.9946E-05 0.075525 9.9946E-05 9.9946E-05
9.9955E-05 0.550198 9.9955E-05 9.9955E-05 9.9955E-05 9.9955E-05 0.289828 0.0949222 0.00768538 0.0568664
9.9937E-05 0.908542 9.9937E-05 9.9937E-05 9.9937E-05 0.0620211 9.9937E-05 0.0287371 9.9937E-05 9.9937E-05
9.9937E-05 0.0309338 0.0332352 9.9937E-05 9.9937E-05 9.9937E-05 9.9937E-05 0.935131 9.9937E-05 9.9937E-05
9.99281E-05 0.0727712 9.99281E-05 9.99281E-05 9.99281E-05 9.99281E-05 9.99281E-05 0.926429 9.99281E-05 9.99281E-05
0.318342 0.0831235 9.9955E-05 0.00953853 9.9955E-05 9.9955E-05 0.18241 0.406086 9.9955E-05 9.9955E-05
0.115235 9.9946E-05 9.9946E-05 0.022943 9.9946E-05 9.9946E-05 0.23992 0.621302 9.9946E-05 9.9946E-05
0.0459114 0.155228 9.9955E-05 0.078133 0.00777943 9.9955E-05 9.9955E-05 0.712448 9.9955E-05 9.9955E-05
9.9928E-05 9.9928E-05 9.9928E-05 9.9928E-05 9.9928E-05 0.0207962 9.9928E-05 0.978404 9.9928E-05 9.9928E-05
9.9946E-05 9.9946E-05 9.9946E-05 0.0190972 9.9946E-05 0.0545111 9.9946E-05 0.923761 0.00203101 9.9946E-05
0.138814 0.174167 9.9937E-05 9.9937E-05 9.9937E-05 9.9937E-05 9.9937E-05 0.68632 9.9937E-05 9.9937E-05
9.9928E-05 9.9928E-05 9.9928E-05 9.9928E-05 9.9928E-05 9.9928E-05 0.0652326 0.933968 9.9928E-05 9.9928E-05
9.9928E-05 9.9928E-05 9.9928E-05 9.9928E-05 9.9928E-05 9.9928E-05 9.9928E-05 0.997591 0.00161007 9.9928E-05
9.9928E-05 9.9928E-05 9.9928E-05 9.9928E-05 9.9928E-05 0.0297722 9.9928E-05 0.969428 9.9928E-05 9.9928E-05
0.00195027 9.9964E-05 9.9964E-05 9.9964E-05 0.0079685 9.9964E-05 0.210135 0.768566 0.00134717 0.00963332
0.0192187 0.0227248 9.9964E-05 9.9964E-05 9.9964E-05 0.0419409 0.0756442 0.818702 9.9964E-05 0.0213696
9.99281E-05 9.99281E-05 9.99281E-05 9.99281E-05 9.99281E-05 9.99281E-05 0.0897417 0.909459 9.99281E-05 9.99281E-05
0.00221455 0.160199 9.9946E-05 9.9946E-05 9.9946E-05 9.9946E-05 0.486907 0.35008 9.9946E-05 9.9946E-05
0.166282 0.0293126 0.060502 0.000420316 9.9973E-05 0.00280827 0.0890196 0.651356 9.9973E-05 9.9973E-05
0.140085 0.0809206 9.9973E-05 0.00551366 9.9973E-05 0.0443297 0.0802438 0.629997 9.9973E-05 0.0186099
9.9955E-05 9.9955E-05 9.9955E-05 9.9955E-05 9.9955E-05 0.0169381 0.0701422 0.773821 0.0498254 0.0887733
0.236961 9.9928E-05 9.9928E-05 9.9928E-05 9.9928E-05 9.9928E-05 9.9928E-05 0.762239 9.9928E-05 9.9928E-05
0.0819232 9.9946E-05 0.0225376 9.9946E-05 9.9946E-05 0.0153376 9.9946E-05 0.879602 9.9946E-05 9.9946E-05
9.99281E-05 9.99281E-05 9.99281E-05 9.99281E-05 0.0126254 9.99281E-05 9.99281E-05 0.986575 9.99281E-05 9.99281E-05
0.148554 0.365725 9.9946E-05 9.9946E-05 9.9946E-05 0.0100373 9.9946E-05 0.475084 9.9946E-05 9.9946E-05
0.00215865 9.9964E-05 0.0666856 9.9964E-05 0.00903185 9.9964E-05 9.9964E-05 0.886168 0.017783 0.0177733
9.9937E-05 9.9937E-05 9.9937E-05 9.9937E-05 0.440594 0.0323904 9.9937E-05 9.9937E-05 0.526316 9.9937E-05
0.00622835 0.627708 9.9955E-05 9.9955E-05 0.0980644 0.131382 9.9955E-05 9.9955E-05 0.136118 9.9955E-05
9.9955E-05 9.9955E-05 9.9955E-05 9.9955E-05 0.198084 9.9955E-05 0.0989303 0.0494283 0.131694 0.521364
9.9946E-05 0.356226 9.9946E-05 9.9946E-05 0.218373 0.102798 9.9946E-05 9.9946E-05 0.322004 9.9946E-05
0.2351 0.340861 0.0358804 0.115067 0.0197486 9.9991E-05 0.0665134 0.0213737 0.046564 0.118793
9.9964E-05 0.161916 9.9964E-05 0.0296735 0.232299 9.9964E-05 0.0534528 0.0531834 0.469075 9.9964E-05
0.132335 0.239336 0.106711 9.9982E-05 0.0312407 0.00413958 0.272022 9.9982E-05 0.157228 0.0567865
9.9964E-05 0.0601664 9.9964E-05 0.00944682 0.107869 9.9964E-05 0.405389 0.0621572 0.354572 9.9964E-05
0.0877703 0.269315 9.9955E-05 9.9955E-05 9.9955E-05 9.9955E-05 0.431828 0.0532331 0.157354 9.9955E-05
0.056422 0.364213 9.996E-05 9.996E-05 9.996E-05 0.00963176 0.202361 9.996E-05 0.312759 0.0542127
0.00466525 9.9973E-05 9.9973E-05 0.13511 0.0101607 0.0527391 0.499741 0.143806 0.153479 9.9973E-05
0.0203876 0.545468 9.9973E-05 9.9973E-05 0.227993 0.10288 0.0259533 0.0500726 9.9973E-05 0.0269449
9.9937E-05 0.222944 9.9937E-05 9.9937E-05 0.722287 9.9937E-05 9.9937E-05 0.0540693 9.9937E-05 9.9937E-05
9.9928E-05 0.79015 9.9928E-05 9.9928E-05 0.209051 9.9928E-05 9.9928E-05 9.9928E-05 9.9928E-05 9.9928E-05
0.0304452 9.9964E-05 9.9964E-05 9.9964E-05 0.0145182 9.9964E-05 0.859475 0.0152095 0.0571126 0.0228401
9.9928E-05 0.337265 9.9928E-05 9.9928E-05 0.661936 9.9928E-05 9.9928E-05 9.9928E-05 9.9928E-05 9.9928E-05
9.9964E-05 9.9964E-05 0.00422656 0.0492216 0.0185075 9.9964E-05 0.775474 0.0679609 0.0842091 9.9964E-05
9.9937E-05 9.9937E-05 9.9937E-05 9.9937E-05 0.0591211 0.147184 0.792996 9.9937E-05 9.9937E-05 9.9937E-05
9.99201E-05 9.99201E-05 9.99201E-05 9.99201E-05 0.999101 9.99201E-05 9.99201E-05 9.99201E-05 9.99201E-05 9.99201E-05
9.9937E-05 9.9937E-05 9.9937E-05 9.9937E-05 0.694094 0.0784499 0.226757 9.9937E-05 9.9937E-05 9.9937E-05
9.9937E-05 9.9937E-05 9.9937E-05 9.9937E-05 0.344732 0.0422191 0.61235 9.9937E-05 9.9937E-05 9.9937E-05
9.9946E-05 9.9946E-05 0.00531145 9.9946E-05 0.922323 9.9946E-05 9.9946E-05 0.0268123 9.9946E-05 0.0449533
9.9946E-05 9.9946E-05 9.9946E-05 9.9946E-05 0.355892 0.0500041 0.568285 9.9946E-05 0.0252198 9.9946E-05
0.00863343 0.509746 0.370331 0.0151574 9.9964E-05 9.9964E-05 0.0636032 0.0321288 9.9964E-05 9.9964E-05
0.202211 9.9964E-05 0.085707 0.0625545 9.9964E-05 9.9964E-05 0.578261 9.9964E-05 0.00925937 0.0616072
9.9946E-05 9.9946E-05 0.961142 9.9946E-05 0.0063273 0.0237201 9.9946E-05 0.00821103 9.9946E-05 9.9946E-05
9.9928E-05 9.9928E-05 0.884979 9.9928E-05 0.114222 9.9928E-05 9.9928E-05 9.9928E-05 9.9928E-05 9.9928E-05
0.204776 0.112463 0.425567 9.9964E-05 9.9964E-05 9.9964E-05 0.133915 0.031702 9.9964E-05 0.0911766
9.9946E-05 0.175525 9.9946E-05 9.9946E-05 9.9946E-05 9.9946E-05 9.9946E-05 0.0608584 0.0178228 0.745194
9.9937E-05 0.0183902 9.9937E-05 9.9937E-05 9.9937E-05 9.9937E-05 9.9937E-05 0.0474313 9.9937E-05 0.933479
9.9928E-05 9.9928E-05 9.9928E-05 9.9928E-05 9.9928E-05 0.0397017 9.9928E-05 9.9928E-05 9.9928E-05 0.959499
9.99201E-05 9.99201E-05 9.99201E-05 9.99201E-05 9.99201E-05 9.99201E-05 9.99201E-05 9.99201E-05 9.99201E-05 0.999101
9.9937E-05 9.9937E-05 9.9937E-05 0.803485 0.166794 9.9937E-05 9.9937E-05 9.9937E-05 0.0290209 9.9937E-05
9.99201E-05 9.99201E-05 9.99201E-05 0.999101 9.99201E-05 9.99201E-05 9.99201E-05 9.99201E-05 9.99201E-05 9.99201E-05
0.0317392 9.9955E-05 9.9955E-05 0.346162 9.9955E-05 9.9955E-05 0.511056 0.012265 9.9955E-05 0.0982773
9.9946E-05 0.38052 9.9946E-05 0.524426 9.9946E-05 9.9946E-05 0.0193991 9.9946E-05 9.9946E-05 0.0750554
9.99201E-05 9.99201E-05 9.99201E-05 0.999101 9.99201E-05 9.99201E-05 9.99201E-05 9.99201E-05 9.99201E-05 9.99201E-05
0.122682 9.9946E-05 9.9946E-05 0.319866 9.9946E-05 9.9946E-05 0.478648 9.9946E-05 9.9946E-05 0.0782043
9.9964E-05 0.309247 9.9964E-05 0.256246 9.9964E-05 0.0531516 0.334994 0.0314467 0.0145151 9.9964E-05
0.209685 9.9964E-05 9.9964E-05 0.220268 0.0892156 9.9964E-05 0.28973 0.0828032 9.9964E-05 0.107899
9.9946E-05 0.231668 0.665112 9.9946E-05 9.9946E-05 9.9946E-05 0.0131557 9.9946E-05 9.9946E-05 0.0894643
0.000942978 9.9946E-05 0.527106 9.9946E-05 9.9946E-05 9.9946E-05 0.315977 9.9946E-05 9.9946E-05 0.155374
0.0587006 0.308618 0.182514 0.0194818 0.0748404 9.9973E-05 0.316118 0.0394273 9.9973E-05 9.9973E-05
0.0997078 0.103438 0.291573 0.0522803 0.0200279 0.0172129 0.380185 0.0218882 0.0135871 9.9991E-05
0.248678 0.264731 0.17681 9.9973E-05 0.0872838 0.0436329 9.9973E-05 0.0304363 9.9973E-05 0.148128
9.9955E-05 0.24958 0.344111 0.162828 0.110265 9.9955E-05 0.132715 9.9955E-05 9.9955E-05 9.9955E-05
0.0529453 9.9964E-05 0.715934 0.0111006 0.0194947 9.9964E-05 0.18923 9.9964E-05 0.0108958 9.9964E-05
0.16609 9.9946E-05 0.214619 9.9946E-05 9.9946E-05 9.9946E-05 0.607209 0.0114821 9.9946E-05 9.9946E-05
9.9937E-05 0.13068 0.811748 9.9937E-05 9.9937E-05 9.9937E-05 9.9937E-05 0.056872 9.9937E-05 9.9937E-05
9.9964E-05 0.121075 0.487021 0.0167115 9.9964E-05 0.0304996 0.309487 9.9964E-05 9.9964E-05 0.0348059
9.9946E-05 0.342844 0.176613 9.9946E-05 9.9946E-05 9.9946E-05 0.150795 9.9946E-05 9.9946E-05 0.329148
9.9937E-05 0.737809 0.160098 0.101394 9.9937E-05 9.9937E-05 9.9937E-05 9.9937E-05 9.9937E-05 9.9937E-05
0.307354 0.249198 9.9973E-05 0.0170671 0.104614 0.00751693 9.9973E-05 0.0137042 9.9973E-05 0.300246
0.0357482 0.36871 0.200912 0.0688715 9.9973E-05 0.0660807 9.9973E-05 0.13011 9.9973E-05 0.129268
0.223854 9.9946E-05 9.9946E-05 9.9946E-05 9.9946E-05 9.9946E-05 0.221323 9.9946E-05 0.199562 0.354661
0.254599 0.0745955 0.0629281 9.9973E-05 0.0613239 9.9973E-05 9.9973E-05 0.00621611 0.0412323 0.498805
0.0331357 0.000414071 9.9964E-05 9.9964E-05 0.0950601 9.9964E-05 0.096261 0.156363 9.9964E-05 0.618366
0.13412 0.440003 0.0880682 9.9964E-05 9.9964E-05 9.9964E-05 9.9964E-05 0.0674729 0.077764 0.192173
9.9928E-05 9.9928E-05 0.559874 9.9928E-05 9.9928E-05 9.9928E-05 9.9928E-05 9.9928E-05 0.439326 9.9928E-05
9.9964E-05 0.451488 0.0350439 9.9964E-05 0.0184903 9.9964E-05 0.0641441 0.0691481 9.9964E-05 0.361286
9.9937E-05 9.9937E-05 0.336041 9.9937E-05 9.9937E-05 9.9937E-05 9.9937E-05 9.9937E-05 0.615894 0.0473658
0.176232 0.216867 0.195367 9.9964E-05 9.9964E-05 9.9964E-05 0.175826 0.0705482 9.9964E-05 0.16476
9.9946E-05 9.9946E-05 0.883808 9.9946E-05 9.9946E-05 0.0345672 0.0612125 9.9946E-05 9.9946E-05 0.0198124
9.9928E-05 9.9928E-05 0.935222 9.9928E-05 0.0639786 9.9928E-05 9.9928E-05 9.9928E-05 9.9928E-05 9.9928E-05
0.115138 0.112611 0.484113 9.9946E-05 9.9946E-05 9.9946E-05 0.287538 9.9946E-05 9.9946E-05 9.9946E-05
0.00474793 9.9964E-05 0.244977 0.0182752 9.9964E-05 9.9964E-05 0.672732 0.0049881 9.9964E-05 0.0538799
9.9928E-05 9.9928E-05 0.425123 9.9928E-05 9.9928E-05 9.9928E-05 0.574078 9.9928E-05 9.9928E-05 9.9928E-05
9.9955E-05 0.111741 0.287994 0.174416 9.9955E-05 9.9955E-05 0.412498 0.0128516 9.9955E-05 9.9955E-05
9.9955E-05 0.0715368 0.334952 0.0278738 9.9955E-05 9.9955E-05 0.536674 9.9955E-05 9.9955E-05 0.0284636
0.497427 9.9946E-05 9.9946E-05 9.9946E-05 9.9946E-05 9.9946E-05 0.236078 0.0905474 9.9946E-05 0.175348
0.501296 9.9955E-05 9.9955E-05 9.9955E-05 9.9955E-05 9.9955E-05 0.268723 0.0482384 0.0818245 0.0994181
0.752391 0.16648 9.9946E-05 9.9946E-05 9.9946E-05 9.9946E-05 0.0711119 9.9946E-05 9.9946E-05 0.00941816
0.691047 9.9964E-05 9.9964E-05 0.0501975 9.9964E-05 0.0860392 0.102377 0.0521343 0.017805 9.9964E-05
0.592322 9.9964E-05 0.0600984 9.9964E-05 9.9964E-05 0.0338381 0.172285 0.0385417 9.9964E-05 0.102515
0.861802 9.9928E-05 9.9928E-05 9.9928E-05 9.9928E-05 9.9928E-05 9.9928E-05 9.9928E-05 0.137399 9.9928E-05
0.757 0.118006 0.0131172 0.00440077 9.9973E-05 9.9973E-05 9.9973E-05 0.0609374 0.0406988 0.00554022
0.925169 9.9946E-05 9.9946E-05 0.0276747 0.0144267 9.9946E-05 9.9946E-05 9.9946E-05 0.0321301 9.9946E-05
0.659935 0.106061 0.00336367 9.9955E-05 9.9955E-05 9.9955E-05 0.0807321 9.9955E-05 9.9955E-05 0.149409
0.887788 9.9937E-05 9.9937E-05 9.9937E-05 9.9937E-05 9.9937E-05 0.0618466 0.0496662 9.9937E-05 9.9937E-05
0.397488 0.340598 9.9955E-05 9.9955E-05 0.0210382 9.9955E-05 0.18345 0.0569264 9.9955E-05 9.9955E-05
0.748307 0.142589 0.0189214 9.9964E-05 9.9964E-05 0.0304451 9.9964E-05 0.0455799 0.0137578 9.9964E-05
0.58791 0.324854 9.9955E-05 9.9955E-05 0.0585129 0.021067 9.9955E-05 9.9955E-05 9.9955E-05 0.00715616
0.695449 9.9955E-05 9.9955E-05 0.0416167 9.9955E-05 0.0226052 9.9955E-05 0.124136 9.9955E-05 0.115693
0.578495 9.9955E-05 0.117035 9.9955E-05 0.00706156 9.9955E-05 9.9955E-05 0.17006 9.9955E-05 0.126849
0.711901 0.100724 0.0484957 9.9964E-05 9.9964E-05 0.0562363 0.0813612 9.9964E-05 9.9964E-05 0.000882022
0.944645 9.9928E-05 9.9928E-05 9.9928E-05 9.9928E-05 9.9928E-05 9.9928E-05 9.9928E-05 0.054556 9.9928E-05
0.626071 0.221349 0.0555893 0.0133075 9.9973E-05 0.0114 9.9973E-05 0.0321932 9.9973E-05 0.0397905
0.654236 0.0875018 0.0451643 9.9964E-05 0.00507776 0.0744611 0.133159 9.9964E-05 9.9964E-05 9.9964E-05
0.403618 0.0236705 9.9991E-05 0.134975 0.0808465 0.00381532 0.182771 0.0321043 0.0563168 0.0817829
0.218536 0.101512 0.024068 0.105477 9.9982E-05 9.9982E-05 0.205276 0.0830035 0.254764 0.00716259
0.411403 9.9973E-05 0.00268977 0.00383527 0.0781521 9.9973E-05 0.087196 0.22834 9.9973E-05 0.188084
0.684605 9.9937E-05 9.9937E-05 9.9937E-05 9.9937E-05 9.9937E-05 0.214138 0.100557 9.9937E-05 9.9937E-05
0.935806 9.9937E-05 9.9937E-05 9.9937E-05 9.9937E-05 9.9937E-05 9.9937E-05 0.02862 0.0348746 9.9937E-05
0.194905 0.270895 9.9964E-05 9.9964E-05 9.9964E-05 0.187291 0.165441 0.0320893 0.148978 9.9964E-05
0.164238 9.9955E-05 9.9955E-05 9.9955E-05 9.9955E-05 0.07908 0.359935 0.0779159 9.9955E-05 0.318331
9.9946E-05 9.9946E-05 9.9946E-05 9.9946E-05 9.9946E-05 0.768961 0.00808796 0.0345538 0.187798 9.9946E-05
9.99201E-05 9.99201E-05 9.99201E-05 9.99201E-05 9.99201E-05 0.999101 9.99201E-05 9.99201E-05 9.99201E-05 9.99201E-05
0.0470312 0.326769 0.0379424 9.9973E-05 0.121415 0.345541 0.0809021 0.0400986 9.9973E-05 9.9973E-05
9.9955E-05 9.9955E-05 0.0229919 9.9955E-05 0.0167427 0.812071 9.9955E-05 0.0725389 9.9955E-05 0.0751554
0.114779 9.9937E-05 9.9937E-05 9.9937E-05 9.9937E-05 0.475901 9.9937E-05 9.9937E-05 0.408621 9.9937E-05
0.0281825 9.9955E-05 0.0300469 9.9955E-05 9.9955E-05 0.38209 0.212931 9.9955E-05 9.9955E-05 0.346249
0.179791 0.429419 9.9982E-05 0.05863 9.9982E-05 0.247513 0.044432 0.0119798 0.0184396 0.00959647
0.340453 0.0278526 9.9955E-05 0.0185123 0.241436 0.371247 9.9955E-05 9.9955E-05 9.9955E-05 9.9955E-05
9.9937E-05 9.9937E-05 9.9937E-05 9.9937E-05 9.9937E-05 0.901701 0.0711383 0.0264616 9.9937E-05 9.9937E-05
0.231806 0.0810019 9.9955E-05 0.0164571 9.9955E-05 0.26415 0.406085 9.9955E-05 9.9955E-05 9.9955E-05
9.9964E-05 0.0939075 0.0400326 0.000283926 0.0681663 0.716897 0.0803132 9.9964E-05 9.9964E-05 9.9964E-05
9.9928E-05 9.9928E-05 9.9928E-05 9.9928E-05 9.9928E-05 0.996695 9.9928E-05 9.9928E-05 0.00250571 9.9928E-05
0.143445 0.572942 9.9964E-05 0.0248633 0.0355493 0.0673545 9.9964E-05 0.155447 9.9964E-05 9.9964E-05
0.25192 0.0527074 9.9973E-05 0.00231621 9.9973E-05 0.363207 0.206887 0.0805212 9.9973E-05 0.0421408
