0.46647 9.9964E-05 0.0137847 9.9964E-05 9.9964E-05 0.0270622 0.0688488 0.230714 9.9964E-05 0.19272
0.231723 9.9955E-05 0.0728952 9.9955E-05 9.9955E-05 0.0406432 9.9955E-05 0.515054 0.139185 9.9955E-05
9.9937E-05 9.9937E-05 0.696778 0.19021 9.9937E-05 0.112313 9.9937E-05 9.9937E-05 9.9937E-05 9.9937E-05
0.411182 9.9946E-05 9.9946E-05 0.0373607 0.106509 9.9946E-05 9.9946E-05 0.444348 9.9946E-05 9.9946E-05
0.45794 0.044265 0.0916816 0.144239 9.9973E-05 0.109067 0.0134942 0.139013 9.9973E-05 9.9973E-05
0.658843 0.0634248 9.9955E-05 0.102371 0.0733149 9.9955E-05 9.9955E-05 9.9955E-05 9.9955E-05 0.101546
9.9955E-05 0.105297 0.536108 9.9955E-05 9.9955E-05 0.0036171 0.049979 0.304499 9.9955E-05 9.9955E-05
9.9955E-05 9.9955E-05 0.888101 0.0323085 9.9955E-05 0.0332665 9.9955E-05 9.9955E-05 0.0431256 0.00269849
0.170742 0.0255614 0.316752 0.0446109 9.9973E-05 9.9973E-05 9.9973E-05 0.163384 0.221305 0.0573454
0.249546 9.9964E-05 9.9964E-05 9.9964E-05 0.0631909 0.182797 9.9964E-05 0.324925 0.151585 0.0275553
0.674057 0.00118362 9.9964E-05 0.0442119 0.102567 0.150306 0.0272748 9.9964E-05 9.9964E-05 9.9964E-05
0.0914865 9.997E-05 0.283416 0.0764698 0.0431414 0.286531 0.130995 9.997E-05 9.997E-05 0.0876603
0.14147 9.9955E-05 0.178296 9.9955E-05 0.204332 9.9955E-05 9.9955E-05 9.9955E-05 0.384402 0.0909998
0.366013 0.000341371 0.49254 9.9946E-05 9.9946E-05 9.9946E-05 9.9946E-05 9.9946E-05 0.140506 9.9946E-05
0.612781 0.00289187 0.176417 0.00770985 0.059623 9.9964E-05 9.9964E-05 9.9964E-05 0.140177 9.9964E-05
0.48826 0.0596194 9.9964E-05 9.9964E-05 0.0868903 0.0298915 9.9964E-05 0.218162 0.116777 9.9964E-05
0.0233061 9.9955E-05 9.9955E-05 9.9955E-05 0.0673632 0.559943 9.9955E-05 9.9955E-05 0.178915 0.169973
9.99201E-05 9.99201E-05 9.99201E-05 9.99201E-05 9.99201E-05 0.999101 9.99201E-05 9.99201E-05 9.99201E-05 9.99201E-05
9.99201E-05 9.99201E-05 9.99201E-05 9.99201E-05 9.99201E-05 0.999101 9.99201E-05 9.99201E-05 9.99201E-05 9.99201E-05
9.995E-05 0.0329305 9.995E-05 9.995E-05 0.0243468 0.60211 9.995E-05 0.0580266 9.995E-05 0.282086
0.115126 9.9955E-05 0.277086 9.9955E-05 0.0105262 9.9955E-05 9.9955E-05 0.503968 0.0927941 9.9955E-05
0.249832 9.9964E-05 9.9964E-05 0.0653669 0.00896287 9.9964E-05 0.0664519 0.571449 9.9964E-05 0.0375372
0.0722156 9.994E-05 9.994E-05 9.994E-05 0.706218 9.994E-05 9.994E-05 0.0706745 0.150293 9.994E-05
0.0669811 9.9955E-05 9.9955E-05 0.00559215 0.513523 9.9955E-05 9.9955E-05 0.223131 0.190273 9.9955E-05
9.9964E-05 9.9964E-05 0.0218082 0.12264 0.458143 9.9964E-05 9.9964E-05 0.166326 0.162749 0.0679338
0.45147 9.9946E-05 0.43327 9.9946E-05 0.0209281 9.9946E-05 0.0937318 9.9946E-05 9.9946E-05 9.9946E-05
0.750983 9.9964E-05 9.9964E-05 9.9964E-05 0.0473121 0.0309123 0.0061761 9.9964E-05 0.00334756 0.160869
0.126262 9.9955E-05 0.592657 9.9955E-05 9.9955E-05 0.114234 0.0882431 0.0781053 9.9955E-05 9.9955E-05
0.642239 9.9955E-05 0.0694024 9.9955E-05 9.9955E-05 9.9955E-05 9.9955E-05 0.191723 0.0421829 0.053953
0.324539 9.9955E-05 0.142198 9.9955E-05 0.0709557 9.9955E-05 0.205699 0.256109 9.9955E-05 9.9955E-05
0.310093 9.9973E-05 0.294903 0.0435107 0.0650497 9.9973E-05 9.9973E-05 0.248012 0.0290634 0.00906945
0.289572 0.0497915 0.582743 9.9964E-05 0.008926 9.9964E-05 0.0233017 0.0452667 9.9964E-05 9.9964E-05
0.0464936 9.9937E-05 9.9937E-05 9.9937E-05 9.9937E-05 9.9937E-05 9.9937E-05 0.843229 0.109578 9.9937E-05
0.247372 0.0351589 9.9955E-05 0.0138426 9.9955E-05 9.9955E-05 9.9955E-05 0.589503 9.9955E-05 0.113624
9.9955E-05 0.00252626 9.9955E-05 9.9955E-05 0.9397 9.9955E-05 9.9955E-05 0.0414199 0.00596812 0.00988574
0.0390673 9.9937E-05 9.9937E-05 9.9937E-05 0.940389 9.9937E-05 0.0198438 9.9937E-05 9.9937E-05 9.9937E-05
0.198122 9.9955E-05 9.9955E-05 0.0847281 0.617304 9.9955E-05 9.9955E-05 9.9955E-05 0.00190683 0.0974391
0.0753874 9.9964E-05 9.9964E-05 0.0136702 0.587698 9.9964E-05 9.9964E-05 0.0714667 0.0879343 0.163444
9.9946E-05 9.9946E-05 0.0204758 9.9946E-05 0.715618 9.9946E-05 9.9946E-05 0.0771507 9.9946E-05 0.186156
9.99294E-05 9.99294E-05 9.99294E-05 0.0155274 0.983673 9.99294E-05 9.99294E-05 9.99294E-05 9.99294E-05 9.99294E-05
9.9946E-05 9.9946E-05 9.9946E-05 9.9946E-05 0.890197 0.0501903 0.0241047 9.9946E-05 9.9946E-05 0.0349084
0.0766518 9.9937E-05 9.9937E-05 9.9937E-05 0.875184 9.9937E-05 9.9937E-05 0.0474644 9.9937E-05 9.9937E-05
9.9928E-05 9.9928E-05 0.0155864 9.9928E-05 0.983614 9.9928E-05 9.9928E-05 9.9928E-05 9.9928E-05 9.9928E-05
9.99281E-05 9.99281E-05 9.99281E-05 9.99281E-05 0.986424 0.0127767 9.99281E-05 9.99281E-05 9.99281E-05 9.99281E-05
9.99281E-05 9.99281E-05 9.99281E-05 9.99281E-05 0.99538 0.00382033 9.99281E-05 9.99281E-05 9.99281E-05 9.99281E-05
0.0573903 9.9946E-05 9.9946E-05 9.9946E-05 0.712575 9.9946E-05 9.9946E-05 0.171978 9.9946E-05 0.0574572
9.9928E-05 0.121987 9.9928E-05 9.9928E-05 0.877214 9.9928E-05 9.9928E-05 9.9928E-05 9.9928E-05 9.9928E-05
9.9946E-05 9.9946E-05 9.9946E-05 0.00274666 0.970595 0.0173688 9.9946E-05 0.00869013 9.9946E-05 9.9946E-05
0.41411 0.0357993 9.9955E-05 9.9955E-05 0.406497 9.9955E-05 9.9955E-05 9.9955E-05 0.0507959 0.0922981
0.0584403 0.0204952 9.9955E-05 9.9955E-05 0.735591 9.9955E-05 9.9955E-05 9.9955E-05 0.123182 0.0617916
9.9964E-05 0.0152787 0.0244403 0.00286053 0.648178 9.9964E-05 9.9964E-05 0.121753 9.9964E-05 0.18709
0.108947 0.00710908 9.9955E-05 0.00312945 0.845112 0.0352026 9.9955E-05 9.9955E-05 9.9955E-05 9.9955E-05
0.00241549 9.9946E-05 9.9946E-05 9.9946E-05 0.765302 0.0626626 9.9946E-05 9.9946E-05 9.9946E-05 0.16902
0.0364111 9.9955E-05 9.9955E-05 9.9955E-05 0.798958 0.0784305 9.9955E-05 9.9955E-05 0.0290663 0.0566348
9.9937E-05 9.9937E-05 9.9937E-05 9.9937E-05 0.934314 0.0462949 9.9937E-05 9.9937E-05 9.9937E-05 0.0186915
0.0812629 0.0568533 0.0268321 0.022133 0.601071 9.9982E-05 0.00652772 0.0890692 9.9982E-05 0.116051
9.9955E-05 0.00338486 0.032875 9.9955E-05 0.912165 9.9955E-05 0.0427218 9.9955E-05 9.9955E-05 0.00835361
9.9955E-05 0.132343 0.270349 9.9955E-05 9.9955E-05 0.463838 0.0863092 0.0466613 9.9955E-05 9.9955E-05
0.0207475 0.118938 0.14098 9.9964E-05 9.9964E-05 0.158598 9.9964E-05 0.509991 0.0503462 9.9964E-05
0.0310211 9.9973E-05 0.240648 9.9973E-05 0.0281337 0.185596 9.9973E-05 0.438277 0.0408654 0.0351587
0.359847 0.154612 0.115768 0.00835589 9.9982E-05 0.332173 0.00081139 0.00785211 9.9982E-05 0.0203812
0.718967 9.9955E-05 9.9955E-05 9.9955E-05 0.036957 0.11409 0.00712106 9.9955E-05 9.9955E-05 0.122365
0.424444 0.0356213 0.0202067 0.0637546 9.9973E-05 0.409745 0.00283756 9.9973E-05 9.9973E-05 0.0430903
0.555653 0.0238936 0.00744052 9.9973E-05 0.0172738 0.0878898 0.0462095 9.9973E-05 9.9973E-05 0.26134
0.0087277 9.9973E-05 0.266292 9.9973E-05 0.0836577 0.260128 0.00268112 0.307531 9.9973E-05 0.0706828
9.9937E-05 9.9937E-05 0.0576859 9.9937E-05 9.9937E-05 0.15176 9.9937E-05 0.789854 9.9937E-05 9.9937E-05
0.396609 9.9946E-05 9.9946E-05 9.9946E-05 9.9946E-05 0.185826 9.9946E-05 0.21168 9.9946E-05 0.205285
9.995E-05 9.995E-05 0.12147 9.995E-05 0.0936343 0.164131 9.995E-05 0.411204 0.209061 9.995E-05
0.48577 0.0524199 0.0772857 0.0120072 9.9982E-05 0.00572876 0.00257609 0.186118 9.9982E-05 0.177894
0.32148 9.9946E-05 0.608771 0.0431593 9.9946E-05 9.9946E-05 9.9946E-05 9.9946E-05 9.9946E-05 0.0259901
0.520934 9.9937E-05 9.9937E-05 9.9937E-05 9.9937E-05 0.0422818 9.9937E-05 0.436084 9.9937E-05 9.9937E-05
0.152439 9.9955E-05 0.202176 9.9955E-05 0.0343771 9.9955E-05 9.9955E-05 0.571834 9.9955E-05 0.0386745
0.388602 9.9955E-05 0.577819 0.00355946 9.9955E-05 9.9955E-05 0.0229859 9.9955E-05 0.00653413 9.9955E-05
0.414242 9.9964E-05 0.159836 9.9964E-05 0.180504 9.9964E-05 0.0161328 0.164831 0.0640544 9.9964E-05
0.919812 9.9937E-05 9.9937E-05 0.0441393 9.9937E-05 9.9937E-05 9.9937E-05 9.9937E-05 0.0353492 9.9937E-05
9.99201E-05 9.99201E-05 0.999101 9.99201E-05 9.99201E-05 9.99201E-05 9.99201E-05 9.99201E-05 9.99201E-05 9.99201E-05
0.117763 0.0266562 0.674314 0.0937724 9.9955E-05 9.9955E-05 9.9955E-05 0.0869946 9.9955E-05 9.9955E-05
0.644123 0.00738006 0.0957311 9.9955E-05 9.9955E-05 9.9955E-05 0.0674141 0.184852 9.9955E-05 9.9955E-05
9.9946E-05 9.9946E-05 0.89436 0.0228642 9.9946E-05 9.9946E-05 0.0616519 0.020524 9.9946E-05 9.9946E-05
0.810413 9.9928E-05 0.188787 9.9928E-05 9.9928E-05 9.9928E-05 9.9928E-05 9.9928E-05 9.9928E-05 9.9928E-05
0.192769 9.9964E-05 9.9964E-05 0.0308881 0.132085 9.9964E-05 0.078095 9.9964E-05 0.548277 0.0174858
9.9964E-05 9.9964E-05 0.118848 0.0161401 0.112427 9.9964E-05 9.9964E-05 0.151485 0.475975 0.124725
9.99201E-05 9.99201E-05 9.99201E-05 9.99201E-05 9.99201E-05 9.99201E-05 0.999101 9.99201E-05 9.99201E-05 9.99201E-05
9.9928E-05 9.9928E-05 0.00101158 9.9928E-05 9.9928E-05 9.9928E-05 0.998189 9.9928E-05 9.9928E-05 9.9928E-05
0.0768094 9.9982E-05 0.0681568 0.0254005 0.0288775 9.9982E-05 0.300261 0.0835312 0.149075 0.267689
9.9946E-05 9.9946E-05 9.9946E-05 0.143931 0.00211679 0.00465915 9.9946E-05 0.848693 9.9946E-05 9.9946E-05
9.9955E-05 0.0888055 9.9955E-05 0.155427 0.0256457 9.9955E-05 9.9955E-05 0.55093 9.9955E-05 0.178692
9.9955E-05 0.0701203 9.9955E-05 0.159277 9.9955E-05 0.20206 9.9955E-05 0.498958 9.9955E-05 0.0690852
9.9955E-05 0.0705876 9.9955E-05 0.144428 9.9955E-05 0.0295973 9.9955E-05 0.624595 9.9955E-05 0.130293
9.9928E-05 9.9928E-05 0.0173934 0.981807 9.9928E-05 9.9928E-05 9.9928E-05 9.9928E-05 9.9928E-05 9.9928E-05
9.9937E-05 0.0101323 9.9937E-05 0.951543 9.9937E-05 9.9937E-05 9.9937E-05 9.9937E-05 0.037625 9.9937E-05
0.22368 9.9964E-05 9.9964E-05 0.286222 0.0732802 9.9964E-05 9.9964E-05 0.125571 0.236674 0.0541725
9.9946E-05 9.9946E-05 9.9946E-05 0.395323 9.9946E-05 9.9946E-05 9.9946E-05 0.17378 0.402903 0.0273943
9.99201E-05 9.99201E-05 9.99201E-05 0.999101 9.99201E-05 9.99201E-05 9.99201E-05 9.99201E-05 9.99201E-05 9.99201E-05
0.145751 0.0139702 9.9973E-05 0.280419 0.0181924 9.9973E-05 9.9973E-05 0.242234 0.254653 0.0444802
0.170741 9.9964E-05 9.9964E-05 0.232874 0.193645 9.9964E-05 9.9964E-05 0.145452 0.240232 0.0166572
0.0543474 0.0204051 0.0760379 0.18038 0.102058 9.9982E-05 0.0417834 0.46072 0.0640686 9.9982E-05
9.9955E-05 0.00913594 0.0209422 9.9955E-05 9.9955E-05 0.00272787 0.236413 9.9955E-05 0.730282 9.9955E-05
9.9955E-05 9.9955E-05 0.0811017 0.0807521 0.0988065 9.9955E-05 0.169348 9.9955E-05 0.569492 9.9955E-05
0.172147 9.9973E-05 9.9973E-05 9.9973E-05 0.0118197 0.0426095 0.0701717 0.353858 0.3285 0.0205947
9.9973E-05 0.0568541 0.190408 9.9973E-05 0.099525 0.0298867 0.0371023 9.9973E-05 0.526332 0.0595924
0.18562 9.9955E-05 0.0776267 9.9955E-05 0.117253 9.9955E-05 0.197509 0.421491 9.9955E-05 9.9955E-05
0.327235 0.0104627 0.13499 0.0590949 9.9955E-05 9.9955E-05 9.9955E-05 9.9955E-05 0.467718 9.9955E-05
0.225353 9.9946E-05 9.9946E-05 0.0136749 9.9946E-05 9.9946E-05 0.558943 9.9946E-05 0.20143 9.9946E-05
9.9955E-05 0.0251878 9.9955E-05 0.0627779 0.00427491 9.9955E-05 9.9955E-05 0.198386 0.708874 9.9955E-05
0.152673 9.9955E-05 9.9955E-05 0.122492 0.0290611 9.9955E-05 0.63542 9.9955E-05 0.059854 9.9955E-05
0.226376 9.9946E-05 9.9946E-05 9.9946E-05 9.9946E-05 9.9946E-05 0.268318 9.9946E-05 0.429202 0.075504
9.9955E-05 9.9955E-05 0.0750488 9.9955E-05 0.0702201 0.0162913 9.9955E-05 0.346405 0.491535 9.9955E-05
0.664135 9.9955E-05 9.9955E-05 0.0224791 0.0261601 9.9955E-05 0.0978616 9.9955E-05 0.188864 9.9955E-05
9.9955E-05 0.0104282 9.9955E-05 9.9955E-05 0.0549849 0.107784 0.0122856 0.814018 9.9955E-05 9.9955E-05
9.9991E-05 0.0313973 0.0828996 0.0245154 0.196226 0.0322385 0.163363 0.389046 0.0282007 0.0520136
0.00638721 0.010943 9.9973E-05 9.9973E-05 0.128304 0.226177 9.9973E-05 0.501316 0.10307 0.0235025
9.9955E-05 9.9955E-05 9.9955E-05 0.0137705 0.0122198 0.157729 0.00957701 0.806204 9.9955E-05 9.9955E-05
0.109205 0.0849571 0.0547802 9.9964E-05 0.163739 9.9964E-05 9.9964E-05 0.462703 0.124216 9.9964E-05
0.138596 0.00179216 0.0459271 0.0740474 0.193066 0.0437812 9.9991E-05 0.00782554 0.311951 0.182912
9.9937E-05 9.9937E-05 9.9937E-05 9.9937E-05 9.9937E-05 0.571008 0.190909 9.9937E-05 0.237383 9.9937E-05
0.00638053 0.00193311 9.9982E-05 0.00260965 0.0872275 0.00966786 9.9982E-05 0.73308 0.137117 0.0217836
9.9937E-05 9.9937E-05 9.9937E-05 9.9937E-05 9.9937E-05 0.735348 0.094279 9.9937E-05 0.169674 9.9937E-05
0.0508934 9.9982E-05 9.9982E-05 0.00614193 0.112991 0.0351714 0.0811988 0.21783 0.372721 0.122852
9.9946E-05 9.9946E-05 0.00127527 9.9946E-05 9.9946E-05 0.0181854 0.489474 9.9946E-05 0.490466 9.9946E-05
9.99201E-05 9.99201E-05 9.99201E-05 9.99201E-05 9.99201E-05 9.99201E-05 0.999101 9.99201E-05 9.99201E-05 9.99201E-05
0.051555 9.9973E-05 0.0072378 9.9973E-05 0.0292888 9.9973E-05 0.161037 0.0420493 0.697645 0.0108875
9.995E-05 9.995E-05 0.0282613 9.995E-05 0.0286231 9.995E-05 0.00497913 0.284105 0.653531 9.995E-05
9.9928E-05 9.9928E-05 9.9928E-05 9.9928E-05 9.9928E-05 0.0131434 9.9928E-05 9.9928E-05 0.986057 9.9928E-05
0.0504278 0.0076707 9.9946E-05 0.0492864 9.9946E-05 9.9946E-05 9.9946E-05 9.9946E-05 0.892015 9.9946E-05
9.9937E-05 9.9937E-05 0.0399755 9.9937E-05 0.0358334 9.9937E-05 9.9937E-05 9.9937E-05 0.923491 9.9937E-05
0.0794382 9.9955E-05 0.0483623 9.9955E-05 0.0882082 9.9955E-05 9.9955E-05 9.9955E-05 0.113253 0.670238
9.9964E-05 9.9964E-05 0.0834844 0.0173964 0.131434 0.035802 9.9964E-05 0.162049 9.9964E-05 0.569435
0.121526 0.0476376 9.9964E-05 9.9964E-05 0.159162 9.9964E-05 9.9964E-05 0.0707117 0.0843186 0.516245
9.9946E-05 0.0796231 9.9946E-05 9.9946E-05 0.0618531 9.9946E-05 9.9946E-05 0.349822 9.9946E-05 0.508102
9.9955E-05 0.0278621 9.9955E-05 9.9955E-05 0.00857357 0.0082925 9.9955E-05 9.9955E-05 0.247278 0.707494
9.9928E-05 9.9928E-05 9.9928E-05 9.9928E-05 9.9928E-05 0.0903614 9.9928E-05 9.9928E-05 9.9928E-05 0.908839
0.0434835 9.9955E-05 9.9955E-05 0.0545443 9.9955E-05 0.0512314 9.9955E-05 0.0427849 9.9955E-05 0.807456
0.0270117 0.0488673 9.9955E-05 9.9955E-05 0.0101609 9.9955E-05 9.9955E-05 9.9955E-05 0.0737507 0.83971
9.9955E-05 0.0860537 9.9955E-05 0.0120049 9.9955E-05 9.9955E-05 9.9955E-05 0.238141 0.0397768 0.623523
0.00819697 9.9946E-05 9.9946E-05 9.9946E-05 0.157754 9.9946E-05 9.9946E-05 0.3115 9.9946E-05 0.52195
0.0955784 9.9973E-05 0.119634 9.9973E-05 0.195622 9.9973E-05 0.0243915 0.21947 0.0479374 0.297066
9.9946E-05 9.9946E-05 9.9946E-05 9.9946E-05 0.0209997 9.9946E-05 0.0442744 0.0963272 9.9946E-05 0.837799
9.9955E-05 9.9955E-05 9.9955E-05 0.00963588 0.0814721 9.9955E-05 0.0163657 0.552409 9.9955E-05 0.339618
9.9955E-05 0.00593925 9.9955E-05 0.0679984 0.068981 9.9955E-05 9.9955E-05 9.9955E-05 0.0258436 0.830738
0.0309739 9.9955E-05 0.140121 9.9955E-05 0.207064 9.9955E-05 9.9955E-05 9.9955E-05 0.142496 0.478845
0.0189896 0.0145526 0.0467816 9.9964E-05 9.9964E-05 0.00209497 0.0944856 9.9964E-05 9.9964E-05 0.822696
9.99201E-05 9.99201E-05 9.99201E-05 9.99201E-05 9.99201E-05 9.99201E-05 9.99201E-05 9.99201E-05 9.99201E-05 0.999101
0.067341 9.9973E-05 9.9973E-05 0.0394949 0.174039 9.9973E-05 0.0394478 0.249032 0.0235309 0.406814
9.9964E-05 9.9964E-05 0.02566 0.00758842 9.9964E-05 0.0125457 0.0544572 0.286417 9.9964E-05 0.612932
9.996E-05 0.0111896 9.996E-05 9.996E-05 0.048663 0.103387 0.0762745 0.36299 9.996E-05 0.397096
0.110522 0.102518 9.9991E-05 0.0101058 0.0977199 0.0590356 0.0307627 0.107083 0.121015 0.361138
0.0855453 9.9973E-05 0.075876 0.0561061 0.196199 9.9973E-05 9.9973E-05 0.0291574 0.0243243 0.532492
0.00647182 9.9964E-05 9.9964E-05 0.00885949 0.13165 9.9964E-05 9.9964E-05 0.084303 0.00501035 0.763306
9.9937E-05 9.9937E-05 9.9937E-05 9.9937E-05 9.9937E-05 0.0546277 0.000653065 9.9937E-05 9.9937E-05 0.94402
0.0350643 0.191833 9.996E-05 9.996E-05 0.00502385 0.0611273 9.996E-05 0.599729 0.106823 9.996E-05
0.527957 0.0975495 9.9955E-05 9.9955E-05 0.13044 0.130197 9.9955E-05 9.9955E-05 0.113357 9.9955E-05
0.040556 0.890674 9.9946E-05 9.9946E-05 0.029606 0.0385638 9.9946E-05 9.9946E-05 9.9946E-05 9.9946E-05
9.99201E-05 0.999101 9.99201E-05 9.99201E-05 9.99201E-05 9.99201E-05 9.99201E-05 9.99201E-05 9.99201E-05 9.99201E-05
0.548354 0.412863 0.000776511 0.0195162 9.9955E-05 9.9955E-05 9.9955E-05 9.9955E-05 9.9955E-05 0.0179912
9.9955E-05 0.782359 0.0984642 9.9955E-05 0.0524979 9.9955E-05 9.9955E-05 0.0133395 9.9955E-05 0.0528396
9.9937E-05 0.717501 9.9937E-05 9.9937E-05 0.0698696 0.21193 9.9937E-05 9.9937E-05 9.9937E-05 9.9937E-05
9.9964E-05 0.270926 0.0410801 9.9964E-05 9.9964E-05 0.0276896 9.9964E-05 0.205517 0.339375 0.115012
0.437996 0.23081 9.9973E-05 0.0298048 0.111693 0.0348216 9.9973E-05 0.138524 9.9973E-05 0.0160514
0.324701 0.357856 9.9973E-05 0.0366297 0.0264592 0.0745833 9.9973E-05 0.00773298 9.9973E-05 0.171738
9.9946E-05 0.873848 0.000811163 9.9946E-05 9.9946E-05 9.9946E-05 9.9946E-05 0.104074 0.0206672 9.9946E-05
9.9964E-05 0.259407 9.9964E-05 9.9964E-05 0.00119297 9.9964E-05 0.0148154 0.649266 0.064422 0.010496
0.266594 0.650142 0.0139236 9.9946E-05 9.9946E-05 9.9946E-05 9.9946E-05 9.9946E-05 0.0687402 9.9946E-05
9.9928E-05 0.994773 9.9928E-05 9.9928E-05 9.9928E-05 0.00442762 9.9928E-05 9.9928E-05 9.9928E-05 9.9928E-05
0.0759475 9.9973E-05 0.107451 0.017943 0.235214 9.9973E-05 9.9973E-05 0.228234 0.26017 0.0747399
9.9955E-05 0.379643 0.102259 9.9955E-05 0.00750463 9.9955E-05 9.9955E-05 9.9955E-05 0.20154 0.308554
