9.9973E-05 0.129198 0.206891 0.184222 0.0359675 9.9973E-05 0.342165 9.9973E-05 0.101255
0.493589 0.0687206 0.0131577 0.338025 0.0861078 9.9964E-05 9.9964E-05 9.9964E-05 9.9964E-05
9.9955E-05 9.9955E-05 9.9955E-05 9.9955E-05 0.0547158 9.9955E-05 0.892329 0.00120002 0.0512556
0.455108 0.0801254 0.0176302 0.429928 9.9964E-05 9.9964E-05 9.9964E-05 9.9964E-05 0.0168088
0.0568632 0.0596291 0.0673571 0.223638 9.9982E-05 9.9982E-05 0.462126 0.104762 0.0254243
0.195166 9.9982E-05 0.184515 0.503685 0.0106706 9.9982E-05 0.0167272 0.0861836 0.00285191
0.173196 0.0431011 9.9973E-05 0.0650461 0.0609423 9.9973E-05 0.504482 0.152932 9.9973E-05
0.40243 9.9964E-05 9.9964E-05 9.9964E-05 0.0455499 0.0255375 0.470322 0.0557602 9.9964E-05
0.839264 9.9964E-05 0.0320199 9.9964E-05 9.9964E-05 0.0468253 0.0751678 9.9964E-05 0.00632334
0.196854 0.13304 0.21183 0.105907 0.051985 9.9982E-05 0.257739 9.9982E-05 0.0424447
9.9973E-05 0.144769 0.0138598 0.431352 9.9973E-05 9.9973E-05 0.293117 0.064056 0.0525463
0.0408443 0.0828623 0.0398633 9.9982E-05 0.263885 0.116518 0.441457 0.0143704 9.9982E-05
9.9973E-05 0.156505 0.0127491 0.585152 0.00992825 0.0859099 0.149456 9.9973E-05 9.9973E-05
0.260343 9.9946E-05 9.9946E-05 0.289504 9.9946E-05 9.9946E-05 0.449554 9.9946E-05 9.9946E-05
9.9964E-05 0.0636407 9.9964E-05 0.363819 9.9964E-05 9.9964E-05 0.482815 0.0252794 0.0640466
0.139481 0.0867528 9.9973E-05 0.606641 0.0800309 9.9973E-05 9.9973E-05 0.0245888 0.0622054
0.0878568 0.0464762 0.10872 0.122626 0.633921 9.9964E-05 9.9964E-05 9.9964E-05 9.9964E-05
9.993E-05 9.993E-05 9.993E-05 9.993E-05 0.999201 9.993E-05 9.993E-05 9.993E-05 9.993E-05
9.993E-05 9.993E-05 9.993E-05 9.993E-05 0.999201 9.993E-05 9.993E-05 9.993E-05 9.993E-05
9.9964E-05 0.111565 0.184504 0.105011 0.592934 9.9964E-05 9.9964E-05 0.00558583 9.9964E-05
9.9937E-05 9.9937E-05 9.9937E-05 0.816821 9.9937E-05 9.9937E-05 0.182479 9.9937E-05 9.9937E-05
0.124923 0.0574566 0.0713991 0.664462 9.9973E-05 9.9973E-05 0.0400004 0.0414594 9.9973E-05
9.9937E-05 0.668075 9.9937E-05 0.331225 9.9937E-05 9.9937E-05 9.9937E-05 9.9937E-05 9.9937E-05
0.203338 0.572093 0.00974528 0.0992103 9.9973E-05 0.0848775 9.9973E-05 9.9973E-05 0.0304364
0.198379 0.363185 0.145597 0.158883 9.9964E-05 9.9964E-05 9.9964E-05 9.9964E-05 0.133556
9.9964E-05 0.0058114 9.9964E-05 0.452593 9.9964E-05 0.0479928 0.4799 0.0133023 9.9964E-05
0.332222 0.117803 0.0553887 0.377725 0.0110539 9.9973E-05 0.105509 9.9973E-05 9.9973E-05
9.9955E-05 9.9955E-05 0.122395 0.0125369 9.9955E-05 0.0451242 0.819445 9.9955E-05 9.9955E-05
0.162839 9.9964E-05 9.9964E-05 0.678218 0.0205488 9.9964E-05 0.111201 0.0267932 9.9964E-05
0.970687 9.9937E-05 9.9937E-05 0.0286136 9.9937E-05 9.9937E-05 9.9937E-05 9.9937E-05 9.9937E-05
0.722493 0.0219148 0.047182 0.177687 9.9973E-05 0.0039106 0.0265121 9.9973E-05 9.9973E-05
0.800487 9.9937E-05 9.9937E-05 9.9937E-05 9.9937E-05 9.9937E-05 0.198813 9.9937E-05 9.9937E-05
0.827502 0.171759 9.9946E-05 0.000140145 9.9946E-05 9.9946E-05 9.9946E-05 9.9946E-05 9.9946E-05
0.266598 0.0988609 0.0756592 0.393427 9.9973E-05 0.0599008 9.9973E-05 0.105255 9.9973E-05
0.0987279 0.900573 9.9937E-05 9.9937E-05 9.9937E-05 9.9937E-05 9.9937E-05 9.9937E-05 9.9937E-05
9.9946E-05 0.886702 9.9946E-05 0.104849 9.9946E-05 0.00784861 9.9946E-05 9.9946E-05 9.9946E-05
0.0470693 0.601966 0.154655 0.12858 9.9982E-05 9.9982E-05 0.0573948 0.00601969 0.00411499
9.9955E-05 0.624047 0.103648 0.211247 9.9955E-05 9.9955E-05 9.9955E-05 9.9955E-05 0.0605586
9.9955E-05 0.779342 0.125419 0.0571888 9.9955E-05 9.9955E-05 0.0375503 9.9955E-05 9.9955E-05
9.9937E-05 0.982876 9.9937E-05 9.9937E-05 9.9937E-05 9.9937E-05 9.9937E-05 0.016424 9.9937E-05
9.9955E-05 0.898124 9.9955E-05 9.9955E-05 9.9955E-05 0.0238582 9.9955E-05 0.051785 0.0257334
0.0238688 0.782584 0.0900989 0.102949 9.9955E-05 9.9955E-05 9.9955E-05 9.9955E-05 9.9955E-05
9.9937E-05 0.993264 9.9937E-05 9.9937E-05 9.9937E-05 9.9937E-05 0.00603642 9.9937E-05 9.9937E-05
9.9937E-05 0.995561 9.9937E-05 9.9937E-05 0.00373918 9.9937E-05 9.9937E-05 9.9937E-05 9.9937E-05
9.9946E-05 0.96777 9.9946E-05 9.9946E-05 0.0239701 9.9946E-05 9.9946E-05 0.00765997 9.9946E-05
9.9964E-05 0.792592 0.0212451 0.145094 9.9964E-05 9.9964E-05 0.0199591 0.02071 9.9964E-05
0.0534038 0.809819 0.00809945 0.0942593 0.0211668 9.99802E-05 0.0129515 9.99802E-05 9.99802E-05
9.9937E-05 0.96729 9.9937E-05 9.9937E-05 9.9937E-05 9.9937E-05 0.0320103 9.9937E-05 9.9937E-05
0.079852 0.432557 0.257762 9.9964E-05 9.9964E-05 0.0971564 0.132273 9.9964E-05 9.9964E-05
9.9973E-05 0.719278 0.123075 0.100907 0.0209434 0.026882 9.9973E-05 9.9973E-05 0.00861504
9.9964E-05 0.696733 0.102916 9.9964E-05 9.9964E-05 9.9964E-05 0.0826647 0.0971106 0.0201754
9.9973E-05 0.897279 0.0197265 9.9973E-05 0.0489225 0.0202114 0.011223 0.00233748 9.9973E-05
9.9946E-05 0.785819 0.20039 9.9946E-05 0.0131908 9.9946E-05 9.9946E-05 9.9946E-05 9.9946E-05
9.9964E-05 0.843355 0.0313382 0.0595116 0.0160639 9.9964E-05 9.9964E-05 0.0493317 9.9964E-05
0.00251953 0.892645 0.101743 9.9955E-05 0.0025931 9.9955E-05 9.9955E-05 9.9955E-05 9.9955E-05
0.0501885 0.575739 0.117635 0.156756 9.9982E-05 0.00497138 0.00582373 9.9982E-05 0.0886874
9.9964E-05 0.90199 0.0236749 0.00500416 9.9964E-05 0.0445832 0.0243481 9.9964E-05 9.9964E-05
9.9946E-05 9.9946E-05 9.9946E-05 9.9946E-05 0.559208 0.0462771 0.393915 9.9946E-05 9.9946E-05
0.357747 0.05364 9.9964E-05 0.314656 0.198906 9.9964E-05 9.9964E-05 0.0746503 9.9964E-05
0.140034 9.9946E-05 9.9946E-05 0.525165 0.334202 9.9946E-05 9.9946E-05 9.9946E-05 9.9946E-05
0.605117 9.9946E-05 9.9946E-05 9.9946E-05 0.326124 9.9946E-05 9.9946E-05 0.0681594 9.9946E-05
9.9982E-05 0.0602329 0.130214 0.544115 0.0494726 9.9982E-05 0.128954 0.0823373 0.00447382
0.549726 9.99369E-05 9.99369E-05 9.99369E-05 0.449574 9.99369E-05 9.99369E-05 9.99369E-05 9.99369E-05
0.0276122 0.0916661 0.184234 0.380371 0.0853993 9.9982E-05 0.209334 0.0211842 9.9982E-05
9.9955E-05 0.00112051 9.9955E-05 0.498391 0.3849 9.9955E-05 0.115089 9.9955E-05 9.9955E-05
0.0793313 0.0920505 9.9964E-05 0.571965 0.248277 9.9964E-05 0.00797617 9.9964E-05 9.9964E-05
9.9973E-05 0.120275 9.9973E-05 0.523281 0.285137 9.9973E-05 0.0247086 0.0198792 0.0264195
0.165904 0.0436563 0.217093 0.363016 0.0629204 9.9982E-05 0.0895045 0.0577053 9.9982E-05
0.64492 0.00597744 0.209382 0.100982 9.9964E-05 0.0383379 9.9964E-05 9.9964E-05 9.9964E-05
0.240758 0.0116339 9.9964E-05 0.144191 0.034353 9.9964E-05 0.568664 9.9964E-05 9.9964E-05
0.168703 0.00546432 0.0709625 0.406829 0.0688863 9.997E-05 0.278856 9.997E-05 9.997E-05
0.245974 0.0508388 0.122371 0.375215 0.113626 9.997E-05 0.0916763 9.997E-05 9.997E-05
0.341498 9.995E-05 9.995E-05 0.173842 0.0591389 9.995E-05 0.425021 9.995E-05 9.995E-05
9.9982E-05 0.083548 0.12237 0.358312 9.9982E-05 0.126013 0.282384 0.0103101 0.0168635
0.28341 9.9955E-05 9.9955E-05 0.630465 9.9955E-05 9.9955E-05 0.0582914 9.9955E-05 0.0273337
9.993E-05 9.993E-05 9.993E-05 9.993E-05 9.993E-05 9.993E-05 0.999201 9.993E-05 9.993E-05
9.9946E-05 9.9946E-05 9.9946E-05 0.105274 9.9946E-05 9.9946E-05 0.848504 0.0456217 9.9946E-05
9.9937E-05 9.9937E-05 9.9937E-05 0.473374 9.9937E-05 9.9937E-05 0.525927 9.9937E-05 9.9937E-05
9.9946E-05 0.0311032 9.9946E-05 9.9946E-05 9.9946E-05 0.0274371 0.94086 9.9946E-05 9.9946E-05
0.190492 0.014168 0.0356362 0.356919 9.9964E-05 9.9964E-05 0.402385 9.9964E-05 9.9964E-05
0.0699194 0.176704 0.0394246 0.241213 9.996E-05 0.472339 9.996E-05 9.996E-05 9.996E-05
0.32415 9.996E-05 0.205476 0.339078 0.0376749 0.0932211 9.996E-05 9.996E-05 9.996E-05
0.0447264 0.00344948 9.9946E-05 9.9946E-05 9.9946E-05 0.951224 9.9946E-05 9.9946E-05 9.9946E-05
9.9937E-05 9.9937E-05 9.9937E-05 9.9937E-05 9.9937E-05 0.974073 0.0252272 9.9937E-05 9.9937E-05
9.9955E-05 0.0567168 0.223126 0.26509 9.9955E-05 0.454568 9.9955E-05 9.9955E-05 9.9955E-05
0.0250143 0.0596394 0.225646 0.363105 0.129297 9.9982E-05 0.0153759 9.9982E-05 0.181723
9.996E-05 0.0671348 0.280344 0.320533 9.996E-05 9.996E-05 9.996E-05 0.0442767 0.287312
0.151968 0.124015 0.232716 9.9973E-05 0.134737 9.9973E-05 9.9973E-05 0.0606382 0.295626
9.9955E-05 9.9955E-05 0.296215 0.301608 0.128349 9.9955E-05 9.9955E-05 9.9955E-05 0.273328
9.9955E-05 9.9955E-05 9.9955E-05 9.9955E-05 0.038268 0.0764482 0.261093 9.9955E-05 0.623691
9.993E-05 9.993E-05 9.993E-05 9.993E-05 9.993E-05 9.993E-05 9.993E-05 9.993E-05 0.999201
9.9955E-05 0.00325141 0.00441268 0.50496 9.9955E-05 9.9955E-05 9.9955E-05 9.9955E-05 0.486876
9.9937E-05 9.9937E-05 9.9937E-05 0.360839 9.9937E-05 9.9937E-05 9.9937E-05 9.9937E-05 0.638462
9.993E-05 9.993E-05 9.993E-05 9.993E-05 9.993E-05 9.993E-05 9.993E-05 9.993E-05 0.999201
9.9964E-05 0.058528 0.0586909 0.457347 9.9964E-05 0.0116728 9.9964E-05 9.9964E-05 0.413361
0.044293 0.0218681 0.00876064 0.643763 9.9964E-05 9.9964E-05 9.9964E-05 9.9964E-05 0.280916
0.177244 0.213934 0.021332 0.220465 9.9982E-05 0.104178 0.0898909 9.9982E-05 0.172757
0.207341 9.9955E-05 9.9955E-05 0.195182 9.9955E-05 0.586472 9.9955E-05 9.9955E-05 0.010505
9.9955E-05 0.044667 9.9955E-05 0.387491 9.9955E-05 0.476689 0.0906532 9.9955E-05 9.9955E-05
9.9973E-05 0.0123592 9.9973E-05 0.714893 0.0209139 0.209176 0.0292365 9.9973E-05 0.0131213
9.9955E-05 9.9955E-05 9.9955E-05 0.568807 0.0252704 0.176487 9.9955E-05 9.9955E-05 0.228936
0.00422355 9.9973E-05 0.333284 0.2388 9.9973E-05 0.224721 0.127369 9.9973E-05 0.0713034
0.0824447 9.9964E-05 9.9964E-05 0.434453 9.9964E-05 0.266815 0.0794656 9.9964E-05 0.136421
9.9955E-05 9.9955E-05 9.9955E-05 0.169747 9.9955E-05 0.699446 0.0924076 9.9955E-05 0.0378996
0.061845 0.0594058 0.0422688 0.50337 9.9982E-05 0.283101 9.9982E-05 0.0211375 0.0286714
0.0990981 0.0965744 9.9964E-05 9.9964E-05 0.0034385 0.749917 9.9964E-05 9.9964E-05 0.0505719
0.00687229 9.9964E-05 9.9964E-05 0.430291 9.9964E-05 0.495666 9.9964E-05 0.0401937 0.0265774
0.0822826 9.9973E-05 0.127468 0.475871 0.0146639 0.19069 9.9973E-05 9.9973E-05 0.108725
9.9964E-05 0.0128699 9.9964E-05 0.594508 9.9964E-05 0.302693 0.0340809 9.9964E-05 0.0554486
9.9955E-05 0.137786 0.0988828 0.599162 0.163669 9.9955E-05 9.9955E-05 9.9955E-05 9.9955E-05
0.170637 0.108254 0.150983 0.289908 0.0865508 0.139035 9.9982E-05 9.9982E-05 0.0544317
9.9973E-05 0.0719724 0.126478 0.442319 0.231912 9.9973E-05 9.9973E-05 0.0617771 0.0652415
9.9982E-05 0.0481918 0.129506 0.469399 0.24465 9.9982E-05 0.0286628 0.0225344 0.0568564
0.0960482 0.156141 0.120062 0.423367 0.110245 9.9973E-05 9.9973E-05 9.9973E-05 0.0938362
9.9982E-05 0.164536 0.188464 0.354863 0.0852229 0.0271065 9.9982E-05 0.0287243 0.150884
9.9946E-05 9.9946E-05 0.0113587 9.9946E-05 0.465351 0.522691 9.9946E-05 9.9946E-05 9.9946E-05
0.0517861 0.228522 9.9973E-05 0.595944 0.0113294 0.0561478 9.9973E-05 9.9973E-05 0.0559707
9.9946E-05 9.9946E-05 9.9946E-05 9.9946E-05 0.61045 0.308772 9.9946E-05 9.9946E-05 0.0801783
9.9964E-05 0.0816292 0.139671 0.512944 0.020516 0.24484 9.9964E-05 9.9964E-05 9.9964E-05
0.018797 9.9955E-05 0.00537463 0.059093 9.9955E-05 0.916236 9.9955E-05 9.9955E-05 9.9955E-05
9.9937E-05 9.9937E-05 9.9937E-05 9.9937E-05 9.9937E-05 0.967758 0.0315429 9.9937E-05 9.9937E-05
9.9964E-05 9.9964E-05 9.9964E-05 0.503737 9.9964E-05 0.364895 0.0739183 0.0382397 0.0188103
9.9955E-05 9.9955E-05 0.0770084 0.623828 9.9955E-05 0.270356 9.9955E-05 9.9955E-05 0.0283079
9.9946E-05 9.9946E-05 9.9946E-05 0.453952 9.9946E-05 0.531997 0.0134508 9.9946E-05 9.9946E-05
9.9955E-05 0.0552981 9.9955E-05 0.441001 9.9955E-05 0.432159 9.9955E-05 9.9955E-05 0.0710422
9.9946E-05 9.9946E-05 9.9946E-05 0.706646 9.9946E-05 0.263277 9.9946E-05 9.9946E-05 0.0294772
9.9955E-05 0.156098 0.440021 0.389772 9.9955E-05 9.9955E-05 0.0136083 9.9955E-05 9.9955E-05
9.9955E-05 0.0694384 0.691054 0.134863 9.9955E-05 9.9955E-05 0.104145 9.9955E-05 9.9955E-05
0.0617084 9.9955E-05 0.784058 0.0909645 9.9955E-05 9.9955E-05 9.9955E-05 0.0627697 9.9955E-05
9.9964E-05 0.0494154 0.630834 0.193949 9.9964E-05 0.00550191 9.9964E-05 0.1199 9.9964E-05
0.024271 0.00114647 0.722477 0.221148 9.9964E-05 9.9964E-05 0.0305582 9.9964E-05 9.9964E-05
9.9946E-05 9.9946E-05 0.868181 9.9946E-05 0.105752 9.9946E-05 9.9946E-05 0.0254675 9.9946E-05
9.9946E-05 9.9946E-05 0.902301 0.0278211 9.9946E-05 9.9946E-05 9.9946E-05 9.9946E-05 0.0692784
9.9955E-05 0.156436 0.7113 0.0751829 9.9955E-05 9.9955E-05 9.9955E-05 0.0565817 9.9955E-05
0.00599242 9.9973E-05 0.794404 0.143237 9.9973E-05 0.0485753 0.00700911 9.9973E-05 0.000482229
9.9946E-05 0.0137863 0.84532 0.140294 9.9946E-05 9.9946E-05 9.9946E-05 9.9946E-05 9.9946E-05
9.9964E-05 0.221584 0.357469 0.25333 9.9964E-05 9.9964E-05 0.128012 9.9964E-05 0.0392052
0.120628 0.0464331 0.796468 9.9964E-05 0.00150543 9.9964E-05 9.9964E-05 9.9964E-05 0.0345659
0.0495129 0.0844874 0.58082 0.0722969 9.9982E-05 0.0500895 0.084921 9.9982E-05 0.0776722
9.995E-05 9.995E-05 0.902293 9.995E-05 9.995E-05 0.0742709 0.00692505 9.995E-05 0.0160116
9.997E-05 0.259952 0.391944 0.230072 9.997E-05 0.0143953 0.0624355 0.0409002 9.997E-05
0.0480862 0.0486884 0.631386 0.235436 9.9973E-05 9.9973E-05 9.9973E-05 0.0159593 0.0201439
9.9946E-05 0.0143058 0.928646 9.9946E-05 0.0564482 9.9946E-05 9.9946E-05 9.9946E-05 9.9946E-05
0.137439 0.121392 0.565932 0.0540344 9.9982E-05 0.0200212 9.9982E-05 0.0586923 0.0422885
0.213478 0.000217192 0.643032 0.0760974 9.9973E-05 0.0183556 0.04852 9.9973E-05 9.9973E-05
0.0809591 0.0877034 0.285087 0.325203 0.0607477 9.998E-05 0.0576701 0.10243 9.998E-05
9.9973E-05 0.0600806 0.316404 0.353907 0.181009 0.00684587 9.9973E-05 0.081454 9.9973E-05
0.273704 0.284329 0.297777 0.100495 9.9964E-05 9.9964E-05 9.9964E-05 0.0432946 9.9964E-05
0.120973 0.170223 0.618621 9.996E-05 9.996E-05 0.0294531 9.996E-05 9.996E-05 0.0603309
9.9946E-05 9.9946E-05 0.900504 9.9946E-05 0.0441971 9.9946E-05 9.9946E-05 0.054699 9.9946E-05
0.0140738 0.0877602 0.031809 0.54086 0.0879678 9.9982E-05 9.9982E-05 0.217196 0.0201328
0.0730769 0.134537 0.112397 0.422497 0.00214457 0.124761 9.9982E-05 0.130386 9.9982E-05
9.9946E-05 0.0377819 9.9946E-05 9.9946E-05 0.0965442 9.9946E-05 9.9946E-05 0.865074 9.9946E-05
9.993E-05 9.993E-05 9.993E-05 9.993E-05 9.993E-05 9.993E-05 9.993E-05 0.999201 9.993E-05
0.26255 0.0881678 9.9973E-05 0.169913 9.9973E-05 0.0229642 9.9973E-05 0.323594 0.132511
9.9946E-05 0.100682 9.9946E-05 9.9946E-05 9.9946E-05 9.9946E-05 0.0685352 0.830183 9.9946E-05
0.0356278 0.0454362 0.0381138 9.9964E-05 0.397572 9.9964E-05 9.9964E-05 0.482851 9.9964E-05
9.9964E-05 9.9964E-05 0.200551 0.326843 9.9964E-05 0.0389981 0.0747582 0.35845 9.9964E-05
9.9991E-05 0.0810156 0.0500145 0.411201 0.0494143 0.00243223 0.0465054 0.294736 0.0645807
0.191655 9.9964E-05 0.178714 0.162797 0.00260318 9.9964E-05 9.9964E-05 0.463831 9.9964E-05
9.9955E-05 0.00115851 0.0678123 0.0537901 9.9955E-05 9.9955E-05 9.9955E-05 0.876739 9.9955E-05
9.9955E-05 0.0566028 0.00352798 0.644402 9.9955E-05 9.9955E-05 9.9955E-05 0.294968 9.9955E-05
0.0786973 0.0779762 9.9964E-05 0.0376012 9.9964E-05 9.9964E-05 0.153299 0.652026 9.9964E-05
9.993E-05 9.993E-05 9.993E-05 9.993E-05 9.993E-05 9.993E-05 9.993E-05 0.999201 9.993E-05
9.9955E-05 0.209758 9.9955E-05 0.642402 0.0272764 9.9955E-05 9.9955E-05 0.120064 9.9955E-05
0.0882205 0.159649 0.168179 0.166417 9.997E-05 9.997E-05 9.997E-05 0.324662 0.0925725
