0.0137259 9.9955E-05 9.9955E-05 9.9955E-05 0.694958 0.231002 9.9955E-05 0.0598135 9.9955E-05
0.158825 0.00646807 9.9955E-05 9.9955E-05 0.708424 0.125783 9.9955E-05 9.9955E-05 9.9955E-05
0.785653 9.9946E-05 9.9946E-05 0.00948633 9.9946E-05 0.204261 9.9946E-05 9.9946E-05 9.9946E-05
0.016143 0.00572153 0.119417 9.9973E-05 0.771697 0.0801857 9.9973E-05 9.9973E-05 0.00653668
0.394299 9.9973E-05 0.08373 9.9973E-05 0.332083 9.9973E-05 0.0160678 0.114629 0.0588919
0.135591 0.0360789 0.0606762 9.9982E-05 0.525253 0.00956714 9.9982E-05 0.177021 0.0556125
0.560949 9.9964E-05 9.9964E-05 9.9964E-05 0.16427 0.0610202 9.9964E-05 0.0382012 0.17516
0.676581 9.9946E-05 0.267128 9.9946E-05 0.0556909 9.9946E-05 9.9946E-05 9.9946E-05 9.9946E-05
0.499793 9.9955E-05 9.9955E-05 0.0471047 0.350905 9.9955E-05 9.9955E-05 0.101698 9.9955E-05
0.192035 0.129579 9.9973E-05 9.9973E-05 0.386097 9.9973E-05 0.077511 0.110184 0.104294
0.333648 0.148298 0.0721522 9.9973E-05 0.366601 0.0734794 9.9973E-05 9.9973E-05 0.00552135
0.230384 0.0212317 9.9973E-05 0.192117 0.112725 0.442711 9.9973E-05 9.9973E-05 0.000530694
0.0392513 0.0464596 9.9982E-05 0.107437 0.630248 9.9982E-05 0.020752 0.131361 0.0242918
0.53362 9.9946E-05 9.9946E-05 9.9946E-05 0.426055 9.9946E-05 9.9946E-05 9.9946E-05 0.0397257
0.347148 0.00420018 9.9964E-05 9.9964E-05 0.599079 9.9964E-05 0.00713183 9.9964E-05 0.0420412
0.0992849 9.9973E-05 0.0446196 9.9973E-05 0.596413 0.0911325 0.0653187 0.102931 9.9973E-05
9.9964E-05 0.0465186 9.9964E-05 9.9964E-05 0.123925 0.655244 0.10682 0.0670928 9.9964E-05
9.9937E-05 9.9937E-05 0.0189616 9.9937E-05 9.9937E-05 0.980339 9.9937E-05 9.9937E-05 9.9937E-05
9.993E-05 9.993E-05 9.993E-05 9.993E-05 9.993E-05 0.999201 9.993E-05 9.993E-05 9.993E-05
9.9955E-05 0.0874282 9.9955E-05 9.9955E-05 9.9955E-05 0.657106 0.0635246 0.191441 9.9955E-05
0.247113 9.9946E-05 9.9946E-05 9.9946E-05 0.37177 9.9946E-05 0.380518 9.9946E-05 9.9946E-05
0.0520309 0.0631588 9.9964E-05 9.9964E-05 0.824861 0.0320452 9.9964E-05 9.9964E-05 0.0275038
9.9937E-05 0.655012 9.9937E-05 9.9937E-05 0.344288 9.9937E-05 9.9937E-05 9.9937E-05 9.9937E-05
0.0446695 0.503069 0.00744827 0.102785 0.203413 9.9982E-05 9.9982E-05 0.128738 0.00967745
9.9964E-05 0.27401 0.0387652 9.9964E-05 0.0437242 9.9964E-05 0.417117 0.225984 9.9964E-05
0.598227 0.0494538 9.9973E-05 0.0307272 0.196692 9.9973E-05 0.116522 0.00807829 9.9973E-05
0.285787 0.0916376 0.00620817 9.9982E-05 0.270134 0.0186699 0.219464 0.1079 9.9982E-05
0.620269 9.9964E-05 9.9964E-05 0.102072 9.9964E-05 0.0862117 0.157747 0.0333006 9.9964E-05
0.24819 9.9955E-05 9.9955E-05 9.9955E-05 0.605861 0.0401132 9.9955E-05 0.105336 9.9955E-05
0.276402 9.9964E-05 9.9964E-05 0.113689 0.436557 0.0755409 0.0974107 9.9964E-05 9.9964E-05
0.398568 0.0338665 9.9964E-05 9.9964E-05 0.311684 9.9964E-05 0.185443 0.0700395 9.9964E-05
0.760084 9.9946E-05 0.0770547 9.9946E-05 9.9946E-05 9.9946E-05 0.162262 9.9946E-05 9.9946E-05
0.287905 0.126619 9.99704E-05 9.99704E-05 0.325127 9.99704E-05 0.246789 0.0131594 9.99704E-05
0.127826 0.0334018 9.9964E-05 9.9964E-05 0.083872 9.9964E-05 0.693392 9.9964E-05 0.0611091
9.9964E-05 0.870046 9.9964E-05 0.036113 0.0300374 0.00423208 9.9964E-05 0.0591716 9.9964E-05
9.9946E-05 0.819998 0.0322377 9.9946E-05 9.9946E-05 9.9946E-05 0.147165 9.9946E-05 9.9946E-05
9.9964E-05 0.567285 0.0735542 0.078165 9.9964E-05 9.9964E-05 0.247054 0.0335424 9.9964E-05
9.9955E-05 0.594579 9.9955E-05 9.9955E-05 0.201363 9.9955E-05 9.9955E-05 0.16506 0.0384986
9.9955E-05 0.741644 9.9955E-05 9.9955E-05 9.9955E-05 0.0169099 0.0540427 0.186904 9.9955E-05
9.9937E-05 0.978521 9.9937E-05 9.9937E-05 9.9937E-05 9.9937E-05 9.9937E-05 9.9937E-05 0.0207792
9.9955E-05 0.958872 9.9955E-05 0.0245656 9.9955E-05 0.0112158 9.9955E-05 9.9955E-05 0.00484653
9.9955E-05 0.764651 0.0291136 9.9955E-05 9.9955E-05 9.9955E-05 0.148453 0.057282 9.9955E-05
0.00636509 0.992935 9.9937E-05 9.9937E-05 9.9937E-05 9.9937E-05 9.9937E-05 9.9937E-05 9.9937E-05
9.9937E-05 0.966833 9.9937E-05 9.9937E-05 9.9937E-05 0.0324671 9.9937E-05 9.9937E-05 9.9937E-05
9.9937E-05 0.96255 9.9937E-05 9.9937E-05 9.9937E-05 0.03675 9.9937E-05 9.9937E-05 9.9937E-05
0.0125953 0.722522 9.9964E-05 9.9964E-05 0.188795 0.0213203 9.9964E-05 0.0543674 9.9964E-05
9.9955E-05 0.76079 9.9955E-05 9.9955E-05 0.179357 0.00227351 9.9955E-05 9.9955E-05 0.0570797
9.993E-05 0.999201 9.993E-05 9.993E-05 9.993E-05 9.993E-05 9.993E-05 9.993E-05 9.993E-05
0.158423 0.363804 9.9955E-05 9.9955E-05 0.256564 9.9955E-05 9.9955E-05 0.220708 9.9955E-05
9.9973E-05 0.61727 0.00688316 0.0275714 0.253614 9.9973E-05 9.9973E-05 0.0407725 0.0535886
9.9964E-05 0.736323 9.9964E-05 0.0580834 0.00503961 9.9964E-05 9.9964E-05 0.189145 0.0110082
0.000245577 0.8352 9.9973E-05 9.9973E-05 0.0265992 0.0182183 0.0638889 0.055548 9.9973E-05
9.9955E-05 0.767391 9.9955E-05 9.9955E-05 9.9955E-05 0.00236161 0.127038 0.10271 9.9955E-05
9.9964E-05 0.829729 0.011733 9.9964E-05 9.9964E-05 9.9964E-05 0.0519532 0.035036 0.0711493
0.000277133 0.983974 0.00956145 9.9955E-05 9.9955E-05 9.9955E-05 9.9955E-05 0.00568796 9.9955E-05
0.000577312 0.587337 9.9973E-05 0.0149707 0.195733 9.9973E-05 0.0438822 0.1572 9.9973E-05
0.0308003 0.895143 9.9955E-05 0.0640472 9.9955E-05 9.9955E-05 9.9955E-05 9.9955E-05 0.00950971
0.262387 9.9955E-05 9.9955E-05 0.0699672 9.9955E-05 0.63992 9.9955E-05 9.9955E-05 0.027226
0.286045 0.00302633 9.9964E-05 9.9964E-05 9.9964E-05 0.0986791 0.432716 0.179133 9.9964E-05
0.0764832 9.9964E-05 9.9964E-05 0.0104444 0.161655 0.33068 0.420337 9.9964E-05 9.9964E-05
0.26041 9.9964E-05 0.0533486 9.9964E-05 9.9964E-05 0.247418 0.34329 9.9964E-05 0.0951342
0.0696121 0.0166164 9.9973E-05 9.9973E-05 0.351918 9.9973E-05 0.330856 0.117828 0.112869
0.171801 0.00152487 9.9973E-05 0.086162 0.108388 0.445521 0.186303 9.9973E-05 9.9973E-05
9.9964E-05 0.0119398 0.016954 9.9964E-05 0.117784 9.9964E-05 0.825636 9.9964E-05 0.0272865
0.204058 9.9964E-05 0.0602254 9.9964E-05 9.9964E-05 0.111374 0.609227 0.0147159 9.9964E-05
0.165877 0.00970969 0.00556607 9.9982E-05 0.354652 0.247571 0.215902 0.000521937 9.9982E-05
9.9955E-05 0.00977714 9.9955E-05 9.9955E-05 9.9955E-05 0.171889 0.792516 9.9955E-05 0.025318
0.0839415 0.0465216 0.129008 9.9982E-05 0.508778 0.159114 9.9982E-05 0.0319099 0.0405263
0.354252 0.098443 9.9964E-05 9.9964E-05 0.419428 9.9964E-05 9.9964E-05 0.0998067 0.0276703
0.466125 9.9955E-05 9.9955E-05 0.0318665 9.9955E-05 0.0279743 0.473534 9.9955E-05 9.9955E-05
0.390553 0.0304839 0.0133211 9.9964E-05 0.510547 9.9964E-05 9.9964E-05 0.0546955 9.9964E-05
0.123591 0.0157034 0.0692407 9.9982E-05 0.534429 0.0528404 9.9982E-05 0.187402 0.0165941
0.765985 9.9946E-05 9.9946E-05 9.9946E-05 0.0161725 9.9946E-05 0.217242 9.9946E-05 9.9946E-05
0.197073 0.133342 9.9973E-05 0.0279135 0.40778 9.9973E-05 0.202259 9.9973E-05 0.031333
0.259908 9.9964E-05 0.0541052 9.9964E-05 0.591415 0.00573516 0.0884377 9.9964E-05 9.9964E-05
0.999201 9.993E-05 9.993E-05 9.993E-05 9.993E-05 9.993E-05 9.993E-05 9.993E-05 9.993E-05
0.805703 9.9946E-05 9.9946E-05 9.9946E-05 0.129303 9.9946E-05 9.9946E-05 9.9946E-05 0.0643943
0.447978 9.9955E-05 9.9955E-05 9.9955E-05 0.127756 9.9955E-05 0.420155 9.9955E-05 0.00361121
0.851665 0.0429922 0.00554454 0.0992988 9.9955E-05 9.9955E-05 9.9955E-05 9.9955E-05 9.9955E-05
0.476519 9.9946E-05 9.9946E-05 9.9946E-05 0.261301 9.9946E-05 0.26158 9.9946E-05 9.9946E-05
9.9946E-05 9.9946E-05 9.9946E-05 0.307617 0.374408 9.9946E-05 0.317375 9.9946E-05 9.9946E-05
0.033706 9.9973E-05 9.9973E-05 0.197718 0.465216 0.0380968 0.0684409 0.196522 9.9973E-05
9.9937E-05 0.00549099 9.9937E-05 0.993809 9.9937E-05 9.9937E-05 9.9937E-05 9.9937E-05 9.9937E-05
0.0405704 9.9937E-05 9.9937E-05 0.95873 9.9937E-05 9.9937E-05 9.9937E-05 9.9937E-05 9.9937E-05
0.084223 0.0646253 9.9973E-05 0.341272 0.262465 9.9973E-05 0.0138555 0.233259 9.9973E-05
9.9973E-05 0.0235962 0.0490679 9.9973E-05 0.588586 0.140944 0.0370629 0.160443 9.9973E-05
9.9973E-05 9.9973E-05 0.110679 0.0602518 0.206667 9.9973E-05 0.267728 0.35141 0.00296293
0.0984329 0.0846964 0.346079 9.9973E-05 0.0230521 9.9973E-05 9.9973E-05 0.319198 0.128242
9.9964E-05 9.9964E-05 0.0458692 0.00312484 0.468039 0.220683 9.9964E-05 0.261884 9.9964E-05
0.0568553 9.9973E-05 9.9973E-05 0.611394 9.9973E-05 0.0811546 0.121604 0.0385403 0.0901523
9.9964E-05 9.9964E-05 0.0932116 0.470669 0.183591 9.9964E-05 9.9964E-05 0.152193 0.0999356
9.9955E-05 0.0702067 9.9955E-05 0.168721 0.729731 9.9955E-05 9.9955E-05 9.9955E-05 0.0308413
9.996E-05 0.0182087 0.0307361 0.219001 0.487087 9.996E-05 0.244567 9.996E-05 9.996E-05
9.9937E-05 9.9937E-05 9.9937E-05 0.701293 9.9937E-05 9.9937E-05 9.9937E-05 0.298007 9.9937E-05
9.9955E-05 9.9955E-05 9.9955E-05 0.195226 0.362808 9.9955E-05 0.242118 0.199349 9.9955E-05
0.0348037 0.0450584 0.0187424 0.138301 0.616839 9.9982E-05 0.0915272 9.9982E-05 0.0545279
0.0105929 0.118068 9.9973E-05 0.27686 0.0503972 9.9973E-05 0.49107 0.0527126 9.9973E-05
0.019139 9.9955E-05 9.9955E-05 0.473149 0.163618 9.9955E-05 0.343595 9.9955E-05 9.9955E-05
0.0193093 0.0443695 9.9973E-05 0.424722 0.363223 9.9973E-05 0.116428 9.9973E-05 0.0316489
9.9973E-05 9.9973E-05 0.0239599 0.168411 0.732169 0.011826 9.9973E-05 0.00951785 0.0538165
9.9964E-05 0.00499036 9.9964E-05 0.314685 0.395176 0.0573817 0.227368 9.9964E-05 9.9964E-05
9.9982E-05 0.0118485 0.0660514 0.155475 0.522801 9.9982E-05 0.0484643 0.0750985 0.120061
0.0685613 0.0230308 9.9973E-05 0.320332 0.448349 9.9973E-05 0.071786 9.9973E-05 0.0676414
9.9937E-05 9.9937E-05 9.9937E-05 0.644198 9.9937E-05 9.9937E-05 0.355102 9.9937E-05 9.9937E-05
9.9973E-05 0.00790854 9.9973E-05 0.239245 0.511305 9.9973E-05 0.196632 0.0236921 0.0209179
9.9955E-05 0.0094719 0.039144 0.725909 0.224976 9.9955E-05 9.9955E-05 9.9955E-05 9.9955E-05
9.9937E-05 9.9937E-05 9.9937E-05 0.448418 0.550882 9.9937E-05 9.9937E-05 9.9937E-05 9.9937E-05
0.00195046 9.9973E-05 9.9973E-05 0.173816 0.605746 0.0608678 9.9973E-05 0.110493 0.0468267
9.9964E-05 0.0870871 9.9964E-05 0.279233 0.572621 0.0109365 9.9964E-05 0.0497216 9.9964E-05
9.9982E-05 0.055434 0.161459 9.9982E-05 0.266661 0.0263631 0.351404 0.0815394 0.0569394
9.9964E-05 0.0638851 0.165617 9.9964E-05 0.241455 9.9964E-05 0.464744 9.9964E-05 0.0638995
9.9964E-05 9.9964E-05 0.133235 9.9964E-05 0.0327868 0.0412494 0.777935 9.9964E-05 0.0143938
9.9937E-05 9.9937E-05 0.036143 9.9937E-05 9.9937E-05 9.9937E-05 0.963157 9.9937E-05 9.9937E-05
9.9982E-05 0.100314 0.0158391 9.9982E-05 0.588512 0.0596727 0.0509955 0.148982 0.0354846
9.9982E-05 0.0199479 0.0711233 0.0505902 0.507825 0.0991925 9.9982E-05 0.228429 0.0226921
9.99369E-05 9.99369E-05 0.956842 0.0424582 9.99369E-05 9.99369E-05 9.99369E-05 9.99369E-05 9.99369E-05
9.9973E-05 0.13844 0.114635 9.9973E-05 0.557695 0.00266445 0.00903481 0.17723 9.9973E-05
9.993E-05 9.993E-05 0.999201 9.993E-05 9.993E-05 9.993E-05 9.993E-05 9.993E-05 9.993E-05
9.9964E-05 0.0660094 0.211716 0.0418224 0.620114 9.9964E-05 9.9964E-05 0.0599386 9.9964E-05
9.9946E-05 9.9946E-05 0.0352223 0.767338 0.19684 9.9946E-05 9.9946E-05 9.9946E-05 9.9946E-05
9.993E-05 9.993E-05 9.993E-05 0.999201 9.993E-05 9.993E-05 9.993E-05 9.993E-05 9.993E-05
9.9964E-05 9.9964E-05 9.9964E-05 0.386737 0.534828 9.9964E-05 0.0511762 0.0188906 0.00796778
9.9964E-05 9.9964E-05 0.0357311 0.12246 0.749119 0.0788497 9.9964E-05 0.0134406 9.9964E-05
9.9946E-05 9.9946E-05 0.075923 0.437111 0.486366 9.9946E-05 9.9946E-05 9.9946E-05 9.9946E-05
9.9937E-05 9.9937E-05 9.9937E-05 0.372207 0.627094 9.9937E-05 9.9937E-05 9.9937E-05 9.9937E-05
9.9937E-05 9.9937E-05 9.9937E-05 0.346214 0.653086 9.9937E-05 9.9937E-05 9.9937E-05 9.9937E-05
9.9946E-05 0.182158 9.9946E-05 9.9946E-05 0.223186 9.9946E-05 9.9946E-05 0.594056 9.9946E-05
0.0681052 0.156777 0.0706649 9.9964E-05 0.0413874 9.9964E-05 9.9964E-05 0.662666 9.9964E-05
9.9964E-05 0.121245 9.9964E-05 0.0763595 0.0475994 9.9964E-05 9.9964E-05 0.740079 0.0143167
0.00977195 0.0247179 0.0718739 9.9964E-05 0.272987 9.9964E-05 9.9964E-05 0.62025 9.9964E-05
9.9964E-05 0.110233 9.9964E-05 9.9964E-05 0.195404 0.0207368 0.0781791 0.595047 9.9964E-05
9.9937E-05 9.9937E-05 9.9937E-05 9.9937E-05 9.9937E-05 0.123316 9.9937E-05 0.875984 9.9937E-05
9.9964E-05 0.0168839 0.0625935 0.039796 9.9964E-05 9.9964E-05 0.0589688 0.821358 9.9964E-05
9.9973E-05 0.0627042 9.9973E-05 9.9973E-05 0.0577959 0.0489192 0.0671057 0.759519 0.00365585
0.0416546 0.0373981 9.9973E-05 0.00636465 0.00709684 9.9973E-05 0.162895 0.744291 9.9973E-05
9.9946E-05 0.136219 9.9946E-05 9.9946E-05 0.167263 9.9946E-05 9.9946E-05 0.695918 9.9946E-05
0.0539371 0.145544 0.0014669 0.0705042 0.126912 9.9982E-05 0.142359 0.459077 9.9982E-05
0.0506489 9.9955E-05 9.9955E-05 0.0165744 9.9955E-05 9.9955E-05 9.9955E-05 0.926859 0.00541746
0.0773293 0.276477 9.9982E-05 0.00790205 0.105213 9.9982E-05 0.109733 0.392298 0.0308476
9.9964E-05 0.146679 9.9964E-05 0.065267 9.9964E-05 0.00923242 9.9964E-05 0.771638 0.00678408
0.00353447 0.121313 9.9982E-05 0.029484 0.0258591 9.9982E-05 0.379705 0.439027 0.000876833
9.9946E-05 9.9946E-05 0.0392126 9.9946E-05 9.9946E-05 9.9946E-05 0.439752 0.520436 9.9946E-05
9.9937E-05 9.9937E-05 9.9937E-05 9.9937E-05 9.9937E-05 0.08752 9.9937E-05 0.91178 9.9937E-05
0.0590004 0.293923 0.0113352 9.9973E-05 0.187833 9.9973E-05 9.9973E-05 0.440892 0.00671631
9.9946E-05 9.9946E-05 9.9946E-05 0.0199923 9.9946E-05 9.9946E-05 0.266985 0.712423 9.9946E-05
0.150961 0.123842 9.9991E-05 0.05977 0.0219531 0.00902381 0.150807 0.398972 0.0845704
9.9955E-05 0.00406513 9.9955E-05 9.9955E-05 9.9955E-05 0.0803299 0.747311 0.167795 9.9955E-05
0.0878004 0.193524 9.9964E-05 9.9964E-05 0.00180764 9.9964E-05 0.451489 0.264979 9.9964E-05
9.9964E-05 0.0223632 0.012504 0.0385198 9.9964E-05 9.9964E-05 0.194115 0.732098 9.9964E-05
9.9946E-05 9.9946E-05 0.0250619 9.9946E-05 9.9946E-05 0.0359682 9.9946E-05 0.93837 9.9946E-05
0.0278632 0.0740915 0.019242 0.0544715 0.0461777 0.0498814 0.40412 0.174059 0.150094
9.9973E-05 0.00330745 0.0006056 0.023956 0.416677 9.9973E-05 0.375162 9.9973E-05 0.179992
9.9955E-05 0.00502384 9.9955E-05 9.9955E-05 9.9955E-05 0.127336 0.00439629 9.9955E-05 0.862744
9.993E-05 9.993E-05 9.993E-05 9.993E-05 9.993E-05 9.993E-05 9.993E-05 9.993E-05 0.999201
0.063848 0.0359698 9.9982E-05 0.081907 0.347407 9.9982E-05 0.0254217 0.0566398 0.388606
0.0381431 0.0752051 9.9973E-05 0.0222578 0.00149961 9.9973E-05 9.9973E-05 0.0309368 0.831658
9.9946E-05 0.0745383 9.9946E-05 9.9946E-05 9.9946E-05 0.210349 9.9946E-05 9.9946E-05 0.714513
0.0196213 9.9973E-05 0.0148113 0.0388975 0.425414 9.9973E-05 9.9973E-05 0.138954 0.362002
0.0962731 0.054686 0.0646076 0.0138392 0.399636 9.9982E-05 9.9982E-05 0.113426 0.257332
0.191553 0.0384689 9.9982E-05 9.9982E-05 0.0387525 0.0776474 0.112912 0.240993 0.299474
9.9946E-05 0.0246564 9.9946E-05 9.9946E-05 0.0975277 9.9946E-05 9.9946E-05 9.9946E-05 0.877216
9.9964E-05 0.0297361 9.9964E-05 9.9964E-05 0.290531 9.9964E-05 0.433741 0.0177713 0.227821
0.0745213 0.0685399 9.9973E-05 0.110478 0.0930817 9.9973E-05 9.9973E-05 0.00355046 0.649528
9.9937E-05 9.9937E-05 9.9937E-05 9.9937E-05 9.9937E-05 0.0486566 9.9937E-05 9.9937E-05 0.950644
9.9982E-05 0.137738 0.0436929 9.9982E-05 0.254103 0.038394 0.384993 0.0586311 0.0822474
9.995E-05 0.045818 9.995E-05 9.995E-05 0.349957 9.995E-05 9.995E-05 0.236197 0.367529
