0.0746097 0.118635 0.1338 0.0328249 0.617977 9.9973E-05 0.0218528 9.9973E-05 9.9973E-05
0.279104 0.419749 9.9982E-05 0.0495091 0.0280167 9.9982E-05 0.174949 0.0372627 0.0112098
0.735984 9.9946E-05 9.9946E-05 9.9946E-05 9.9946E-05 0.112341 9.9946E-05 0.151075 9.9946E-05
0.0452755 0.34825 9.9964E-05 9.9964E-05 0.532317 9.9964E-05 9.9964E-05 0.0498167 0.0239406
0.313 0.134525 9.9982E-05 0.0573423 0.247751 0.106625 9.9982E-05 0.117812 0.022744
0.0980193 0.186824 9.9982E-05 0.0228698 0.381841 0.121693 0.145547 0.0430058 9.9982E-05
0.504048 0.165467 9.9973E-05 0.213232 0.0476945 9.9973E-05 9.9973E-05 0.050906 0.0183524
0.682014 0.129036 0.0158517 0.00155047 9.9964E-05 9.9964E-05 9.9964E-05 0.171148 9.9964E-05
0.449172 0.309662 0.0128962 0.0134903 0.164379 9.9973E-05 0.0501013 9.9973E-05 9.9973E-05
0.2302 0.32069 9.9982E-05 0.0130046 0.209903 9.9982E-05 0.0627377 0.0219604 0.141305
0.147901 0.0894758 9.9973E-05 9.9973E-05 0.413914 0.0665478 9.9973E-05 0.199146 0.0827154
0.258636 0.227346 0.0640317 9.9955E-05 9.9955E-05 9.9955E-05 9.9955E-05 0.449486 9.9955E-05
0.189288 0.266105 9.9973E-05 9.9973E-05 0.152214 0.154045 0.168482 9.9973E-05 0.0695662
0.554332 0.253168 9.9955E-05 0.0355333 0.156467 9.9955E-05 9.9955E-05 9.9955E-05 9.9955E-05
0.269376 0.590323 9.9955E-05 0.0856719 9.9955E-05 9.9955E-05 9.9955E-05 9.9955E-05 0.0541299
0.0864149 0.115116 9.9982E-05 0.0164573 0.535803 0.117588 0.0875434 9.9982E-05 0.0408769
9.9964E-05 0.107151 9.9964E-05 9.9964E-05 0.232777 9.9964E-05 0.0280727 0.59817 0.0334297
9.993E-05 9.993E-05 9.993E-05 9.993E-05 9.993E-05 9.993E-05 9.993E-05 0.999201 9.993E-05
9.993E-05 9.993E-05 9.993E-05 9.993E-05 9.993E-05 9.993E-05 9.993E-05 0.999201 9.993E-05
9.9964E-05 9.9964E-05 9.9964E-05 0.0112781 0.230529 9.9964E-05 0.000127627 0.666213 0.091452
0.378292 9.9937E-05 9.9937E-05 9.9937E-05 0.621009 9.9937E-05 9.9937E-05 9.9937E-05 9.9937E-05
0.148368 0.0972789 0.0124219 9.9973E-05 0.650789 9.9973E-05 0.00738483 0.0834572 9.9973E-05
9.9946E-05 9.9946E-05 9.9946E-05 9.9946E-05 0.33774 0.00437738 9.9946E-05 9.9946E-05 0.657283
0.0203582 0.14624 9.9973E-05 0.0492975 0.302584 9.9973E-05 0.0889026 9.9973E-05 0.392318
0.0246907 0.0759357 0.0210827 0.00919884 0.319469 0.103544 0.01042 0.0173035 0.418355
0.605902 9.9955E-05 0.108874 9.9955E-05 0.259025 9.9955E-05 9.9955E-05 9.9955E-05 0.0256992
0.0882266 0.372404 9.996E-05 9.996E-05 0.290383 0.0590993 0.189487 9.996E-05 9.996E-05
0.752288 9.9955E-05 0.0452461 9.9955E-05 0.0795199 9.9955E-05 9.9955E-05 0.122446 9.9955E-05
0.124132 0.431563 9.9973E-05 0.0160491 0.396034 9.9973E-05 0.000788365 0.0311331 9.9973E-05
0.200821 0.294809 0.156182 0.00993173 0.23344 9.9991E-05 0.0572519 0.00527634 0.0421887
0.33776 0.048071 0.0203936 9.9964E-05 0.572401 9.9964E-05 9.9964E-05 9.9964E-05 0.0209751
0.776669 9.9955E-05 0.060444 9.9955E-05 0.148898 9.9955E-05 9.9955E-05 9.9955E-05 0.0134885
0.10975 9.9964E-05 9.9964E-05 9.9964E-05 0.830941 0.0273164 9.9964E-05 0.0018954 0.0296971
0.15319 9.9973E-05 0.0261502 9.9973E-05 0.628872 0.023486 0.160714 9.9973E-05 0.00728827
9.9964E-05 9.9964E-05 9.9964E-05 0.00178109 0.0780137 9.9964E-05 0.0150824 0.011944 0.892779
9.9964E-05 0.0276655 0.00790825 0.0103742 9.9964E-05 0.00913986 9.9964E-05 9.9964E-05 0.944512
0.00711572 9.9964E-05 9.9964E-05 9.9964E-05 0.294023 0.0721201 0.132183 9.9964E-05 0.494158
9.9955E-05 0.108704 9.9955E-05 9.9955E-05 0.195205 9.9955E-05 0.0288834 9.9955E-05 0.666708
9.9955E-05 9.9955E-05 9.9955E-05 9.9955E-05 0.113481 0.0543757 0.0904952 9.9955E-05 0.741148
9.9946E-05 9.9946E-05 9.9946E-05 0.0101644 9.9946E-05 9.9946E-05 9.9946E-05 0.0280059 0.96123
9.9946E-05 9.9946E-05 9.9946E-05 0.043055 0.0367348 9.9946E-05 9.9946E-05 9.9946E-05 0.919611
9.9955E-05 9.9955E-05 9.9955E-05 9.9955E-05 0.137308 0.00479113 0.135911 9.9955E-05 0.72149
0.0383731 0.0107023 9.9946E-05 9.9946E-05 9.9946E-05 9.9946E-05 9.9946E-05 9.9946E-05 0.950325
9.9937E-05 9.9937E-05 9.9937E-05 9.9937E-05 9.9937E-05 9.9937E-05 9.9937E-05 0.0359442 0.963356
9.9937E-05 9.9937E-05 9.9937E-05 9.9937E-05 9.9937E-05 9.9937E-05 9.9937E-05 0.0137017 0.985599
0.0821896 0.0108187 9.9964E-05 9.9964E-05 0.0507308 9.9964E-05 0.0739688 9.9964E-05 0.781892
0.0330959 9.9964E-05 0.026339 0.0702992 9.9964E-05 9.9964E-05 0.0520579 9.9964E-05 0.817808
9.9937E-05 9.9937E-05 9.9937E-05 9.9937E-05 9.9937E-05 9.9937E-05 9.9937E-05 0.0274461 0.971854
0.0915421 0.299897 9.9964E-05 9.9964E-05 9.9964E-05 9.9964E-05 0.0571912 0.0918744 0.459095
9.9964E-05 0.134137 9.9964E-05 0.00815771 0.141728 9.9964E-05 0.136199 9.9964E-05 0.579379
0.0786537 0.0369427 9.9973E-05 0.0436646 9.9973E-05 0.0246188 0.0600143 9.9973E-05 0.755806
0.00651829 0.0422544 9.9973E-05 0.0013539 0.0186456 9.9973E-05 9.9973E-05 0.0259651 0.904963
9.9946E-05 9.9946E-05 9.9946E-05 9.9946E-05 9.9946E-05 9.9946E-05 0.11617 0.0296763 0.853554
9.9955E-05 9.9955E-05 9.9955E-05 0.00892423 0.0860154 9.9955E-05 9.9955E-05 0.0367498 0.867811
9.9937E-05 9.9937E-05 9.9937E-05 9.9937E-05 9.9937E-05 9.9937E-05 9.9937E-05 0.0601513 0.939149
9.9955E-05 9.9955E-05 0.0896648 9.9955E-05 0.197049 9.9955E-05 0.0884916 9.9955E-05 0.624294
9.9955E-05 0.0978215 0.000124194 9.9955E-05 9.9955E-05 9.9955E-05 9.9955E-05 0.0259445 0.87561
0.371559 9.9955E-05 0.0320018 0.131462 9.9955E-05 9.9955E-05 9.9955E-05 0.464477 9.9955E-05
0.12324 0.183754 9.9973E-05 0.159384 0.35905 9.9973E-05 9.9973E-05 0.126897 0.0473741
0.149388 0.452528 9.9964E-05 9.9964E-05 9.9964E-05 9.9964E-05 0.0934866 0.275423 0.0287747
0.338032 9.9982E-05 0.070488 0.169936 0.0224982 9.9982E-05 0.153519 0.240355 0.00497194
0.176038 0.153184 0.0197525 0.0645688 0.350542 0.0722262 0.0414655 9.9991E-05 0.122123
0.319228 9.9982E-05 9.9982E-05 0.0617603 0.0156555 0.14473 0.139631 0.307165 0.01163
0.0833971 0.0303706 9.9991E-05 0.047508 0.57214 0.00635647 0.113466 0.139007 0.00765535
0.250472 0.161898 9.9982E-05 0.03494 0.221435 9.9982E-05 0.0221363 0.187817 0.121101
0.0368127 9.9946E-05 9.9946E-05 9.9946E-05 0.715415 9.9946E-05 9.9946E-05 0.247173 9.9946E-05
0.214104 9.9973E-05 9.9973E-05 0.0126402 0.302457 9.9973E-05 0.106956 0.190186 0.173358
0.0871752 0.385701 9.9982E-05 9.9982E-05 0.159211 0.120684 0.0470808 0.0999616 0.0999856
0.343882 0.349313 9.9964E-05 9.9964E-05 0.121315 9.9964E-05 0.157123 9.9964E-05 0.0279672
0.849594 9.9955E-05 9.9955E-05 9.9955E-05 9.9955E-05 0.000792833 0.0850135 9.9955E-05 0.0640996
0.343129 0.156172 9.9973E-05 9.9973E-05 0.386057 9.9973E-05 0.0365823 0.0694962 0.00826408
0.345452 0.321488 9.9964E-05 9.9964E-05 0.0651684 9.9964E-05 0.17103 9.9964E-05 0.0964619
0.79429 0.0346773 0.00488166 9.9973E-05 0.130496 0.0023274 0.0330278 9.9973E-05 9.9973E-05
0.216258 0.548654 9.9964E-05 9.9964E-05 9.9964E-05 0.00914791 0.0317689 9.9964E-05 0.193772
0.258737 0.296695 9.996E-05 0.0340206 0.388594 0.0215543 9.996E-05 9.996E-05 9.996E-05
0.924567 9.9937E-05 0.0747332 9.9937E-05 9.9937E-05 9.9937E-05 9.9937E-05 9.9937E-05 9.9937E-05
0.77081 0.10797 9.9973E-05 0.0450787 0.0614737 0.013019 9.9973E-05 0.00134897 9.9973E-05
0.627849 0.100899 9.9964E-05 9.9964E-05 0.202998 9.9964E-05 0.0513864 9.9964E-05 0.0164679
0.915321 9.9946E-05 0.0688168 9.9946E-05 9.9946E-05 9.9946E-05 9.9946E-05 9.9946E-05 0.0152621
0.604759 9.9946E-05 9.9946E-05 9.9946E-05 0.325119 9.9946E-05 0.0695225 9.9946E-05 9.9946E-05
0.157638 0.437742 0.200365 9.9964E-05 0.0793303 9.9964E-05 9.9964E-05 9.9964E-05 0.124524
9.9964E-05 0.760197 9.9964E-05 9.9964E-05 0.00203921 9.9964E-05 0.104853 0.0942933 0.0382184
9.993E-05 9.993E-05 0.999201 9.993E-05 9.993E-05 9.993E-05 9.993E-05 9.993E-05 9.993E-05
0.0191131 9.9955E-05 0.952826 0.0138951 0.0136663 9.9955E-05 9.9955E-05 9.9955E-05 9.9955E-05
0.122404 0.20364 0.198701 9.9982E-05 0.0112076 0.0759694 0.28615 9.9982E-05 0.101728
9.9964E-05 9.9964E-05 9.9964E-05 9.9964E-05 0.75505 0.0660625 0.0602413 0.113079 0.00516742
9.9955E-05 9.9955E-05 9.9955E-05 9.9955E-05 0.477196 0.194264 0.283091 0.0449495 9.9955E-05
9.9973E-05 0.0783948 9.9973E-05 0.033261 0.254884 0.129714 0.160544 0.342903 9.9973E-05
9.9964E-05 9.9964E-05 9.9964E-05 0.0441339 0.598224 0.112293 0.123811 0.121139 9.9964E-05
9.993E-05 9.993E-05 9.993E-05 9.993E-05 9.993E-05 0.999201 9.993E-05 9.993E-05 9.993E-05
9.9937E-05 0.0297862 9.9937E-05 9.9937E-05 9.9937E-05 0.969514 9.9937E-05 9.9937E-05 9.9937E-05
9.9946E-05 0.0622283 9.9946E-05 9.9946E-05 0.602336 0.334836 9.9946E-05 9.9946E-05 9.9946E-05
9.9946E-05 0.0712537 9.9946E-05 9.9946E-05 0.469522 0.458625 9.9946E-05 9.9946E-05 9.9946E-05
9.993E-05 9.993E-05 9.993E-05 9.993E-05 9.993E-05 0.999201 9.993E-05 9.993E-05 9.993E-05
9.9964E-05 0.220888 9.9964E-05 9.9964E-05 0.330158 0.364935 0.0830535 9.9964E-05 0.000565239
9.9964E-05 0.390969 9.9964E-05 9.9964E-05 0.165219 0.327537 0.0732406 9.9964E-05 0.0426343
0.0722909 0.0703809 0.0828336 9.9982E-05 0.230161 0.243536 0.184731 9.9982E-05 0.115868
9.9946E-05 0.289449 0.486036 9.9946E-05 0.223916 9.9946E-05 9.9946E-05 9.9946E-05 9.9946E-05
9.9973E-05 0.453574 0.415866 0.00898581 0.0403259 9.9973E-05 0.05203 9.9973E-05 0.0289179
0.0429569 0.289946 0.208538 9.9973E-05 0.355025 9.9973E-05 9.9973E-05 0.0221397 0.0810949
0.00196182 0.365162 0.240943 0.0392374 0.280363 9.9973E-05 9.9973E-05 0.0720325 9.9973E-05
0.100971 9.9991E-05 0.0877226 0.0961836 0.453211 0.00805336 0.0852992 0.0366239 0.131836
0.180207 0.507111 0.0357831 0.0292803 9.9973E-05 0.208146 0.0391728 9.9973E-05 9.9973E-05
0.00449279 0.0459668 0.704845 9.9955E-05 0.244196 9.9955E-05 9.9955E-05 9.9955E-05 9.9955E-05
9.9982E-05 0.857084 0.0123476 0.02041 0.0299815 0.0321369 9.9982E-05 0.0163395 0.0315003
0.000662665 9.9982E-05 0.77352 0.00178633 0.0499831 0.0504131 0.0717125 9.9982E-05 0.0517221
0.0304728 0.56812 0.347643 9.9964E-05 9.9964E-05 0.0119744 9.9964E-05 9.9964E-05 0.0413901
9.9964E-05 0.744961 9.9964E-05 9.9964E-05 9.9964E-05 0.0769268 0.120919 0.0448176 0.0119761
0.0478221 0.679408 0.134062 9.996E-05 9.996E-05 0.0490974 9.996E-05 9.996E-05 0.08921
0.0858594 0.108226 0.0161342 0.00778126 0.485001 9.9991E-05 0.0152102 0.126551 0.155137
9.9982E-05 0.00779381 0.0982569 9.9982E-05 0.584422 0.00751821 0.0831589 0.130535 0.088115
9.9955E-05 9.9955E-05 9.9955E-05 0.0482919 0.74278 9.9955E-05 9.9955E-05 0.19783 0.0105988
0.00587394 9.9955E-05 9.9955E-05 9.9955E-05 0.707534 9.9955E-05 9.9955E-05 0.285521 0.000570575
0.0339213 0.175961 0.031291 0.0120795 0.280707 9.999E-05 0.196757 0.0656354 0.203548
0.000723216 0.449019 9.9982E-05 0.0898438 0.0237947 0.0570396 0.186204 9.9982E-05 0.193176
9.9955E-05 0.0757251 0.426789 9.9955E-05 9.9955E-05 9.9955E-05 0.00040608 0.49658 9.9955E-05
9.9991E-05 0.156121 0.0709914 0.00163311 0.544699 0.00679555 0.0703851 0.0490261 0.100248
9.9955E-05 0.0356051 0.253022 9.9955E-05 9.9955E-05 0.0170905 9.9955E-05 0.693782 9.9955E-05
9.9964E-05 0.610353 0.0546765 9.9964E-05 9.9964E-05 9.9964E-05 0.143568 0.109588 0.0814147
9.9937E-05 0.367895 0.631406 9.9937E-05 9.9937E-05 9.9937E-05 9.9937E-05 9.9937E-05 9.9937E-05
0.0422207 9.9946E-05 0.932425 9.9946E-05 9.9946E-05 0.0247545 9.9946E-05 9.9946E-05 9.9946E-05
9.9946E-05 0.703675 0.283372 9.9946E-05 9.9946E-05 0.0123541 9.9946E-05 9.9946E-05 9.9946E-05
9.9946E-05 0.956532 9.9946E-05 9.9946E-05 9.9946E-05 9.9946E-05 0.0326665 0.0102022 9.9946E-05
9.9937E-05 0.828964 0.170336 9.9937E-05 9.9937E-05 9.9937E-05 9.9937E-05 9.9937E-05 9.9937E-05
9.9946E-05 0.734986 0.175809 9.9946E-05 9.9946E-05 0.0886053 9.9946E-05 9.9946E-05 9.9946E-05
9.9946E-05 0.850487 0.117802 9.9946E-05 9.9946E-05 9.9946E-05 9.9946E-05 9.9946E-05 0.0311108
0.0274583 0.210753 9.9964E-05 9.9964E-05 0.0553661 9.9964E-05 0.544443 9.9964E-05 0.16158
0.0434547 0.143527 0.00304367 0.0448611 0.0216426 9.9991E-05 0.691343 0.0188635 0.0331646
9.996E-05 0.0307345 9.996E-05 0.0495626 0.408937 9.996E-05 0.376701 9.996E-05 0.133665
9.9955E-05 9.9955E-05 9.9955E-05 0.0210287 0.318912 9.9955E-05 0.637883 0.0216761 9.9955E-05
9.9973E-05 0.199324 9.9973E-05 0.0558676 0.276779 9.9973E-05 0.362481 0.00433488 0.100914
9.9937E-05 9.9937E-05 9.9937E-05 9.9937E-05 9.9937E-05 9.9937E-05 0.878778 0.120522 9.9937E-05
9.9946E-05 9.9946E-05 0.0406903 9.9946E-05 9.9946E-05 0.018355 0.940355 9.9946E-05 9.9946E-05
9.9946E-05 0.0688525 9.9946E-05 0.0350528 9.9946E-05 9.9946E-05 0.895495 9.9946E-05 9.9946E-05
0.0191261 0.164632 9.9964E-05 9.9964E-05 0.0318566 9.9964E-05 0.641987 9.9964E-05 0.141999
9.9946E-05 0.142579 9.9946E-05 9.9946E-05 9.9946E-05 0.00960844 0.847212 9.9946E-05 9.9946E-05
0.113289 0.128259 0.0582803 9.9982E-05 0.0603591 0.0109923 0.501747 9.9982E-05 0.126874
0.0141531 0.013352 9.9964E-05 0.0459433 0.0551611 9.9964E-05 0.870991 9.9964E-05 9.9964E-05
9.9964E-05 0.101536 0.0157354 9.9964E-05 0.31225 9.9964E-05 0.488476 9.9964E-05 0.081603
9.9955E-05 9.9955E-05 9.9955E-05 9.9955E-05 9.9955E-05 0.0710389 0.754159 0.0895914 0.0847105
0.0711074 0.0854799 9.9964E-05 9.9964E-05 9.9964E-05 0.0926825 0.486658 9.9964E-05 0.263673
9.9982E-05 0.0992401 9.9982E-05 0.0165297 0.288404 0.0203434 0.388431 0.0635765 0.123275
9.9937E-05 9.9937E-05 9.9937E-05 9.9937E-05 9.9937E-05 9.9937E-05 0.93612 0.0631808 9.9937E-05
0.0539802 0.333708 9.9973E-05 0.0183919 9.9973E-05 0.0451971 0.339397 9.9973E-05 0.209026
0.0949127 9.9964E-05 0.061786 9.9964E-05 0.241035 9.9964E-05 0.598567 9.9964E-05 0.00329922
0.144072 0.246683 9.9973E-05 0.0113344 9.9973E-05 9.9973E-05 0.389974 0.163172 0.044464
9.9991E-05 0.1228 0.0187851 0.133021 0.147988 0.0728671 0.355341 0.0296722 0.119426
0.0944182 0.113921 0.0558449 9.9964E-05 9.9964E-05 9.9964E-05 0.63451 9.9964E-05 0.100906
9.9973E-05 0.0605342 9.9973E-05 9.9973E-05 0.0997973 0.00466522 0.77365 0.0373795 0.0236739
9.9946E-05 9.9946E-05 9.9946E-05 0.00648829 9.9946E-05 9.9946E-05 0.912371 0.0805408 9.9946E-05
0.00368727 9.9973E-05 0.0596066 0.182782 0.677061 9.9973E-05 9.9973E-05 0.0588928 0.0176707
9.9973E-05 0.261794 9.9973E-05 0.214818 0.237231 9.9973E-05 0.13505 0.0464413 0.104366
0.00972176 0.00904391 9.9955E-05 0.857821 9.9955E-05 9.9955E-05 9.9955E-05 0.122914 9.9955E-05
9.993E-05 9.993E-05 9.993E-05 0.999201 9.993E-05 9.993E-05 9.993E-05 9.993E-05 9.993E-05
0.132598 9.996E-05 0.0641009 0.39504 0.327245 9.996E-05 0.080616 9.996E-05 9.996E-05
0.069113 0.0488441 9.9964E-05 0.789275 9.9964E-05 9.9964E-05 9.9964E-05 0.0345385 0.0578293
9.9946E-05 9.9946E-05 9.9946E-05 0.670921 9.9946E-05 9.9946E-05 9.9946E-05 0.302716 0.0257633
9.9955E-05 0.363953 9.9955E-05 0.386018 0.0766552 9.9955E-05 0.172874 9.9955E-05 9.9955E-05
9.9982E-05 0.171734 0.0271462 0.343175 0.367124 9.9982E-05 0.0376307 0.00223559 0.0507547
9.9955E-05 9.9955E-05 0.103661 0.506432 0.226262 9.9955E-05 0.163145 9.9955E-05 9.9955E-05
9.9955E-05 0.0147983 9.9955E-05 0.877501 0.10122 0.0059813 9.9955E-05 9.9955E-05 9.9955E-05
9.9955E-05 9.9955E-05 9.9955E-05 0.246274 0.643119 0.0216377 9.9955E-05 9.9955E-05 0.0884691
0.121928 0.137982 0.0339865 0.616629 0.0292042 9.9973E-05 9.9973E-05 9.9973E-05 0.0599698
9.993E-05 9.993E-05 9.993E-05 0.999201 9.993E-05 9.993E-05 9.993E-05 9.993E-05 9.993E-05
9.9964E-05 9.9964E-05 0.0389257 0.126672 0.574528 0.000244991 0.259229 9.9964E-05 9.9964E-05
0.00941649 0.227128 9.9964E-05 0.336303 9.9964E-05 0.0366593 0.390093 9.9964E-05 9.9964E-05
