0.0357676 9.9991E-05 0.559443 0.0215251 0.0165765 0.283783 0.082805
0.0743593 0.122656 0.565845 0.0365319 0.14068 9.9991E-05 0.0598287
9.9955E-05 9.9955E-05 9.9955E-05 9.9955E-05 0.959487 9.9955E-05 0.0400128
0.0247625 0.00998008 0.684668 9.9991E-05 0.08298 0.110725 0.0867838
0.0143586 0.0103801 0.358959 0.0973577 0.274814 0.0611121 0.183018
0.0471196 9.9991E-05 0.492529 0.0769102 0.0929294 0.240314 0.0500975
0.00591151 9.9982E-05 0.324218 0.087189 0.546505 0.0359761 9.9982E-05
0.0996667 9.9973E-05 0.268827 0.0320333 0.599173 9.9973E-05 9.9973E-05
0.00738185 9.9973E-05 0.646385 9.9973E-05 0.332442 0.0134916 9.9973E-05
0.0352259 0.0631757 0.636804 0.0312591 0.0576607 0.0929898 0.0828847
9.999E-05 0.183044 0.333908 0.0447158 0.169235 0.0528402 0.216157
0.140422 0.0990263 0.0522397 0.0737008 0.510892 0.123619 9.9991E-05
0.0740737 0.148227 0.696902 0.0175017 0.0630955 9.9982E-05 9.9982E-05
0.0144854 9.9964E-05 0.694692 9.9964E-05 0.290423 9.9964E-05 9.9964E-05
9.9973E-05 9.9973E-05 0.625117 0.0506743 0.230609 9.9973E-05 0.0933003
9.999E-05 0.181454 0.498314 0.102257 0.0426469 0.0603036 0.114925
9.9973E-05 0.1796 9.9973E-05 0.207318 0.335858 0.276924 9.9973E-05
9.9964E-05 9.9964E-05 9.9964E-05 0.458001 0.321317 0.220282 9.9964E-05
9.9964E-05 0.126562 9.9964E-05 0.560702 0.312336 9.9964E-05 9.9964E-05
9.9973E-05 0.114942 9.9973E-05 0.332683 0.241753 0.310322 9.9973E-05
9.9973E-05 0.0155989 0.865349 0.0432018 0.0755507 9.9973E-05 9.9973E-05
9.9982E-05 0.216383 0.395401 0.0612617 0.105247 9.9982E-05 0.221507
0.0437855 0.790926 0.164889 9.9964E-05 9.9964E-05 9.9964E-05 9.9964E-05
9.9982E-05 0.473713 0.319573 0.00120864 9.9982E-05 0.0403846 0.164921
9.9982E-05 0.510229 0.211314 9.9982E-05 0.13749 0.0692709 0.0714961
0.0587075 9.9964E-05 0.616546 9.9964E-05 0.324346 9.9964E-05 9.9964E-05
0.119121 0.119125 0.338206 0.0422603 0.0954293 0.12952 0.156339
0.0480493 9.9964E-05 0.290178 9.9964E-05 0.661373 9.9964E-05 9.9964E-05
0.0120632 9.9991E-05 0.692263 0.0042326 0.164002 0.0925814 0.0347579
0.0965512 0.0165743 0.663901 0.048198 0.161495 0.013181 9.9991E-05
9.9964E-05 9.9964E-05 0.80712 9.9964E-05 0.175146 0.0173343 9.9964E-05
9.9964E-05 0.00059903 0.363118 9.9964E-05 0.635883 9.9964E-05 9.9964E-05
9.9964E-05 0.132195 0.865994 0.00141154 9.9964E-05 9.9964E-05 9.9964E-05
0.103464 0.129776 0.627844 9.9982E-05 0.0508804 0.0878357 9.9982E-05
9.9964E-05 0.931212 9.9964E-05 9.9964E-05 0.00983968 9.9964E-05 0.0585483
0.0344993 0.908285 0.0158612 9.9973E-05 9.9973E-05 0.0410547 9.9973E-05
0.066016 0.481293 0.134373 9.9982E-05 0.0209881 0.29713 9.9982E-05
9.9973E-05 0.679126 0.22385 9.9973E-05 9.9973E-05 0.0602891 0.0364353
9.9973E-05 0.755302 0.0438035 9.9973E-05 9.9973E-05 0.101925 0.0986705
9.9955E-05 0.987324 9.9955E-05 0.0121764 9.9955E-05 9.9955E-05 9.9955E-05
0.0217652 0.908123 9.9964E-05 0.0697117 9.9964E-05 9.9964E-05 9.9964E-05
9.9973E-05 0.830159 0.0928426 9.9973E-05 9.9973E-05 0.0673156 0.0093828
0.00788527 0.991425 9.9964E-05 9.9964E-05 0.000290208 9.9964E-05 9.9964E-05
9.995E-05 0.9994 9.995E-05 9.995E-05 9.995E-05 9.995E-05 9.995E-05
9.9955E-05 0.991932 9.9955E-05 0.00756853 9.9955E-05 9.9955E-05 9.9955E-05
9.9964E-05 0.754629 0.199745 9.9964E-05 0.0452263 9.9964E-05 9.9964E-05
9.9973E-05 0.778101 0.124601 0.0454902 9.9973E-05 0.0515085 9.9973E-05
9.9964E-05 0.955254 9.9964E-05 0.00891848 9.9964E-05 9.9964E-05 0.0354277
0.17962 0.450036 0.176568 9.9973E-05 9.9973E-05 0.193476 9.9973E-05
9.9973E-05 0.671544 0.0903284 9.9973E-05 9.9973E-05 0.173764 0.0640641
9.9982E-05 0.707978 0.0418179 0.0916384 9.9982E-05 0.118997 0.0393693
9.9982E-05 0.809199 0.0726515 0.0395084 9.9982E-05 0.0524222 0.0260185
9.9964E-05 0.856467 9.9964E-05 9.9964E-05 9.9964E-05 0.132993 0.0101396
9.9973E-05 0.880765 0.0190022 0.0791229 9.9973E-05 9.9973E-05 0.0208102
9.995E-05 0.9994 9.995E-05 9.995E-05 9.995E-05 9.995E-05 9.995E-05
0.091051 0.57219 9.9982E-05 0.0157782 9.9982E-05 0.27605 0.0447306
0.0842765 0.884887 9.9973E-05 0.0180164 0.0125198 9.9973E-05 9.9973E-05
9.9964E-05 0.0493473 9.9964E-05 0.185992 0.764261 9.9964E-05 9.9964E-05
0.0247916 0.105485 0.252691 0.0163676 0.372742 0.199262 0.0286606
9.9991E-05 0.101747 0.296999 0.0703584 0.29738 0.0682788 0.165137
9.9973E-05 9.9973E-05 9.9973E-05 0.10885 0.532668 0.316718 0.0414644
9.9991E-05 0.0233893 0.282435 0.111807 0.0437381 0.248476 0.290054
0.000659128 0.0879218 0.0657721 0.14386 0.552241 0.149446 9.9991E-05
0.001981 0.0877884 0.371441 0.103382 0.107345 0.0660049 0.262058
9.9982E-05 0.192855 0.246886 0.0954474 0.30238 9.9982E-05 0.162231
9.9982E-05 0.165041 0.491532 0.141954 0.0561608 0.145112 9.9982E-05
9.9991E-05 0.119191 0.265831 0.034589 0.222575 0.24088 0.116835
0.167472 0.155012 0.345344 0.137031 0.0207898 0.174252 9.9991E-05
9.9991E-05 0.0917696 0.5378 0.0538112 0.139247 0.0780343 0.0992383
0.050235 9.9964E-05 0.386429 9.9964E-05 0.562936 9.9964E-05 9.9964E-05
9.9973E-05 0.0821102 0.545945 9.9973E-05 0.28985 0.0817943 9.9973E-05
9.9982E-05 0.0986489 0.427847 9.9982E-05 0.147495 0.0830969 0.242713
9.9955E-05 9.9955E-05 0.405092 9.9955E-05 0.594408 9.9955E-05 9.9955E-05
0.104718 0.083151 0.422814 0.0276988 0.0540546 0.170405 0.137159
0.0808016 9.9982E-05 0.759761 0.105823 0.019064 9.9982E-05 0.0343504
9.9955E-05 9.9955E-05 0.138474 9.9955E-05 0.861026 9.9955E-05 9.9955E-05
9.9964E-05 9.9964E-05 0.43871 0.0130785 0.547812 9.9964E-05 9.9964E-05
0.0207409 9.9973E-05 0.738766 0.0383272 0.201866 9.9973E-05 9.9973E-05
9.9964E-05 0.00194655 0.184506 9.9964E-05 0.813148 9.9964E-05 9.9964E-05
9.9964E-05 9.9964E-05 0.62085 9.9964E-05 0.307714 9.9964E-05 0.0710358
0.353414 0.117433 0.451319 9.9973E-05 9.9973E-05 0.0775346 9.9973E-05
0.0922165 0.0916374 0.396395 0.00766489 0.0419311 0.131688 0.238467
0.932552 9.9964E-05 0.035767 9.9964E-05 0.0312812 9.9964E-05 9.9964E-05
0.918191 9.9955E-05 9.9955E-05 9.9955E-05 0.0813094 9.9955E-05 9.9955E-05
0.311938 0.113211 0.269717 9.9982E-05 9.9982E-05 0.125366 0.179568
9.9991E-05 0.18851 0.2214 0.10521 0.00735044 0.228805 0.248626
9.9982E-05 0.0705682 0.0208724 0.0219203 9.9982E-05 0.356442 0.529997
9.9982E-05 0.0933806 9.9982E-05 0.134277 0.102401 0.304494 0.365248
9.9982E-05 0.0344546 9.9982E-05 0.0598913 0.0330589 0.332918 0.539477
0.0641338 9.9973E-05 9.9973E-05 0.00369612 0.176118 9.9973E-05 0.755752
0.0900313 9.9964E-05 9.9964E-05 0.00739957 9.9964E-05 9.9964E-05 0.902169
9.9964E-05 0.0337426 0.198797 9.9964E-05 9.9964E-05 9.9964E-05 0.767061
9.9964E-05 0.0288752 0.0248919 9.9964E-05 9.9964E-05 9.9964E-05 0.945833
0.257713 9.9955E-05 9.9955E-05 9.9955E-05 9.9955E-05 9.9955E-05 0.741787
9.9973E-05 0.0362011 0.248774 9.9973E-05 9.9973E-05 0.092855 0.62187
9.9964E-05 0.0472546 0.372368 9.9964E-05 9.9964E-05 9.9964E-05 0.579978
0.00828121 0.154535 0.403574 9.9973E-05 9.9973E-05 9.9973E-05 0.43331
0.67185 9.9964E-05 0.324238 9.9964E-05 0.00351214 9.9964E-05 9.9964E-05
0.423701 0.0395269 0.34476 0.00150303 0.0552385 9.9991E-05 0.135171
0.285319 0.0821943 0.476043 9.9982E-05 9.9982E-05 0.155326 0.000917424
0.381596 0.0965729 0.283779 9.9991E-05 0.00466792 0.111877 0.121407
0.14398 0.125295 0.32002 9.9991E-05 0.105858 0.216928 0.0878183
0.409644 9.9973E-05 0.368741 9.9973E-05 9.9973E-05 0.0139562 0.207359
0.641949 9.9973E-05 0.156728 9.9973E-05 0.0422609 9.9973E-05 0.158762
0.277168 0.0139264 0.530843 9.9982E-05 9.9982E-05 0.0274374 0.150426
0.815852 0.0478935 0.0892056 0.00500916 9.9982E-05 9.9982E-05 0.0418395
0.39663 9.9964E-05 0.422879 9.9964E-05 9.9964E-05 9.9964E-05 0.180091
0.243337 0.0859824 0.398808 0.00558601 0.0202291 0.161497 0.0845601
0.194477 0.0889175 0.539355 9.9973E-05 9.9973E-05 9.9973E-05 0.176951
0.0247465 0.208831 0.349343 0.0477347 9.9991E-05 0.127321 0.241923
0.0831154 0.0991721 0.269204 0.189819 9.9991E-05 0.1998 0.158789
9.9991E-05 0.0818752 0.204202 0.16826 0.0429651 0.269859 0.23274
0.0828815 0.0960205 0.172008 0.158643 0.0479982 0.269545 0.172904
0.0780854 0.212215 0.194111 0.0689025 0.0472254 0.318694 0.0807667
0.0271183 0.0472848 0.319929 9.9991E-05 0.0288694 0.305866 0.270833
0.680296 9.9964E-05 9.9964E-05 0.0989096 9.9964E-05 0.220394 9.9964E-05
0.0144414 0.146879 0.481358 9.9982E-05 9.9982E-05 0.206071 0.151051
0.4559 9.9964E-05 9.9964E-05 0.349192 9.9964E-05 0.194508 9.9964E-05
0.27119 0.138741 0.196328 9.9982E-05 9.9982E-05 0.24071 0.152831
0.825669 9.9955E-05 0.173832 9.9955E-05 9.9955E-05 9.9955E-05 9.9955E-05
0.9994 9.995E-05 9.995E-05 9.995E-05 9.995E-05 9.995E-05 9.995E-05
0.361723 9.9973E-05 0.592346 9.9973E-05 9.9973E-05 0.01388 0.0317517
0.240201 9.9973E-05 0.545869 9.9973E-05 9.9973E-05 0.130273 0.0833567
0.571586 9.9955E-05 0.427915 9.9955E-05 9.9955E-05 9.9955E-05 9.9955E-05
0.304382 9.9964E-05 0.616409 9.9964E-05 9.9964E-05 9.9964E-05 0.0788094
0.387513 9.9964E-05 0.490834 9.9964E-05 9.9964E-05 0.121254 9.9964E-05
9.9964E-05 0.0596524 0.379977 9.9964E-05 9.9964E-05 0.55997 9.9964E-05
9.9973E-05 0.072427 0.0941141 9.9973E-05 0.0833843 0.749775 9.9973E-05
9.9973E-05 0.103896 0.133918 9.9973E-05 9.9973E-05 0.597202 0.164683
9.9982E-05 0.0566032 0.171977 0.0495701 9.9982E-05 0.712957 0.00869283
0.0103468 0.150442 0.344952 9.9982E-05 0.0202878 0.473771 9.9982E-05
9.9955E-05 9.9955E-05 9.9955E-05 0.0605428 9.9955E-05 0.938957 9.9955E-05
0.0510308 0.0835844 0.0124919 9.9982E-05 9.9982E-05 0.810937 0.0417562
9.9973E-05 9.9973E-05 0.0905425 0.0176112 0.00431738 0.887229 9.9973E-05
0.0100687 9.9982E-05 0.196307 0.0231638 9.9982E-05 0.712263 0.0579976
9.9964E-05 0.0515766 0.201896 9.9964E-05 9.9964E-05 0.746128 9.9964E-05
9.9973E-05 0.157058 0.185673 9.9973E-05 9.9973E-05 0.46407 0.192899
9.9964E-05 0.0774959 9.9964E-05 9.9964E-05 9.9964E-05 0.842904 0.0792007
0.0399943 0.0463992 0.240139 9.9973E-05 9.9973E-05 0.673167 9.9973E-05
9.9955E-05 9.9955E-05 0.00136916 9.9955E-05 9.9955E-05 0.998131 9.9955E-05
0.12066 0.162769 0.206243 0.0201609 9.9982E-05 0.489967 9.9982E-05
0.0821273 9.9973E-05 0.0805291 9.9973E-05 9.9973E-05 0.824644 0.0124
9.995E-05 9.995E-05 9.995E-05 9.995E-05 9.995E-05 0.9994 9.995E-05
9.9973E-05 0.25909 0.301174 9.9973E-05 9.9973E-05 0.301113 0.138323
0.0438846 9.9973E-05 0.15731 0.0549482 9.9973E-05 0.743557 9.9973E-05
0.0317953 0.074053 0.362925 0.17298 9.9982E-05 0.358047 9.9982E-05
0.0234175 0.0416276 0.230903 0.117725 0.058803 0.48078 0.0467443
9.9982E-05 0.295283 0.218065 0.033439 0.115863 0.33715 9.9982E-05
9.9982E-05 0.217883 0.0265547 9.9982E-05 0.00339222 0.623477 0.128493
9.9964E-05 0.0229145 9.9964E-05 0.0121797 9.9964E-05 0.964506 9.9964E-05
9.9982E-05 0.181958 0.476497 0.257784 9.9982E-05 0.0268642 0.0566976
0.0562825 0.0699112 0.515447 0.14598 0.00429519 0.207984 9.9991E-05
9.9964E-05 0.0346505 0.0568604 0.908089 9.9964E-05 9.9964E-05 9.9964E-05
9.995E-05 9.995E-05 9.995E-05 0.9994 9.995E-05 9.995E-05 9.995E-05
0.0320505 0.0212921 0.501401 0.433355 9.9982E-05 0.0117015 9.9982E-05
9.9982E-05 0.0857316 0.0573432 0.762905 0.0516482 9.9982E-05 0.0421716
9.9955E-05 9.9955E-05 9.9955E-05 0.811378 9.9955E-05 0.188122 9.9955E-05
0.138064 0.11687 0.303554 0.41873 9.9982E-05 0.0225819 9.9982E-05
0.0550463 9.9982E-05 0.350119 0.261198 9.9982E-05 0.246631 0.0868059
9.9982E-05 0.000493159 0.338068 0.473515 0.0553727 0.132351 9.9982E-05
9.9964E-05 9.9964E-05 0.183424 0.811893 0.00428292 9.9964E-05 9.9964E-05
0.00949998 0.143884 0.595638 0.250679 9.9973E-05 9.9973E-05 9.9973E-05
0.0101014 9.9973E-05 0.291657 0.638222 9.9973E-05 9.9973E-05 0.0597199
9.995E-05 9.995E-05 9.995E-05 0.9994 9.995E-05 9.995E-05 9.995E-05
9.9982E-05 0.288037 0.191852 0.136673 9.9982E-05 0.0565614 0.326677
9.9982E-05 0.0298475 0.37465 0.29489 9.9982E-05 0.237086 0.0633263
