0.0685771 0.154596 0.443751 0.0455729 0.0197357 0.235811 0.0319557
0.103146 0.0340511 0.347641 9.9982E-05 0.0304786 0.484483 9.9982E-05
0.0183579 0.638039 9.9964E-05 0.343204 9.9964E-05 9.9964E-05 9.9964E-05
9.9964E-05 0.16549 0.452979 9.9964E-05 9.9964E-05 0.381131 9.9964E-05
0.0106026 0.488077 0.254473 0.0767166 0.010569 0.0849865 0.0745754
0.080337 0.215694 0.35582 9.9991E-05 0.0538868 0.204709 0.0894527
9.9982E-05 0.479509 0.124989 0.0079887 9.9982E-05 0.224757 0.162557
0.0559121 0.5738 9.9982E-05 0.0427642 9.9982E-05 0.324338 0.00298634
0.0765911 0.607186 0.225972 0.0408274 0.033095 0.00568689 0.010642
0.0783322 0.365268 0.324678 9.9991E-05 0.134251 0.0442348 0.0531362
9.9982E-05 0.443703 0.208485 0.109216 0.232577 9.9982E-05 0.00581832
0.133122 0.434791 9.9991E-05 0.262784 0.086087 0.0320296 0.051086
0.0518994 0.243663 0.508229 9.9982E-05 0.127712 9.9982E-05 0.0682963
0.000539958 0.730689 0.26155 9.9973E-05 9.9973E-05 9.9973E-05 0.00692141
0.059032 0.462645 0.281102 9.9982E-05 0.021937 0.175084 9.9982E-05
0.0486745 0.320934 0.417836 9.9991E-05 0.118457 0.0469478 0.0470504
9.9973E-05 9.9973E-05 9.9973E-05 0.276597 0.173661 0.497251 0.0521911
9.995E-05 9.995E-05 9.995E-05 0.9994 9.995E-05 9.995E-05 9.995E-05
9.9955E-05 0.0562153 9.9955E-05 0.943285 9.9955E-05 9.9955E-05 9.9955E-05
9.9973E-05 9.9973E-05 0.160937 0.594643 0.121294 0.122826 9.9973E-05
9.9973E-05 0.536537 0.449605 9.9973E-05 0.00248364 0.0110751 9.9973E-05
0.101687 0.192292 0.509256 9.9991E-05 0.0065836 0.142636 0.0474446
9.9964E-05 0.00939165 0.378777 9.9964E-05 0.611432 9.9964E-05 9.9964E-05
0.0486885 0.0934182 0.377734 9.9982E-05 0.470987 9.9982E-05 0.00897257
0.0621439 0.0453954 0.388655 0.0620266 0.429604 0.00483795 0.00733753
0.0466204 0.789758 0.0568652 9.9973E-05 0.106456 9.9973E-05 9.9973E-05
0.0713451 0.0829208 0.457955 0.0184756 9.9982E-05 0.369104 9.9982E-05
0.0729923 0.760106 9.9973E-05 0.155015 0.0115859 9.9973E-05 9.9973E-05
9.9973E-05 0.398351 0.526638 0.0634116 9.9973E-05 0.0112995 9.9973E-05
0.0900672 0.529409 0.360492 9.9973E-05 9.9973E-05 0.0197319 9.9973E-05
9.9973E-05 0.495702 0.454825 9.9973E-05 0.00179484 0.0473783 9.9973E-05
9.9973E-05 0.923896 9.9973E-05 0.0124106 0.0310909 9.9973E-05 0.0323024
9.9973E-05 0.232223 0.482579 9.9973E-05 0.161666 0.123232 9.9973E-05
0.0039409 0.370921 0.349603 0.0509157 0.121826 0.102693 9.9991E-05
0.0269003 9.9982E-05 0.10823 0.00424182 0.852902 0.00752607 9.9982E-05
0.0244595 0.0274039 0.0475642 9.9973E-05 0.900272 9.9973E-05 9.9973E-05
0.0199369 9.9973E-05 0.373702 9.9973E-05 0.482844 0.123217 9.9973E-05
0.0179762 0.025832 0.274518 9.9982E-05 0.678823 9.9982E-05 0.00265129
9.9973E-05 0.0265857 0.101948 0.021286 0.849881 9.9973E-05 9.9973E-05
9.9955E-05 9.9955E-05 9.9955E-05 0.0374779 0.962022 9.9955E-05 9.9955E-05
0.023651 9.9973E-05 9.9973E-05 0.0208209 0.946068 9.9973E-05 0.00915981
9.9955E-05 9.9955E-05 0.214396 9.9955E-05 0.785104 9.9955E-05 9.9955E-05
0.00878929 9.9955E-05 9.9955E-05 9.9955E-05 0.990711 9.9955E-05 9.9955E-05
9.9955E-05 9.9955E-05 9.9955E-05 9.9955E-05 0.988616 0.0108845 9.9955E-05
9.9955E-05 9.9955E-05 9.9955E-05 9.9955E-05 0.998013 9.9955E-05 0.00148735
9.9973E-05 0.0517214 0.118522 9.9973E-05 0.77131 0.058147 9.9973E-05
9.9964E-05 9.9964E-05 0.166378 9.9964E-05 0.709576 9.9964E-05 0.123646
9.995E-05 9.995E-05 9.995E-05 9.995E-05 0.9994 9.995E-05 9.995E-05
0.0980041 0.0792735 0.26407 0.0270557 0.491289 0.0201358 0.0201716
0.0396154 9.9982E-05 0.245838 9.9982E-05 0.619545 0.0888682 0.00593286
9.9973E-05 0.00735468 0.199544 9.9973E-05 0.777388 9.9973E-05 0.0154133
9.9982E-05 0.0357009 0.017465 9.9982E-05 0.905661 0.0054591 0.0355139
9.9964E-05 9.9964E-05 9.9964E-05 0.00318008 0.983317 0.0131035 9.9964E-05
9.9973E-05 9.9973E-05 0.0298371 0.0660379 0.875839 9.9973E-05 0.0279863
9.9964E-05 0.00100213 9.9964E-05 0.0258501 0.972748 9.9964E-05 9.9964E-05
9.9964E-05 9.9964E-05 0.336322 9.9964E-05 0.50693 0.156348 9.9964E-05
0.0251645 0.00109199 9.9982E-05 9.9982E-05 0.880838 0.0558963 0.0368094
0.090191 0.0450114 9.9982E-05 0.233024 9.9982E-05 0.489775 0.141799
9.9964E-05 9.9964E-05 0.087918 9.9964E-05 0.0330112 0.878671 9.9964E-05
9.9964E-05 0.00408825 0.127084 9.9964E-05 9.9964E-05 0.868428 9.9964E-05
9.9955E-05 9.9955E-05 9.9955E-05 9.9955E-05 9.9955E-05 0.914349 0.0851513
0.0517663 0.0786619 0.433156 9.9991E-05 0.0767591 0.274578 0.0849785
0.0883259 9.9973E-05 9.9973E-05 0.0279842 9.9973E-05 0.79003 0.0933595
9.9991E-05 0.223581 0.291134 0.0662498 0.11602 0.276976 0.0259405
9.9973E-05 0.0067994 0.00372005 9.9973E-05 0.0868248 0.902356 9.9973E-05
9.9973E-05 9.9973E-05 0.333843 0.102174 0.0412513 0.522431 9.9973E-05
9.9991E-05 0.114068 0.28856 0.0426852 0.0721986 0.406007 0.0763803
9.9982E-05 0.143244 0.372914 9.9982E-05 0.115164 0.299858 0.06862
9.9991E-05 0.313385 0.484088 0.0658863 0.0254822 0.0619716 0.0490864
9.9973E-05 0.711728 0.159297 0.120896 0.00777807 9.9973E-05 9.9973E-05
0.022297 0.396601 0.206344 0.0120052 0.137237 0.225415 9.9991E-05
0.0866264 0.162898 0.450223 9.9982E-05 0.108405 0.191648 9.9982E-05
0.00701036 0.732718 0.122954 9.9973E-05 9.9973E-05 0.137018 9.9973E-05
9.9973E-05 0.320287 0.518706 9.9973E-05 0.0598495 0.100857 9.9973E-05
0.103982 0.49826 0.397359 9.9964E-05 9.9964E-05 9.9964E-05 9.9964E-05
9.9955E-05 0.988363 9.9955E-05 0.0111372 9.9955E-05 9.9955E-05 9.9955E-05
9.9973E-05 0.88743 0.0451521 0.00433501 9.9973E-05 9.9973E-05 0.0627834
9.9964E-05 0.618746 0.299482 9.9964E-05 0.0813722 9.9964E-05 9.9964E-05
0.0637519 0.753414 9.9973E-05 9.9973E-05 9.9973E-05 0.139153 0.0433811
9.9964E-05 0.634467 0.278266 9.9964E-05 9.9964E-05 0.0868671 9.9964E-05
0.474473 0.0198667 0.27057 9.9982E-05 0.121066 0.113825 9.9982E-05
0.270201 0.0809077 0.528538 9.9982E-05 0.0399059 9.9982E-05 0.0802473
0.981352 9.9964E-05 9.9964E-05 9.9964E-05 0.0155719 0.00267656 9.9964E-05
0.931719 0.0587755 9.9964E-05 0.00910557 9.9964E-05 9.9964E-05 9.9964E-05
0.291504 0.155583 0.240023 9.9982E-05 0.194056 0.118634 9.9982E-05
9.9973E-05 9.9973E-05 0.65842 0.196702 9.9973E-05 0.138016 0.00656249
0.0682111 9.9973E-05 0.732265 0.178391 9.9973E-05 9.9973E-05 0.0208329
0.105973 9.9991E-05 0.395396 0.321867 0.0811832 0.0113305 0.0841507
0.0206874 9.9973E-05 0.665022 0.233295 9.9973E-05 9.9973E-05 0.0806952
0.567861 0.16185 9.9982E-05 0.181916 0.0354203 9.9982E-05 0.0527532
0.535068 9.9982E-05 0.252961 0.101686 9.9982E-05 0.00217557 0.107909
0.206804 0.102168 0.659887 9.9973E-05 0.0308398 9.9973E-05 9.9973E-05
0.402125 9.9964E-05 0.482166 9.9964E-05 9.9964E-05 0.115309 9.9964E-05
0.638819 9.9973E-05 0.177699 9.9973E-05 0.0524282 9.9973E-05 0.130754
0.232889 9.9964E-05 0.598558 9.9964E-05 9.9964E-05 0.168153 9.9964E-05
0.264412 9.9973E-05 0.403241 9.9973E-05 0.0603964 0.271651 9.9973E-05
0.314015 0.0703693 0.396855 9.9982E-05 0.140794 9.9982E-05 0.0777671
0.558718 0.0646966 0.335942 9.9973E-05 9.9973E-05 0.0403435 9.9973E-05
0.46464 0.139632 0.360445 9.9973E-05 0.0349829 9.9973E-05 9.9973E-05
0.273277 0.025795 0.559546 9.9973E-05 9.9973E-05 0.141082 9.9973E-05
0.416906 0.193877 0.301609 0.0245993 0.0628086 9.9982E-05 9.9982E-05
0.271961 0.0860781 0.387168 9.9991E-05 0.0799588 0.123962 0.0507721
0.357583 0.160103 0.34567 9.9973E-05 9.9973E-05 0.136344 9.9973E-05
0.684896 0.216359 0.0983455 9.9964E-05 9.9964E-05 9.9964E-05 9.9964E-05
0.40319 0.0408969 0.546415 9.9973E-05 9.9973E-05 0.00919867 9.9973E-05
0.851778 0.0142873 0.0721338 9.9982E-05 0.0515622 0.0100393 9.9982E-05
0.501885 0.122922 0.374793 9.9964E-05 9.9964E-05 9.9964E-05 9.9964E-05
0.278094 9.9964E-05 0.540942 9.9964E-05 9.9964E-05 0.180564 9.9964E-05
0.32192 0.0970845 0.580596 9.9964E-05 9.9964E-05 9.9964E-05 9.9964E-05
9.9982E-05 0.199918 0.38694 9.9982E-05 0.203425 0.203109 0.0064074
0.220308 0.0751939 0.435923 0.045697 0.164808 9.9991E-05 0.0579695
9.9982E-05 0.111934 0.436406 0.25893 0.119327 9.9982E-05 0.0732035
0.0537056 0.0470736 0.322093 0.104329 0.095719 0.349867 0.0272131
9.9973E-05 0.13093 0.552164 9.9973E-05 0.203958 0.112648 9.9973E-05
0.194138 9.9982E-05 0.561415 0.120199 0.051108 9.9982E-05 0.0729395
0.485044 9.9964E-05 9.9964E-05 0.450965 9.9964E-05 0.0635913 9.9964E-05
0.0374067 0.000328854 0.831717 0.0861661 9.9982E-05 9.9982E-05 0.044181
0.36933 9.9973E-05 9.9973E-05 0.537672 0.00615703 9.9973E-05 0.0865411
0.237986 9.9982E-05 0.447008 0.0216579 0.0742231 0.218925 9.9982E-05
0.872189 0.0350498 0.0788821 9.9973E-05 9.9973E-05 9.9973E-05 0.0135788
0.9994 9.995E-05 9.995E-05 9.995E-05 9.995E-05 9.995E-05 9.995E-05
0.454072 0.144659 0.40087 9.9964E-05 9.9964E-05 9.9964E-05 9.9964E-05
0.489563 9.9973E-05 0.483549 9.9973E-05 0.0194191 0.00716878 9.9973E-05
0.619159 0.0174356 0.262059 9.9973E-05 9.9973E-05 0.101047 9.9973E-05
0.572274 9.9973E-05 0.386474 9.9973E-05 0.0171404 9.9973E-05 0.0238113
0.460661 0.0238369 0.515102 9.9964E-05 9.9964E-05 9.9964E-05 9.9964E-05
9.9982E-05 0.0339944 0.558869 0.0880885 0.291558 0.0272906 9.9982E-05
9.9982E-05 9.9982E-05 0.568882 0.143859 0.197519 0.0647248 0.0248153
9.9973E-05 9.9973E-05 0.603846 0.113819 0.24755 9.9973E-05 0.0344846
9.9973E-05 9.9973E-05 0.647339 0.163331 0.128492 9.9973E-05 0.060538
9.9973E-05 0.000219224 0.817592 0.115514 9.9973E-05 9.9973E-05 0.0663748
9.9964E-05 9.9964E-05 0.361667 0.446496 0.191437 9.9964E-05 9.9964E-05
9.9964E-05 9.9964E-05 0.506435 0.258431 0.234734 9.9964E-05 9.9964E-05
9.9964E-05 9.9964E-05 0.669679 0.232485 0.0974361 9.9964E-05 9.9964E-05
9.9973E-05 9.9973E-05 0.662605 0.160802 0.176111 9.9973E-05 0.000182037
9.9964E-05 9.9964E-05 0.660805 0.125116 0.213679 9.9964E-05 9.9964E-05
0.0240571 0.0963571 0.57476 0.0936496 0.206547 9.9991E-05 0.00452888
9.9982E-05 9.9982E-05 0.546916 0.153655 0.237438 0.0437269 0.0180645
9.9973E-05 0.0274307 0.67899 0.13813 0.155149 9.9973E-05 9.9973E-05
9.9973E-05 9.9973E-05 0.48542 0.236652 0.274259 9.9973E-05 0.00336976
9.9982E-05 0.00918689 0.698543 0.0740026 0.178361 9.9982E-05 0.0397066
9.9973E-05 9.9973E-05 0.741604 0.1022 0.102754 9.9973E-05 0.0531423
9.9964E-05 9.9964E-05 0.49897 0.267506 0.233124 9.9964E-05 9.9964E-05
0.00682606 9.9982E-05 0.545143 0.0927941 0.23353 9.9982E-05 0.121507
9.9973E-05 9.9973E-05 0.580297 0.168411 0.165026 0.0859664 9.9973E-05
0.0717387 0.00133676 0.514187 9.9991E-05 0.123561 0.128822 0.160255
0.0106988 9.9991E-05 0.409992 0.153882 0.115161 0.278273 0.0318942
9.9982E-05 9.9982E-05 0.507131 0.142842 0.247845 0.0728582 0.0291234
9.9973E-05 9.9973E-05 0.641658 0.102716 0.215909 9.9973E-05 0.0394168
9.9964E-05 9.9964E-05 0.466117 0.345152 0.188331 9.9964E-05 9.9964E-05
9.9991E-05 0.106241 0.383524 0.113542 0.146124 0.095678 0.15479
0.0513961 0.190535 0.516309 9.9982E-05 9.9982E-05 0.105082 0.136478
9.9964E-05 9.9964E-05 9.9964E-05 0.0735208 0.0411888 9.9964E-05 0.884891
9.995E-05 9.995E-05 9.995E-05 9.995E-05 9.995E-05 9.995E-05 0.9994
0.0886617 0.0945785 0.255861 9.9991E-05 0.0374616 0.103235 0.420103
0.00521142 0.0141559 0.0861764 9.9991E-05 0.0531183 0.0161501 0.825088
9.9964E-05 9.9964E-05 9.9964E-05 0.186015 0.0749384 9.9964E-05 0.738647
0.0853289 0.110951 0.397309 9.9991E-05 0.061188 0.0213733 0.323749
0.0962013 0.00898089 0.419789 9.9991E-05 0.114387 0.151948 0.208593
9.9973E-05 9.9973E-05 0.229583 9.9973E-05 0.0287473 0.382437 0.358933
9.9955E-05 9.9955E-05 0.131367 9.9955E-05 9.9955E-05 9.9955E-05 0.868133
9.9973E-05 0.165199 0.441456 9.9973E-05 0.0887044 9.9973E-05 0.30434
0.0167182 0.0926141 0.160279 9.9991E-05 0.0226202 0.0520058 0.655663
9.995E-05 9.995E-05 9.995E-05 9.995E-05 9.995E-05 9.995E-05 0.9994
9.9973E-05 0.26921 0.376699 9.9973E-05 0.235008 9.9973E-05 0.118783
9.9964E-05 9.9964E-05 0.577829 9.9964E-05 9.9964E-05 0.00426935 0.417502
