9.9991E-05 0.0207682 0.0633542 0.0867466 0.0477143 0.0940108 0.687306
0.136333 0.0129239 9.9991E-05 0.00833033 0.332788 0.0478887 0.461635
9.9964E-05 0.046843 9.9964E-05 9.9964E-05 0.916628 0.0361289 9.9964E-05
0.020209 0.0408685 9.9982E-05 9.9982E-05 0.0856179 0.153949 0.699155
0.111772 0.017833 0.0269934 0.0310436 0.434754 0.0443665 0.333237
0.120592 0.125888 9.9982E-05 9.9982E-05 0.0824586 0.138287 0.532575
0.0941371 9.9973E-05 9.9973E-05 9.9973E-05 0.647691 0.104774 0.153099
9.999E-05 0.0540822 0.0325678 0.0842679 0.750062 0.00930622 0.0696135
9.9973E-05 9.9973E-05 0.0868116 0.0736339 0.347585 9.9973E-05 0.491669
0.0453178 9.9973E-05 9.9973E-05 0.210351 0.311666 9.9973E-05 0.432365
0.129473 0.138 0.0384849 0.202674 0.229155 0.0638085 0.198405
0.179012 0.0296407 0.126514 0.0324792 0.531011 0.101243 9.9991E-05
0.00178374 9.9982E-05 0.0523578 0.338533 0.118607 9.9982E-05 0.488519
9.9964E-05 9.9964E-05 9.9964E-05 9.9964E-05 0.409148 0.00496473 0.585487
9.9973E-05 0.0372827 9.9973E-05 9.9973E-05 0.194378 0.0147582 0.753281
0.198968 0.0895518 0.0653809 0.156685 0.190719 9.9991E-05 0.298596
0.132234 9.9982E-05 9.9982E-05 0.257581 0.149811 0.356071 0.104101
9.9964E-05 9.9964E-05 9.9964E-05 0.172682 0.122044 0.704874 9.9964E-05
0.105224 9.9973E-05 0.00259777 9.9973E-05 0.151483 0.740395 9.9973E-05
0.123885 9.9973E-05 9.9973E-05 0.368066 0.0960703 0.411679 9.9973E-05
9.9955E-05 9.9955E-05 9.9955E-05 9.9955E-05 0.123862 9.9955E-05 0.875638
0.144708 0.0263685 0.105725 9.9991E-05 0.00423771 0.0960326 0.622829
0.789247 0.0448389 9.9964E-05 9.9964E-05 9.9964E-05 9.9964E-05 0.165514
0.520834 9.9991E-05 0.0472744 0.100036 0.0435039 0.000354275 0.287897
0.452277 0.113023 0.0895609 0.126852 0.0453871 9.9991E-05 0.172801
0.0254502 9.9982E-05 0.0635557 0.00809523 0.561311 9.9982E-05 0.341388
0.00785519 0.0155255 9.9991E-05 0.113968 0.0745563 0.0759553 0.71204
9.9973E-05 9.9973E-05 0.0545476 0.0945492 0.760033 9.9973E-05 0.0905702
9.9973E-05 9.9973E-05 9.9973E-05 0.0737936 0.176253 0.0167399 0.732914
0.0953526 0.0586013 0.0842553 9.9991E-05 0.268588 0.076778 0.416324
0.0151282 9.9973E-05 9.9973E-05 0.0641449 0.378392 9.9973E-05 0.542035
0.0645696 9.9973E-05 0.00762099 9.9973E-05 0.793081 9.9973E-05 0.134428
0.156103 0.106505 0.00287882 9.9982E-05 0.0938089 9.9982E-05 0.640504
0.135853 9.9991E-05 0.124989 0.0156997 0.0369625 0.0596661 0.626729
0.892418 0.0265872 9.9964E-05 0.0805946 9.9964E-05 9.9964E-05 9.9964E-05
0.959832 9.9964E-05 0.0312131 9.9964E-05 9.9964E-05 9.9964E-05 0.00855457
0.612063 0.0680023 0.0136646 0.124981 9.9982E-05 9.9982E-05 0.181089
0.682048 0.0407192 9.9973E-05 0.0323841 9.9973E-05 9.9973E-05 0.244549
0.818639 0.036761 9.9982E-05 0.00209492 0.0441739 9.9982E-05 0.0981314
0.964423 9.9955E-05 9.9955E-05 9.9955E-05 9.9955E-05 0.0350775 9.9955E-05
0.969199 9.9964E-05 0.00726771 9.9964E-05 9.9964E-05 0.0231337 9.9964E-05
0.837721 9.9964E-05 9.9964E-05 0.0212745 9.9964E-05 9.9964E-05 0.140605
0.999203 9.9955E-05 9.9955E-05 9.9955E-05 0.000296868 9.9955E-05 9.9955E-05
0.9994 9.995E-05 9.995E-05 9.995E-05 9.995E-05 9.995E-05 9.995E-05
0.9994 9.995E-05 9.995E-05 9.995E-05 9.995E-05 9.995E-05 9.995E-05
0.746177 0.0326219 9.9982E-05 0.0332486 0.0304345 9.9982E-05 0.157318
0.867398 0.0288111 9.9973E-05 9.9973E-05 9.9973E-05 0.068085 0.0354062
0.979827 9.9964E-05 0.00233013 9.9964E-05 9.9964E-05 0.0174433 9.9964E-05
0.379945 9.9973E-05 9.9973E-05 0.0545832 9.9973E-05 0.104695 0.460478
0.657805 9.9982E-05 0.0721612 0.165055 0.0651003 9.9982E-05 0.0396784
0.700059 0.020499 9.9982E-05 0.155497 9.9982E-05 0.0687453 0.0549996
0.886197 9.9982E-05 9.9982E-05 0.0721443 0.0101627 0.00665003 0.0246456
0.83018 9.9955E-05 9.9955E-05 0.16932 9.9955E-05 9.9955E-05 9.9955E-05
0.874054 0.0855388 9.9982E-05 0.0259751 9.9982E-05 0.00740783 0.00682454
0.942606 9.9955E-05 9.9955E-05 0.056894 9.9955E-05 9.9955E-05 9.9955E-05
0.531207 9.9973E-05 0.0643999 0.239295 9.9973E-05 9.9973E-05 0.164797
0.89371 9.9973E-05 0.0684897 0.022065 0.0154355 9.9973E-05 9.9973E-05
0.012248 9.9973E-05 9.9973E-05 0.0713349 0.465281 0.450836 9.9973E-05
9.9964E-05 9.9964E-05 9.9964E-05 9.9964E-05 0.0802541 0.279297 0.64005
0.131183 0.0662571 9.9991E-05 0.111925 0.277943 0.138019 0.274574
0.0539448 9.9982E-05 9.9982E-05 0.167918 0.491156 0.248374 0.0384064
9.9982E-05 0.126234 0.14214 0.325471 0.0687919 9.9982E-05 0.337163
0.0782397 0.105073 9.9982E-05 9.9982E-05 0.330519 0.356082 0.129886
0.0131393 0.0461871 0.0208357 0.22385 0.00462992 0.157029 0.534329
0.147005 9.9973E-05 9.9973E-05 9.9973E-05 0.18364 0.221376 0.447679
0.106478 9.9991E-05 0.000767491 0.052443 0.165749 0.170654 0.503808
0.110186 9.9982E-05 9.9982E-05 0.0627642 0.118846 0.204141 0.503863
0.107819 0.0309639 0.00453286 9.9991E-05 0.135285 0.0377842 0.683515
0.122456 9.9982E-05 0.153984 0.163199 0.289977 9.9982E-05 0.270184
0.00587378 9.9973E-05 9.9973E-05 0.0570395 0.674559 9.9973E-05 0.262228
0.019106 9.9973E-05 9.9973E-05 0.0491408 0.425866 9.9973E-05 0.505587
0.109305 9.9982E-05 9.9982E-05 0.0506277 0.101299 0.116422 0.622146
9.9955E-05 9.9955E-05 9.9955E-05 9.9955E-05 0.641179 9.9955E-05 0.358322
0.132483 0.092265 0.045287 9.9982E-05 0.169468 9.9982E-05 0.560297
9.9982E-05 0.0154395 0.0312328 9.9982E-05 0.184925 0.0359371 0.732266
9.995E-05 9.995E-05 9.995E-05 9.995E-05 0.9994 9.995E-05 9.995E-05
9.9964E-05 0.0277375 9.9964E-05 9.9964E-05 0.754414 9.9964E-05 0.217449
9.9964E-05 9.9964E-05 0.0259707 9.9964E-05 0.348552 9.9964E-05 0.625077
9.9964E-05 0.0792123 9.9964E-05 9.9964E-05 0.840949 9.9964E-05 0.0794386
9.9964E-05 9.9964E-05 9.9964E-05 9.9964E-05 0.382524 0.037199 0.579877
0.0917326 0.00441921 0.405575 0.0610309 9.9982E-05 9.9982E-05 0.437042
9.9991E-05 0.0731521 0.105637 0.191074 0.00225427 0.0422762 0.585506
9.995E-05 9.995E-05 0.9994 9.995E-05 9.995E-05 9.995E-05 9.995E-05
9.9955E-05 9.9955E-05 0.993407 9.9955E-05 0.00609343 9.9955E-05 9.9955E-05
0.0953949 0.0501406 0.279656 0.0510957 9.9982E-05 9.9982E-05 0.523513
0.0135042 0.160602 9.9982E-05 0.432285 9.9982E-05 0.0489718 0.344437
0.0628774 0.288968 9.9982E-05 0.471078 9.9982E-05 0.0234604 0.153416
9.9973E-05 0.138006 9.9973E-05 0.548195 0.141504 0.171995 9.9973E-05
0.0172144 0.326806 9.9991E-05 0.482562 0.0162187 0.0298694 0.12723
9.9955E-05 0.941666 9.9955E-05 9.9955E-05 0.0578342 9.9955E-05 9.9955E-05
9.995E-05 0.9994 9.995E-05 9.995E-05 9.995E-05 9.995E-05 9.995E-05
9.9964E-05 0.404142 9.9964E-05 0.00333835 9.9964E-05 9.9964E-05 0.592119
0.0149247 0.580844 9.9964E-05 9.9964E-05 9.9964E-05 9.9964E-05 0.403832
9.995E-05 0.9994 9.995E-05 9.995E-05 9.995E-05 9.995E-05 9.995E-05
9.9973E-05 0.368712 9.9973E-05 0.101433 9.9973E-05 0.0149882 0.514566
0.0504777 0.22445 0.0891373 0.00435197 9.9982E-05 9.9982E-05 0.631383
0.141301 0.168581 0.0833924 9.9982E-05 9.9982E-05 0.0523967 0.554129
9.9964E-05 9.9964E-05 0.662492 9.9964E-05 9.9964E-05 0.0141988 0.322909
0.0120281 0.0771988 0.498897 0.0808299 9.9982E-05 9.9982E-05 0.330846
9.9982E-05 0.156277 0.14408 0.126493 0.0326787 9.9982E-05 0.540272
0.0513294 9.9973E-05 0.27651 9.9973E-05 9.9973E-05 0.0816703 0.59019
0.00832326 9.9991E-05 0.152781 0.237487 0.191974 0.0150382 0.394297
9.9973E-05 0.0654228 0.296301 9.9973E-05 0.0865377 9.9973E-05 0.551438
9.9964E-05 9.9964E-05 0.684624 9.9964E-05 0.0899181 9.9964E-05 0.225058
0.0516925 0.069141 0.241595 0.0329399 9.9991E-05 0.0491519 0.55538
0.0304719 0.0204255 0.741248 9.9982E-05 0.0269723 9.9982E-05 0.180682
9.9964E-05 9.9964E-05 0.394672 9.9964E-05 9.9964E-05 0.0115959 0.593333
9.9982E-05 0.0680826 0.159168 0.106582 9.9982E-05 0.0165689 0.649399
0.0753487 0.122921 0.268484 9.9973E-05 9.9973E-05 9.9973E-05 0.532946
0.0502192 9.9982E-05 0.0984111 0.272418 9.9982E-05 0.0497584 0.528993
0.139148 9.9982E-05 0.185147 0.207894 9.9982E-05 0.0762542 0.391357
0.0528117 0.103246 9.9982E-05 0.269798 9.9982E-05 0.19582 0.378124
0.0865863 9.9991E-05 0.0115 0.293456 0.136538 0.166819 0.305002
0.0401566 0.0298183 0.0201502 0.301701 0.0784613 0.0837276 0.445985
0.0454943 0.208138 0.0408634 0.250762 9.9991E-05 0.0807903 0.373853
9.9964E-05 9.9964E-05 0.574755 0.223481 9.9964E-05 0.201364 9.9964E-05
0.182614 9.9973E-05 0.0510742 0.151027 9.9973E-05 9.9973E-05 0.614985
0.0634783 0.0858412 0.383286 9.9973E-05 9.9973E-05 0.467094 9.9973E-05
0.0484514 0.0336609 0.198097 0.323043 9.9982E-05 9.9982E-05 0.396547
9.9955E-05 9.9955E-05 0.87876 9.9955E-05 9.9955E-05 9.9955E-05 0.120741
9.995E-05 9.995E-05 0.9994 9.995E-05 9.995E-05 9.995E-05 9.995E-05
0.0252525 9.9973E-05 0.491574 0.0108777 9.9973E-05 9.9973E-05 0.471996
9.9964E-05 0.0866287 0.232435 9.9964E-05 9.9964E-05 9.9964E-05 0.680536
9.9955E-05 9.9955E-05 0.584338 9.9955E-05 9.9955E-05 9.9955E-05 0.415162
9.9964E-05 0.0723497 0.380168 9.9964E-05 9.9964E-05 9.9964E-05 0.547083
9.9964E-05 0.0601749 0.341375 9.9964E-05 9.9964E-05 9.9964E-05 0.59805
0.0702002 0.0198448 9.9973E-05 0.684558 9.9973E-05 9.9973E-05 0.225097
0.133099 9.9973E-05 9.9973E-05 0.694563 0.0350606 9.9973E-05 0.136977
0.209546 0.0552114 0.00121046 0.563814 9.9982E-05 9.9982E-05 0.170018
0.089365 9.9973E-05 9.9973E-05 0.66777 9.9973E-05 0.105908 0.136657
0.103413 0.0666735 9.9982E-05 0.547672 0.0671042 9.9982E-05 0.214938
9.9955E-05 9.9955E-05 9.9955E-05 0.932509 9.9955E-05 0.0669907 9.9955E-05
9.9964E-05 9.9964E-05 0.0335485 0.92779 9.9964E-05 9.9964E-05 0.0382618
0.173784 9.9973E-05 9.9973E-05 0.720416 9.9973E-05 0.0303298 0.07517
0.000519518 9.9982E-05 0.0652728 0.820606 9.9982E-05 0.057725 0.0556764
0.0669219 9.9964E-05 9.9964E-05 0.737011 9.9964E-05 9.9964E-05 0.195668
0.132116 0.0610293 0.0246995 0.361022 9.9991E-05 0.0382852 0.382748
0.0197669 0.0171787 9.9982E-05 0.858393 9.9982E-05 0.00261825 0.101843
9.9982E-05 0.00592277 0.0559918 0.684822 0.0179949 9.9982E-05 0.235069
0.0715666 0.0392458 9.9964E-05 0.888788 9.9964E-05 9.9964E-05 9.9964E-05
0.170536 0.00289728 0.0539362 0.605577 9.9982E-05 9.9982E-05 0.166854
9.9991E-05 0.0114095 0.0328687 0.849238 0.0159877 0.00241966 0.0879759
9.9955E-05 9.9955E-05 9.9955E-05 0.949318 9.9955E-05 0.0501821 9.9955E-05
0.13458 9.9982E-05 0.127082 0.473181 9.9982E-05 0.0201707 0.244787
9.9973E-05 9.9973E-05 0.041233 0.759618 0.0640086 9.9973E-05 0.13484
0.141727 0.0710192 0.083469 0.34055 0.0135729 0.116985 0.232676
9.9991E-05 0.0967819 0.0414305 0.538043 0.0139398 0.148885 0.16082
0.398251 9.9982E-05 9.9982E-05 0.265617 0.0456346 0.0454121 0.244886
0.0887906 0.00239004 9.9973E-05 0.687747 9.9973E-05 9.9973E-05 0.220773
9.995E-05 9.995E-05 9.995E-05 0.9994 9.995E-05 9.995E-05 9.995E-05
0.141344 9.9991E-05 0.073597 0.17046 0.03387 0.189263 0.391366
0.0257239 9.9991E-05 0.169864 0.502479 0.115848 0.0718617 0.114124
9.9955E-05 9.9955E-05 9.9955E-05 9.9955E-05 9.9955E-05 0.968174 0.0313258
9.995E-05 9.995E-05 9.995E-05 9.995E-05 9.995E-05 0.9994 9.995E-05
0.0186182 0.108398 0.0170295 0.016348 0.0753551 0.384082 0.38017
9.9973E-05 9.9973E-05 9.9973E-05 0.0329976 0.00770465 0.760823 0.198174
9.9955E-05 9.9955E-05 9.9955E-05 0.0930269 9.9955E-05 0.906473 9.9955E-05
0.0314723 9.9991E-05 0.0462183 0.107104 0.015349 0.378765 0.420991
0.0228198 0.00524145 0.0710993 0.228484 9.9991E-05 0.285642 0.386613
9.9982E-05 0.0481826 9.9982E-05 0.146569 0.0335198 0.497512 0.274016
9.9955E-05 9.9955E-05 9.9955E-05 9.9955E-05 9.9955E-05 0.787739 0.211762
0.0911777 0.0204014 9.9982E-05 0.027723 9.9982E-05 0.294423 0.566075
9.9964E-05 9.9964E-05 0.0389254 9.9964E-05 9.9964E-05 0.585458 0.375216
9.995E-05 9.995E-05 9.995E-05 9.995E-05 9.995E-05 0.9994 9.995E-05
0.180141 0.0155369 9.9991E-05 0.026472 0.000218909 0.147263 0.630268
9.9973E-05 0.00694803 9.9973E-05 0.32296 9.9973E-05 0.288791 0.381001
