0.511192 0.420149 0.0686587
0.598336 0.291371 0.110293
0.548316 9.9991E-05 0.451584
0.589896 0.337188 0.0729154
0.592629 0.150387 0.256983
0.509659 0.417609 0.072732
0.56939 9.9991E-05 0.43051
0.601417 9.9991E-05 0.398483
0.713379 0.124317 0.162304
0.513099 0.33834 0.148561
0.456586 0.333402 0.210012
0.451119 0.0900111 0.45887
0.558555 0.410946 0.0304992
0.790514 0.05385 0.155636
0.672599 0.20765 0.119751
0.52385 0.454747 0.021403
0.132495 0.341528 0.525977
9.9991E-05 0.0726738 0.927226
9.9991E-05 0.058672 0.941228
9.9991E-05 0.364148 0.635752
0.721027 0.278873 9.9991E-05
0.530506 0.397239 0.0722549
0.0726502 0.92725 9.9991E-05
0.338788 0.647923 0.0132891
0.287381 0.699107 0.0135128
0.773485 0.11694 0.109575
0.539568 0.292141 0.168292
0.720262 9.9991E-05 0.279638
0.664604 0.274617 0.0607792
0.717838 0.216577 0.0655852
0.612923 0.309604 0.0774737
0.708308 9.9991E-05 0.291592
0.521558 0.454062 0.0243807
0.572726 0.383201 0.0440727
9.9991E-05 0.994524 0.00537573
0.00852953 0.99137 9.9991E-05
0.257266 0.659607 0.0831273
0.132686 0.867214 9.9991E-05
0.0586532 0.941247 9.9991E-05
9.9991E-05 0.975118 0.0247819
9.9991E-05 0.987526 0.0123744
0.0421879 0.957712 9.9991E-05
9.999E-05 0.9998 9.999E-05
9.999E-05 0.9998 9.999E-05
9.9991E-05 0.991465 0.00843496
0.061328 0.938572 9.9991E-05
0.00542591 0.911599 0.0829754
9.9991E-05 0.988778 0.0111221
0.344041 0.655859 9.9991E-05
0.0622242 0.858376 0.0793998
0.00377214 0.903568 0.09266
9.9991E-05 0.967621 0.0322791
9.999E-05 0.9998 9.999E-05
9.9991E-05 0.911168 0.0887317
9.999E-05 0.9998 9.999E-05
0.197299 0.802601 9.9991E-05
0.028484 0.95437 0.0171463
0.318143 9.9991E-05 0.681757
0.483632 0.241992 0.274376
0.415525 0.281739 0.302736
0.297029 0.131159 0.571812
0.420991 0.379739 0.19927
0.328796 0.169337 0.501867
0.50997 0.351887 0.138143
0.41972 0.292927 0.287353
0.413629 0.409749 0.176622
0.401266 0.323305 0.275429
0.431572 0.349502 0.218925
0.574521 0.357671 0.0678078
0.700392 0.093191 0.206417
0.594839 0.269963 0.135197
0.468374 0.340817 0.190809
0.759521 9.9991E-05 0.240379
0.584861 0.35739 0.0577492
0.72263 0.20005 0.0773204
0.790082 9.9991E-05 0.209818
0.75514 9.9991E-05 0.24476
0.758993 0.143266 0.097741
0.698666 9.9991E-05 0.301234
0.74292 0.132855 0.124225
0.744613 0.255287 9.9991E-05
0.664177 0.313714 0.0221085
0.962664 9.9991E-05 0.0372356
0.9998 9.999E-05 9.999E-05
0.64672 0.35318 9.9991E-05
0.333954 0.551734 0.114312
0.336322 0.47056 0.193118
0.222249 0.353765 0.423986
0.395968 0.373624 0.230408
0.692534 0.034675 0.272791
0.697798 0.108646 0.193556
0.658127 0.341773 9.9991E-05
0.693401 0.306499 9.9991E-05
0.754584 0.138654 0.106763
0.615966 0.383934 9.9991E-05
0.668882 0.331018 9.9991E-05
0.527645 0.390249 0.0821062
0.930475 0.0578323 0.0116927
0.7757 0.184158 0.040142
0.67541 0.32449 9.9991E-05
0.653689 0.252002 0.094309
0.575691 0.286609 0.1377
0.840439 0.154959 0.00460116
0.937335 9.9991E-05 0.0625649
0.702294 0.283312 0.0143936
0.929276 0.0485668 0.022157
0.866949 0.132951 9.9991E-05
0.658269 0.341631 9.9991E-05
0.763775 0.236125 9.9991E-05
0.386908 0.458733 0.154359
0.496626 0.429365 0.0740093
0.33565 0.387177 0.277173
0.386428 0.430928 0.182643
0.484614 0.448545 0.0668419
0.447684 0.401312 0.151004
0.462204 0.0606925 0.477103
0.48842 0.51148 9.9991E-05
0.247431 0.0760336 0.676535
0.546155 0.423682 0.0301629
0.96356 9.9991E-05 0.0363396
0.980488 9.9991E-05 0.0194121
0.848193 0.151707 9.9991E-05
0.763803 0.236097 9.9991E-05
0.948375 0.0515245 9.9991E-05
0.767307 0.232593 9.9991E-05
0.761673 0.238227 9.9991E-05
0.258369 0.681599 0.060032
0.217605 0.67438 0.108014
0.236375 0.660981 0.102644
0.163319 0.610753 0.225929
0.328861 0.67075 0.000388699
9.9991E-05 0.681598 0.318302
0.194487 0.644111 0.161402
0.176438 0.714719 0.108843
0.291115 0.643758 0.0651264
0.21333 0.74143 0.0452399
0.414996 0.574294 0.0107093
0.197671 0.700733 0.101596
0.29816 0.584606 0.117235
0.0781801 0.726697 0.195123
0.199413 0.684905 0.115683
0.251861 0.548688 0.199451
0.0461596 0.764618 0.189223
0.21516 0.696876 0.0879641
0.28186 0.546164 0.171975
0.36287 0.495689 0.141441
0.285269 0.511247 0.203484
0.260737 0.624248 0.115015
0.22213 0.677638 0.100233
0.0300123 0.733223 0.236764
0.379306 0.397646 0.223048
0.394398 0.387298 0.218304
9.9991E-05 0.0369268 0.962973
9.999E-05 9.999E-05 0.9998
0.389468 0.216226 0.394306
0.0664301 0.130111 0.803459
9.9991E-05 0.0930634 0.906837
0.375802 0.314559 0.309639
0.33398 0.285955 0.380065
0.219476 0.207337 0.573187
0.0386799 0.0766478 0.884672
0.348858 0.357492 0.29365
0.245469 0.0959089 0.658622
9.999E-05 9.999E-05 0.9998
0.385983 0.509823 0.104193
0.21003 0.366819 0.423151
