0.0542265 0.432695 0.513078
0.107636 0.311273 0.581091
0.415742 9.9991E-05 0.584158
0.0710377 0.344643 0.58432
0.169947 0.193951 0.636102
0.0499476 0.37293 0.577123
0.324051 0.0386864 0.637262
0.304224 9.9991E-05 0.695676
0.137788 0.0841744 0.778038
0.126919 0.381596 0.491484
0.135624 0.278339 0.586037
0.429855 0.0661813 0.503964
9.9991E-05 0.392212 0.607688
0.123601 0.0295493 0.84685
0.00462882 0.2045 0.790871
0.03281 0.40618 0.56101
0.527537 0.307685 0.164778
0.935753 0.0641475 9.9991E-05
0.959175 0.0407254 9.9991E-05
0.637353 0.362547 9.9991E-05
9.9991E-05 0.286024 0.713876
9.9991E-05 0.385986 0.613914
9.9991E-05 0.866928 0.132972
0.00824119 0.717766 0.273993
0.0676353 0.620067 0.312298
0.0933671 0.055572 0.851061
0.0156401 0.360779 0.623581
0.250342 9.9991E-05 0.749558
0.017661 0.281215 0.701124
0.0279118 0.206918 0.765171
0.00972856 0.277394 0.712877
0.238141 9.9991E-05 0.761759
0.00838001 0.418339 0.573281
0.0305578 0.305834 0.663608
0.0168611 0.983039 9.9991E-05
9.9991E-05 0.957524 0.0423759
0.0154819 0.764945 0.219573
9.9991E-05 0.866599 0.133301
0.0474429 0.952457 9.9991E-05
0.012486 0.987414 9.9991E-05
0.0322292 0.967671 9.9991E-05
9.9991E-05 0.983597 0.0163031
9.999E-05 0.9998 9.999E-05
9.999E-05 0.9998 9.999E-05
0.0121731 0.987727 9.9991E-05
0.0389838 0.851503 0.109513
0.0339465 0.898013 0.0680406
9.999E-05 0.9998 9.999E-05
0.0437558 0.620804 0.335441
0.0349097 0.823576 0.141514
0.0147357 0.913318 0.0719462
0.0255019 0.974398 9.9991E-05
9.999E-05 0.9998 9.999E-05
0.0309965 0.968903 9.9991E-05
9.999E-05 0.9998 9.999E-05
0.0525711 0.786225 0.161204
0.0386714 0.961229 9.9991E-05
0.744189 9.9991E-05 0.255711
0.36472 0.183225 0.452055
0.273526 0.269362 0.457112
0.528942 0.0956068 0.375451
0.213264 0.395406 0.39133
0.55536 0.133488 0.311152
0.206724 0.410536 0.38274
0.35801 0.287937 0.354052
0.242156 0.344009 0.413835
0.267671 0.334593 0.397735
0.175526 0.309591 0.514883
0.123993 0.272363 0.603644
0.222908 0.0504317 0.726661
0.0595657 0.241198 0.699236
0.0368584 0.416798 0.546343
0.18823 0.0212427 0.790527
0.0367755 0.397219 0.566006
0.0822521 0.215328 0.70242
0.230263 9.9991E-05 0.769637
0.211369 9.9991E-05 0.788531
0.0494862 0.132016 0.818497
0.242354 9.9991E-05 0.757546
0.148908 0.149777 0.701314
9.9991E-05 0.266307 0.733593
0.0809058 0.358108 0.560986
0.0156329 9.9991E-05 0.984267
0.0244574 9.9991E-05 0.975443
9.9991E-05 0.328852 0.671048
0.159873 0.474316 0.365811
0.165475 0.505261 0.329264
0.364827 0.366845 0.268328
0.255681 0.445288 0.299031
0.286377 0.0051243 0.708499
0.222787 0.0163931 0.76082
9.9991E-05 0.337348 0.662552
9.9991E-05 0.286704 0.713196
0.153618 0.138437 0.707945
9.9991E-05 0.353253 0.646647
0.00960705 0.339612 0.650781
0.0384748 0.394821 0.566704
9.9991E-05 0.0278584 0.972042
0.0832627 0.177065 0.739673
9.9991E-05 0.266606 0.733295
0.139982 0.186239 0.673779
0.082472 0.316601 0.600927
0.0519277 0.129869 0.818203
9.999E-05 9.999E-05 0.9998
9.9991E-05 0.212716 0.787184
0.0400292 9.9991E-05 0.959871
9.9991E-05 0.159288 0.840612
9.9991E-05 0.359577 0.640323
9.9991E-05 0.240693 0.759207
0.139777 0.500068 0.360156
0.177841 0.375274 0.446885
0.234867 0.439376 0.325757
0.200439 0.404609 0.394953
0.0737709 0.59316 0.333069
0.225171 0.382414 0.392415
0.504981 0.0599014 0.435117
9.9991E-05 0.456539 0.543361
0.717865 0.0429776 0.239157
0.0217233 0.377292 0.600985
0.0419827 9.9991E-05 0.957917
0.04921 9.9991E-05 0.95069
9.9991E-05 0.0975681 0.902332
9.9991E-05 0.27597 0.72393
9.9991E-05 0.0495703 0.95033
9.9991E-05 0.237862 0.762038
9.9991E-05 0.15473 0.84517
0.0236892 0.651974 0.324336
0.136588 0.688636 0.174776
0.099658 0.719861 0.180481
0.177498 0.666373 0.156129
0.0390394 0.662945 0.298016
0.278892 0.721008 9.9991E-05
0.142554 0.6842 0.173246
0.105312 0.762682 0.132005
0.108595 0.628061 0.263344
0.0499354 0.761037 0.189028
9.9991E-05 0.638316 0.361584
0.049069 0.757222 0.193709
0.0432894 0.627513 0.329197
0.17126 0.710845 0.117895
0.0594956 0.657851 0.282653
0.0948833 0.689734 0.215383
0.201938 0.740179 0.057883
0.153762 0.647877 0.198361
0.220633 0.480431 0.298936
0.15666 0.448921 0.394419
0.214191 0.509068 0.276741
0.0452962 0.601481 0.353223
0.0871662 0.791837 0.120997
0.217338 0.705638 0.0770237
0.20434 0.357371 0.438289
0.208757 0.300455 0.490787
0.952114 0.0477856 9.9991E-05
0.9998 9.999E-05 9.999E-05
0.419493 0.209405 0.371101
0.837905 0.077495 0.0846003
0.869337 0.130563 9.9991E-05
0.322392 0.234131 0.443477
0.307615 0.372531 0.319854
0.522006 0.215249 0.262745
0.845697 0.0481628 0.10614
0.230881 0.344725 0.424394
0.633382 0.102912 0.263707
0.9998 9.999E-05 9.999E-05
0.0954553 0.516889 0.387655
0.352589 0.348945 0.298466
