0.132238 0.551178 0.316584
0.0711802 0.628799 0.300021
0.486908 0.512992 9.9991E-05
0.0391315 0.621023 0.339845
0.303091 0.510087 0.186822
0.180652 0.591324 0.228024
0.384726 0.559491 0.0557822
0.332531 0.667369 9.9991E-05
0.141713 0.656873 0.201414
0.141749 0.496883 0.361368
0.1904 0.559802 0.249798
0.415831 0.509457 0.0747114
9.9991E-05 0.596502 0.403398
0.16822 0.797832 0.0339482
0.0460845 0.739991 0.213925
0.015269 0.600142 0.384589
0.519982 0.178798 0.30122
0.933057 9.9991E-05 0.0668426
0.959897 9.9991E-05 0.0400029
0.637505 9.9991E-05 0.362395
9.9991E-05 0.747386 0.252514
0.0698597 0.586554 0.343587
9.9991E-05 0.126851 0.873049
0.0149955 0.275639 0.709365
0.13229 0.260203 0.607506
0.131819 0.739035 0.129146
0.047573 0.591282 0.361145
0.282737 0.717163 9.9991E-05
0.172814 0.623258 0.203929
0.119072 0.681674 0.199254
0.0759207 0.659697 0.264383
0.243004 0.756896 9.9991E-05
0.0616377 0.562763 0.375599
0.0540759 0.579289 0.366635
9.999E-05 9.999E-05 0.9998
9.9991E-05 0.0217908 0.978109
9.9991E-05 0.221421 0.778479
9.9991E-05 0.156492 0.843408
0.0114318 0.0607097 0.927858
0.0266241 9.9991E-05 0.973276
0.0368534 9.9991E-05 0.963047
9.999E-05 9.999E-05 0.9998
9.999E-05 9.999E-05 0.9998
9.999E-05 9.999E-05 0.9998
9.999E-05 9.999E-05 0.9998
0.0197846 0.0571965 0.923019
0.00229098 0.0804902 0.917219
9.999E-05 9.999E-05 0.9998
0.0699788 0.244429 0.685592
0.0416379 0.0858822 0.87248
0.0162445 0.112453 0.871302
0.0199287 9.9991E-05 0.979971
9.999E-05 9.999E-05 0.9998
0.0499216 9.9991E-05 0.949978
9.999E-05 9.999E-05 0.9998
0.0745244 0.14051 0.784966
0.0305237 0.0749745 0.894502
0.767095 0.232805 9.9991E-05
0.338518 0.420131 0.241351
0.28043 0.440541 0.27903
0.526919 0.309462 0.163619
0.119423 0.484982 0.395595
0.474879 0.396619 0.128502
0.197351 0.521767 0.280881
0.346568 0.404866 0.248566
0.249591 0.370357 0.380053
0.333741 0.382451 0.283809
0.247863 0.440914 0.311223
0.117961 0.633098 0.248941
0.310915 0.651052 0.0380328
0.17754 0.587511 0.234949
0.0955482 0.56808 0.336372
0.277224 0.722676 9.9991E-05
0.0684551 0.592463 0.339082
0.10397 0.653603 0.242427
0.259212 0.740688 9.9991E-05
0.271638 0.728262 9.9991E-05
0.123792 0.6885 0.187708
0.263946 0.735954 9.9991E-05
0.202067 0.673498 0.124434
9.9991E-05 0.76299 0.23691
0.0156763 0.622249 0.362075
0.0594687 0.940431 9.9991E-05
0.0229616 0.976938 9.9991E-05
0.0246366 0.617463 0.3579
0.211276 0.284367 0.504356
0.178346 0.345431 0.476223
0.324461 0.315435 0.360104
0.216738 0.367673 0.415589
0.317677 0.637167 0.0451562
0.228306 0.652986 0.118708
0.00565649 0.704913 0.28943
9.9991E-05 0.727813 0.272087
0.128649 0.739065 0.132286
0.0387591 0.646357 0.314884
9.9991E-05 0.633192 0.366708
0.0145784 0.525491 0.459931
9.9991E-05 0.92878 0.0711195
9.9991E-05 0.846898 0.153002
9.9991E-05 0.721961 0.277939
0.0196512 0.825009 0.155339
0.117506 0.524095 0.358399
0.116817 0.721111 0.162072
9.999E-05 0.9998 9.999E-05
0.000147733 0.722861 0.276991
0.024468 0.948406 0.0271264
9.9991E-05 0.87764 0.12226
0.0838756 0.605087 0.311038
9.9991E-05 0.707779 0.292121
0.160056 0.357007 0.482938
0.216007 0.421849 0.362144
0.276847 0.326096 0.397057
0.264945 0.337582 0.397473
0.116216 0.393526 0.490258
0.100414 0.46283 0.436756
0.370681 0.553276 0.0760424
0.0344002 0.404233 0.561367
0.614633 0.270746 0.114621
9.9991E-05 0.589509 0.410391
9.999E-05 0.9998 9.999E-05
0.0392076 0.960692 9.9991E-05
9.9991E-05 0.823158 0.176742
9.9991E-05 0.776965 0.222935
9.9991E-05 0.958236 0.0416636
9.9991E-05 0.796447 0.203453
9.9991E-05 0.850054 0.149846
0.0333065 0.323757 0.642936
0.126502 0.248331 0.625167
0.015555 0.252675 0.73177
0.131215 0.182229 0.686556
0.0382264 0.364931 0.596843
0.276337 9.9991E-05 0.723563
0.151525 0.168608 0.679866
0.185118 0.147999 0.666884
0.11642 0.238774 0.644806
0.0603928 0.24996 0.689647
0.0901632 0.270602 0.639235
0.101151 0.18484 0.71401
0.0614146 0.303552 0.635033
0.162878 0.108266 0.728856
0.0382535 0.310455 0.651292
0.0948226 0.292493 0.612685
0.203522 9.9991E-05 0.796378
0.0542163 0.316016 0.629768
0.142596 0.257365 0.600039
0.303193 0.293187 0.40362
0.252016 0.280142 0.467843
0.112286 0.260253 0.62746
0.0707216 0.229056 0.700223
0.241779 0.0417002 0.716521
0.305086 0.308423 0.386491
0.192935 0.423589 0.383475
0.983248 9.9991E-05 0.0166518
0.9998 9.999E-05 9.999E-05
0.406362 0.415652 0.177986
0.880465 0.0585826 0.0609527
0.934649 9.9991E-05 0.0652512
0.37311 0.36127 0.26562
0.409503 0.260705 0.329792
0.587147 0.218114 0.194739
0.89287 0.0657163 0.0414135
0.213468 0.438652 0.34788
0.67148 0.252807 0.0757131
0.9998 9.999E-05 9.999E-05
0.218593 0.329595 0.451812
0.427543 0.20921 0.363247
