9.9946E-05 9.9946E-05 9.9946E-05 0.0168743 0.0727051 9.9946E-05 9.9946E-05 0.344641 0.56518 9.9946E-05
0.0436085 0.0119613 0.017824 9.9955E-05 9.9955E-05 9.9955E-05 9.9955E-05 0.503933 0.422174 9.9955E-05
9.9946E-05 9.9946E-05 9.9946E-05 0.00547986 9.9946E-05 9.9946E-05 0.129958 0.324281 0.539682 9.9946E-05
9.9955E-05 9.9955E-05 9.9955E-05 0.0273848 0.132519 0.0185673 9.9955E-05 0.506452 0.314578 9.9955E-05
0.0304827 9.9964E-05 9.9964E-05 0.0705811 0.00737871 0.0346606 9.9964E-05 0.423043 0.433454 9.9964E-05
9.9973E-05 0.137158 0.0228549 0.00824114 0.0364492 9.9973E-05 0.0820364 0.69229 9.9973E-05 0.0206708
9.9937E-05 0.0624338 9.9937E-05 9.9937E-05 9.9937E-05 9.9937E-05 9.9937E-05 0.897024 9.9937E-05 0.0398431
9.9955E-05 0.106686 9.9955E-05 0.0485959 9.9955E-05 0.0026035 9.9955E-05 0.839188 9.9955E-05 0.00242681
9.99459E-05 9.99459E-05 0.0810803 0.0465404 9.99459E-05 9.99459E-05 9.99459E-05 0.375794 0.495986 9.99459E-05
0.0274464 0.0366759 9.9955E-05 9.9955E-05 0.0751644 0.0421316 9.9955E-05 0.818082 9.9955E-05 9.9955E-05
9.9946E-05 0.0825002 9.9946E-05 0.0492169 9.9946E-05 9.9946E-05 9.9946E-05 0.814778 9.9946E-05 0.0529054
9.9937E-05 9.9937E-05 9.9937E-05 9.9937E-05 9.9937E-05 0.0419957 0.0940933 9.9937E-05 9.9937E-05 0.863211
0.0306488 9.99496E-05 9.99496E-05 9.99496E-05 9.99496E-05 0.084868 0.416606 9.99496E-05 9.99496E-05 0.467278
0.0381218 9.9973E-05 9.9973E-05 0.00410696 9.9973E-05 0.0280166 0.0882154 0.00812059 0.0239324 0.809186
0.000121673 9.9973E-05 9.9973E-05 9.9973E-05 0.0073434 0.162016 0.0617452 0.0121792 0.00883935 0.747455
9.9973E-05 0.0270215 0.00602582 9.9973E-05 0.0909022 0.088299 0.203136 0.102157 9.9973E-05 0.482158
0.00971183 9.9964E-05 9.9964E-05 9.9964E-05 0.246813 0.0534969 0.302163 9.9964E-05 0.0133671 0.374048
0.0175853 0.101725 0.0215485 0.0161823 9.9982E-05 0.0832618 0.324151 9.9982E-05 0.00705962 0.428286
9.9964E-05 9.9964E-05 9.9964E-05 9.9964E-05 0.0283638 0.0337381 0.16107 0.0189944 0.0628075 0.694626
9.9946E-05 0.0312977 9.9946E-05 0.0943764 9.9946E-05 9.9946E-05 9.9946E-05 0.0365574 9.9946E-05 0.837169
0.0221905 0.0304911 0.0932983 0.0247259 9.9982E-05 0.0573451 0.353397 9.9982E-05 0.0459888 0.372364
0.0464421 0.13731 9.9955E-05 9.9955E-05 9.9955E-05 0.0690587 0.379638 9.9955E-05 9.9955E-05 0.367051
0.03202 0.101784 9.9982E-05 0.0140575 0.0266632 9.9982E-05 0.549087 0.038226 0.014006 0.223956
9.9955E-05 0.0282455 0.0124559 9.9955E-05 9.9955E-05 0.0569861 0.131168 9.9955E-05 9.9955E-05 0.770645
0.0106116 0.0349698 9.9964E-05 9.9964E-05 0.0907787 9.9964E-05 0.500228 0.108998 9.9964E-05 0.254015
9.9955E-05 9.9955E-05 9.9955E-05 0.00857748 0.103252 0.0603594 0.362033 9.9955E-05 9.9955E-05 0.465278
9.9946E-05 0.00645346 9.9946E-05 9.9946E-05 9.9946E-05 0.0312797 9.9946E-05 0.0712697 9.9946E-05 0.890397
9.99442E-05 9.99442E-05 9.99442E-05 9.99442E-05 0.02041 0.155209 9.99442E-05 9.99442E-05 9.99442E-05 0.823681
9.9964E-05 0.0395569 9.9964E-05 0.0139985 9.9964E-05 0.00354719 0.0555844 0.0418469 9.9964E-05 0.845066
9.9937E-05 9.9937E-05 9.9937E-05 9.9937E-05 9.9937E-05 0.0370718 0.0762191 9.9937E-05 0.88601 9.9937E-05
9.9937E-05 9.9937E-05 9.9937E-05 9.9937E-05 9.9937E-05 9.9937E-05 0.0934026 9.9937E-05 0.877418 0.0284799
9.9946E-05 9.9946E-05 9.9946E-05 9.9946E-05 9.9946E-05 0.0471506 0.161231 0.069496 0.721523 9.9946E-05
9.9955E-05 9.9955E-05 0.0357781 9.9955E-05 9.9955E-05 0.0675441 0.116468 0.239291 0.540418 9.9955E-05
0.0410021 0.0815703 0.0465066 0.0077955 9.9982E-05 0.00315305 0.619962 9.9982E-05 0.00257646 0.197234
9.9964E-05 9.9964E-05 0.287181 0.00365211 0.182726 9.9964E-05 0.449789 0.0751914 9.9964E-05 0.00106122
0.11644 0.00399726 0.232722 9.9955E-05 9.9955E-05 9.9955E-05 0.609952 0.0363898 9.9955E-05 9.9955E-05
0.00810086 9.9982E-05 0.0993966 0.273625 0.0424073 9.9982E-05 0.0276869 0.0303272 0.0913947 0.426861
0.0165115 0.0112057 0.463412 0.0235806 9.9973E-05 0.041054 0.414585 0.0293508 9.9973E-05 9.9973E-05
0.00184564 9.9991E-05 0.242076 0.123319 0.118866 0.0167585 0.421945 0.0128322 0.00169849 0.0605577
0.0122288 0.0707766 0.109722 9.9973E-05 0.00644268 0.0252008 0.706056 9.9973E-05 0.0692733 9.9973E-05
9.9964E-05 0.215528 0.0616581 0.0716127 0.033279 9.9964E-05 0.558707 0.0588154 9.9964E-05 9.9964E-05
9.9964E-05 0.0420818 0.0554045 0.103446 9.9964E-05 9.9964E-05 0.618234 9.9964E-05 0.113029 0.0674049
9.9973E-05 0.0129146 0.614706 0.0793793 0.0411843 9.9973E-05 0.196584 0.022862 0.0320698 9.9973E-05
9.9964E-05 0.282681 0.0232524 9.9964E-05 0.19606 0.0188391 0.458824 9.9964E-05 9.9964E-05 0.0199432
9.9973E-05 0.0480946 0.256347 0.0201365 0.107376 0.135159 0.400894 0.0316925 9.9973E-05 9.9973E-05
9.9982E-05 0.0613252 0.0210272 9.9982E-05 0.0845759 0.0461555 0.530069 0.0136075 0.0963604 0.146679
0.0648502 9.9946E-05 0.511608 9.9946E-05 0.00209327 9.9946E-05 0.420849 9.9946E-05 9.9946E-05 9.9946E-05
9.9955E-05 9.9955E-05 0.19938 9.9955E-05 0.139857 0.00109767 0.545655 0.113511 9.9955E-05 9.9955E-05
0.103642 9.9973E-05 0.157711 9.9973E-05 0.0137839 0.0526113 0.526446 9.9973E-05 0.0851294 0.0603762
9.9946E-05 0.162201 0.748323 9.9946E-05 9.9946E-05 9.9946E-05 9.9946E-05 0.0466721 0.0422034 9.9946E-05
0.0672974 0.0343288 0.198286 0.320992 0.104844 9.9973E-05 0.0672236 9.9973E-05 9.9973E-05 0.206729
0.0875978 0.26948 0.247034 9.9955E-05 0.125503 9.9955E-05 9.9955E-05 9.9955E-05 9.9955E-05 0.269886
0.0483843 9.9982E-05 0.0444494 0.0985833 0.105771 0.0529864 0.464335 9.9982E-05 0.0835357 0.101755
0.0542962 0.132463 9.9964E-05 9.9964E-05 0.258769 9.9964E-05 0.407042 9.9964E-05 0.0568045 0.0902255
0.0838533 0.0282422 0.0354523 0.0875412 0.250928 0.0153367 0.411452 0.00491678 0.00691199 0.0753647
0.00237923 0.067417 0.216565 0.265553 0.152353 9.9982E-05 0.131652 9.9982E-05 0.0630419 0.100838
0.0701379 0.0631869 9.9982E-05 0.151399 0.0417761 0.0355716 0.472074 9.9982E-05 0.0270371 0.138617
9.9982E-05 0.0753773 0.0899902 0.0623415 0.260059 0.0394966 0.322768 0.0303841 9.9982E-05 0.119383
0.0571154 0.171317 0.105508 0.00744385 9.9991E-05 0.0444342 0.364464 0.0363157 0.0472033 0.166098
0.0228749 0.089497 0.108898 0.116692 0.0720926 9.9982E-05 9.9982E-05 0.0416893 0.151209 0.396847
9.9973E-05 0.0420084 0.0834617 0.0968445 0.250988 9.9973E-05 0.35311 9.9973E-05 0.0617012 0.111586
0.138629 9.9973E-05 0.0164114 0.126094 0.304668 9.9973E-05 0.148953 0.00242456 9.9973E-05 0.26252
0.0251595 0.0600753 0.16519 0.155033 0.0133539 9.9982E-05 9.9982E-05 0.0391423 0.00831534 0.533531
0.16191 9.9973E-05 0.00076757 0.0200786 0.0803263 9.9973E-05 0.356614 9.9973E-05 0.0142293 0.365774
0.149408 0.0180049 9.99679E-05 9.99679E-05 0.236741 0.0592814 0.394328 9.99679E-05 9.99679E-05 0.141837
0.0173855 9.9973E-05 9.9973E-05 0.0978854 0.217678 0.00845362 0.446555 9.9973E-05 0.0929304 0.118813
0.0634896 0.0663057 0.123296 0.0233493 9.9982E-05 0.02699 0.289261 0.0673183 9.9982E-05 0.33979
0.0249043 0.0989587 0.101534 0.0229306 0.145828 0.0172275 0.298918 0.00626303 9.9991E-05 0.283336
0.0591099 0.0318032 0.0778639 0.108918 0.147514 9.9982E-05 0.448213 9.9982E-05 0.00836081 0.118017
0.104579 0.118444 0.0828311 0.121722 0.0103392 9.9982E-05 0.132134 9.9982E-05 0.0318025 0.397948
9.9955E-05 0.0456532 0.33681 0.0421773 9.9955E-05 9.9955E-05 0.562901 9.9955E-05 9.9955E-05 0.0119588
9.9946E-05 9.9946E-05 0.520755 9.9946E-05 9.9946E-05 9.9946E-05 0.249345 0.00595545 9.9946E-05 0.223344
9.9973E-05 0.0821695 0.155359 9.9973E-05 0.172167 9.9973E-05 0.38295 0.0572214 0.0471277 0.102706
9.9964E-05 0.037781 0.811618 0.00551485 0.0593804 9.9964E-05 0.0511012 9.9964E-05 0.0342044 9.9964E-05
0.0164507 0.090322 0.746974 9.9955E-05 9.9955E-05 9.9955E-05 0.0838429 9.9955E-05 9.9955E-05 0.061911
9.9937E-05 9.9937E-05 0.645653 9.9937E-05 9.9937E-05 0.0124738 0.341174 9.9937E-05 9.9937E-05 9.9937E-05
9.9946E-05 9.9946E-05 0.466014 9.9946E-05 9.9946E-05 9.9946E-05 0.433281 0.098044 9.9946E-05 0.00206222
0.061391 9.9982E-05 0.10001 0.0376215 0.0806542 0.0396306 0.454366 0.159884 9.9982E-05 0.0662425
9.9964E-05 9.9964E-05 0.416224 9.9964E-05 0.0809562 0.00592061 0.435108 9.9964E-05 0.0295119 0.0318797
9.9973E-05 9.9973E-05 0.54933 0.0876496 0.074789 0.0519802 0.161165 9.9973E-05 0.0105671 0.0642194
9.9946E-05 9.9946E-05 0.41747 0.212199 9.9946E-05 9.9946E-05 0.317164 0.0525678 9.9946E-05 9.9946E-05
9.9982E-05 9.9982E-05 0.0659177 0.111895 0.152666 0.0273416 0.5479 0.00779136 0.0487331 0.0375546
9.9964E-05 9.9964E-05 0.453666 0.000853992 9.9964E-05 0.0809361 0.31892 0.0374102 9.9964E-05 0.107813
9.9955E-05 9.9955E-05 0.396819 9.9955E-05 0.212353 9.9955E-05 0.315427 9.9955E-05 0.0538378 0.0210633
0.048152 0.0754147 0.405832 9.9955E-05 9.9955E-05 9.9955E-05 0.437998 9.9955E-05 0.0321039 9.9955E-05
0.0680742 0.15592 0.706129 9.9955E-05 9.9955E-05 0.0464186 0.0229582 9.9955E-05 9.9955E-05 9.9955E-05
0.00665875 9.9964E-05 0.190989 0.107665 9.9964E-05 0.0547716 0.618711 9.9964E-05 0.0208042 9.9964E-05
9.9955E-05 9.9955E-05 9.9955E-05 9.9955E-05 9.9955E-05 0.0236832 0.0709229 0.496914 0.356735 0.0512449
9.9937E-05 9.9937E-05 9.9937E-05 9.9937E-05 9.9937E-05 9.9937E-05 0.0596446 0.205773 0.733883 9.9937E-05
9.9937E-05 9.9937E-05 9.9937E-05 9.9937E-05 9.9937E-05 0.00453782 0.124419 9.9937E-05 0.870343 9.9937E-05
9.9937E-05 9.9937E-05 9.9937E-05 9.9937E-05 9.9937E-05 9.9937E-05 0.0685147 0.0398336 0.890952 9.9937E-05
9.9955E-05 9.9955E-05 9.9955E-05 9.9955E-05 9.9955E-05 0.00510357 0.0902951 0.221055 0.682857 0.000189647
0.0404754 9.9964E-05 0.024249 0.00340793 9.9964E-05 0.0414941 9.9964E-05 0.218134 0.67184 9.9964E-05
9.9937E-05 9.9937E-05 9.9937E-05 9.9937E-05 0.0555893 9.9937E-05 9.9937E-05 0.294386 0.649325 9.9937E-05
9.9964E-05 9.9964E-05 0.162798 9.9964E-05 9.9964E-05 0.0721911 0.494201 0.0609471 0.0849737 0.12449
0.019239 0.0859899 0.107207 0.0657821 0.0602218 9.9982E-05 0.487032 9.9982E-05 0.0770295 0.097299
9.9955E-05 9.9955E-05 0.6926 0.0316008 9.9955E-05 9.9955E-05 0.150415 0.0123052 9.9955E-05 0.112579
0.0887275 0.0533339 0.118998 0.00438686 0.158945 0.00616543 0.432565 9.9991E-05 0.0515874 0.0851904
9.9955E-05 0.00275963 0.245025 9.9955E-05 9.9955E-05 9.9955E-05 0.531964 0.0781929 9.9955E-05 0.141559
0.0578197 9.9973E-05 0.246196 0.0273272 0.0773963 9.9973E-05 0.54143 9.9973E-05 0.0385743 0.0109568
0.0628874 0.115491 0.155442 9.9973E-05 9.9973E-05 9.9973E-05 0.568463 0.0328077 0.00310304 0.0615066
0.031096 0.0272789 0.34374 9.9973E-05 0.0015302 0.0567067 0.487576 0.0517719 9.9973E-05 9.9973E-05
9.9955E-05 9.9955E-05 0.662729 0.12559 9.9955E-05 9.9955E-05 9.9955E-05 0.0316595 0.0231316 0.15639
0.088891 9.9973E-05 0.0746678 0.00769554 9.9973E-05 0.041103 0.49244 0.208273 9.9973E-05 0.0866293
9.9964E-05 0.137947 0.157624 9.9964E-05 9.9964E-05 0.0251835 0.645065 0.00160153 0.0321786 9.9964E-05
9.9982E-05 9.9982E-05 0.0486782 0.153023 0.223002 0.033725 0.423327 0.00445149 0.0625312 0.0510621
9.9964E-05 0.0946876 0.449767 9.9964E-05 0.00919309 9.9964E-05 0.38073 9.9964E-05 0.0210509 0.0441713
0.0739805 9.9973E-05 0.323529 9.9973E-05 0.0203357 0.0411868 0.476093 0.0528841 0.011691 9.9973E-05
9.9982E-05 0.00904237 0.273796 0.00389761 0.0848929 9.9982E-05 0.422678 0.00670409 0.0225851 0.176205
0.0221183 9.9955E-05 0.526462 9.9955E-05 9.9955E-05 0.0661571 0.364646 9.9955E-05 9.9955E-05 0.0201175
9.9955E-05 9.9955E-05 0.322558 0.0939445 0.0569959 9.9955E-05 0.468128 9.9955E-05 0.0578739 9.9955E-05
0.0168494 9.9982E-05 0.0679651 0.0285503 9.9982E-05 0.0143695 0.681204 0.0809291 0.0861722 0.0237603
0.18925 0.0610536 0.0802682 0.13509 0.153587 0.0248038 0.0577883 0.00761347 9.9991E-05 0.290445
9.9982E-05 0.131277 0.0495133 0.196142 0.219027 0.0482059 0.137042 9.9982E-05 0.0696933 0.1489
0.0426055 0.048687 0.0106688 0.058794 0.0514114 0.0670923 0.479671 0.000966314 0.17182 0.0682832
0.0745367 0.0727035 0.0658107 0.0848338 9.9982E-05 0.150885 0.530369 0.018923 9.9982E-05 0.00173847
0.0252056 9.9982E-05 0.0695944 0.138387 0.123704 0.0082921 0.351319 0.025026 9.9982E-05 0.258273
0.00776174 9.9973E-05 9.9973E-05 0.174558 0.234155 0.0125067 0.408231 0.0116559 9.9973E-05 0.150832
0.0762747 9.9964E-05 9.9964E-05 0.252035 0.120443 9.9964E-05 0.341652 9.9964E-05 0.0256382 0.183558
0.203381 0.0587379 0.0431666 0.0867246 9.9973E-05 9.9973E-05 0.526873 0.0682942 0.0125235 9.9973E-05
9.9973E-05 0.108777 0.0698516 0.131201 0.219957 0.0331981 0.433733 9.9973E-05 9.9973E-05 0.00298325
0.0100758 0.0180727 0.0536998 0.109461 0.0435786 9.9982E-05 0.566264 9.9982E-05 0.0525822 0.146066
9.9964E-05 9.9964E-05 0.0168103 0.248092 0.0573303 9.9964E-05 0.489663 9.9964E-05 0.0066444 0.18106
0.0956739 0.00182497 9.9964E-05 0.102743 0.277729 0.0276406 0.493988 9.9964E-05 9.9964E-05 9.9964E-05
9.9964E-05 0.045187 9.9964E-05 0.0712189 0.211623 9.9964E-05 0.466943 9.9964E-05 0.145386 0.059242
0.0302047 9.9973E-05 0.048579 0.148101 0.260967 0.00583566 0.378897 9.9973E-05 9.9973E-05 0.127116
0.109528 0.043964 0.00539165 0.143145 0.107251 0.0453064 0.452818 9.9991E-05 0.0594535 0.0330426
0.123675 0.0743948 0.0552818 0.126696 0.249019 9.9973E-05 0.319363 9.9973E-05 9.9973E-05 0.0512709
0.133024 0.0412335 9.9964E-05 0.155271 9.9964E-05 9.9964E-05 0.282906 9.9964E-05 0.183353 0.203813
0.0490934 0.0473876 9.9982E-05 0.0925536 0.0825314 0.049015 0.578442 9.9982E-05 0.0542326 0.0465444
0.0984114 9.9964E-05 9.9964E-05 0.110836 0.171857 0.0410734 0.54036 9.9964E-05 0.0370626 9.9964E-05
0.0656309 9.9973E-05 0.181924 0.193171 0.0933994 0.0583567 0.084434 9.9973E-05 9.9973E-05 0.322785
0.214778 0.176418 0.051361 0.195106 0.0527046 0.0208652 0.103585 0.0337862 9.9991E-05 0.151296
0.0470523 0.101995 0.0294545 0.134623 9.9982E-05 0.0506974 0.542656 0.0019686 9.9982E-05 0.0913524
0.269584 0.188437 0.203933 0.218652 9.9973E-05 0.0705401 0.0189867 9.9973E-05 9.9973E-05 0.0295678
0.0555105 9.9973E-05 0.12792 0.169101 0.124444 9.9973E-05 0.142505 9.9973E-05 0.0184644 0.361755
0.0358893 9.9973E-05 0.204861 0.205141 0.254603 9.9973E-05 0.185581 0.0080989 9.9973E-05 0.105526
0.0172093 9.9964E-05 0.093421 0.223412 9.9964E-05 9.9964E-05 0.30668 9.9964E-05 0.0202049 0.338673
0.00340055 0.0330363 0.125073 0.234605 9.9973E-05 0.0455817 0.232805 9.9973E-05 9.9973E-05 0.325199
0.0605248 0.102997 0.0107176 0.0177304 0.0815556 0.0748997 0.497725 9.9991E-05 0.00193217 0.151818
0.0210014 0.0968842 0.0303002 0.0255025 0.0320451 0.0803988 0.531531 0.03177 0.0746298 0.0759369
9.9991E-05 0.0246567 0.0038067 0.134162 0.0131739 0.00719059 0.488244 0.0238605 0.152905 0.1519
0.108239 0.177294 0.131721 0.210707 9.9973E-05 0.0417482 0.121032 9.9973E-05 9.9973E-05 0.208959
0.0263055 0.00871366 0.0908463 0.056424 0.0855967 9.9991E-05 0.492391 0.16194 0.033442 0.0442406
0.0664728 0.186528 0.0671649 0.0545475 9.9982E-05 0.13523 0.439008 0.0119567 0.0388931 9.9982E-05
0.089725 0.38875 0.197701 0.0807529 0.000191201 9.9973E-05 9.9973E-05 9.9973E-05 0.177501 0.0650794
0.0124746 0.157044 0.0425498 9.9973E-05 9.9973E-05 0.134672 0.545456 9.9973E-05 0.0213671 0.0861361
0.0139637 0.173728 0.194217 0.0954284 0.299988 9.9982E-05 0.207225 0.0106871 0.00456174 9.9982E-05
0.185853 0.0842624 0.017579 9.9964E-05 0.233166 9.9964E-05 0.379567 9.9964E-05 0.0991734 9.9964E-05
9.9982E-05 0.331325 0.147502 0.058264 0.248785 9.9982E-05 0.075743 0.0346316 0.00648869 0.0970615
0.10103 0.376158 0.0210613 0.0908713 9.9973E-05 9.9973E-05 0.233446 9.9973E-05 0.0858449 0.0912885
0.113838 0.143455 0.0498264 0.0722627 9.9991E-05 0.00708006 0.420917 0.051714 0.0181522 0.122655
0.0718731 0.139161 9.9991E-05 0.0752032 0.0955017 0.0402485 0.386564 0.0169265 0.064069 0.110353
0.059433 0.134374 0.120637 0.0772217 0.147356 0.111047 0.222064 0.0840367 0.0336481 0.0101827
0.0426962 0.278711 0.240291 0.00579819 0.111613 0.0575077 9.9982E-05 9.9982E-05 0.111884 0.151299
0.157274 0.0891738 9.9982E-05 0.0394064 9.9982E-05 0.113234 0.360203 0.00127039 0.0472302 0.192008
9.9946E-05 0.345357 0.0804284 9.9946E-05 9.9946E-05 9.9946E-05 0.395851 9.9946E-05 9.9946E-05 0.177764
0.146917 0.133731 0.136872 9.9964E-05 9.9964E-05 0.00754318 0.407942 9.9964E-05 9.9964E-05 0.166595
9.9973E-05 0.175844 9.9973E-05 0.026779 0.178591 0.0119041 0.525605 0.042969 0.0380076 9.9973E-05
9.9973E-05 0.239616 9.9973E-05 9.9973E-05 0.0753605 0.226536 0.0780925 0.0223073 0.294609 0.0631795
9.9946E-05 0.308368 9.9946E-05 9.9946E-05 9.9946E-05 0.0986702 9.9946E-05 0.177814 0.414548 9.9946E-05
9.9946E-05 0.384136 9.9946E-05 9.9946E-05 9.9946E-05 0.144487 9.9946E-05 0.12195 0.348827 9.9946E-05
9.9964E-05 0.156729 9.9964E-05 0.0140615 0.361573 0.170966 9.9964E-05 0.0410747 0.255196 9.9964E-05
9.9937E-05 0.33775 9.9937E-05 9.9937E-05 9.9937E-05 0.00712445 0.654426 9.9937E-05 9.9937E-05 9.9937E-05
0.0488145 0.0603209 9.9982E-05 0.0887099 0.0973012 0.0276314 0.519149 9.9982E-05 0.0664476 0.0914255
9.9946E-05 9.9946E-05 9.9946E-05 0.00228616 9.9946E-05 0.666693 0.313521 9.9946E-05 9.9946E-05 0.0169008
9.9964E-05 9.9964E-05 0.0380485 0.0574057 0.228567 0.34394 0.245336 9.9964E-05 0.0863021 9.9964E-05
9.9973E-05 9.9973E-05 0.134469 0.0082512 0.129952 0.259895 0.349851 0.0171196 0.100163 9.9973E-05
0.153913 0.393988 0.0697508 9.9973E-05 0.0189322 9.9973E-05 0.311456 0.0355377 9.9973E-05 0.0161226
0.15956 0.10234 0.0660289 0.0420096 0.17969 0.0176807 0.300759 0.0393614 0.0199604 0.0726091
0.197981 0.501485 0.0232858 9.9964E-05 0.0443238 9.9964E-05 0.135431 9.9964E-05 9.9964E-05 0.0970933
9.9955E-05 0.244076 0.0349453 9.9955E-05 0.219471 9.9955E-05 0.47983 9.9955E-05 9.9955E-05 0.021177
0.21546 0.24049 9.9955E-05 0.0127207 9.9955E-05 9.9955E-05 0.424313 9.9955E-05 9.9955E-05 0.106516
0.0859524 0.197274 0.0736529 0.0458923 0.129324 0.0425497 0.416512 9.9982E-05 9.9982E-05 0.00864341
0.088773 0.405335 0.161866 9.9964E-05 9.9964E-05 0.0383212 0.0985274 9.9964E-05 9.9964E-05 0.206778
0.0181282 0.142248 0.114808 9.9973E-05 9.9973E-05 0.107382 0.564527 0.0106533 9.9973E-05 0.0419536
0.059592 0.110895 0.0906207 9.9964E-05 0.0682595 9.9964E-05 0.616482 9.9964E-05 0.0537512 9.9964E-05
0.0277911 9.9955E-05 9.9955E-05 9.9955E-05 9.9955E-05 0.936029 0.0083099 0.00145741 9.9955E-05 0.0259125
9.9937E-05 9.9937E-05 9.9937E-05 9.9937E-05 9.9937E-05 0.867757 0.104199 9.9937E-05 9.9937E-05 0.0273446
9.9946E-05 9.9946E-05 0.0593572 9.9946E-05 9.9946E-05 0.558156 0.249139 9.9946E-05 9.9946E-05 0.132749
9.9937E-05 9.9937E-05 9.9937E-05 0.0368971 9.9937E-05 0.691273 0.27113 9.9937E-05 9.9937E-05 9.9937E-05
9.9964E-05 9.9964E-05 0.0315611 9.9964E-05 0.0470795 0.756445 0.0622285 0.0339572 9.9964E-05 0.0683294
9.9928E-05 9.9928E-05 9.9928E-05 9.9928E-05 9.9928E-05 0.970641 9.9928E-05 9.9928E-05 9.9928E-05 0.0285601
9.9937E-05 9.9937E-05 9.9937E-05 0.0475251 9.9937E-05 0.921594 9.9937E-05 9.9937E-05 9.9937E-05 0.0301812
0.00976462 9.9946E-05 9.9946E-05 9.9946E-05 0.033414 0.803188 0.153034 9.9946E-05 9.9946E-05 9.9946E-05
9.9946E-05 9.9946E-05 9.9946E-05 0.00925362 9.9946E-05 0.929703 0.0450708 9.9946E-05 9.9946E-05 0.0153731
9.9937E-05 9.9937E-05 0.00645283 9.9937E-05 9.9937E-05 0.992277 0.000570241 9.9937E-05 9.9937E-05 9.9937E-05
9.9928E-05 9.9928E-05 9.9928E-05 9.9928E-05 9.9928E-05 0.99246 9.9928E-05 9.9928E-05 0.0067401 9.9928E-05
9.9955E-05 9.9955E-05 9.9955E-05 9.9955E-05 0.107614 0.715187 0.121515 9.9955E-05 0.0263999 0.0287847
9.9937E-05 9.9937E-05 9.9937E-05 9.9937E-05 9.9937E-05 0.79824 0.138675 0.0623858 9.9937E-05 9.9937E-05
9.9946E-05 9.9946E-05 0.00132724 0.0197397 9.9946E-05 0.939467 0.038866 9.9946E-05 9.9946E-05 9.9946E-05
0.0255071 9.9973E-05 0.0429226 0.116076 9.9973E-05 0.379308 0.388525 0.0310383 0.0163232 9.9973E-05
9.9964E-05 0.0246825 9.9964E-05 0.0406863 0.0379031 0.633508 0.245861 0.0169586 9.9964E-05 9.9964E-05
9.9946E-05 9.9946E-05 9.9946E-05 9.9946E-05 0.113384 0.732846 0.123926 9.9946E-05 0.0292438 9.9946E-05
9.9946E-05 9.9946E-05 9.9946E-05 0.0122811 9.9946E-05 0.863201 0.0849433 9.9946E-05 0.0389751 9.9946E-05
9.9946E-05 9.9946E-05 9.9946E-05 9.9946E-05 0.0186378 0.943692 0.0199562 0.0171147 9.9946E-05 9.9946E-05
0.00676239 9.9964E-05 0.0251234 9.9964E-05 0.0755776 0.840203 0.00518995 9.9964E-05 0.0467442 9.9964E-05
9.9937E-05 9.9937E-05 9.9937E-05 9.9937E-05 0.0342198 0.928532 9.9937E-05 0.0365487 9.9937E-05 9.9937E-05
9.9955E-05 9.9955E-05 9.9955E-05 0.0537413 0.118394 0.583216 0.17764 0.06651 9.9955E-05 9.9955E-05
0.000537882 9.9964E-05 0.0242645 9.9964E-05 9.9964E-05 0.844271 0.0222973 0.0276739 9.9964E-05 0.0805559
0.00756705 0.622732 0.0175076 9.9964E-05 9.9964E-05 0.0397972 9.9964E-05 0.159274 0.152722 9.9964E-05
0.0108209 0.179046 9.9982E-05 0.134621 0.133326 0.0395507 0.324884 0.13582 0.0417331 9.9982E-05
9.9964E-05 0.20772 0.00489296 0.0769332 0.376309 9.9964E-05 0.209801 0.123944 9.9964E-05 9.9964E-05
9.9973E-05 0.438373 0.0149646 0.0386887 0.0518804 0.101252 0.176649 9.9973E-05 0.177892 9.9973E-05
0.0778326 0.153146 9.9991E-05 0.0184109 0.176868 0.0649445 0.289565 0.122912 0.0235937 0.0726268
0.0166544 0.38541 0.0716616 9.9973E-05 9.9973E-05 0.102088 0.194819 0.00997084 0.219096 9.9973E-05
0.0610325 0.130662 0.0422862 0.0525901 0.0360008 9.9982E-05 0.443848 0.203432 9.9982E-05 0.029948
9.9964E-05 0.414631 9.9964E-05 9.9964E-05 0.0846004 0.124746 0.228927 0.112162 0.0345345 9.9964E-05
9.9973E-05 0.185959 0.0251011 0.00292071 0.065075 0.0990208 0.42977 0.191853 9.9973E-05 9.9973E-05
9.9964E-05 0.32169 9.9964E-05 9.9964E-05 0.0946051 0.194708 0.254312 0.0412198 0.0930644 9.9964E-05
9.9973E-05 0.12038 0.0346898 9.9973E-05 9.9973E-05 0.0804114 0.42733 0.214386 0.0159232 0.10658
9.9955E-05 0.00749581 9.9955E-05 0.094537 9.9955E-05 9.9955E-05 0.0421195 0.277177 0.578171 9.9955E-05
9.9955E-05 9.9955E-05 0.00449971 9.9955E-05 9.9955E-05 0.0767203 9.9955E-05 0.124238 0.78818 0.00586284
9.9955E-05 9.9955E-05 0.00914613 0.0167189 9.9955E-05 9.9955E-05 9.9955E-05 0.156095 0.813908 0.00363194
9.9937E-05 9.9937E-05 9.9937E-05 0.0285036 9.9937E-05 9.9937E-05 9.9937E-05 0.251654 0.719143 9.9937E-05
9.9964E-05 9.9964E-05 9.9964E-05 0.0571933 9.9964E-05 0.00783124 0.00584178 0.151138 0.747434 0.0301619
9.9937E-05 9.9937E-05 9.9937E-05 9.9937E-05 9.9937E-05 0.0513733 9.9937E-05 0.308681 0.639246 9.9937E-05
9.9946E-05 9.9946E-05 9.9946E-05 9.9946E-05 0.025586 0.0575599 9.9946E-05 0.420987 0.495268 9.9946E-05
0.064012 9.9946E-05 9.9946E-05 9.9946E-05 0.00910365 9.9946E-05 9.9946E-05 0.342994 0.583291 9.9946E-05
9.9946E-05 9.9946E-05 0.0408177 9.9946E-05 9.9946E-05 9.9946E-05 0.016395 0.33322 0.608968 9.9946E-05
9.9973E-05 0.00973913 9.9973E-05 0.0295008 0.0583502 0.0328195 0.00121969 0.241815 0.626256 9.9973E-05
9.9955E-05 9.9955E-05 0.0990729 0.131042 9.9955E-05 9.9955E-05 9.9955E-05 0.346224 0.291569 0.131592
9.9955E-05 9.9955E-05 0.0780601 0.202748 9.9955E-05 9.9955E-05 9.9955E-05 0.334307 0.29829 0.0860955
9.9964E-05 0.00893037 0.0796183 0.153284 9.9964E-05 9.9964E-05 9.9964E-05 0.165098 0.365064 0.227606
9.9955E-05 9.9955E-05 0.123228 0.132678 9.9955E-05 9.9955E-05 9.9955E-05 0.417408 0.120927 0.20526
0.121026 9.9964E-05 0.139862 0.0998944 9.9964E-05 9.9964E-05 0.490045 0.0203597 9.9964E-05 0.128413
0.0290705 9.9982E-05 0.205827 0.0996859 0.0276975 9.9982E-05 0.468731 0.0412872 0.00279965 0.124702
9.9973E-05 0.0259917 0.184231 0.119622 9.9973E-05 0.0497785 0.478306 0.0922055 9.9973E-05 0.0495651
9.9964E-05 9.9964E-05 0.219488 0.163937 0.0532377 9.9964E-05 0.354676 9.9964E-05 0.0754793 0.132782
9.9982E-05 0.00296957 0.201834 0.344291 0.037015 0.00471505 0.121104 9.9982E-05 0.00231289 0.285558
0.00783385 9.9964E-05 0.141105 0.0984883 0.131668 9.9964E-05 0.564981 0.0555233 9.9964E-05 9.9964E-05
9.9973E-05 0.00769439 0.245392 0.0790711 0.119833 0.0213766 0.520746 9.9973E-05 9.9973E-05 0.0055862
0.0172495 0.0604675 0.230211 0.0787549 0.0624808 0.00328678 0.515744 9.9982E-05 9.9982E-05 0.0316062
0.018331 0.08664 0.406331 0.0186306 0.0108142 0.0493305 0.409623 9.9973E-05 9.9973E-05 9.9973E-05
0.0557109 9.9964E-05 0.0741852 0.0625711 0.188557 9.9964E-05 0.561946 0.0566299 9.9964E-05 9.9964E-05
0.0559981 0.0183553 0.280565 0.124354 9.9973E-05 9.9973E-05 0.458061 9.9973E-05 0.000353128 0.0620134
0.0757917 0.0437964 0.756747 0.0841496 0.0379165 0.00119924 9.9964E-05 9.9964E-05 9.9964E-05 9.9964E-05
0.114288 9.9973E-05 0.100016 0.0742386 0.00370862 9.9973E-05 0.44149 0.144833 9.9973E-05 0.121126
0.0388522 0.0678455 0.571228 0.0118879 0.0439348 0.0121275 0.248961 0.00496358 9.9982E-05 9.9982E-05
0.0884267 0.0144773 0.242639 0.0288077 0.276738 9.9964E-05 0.348512 9.9964E-05 9.9964E-05 9.9964E-05
9.9955E-05 9.9955E-05 0.624377 0.102766 9.9955E-05 9.9955E-05 0.141144 0.0469898 9.9955E-05 0.0842239
9.9946E-05 0.120518 9.9946E-05 0.740997 9.9946E-05 9.9946E-05 0.0505365 0.087349 9.9946E-05 9.9946E-05
9.9946E-05 0.1517 9.9946E-05 0.737424 9.9946E-05 9.9946E-05 0.0282546 0.0820217 9.9946E-05 9.9946E-05
0.0249117 0.112673 9.9946E-05 0.814122 9.9946E-05 9.9946E-05 9.9946E-05 0.0476939 9.9946E-05 9.9946E-05
0.0244053 0.0876431 9.9946E-05 0.793358 9.9946E-05 9.9946E-05 9.9946E-05 0.0939936 9.9946E-05 9.9946E-05
0.00959276 0.117382 9.9955E-05 0.751585 9.9955E-05 0.0425261 0.0784136 9.9955E-05 9.9955E-05 9.9955E-05
9.9964E-05 0.0179939 9.9964E-05 0.836203 0.0767375 0.00151261 0.0596966 0.00745633 9.9964E-05 9.9964E-05
9.9937E-05 9.9937E-05 9.9937E-05 9.9937E-05 0.144963 9.9937E-05 9.9937E-05 0.154781 0.699557 9.9937E-05
9.9946E-05 9.9946E-05 9.9946E-05 0.0381092 0.126415 9.9946E-05 9.9946E-05 0.285082 0.549794 9.9946E-05
9.9955E-05 9.9955E-05 9.9955E-05 9.9955E-05 0.0016131 0.0450869 0.140636 0.16967 0.642495 9.9955E-05
9.9964E-05 9.9964E-05 9.9964E-05 0.00429749 0.0956085 0.0270554 9.9964E-05 0.233128 0.518277 0.121233
9.9973E-05 0.00235308 9.9973E-05 0.0658046 0.117453 0.0319287 0.000575262 0.233515 0.54807 9.9973E-05
9.9955E-05 0.0392185 0.0610105 0.505214 9.9955E-05 9.9955E-05 9.9955E-05 0.351519 0.0425381 9.9955E-05
9.9964E-05 0.0196224 0.124249 0.386774 0.00472998 9.9964E-05 9.9964E-05 0.301845 0.16238 9.9964E-05
0.0235577 9.9964E-05 0.075392 0.421812 0.0446835 9.9964E-05 9.9964E-05 0.318491 0.115664 9.9964E-05
9.9937E-05 9.9937E-05 9.9937E-05 9.9937E-05 9.9937E-05 9.9937E-05 0.0974192 9.9937E-05 0.849558 0.0523235
9.9946E-05 9.9946E-05 0.115692 0.514202 9.9946E-05 9.9946E-05 9.9946E-05 0.166274 0.203233 9.9946E-05
0.0072849 0.0842179 9.9973E-05 9.9973E-05 0.104386 0.337998 0.208766 0.0736665 0.183381 9.9973E-05
9.9964E-05 0.0178721 9.9964E-05 0.119135 0.314106 0.147858 0.331926 0.0687032 9.9964E-05 9.9964E-05
9.9964E-05 9.9964E-05 9.9964E-05 9.9964E-05 0.210627 0.209337 0.370554 0.0805165 0.0686073 0.0599593
9.9982E-05 0.0724628 0.0845762 0.0598629 0.0278452 0.234642 0.262174 0.146675 0.111562 9.9982E-05
9.9982E-05 0.0698713 0.0290061 0.0372464 0.30604 0.072207 0.33535 9.9982E-05 0.0684255 0.0816542
9.9955E-05 0.24196 9.9955E-05 9.9955E-05 0.0448797 0.292332 9.9955E-05 0.158901 0.261428 9.9955E-05
0.0694816 0.0297474 0.076587 0.201385 0.0117312 9.9982E-05 0.419397 0.0212509 9.9982E-05 0.17022
0.240965 0.148096 0.0916394 0.115763 0.00950965 9.9982E-05 0.321548 9.9982E-05 0.00413903 0.0681391
0.061507 0.00383847 9.9973E-05 0.164171 0.13467 9.9973E-05 0.0811303 9.9973E-05 0.0441732 0.51021
0.199065 9.9964E-05 0.152189 0.0923925 0.0512449 9.9964E-05 0.375582 9.9964E-05 9.9964E-05 0.129127
0.321895 0.18779 0.391614 0.0869762 9.9955E-05 9.9955E-05 9.9955E-05 9.9955E-05 9.9955E-05 0.0112251
0.00983037 0.0857494 0.023657 0.0402545 0.229694 9.9982E-05 0.370793 0.065004 9.9982E-05 0.174818
0.210873 0.0544146 0.00730669 0.0570604 0.0535538 9.9991E-05 0.438244 0.0641657 0.00331472 0.110967
0.0140211 0.0397618 9.9973E-05 0.189289 0.198794 9.9973E-05 0.206321 9.9973E-05 0.0197894 0.331724
0.0289192 0.0585145 9.9982E-05 0.0648405 0.254157 9.9982E-05 0.364445 0.0474583 0.0031184 0.178348
0.151933 0.159061 0.217225 0.0257949 0.112165 9.9964E-05 9.9964E-05 9.9964E-05 9.9964E-05 0.333422
0.0829221 0.127458 0.141036 0.0435331 9.9982E-05 0.112011 0.416304 9.9982E-05 0.00951403 0.0670216
0.100685 9.9973E-05 0.0730154 0.157559 9.9973E-05 0.0660317 0.472281 9.9973E-05 0.0229296 0.107198
9.9991E-05 0.0947488 0.0582682 0.0789529 0.0496577 0.197561 0.367087 0.103125 0.0432528 0.00724723
0.175803 0.0312103 0.112022 0.0816554 0.172302 9.9973E-05 0.166708 9.9973E-05 9.9973E-05 0.259999
0.0860344 0.0375718 0.049322 0.2342 0.205729 9.9982E-05 0.305305 9.9982E-05 0.00613313 0.0755048
0.157427 0.116541 0.0404706 9.9973E-05 0.0506755 0.0652942 0.427996 9.9973E-05 9.9973E-05 0.141295
0.0980622 0.0436381 0.140036 0.166334 0.0599421 0.0288893 0.441314 9.9982E-05 9.9982E-05 0.021585
0.0257264 0.0338358 0.0273856 0.0770802 0.186826 0.0212204 0.542631 9.9991E-05 0.0176492 0.0675452
9.9973E-05 0.0749671 0.0948974 0.112328 0.118896 9.9973E-05 0.436713 9.9973E-05 0.0501517 0.111747
0.0394206 0.0741771 0.0485209 0.046389 0.266359 9.9991E-05 0.370049 0.0205353 0.0400803 0.0943691
9.9946E-05 9.9946E-05 9.9946E-05 9.9946E-05 9.9946E-05 0.0793915 0.122291 0.24069 0.557028 9.9946E-05
0.047175 9.9955E-05 9.9955E-05 9.9955E-05 9.9955E-05 0.0181421 0.0419888 0.313976 0.578218 9.9955E-05
9.9973E-05 0.0678033 0.0499472 0.0299275 9.9973E-05 0.0189701 0.0589093 0.345168 0.428974 9.9973E-05
0.0315503 9.9973E-05 0.0647113 0.0529072 0.0316886 0.00946321 9.9973E-05 0.139497 0.669882 9.9973E-05
9.9937E-05 9.9937E-05 9.9937E-05 9.9937E-05 9.9937E-05 9.9937E-05 0.146091 0.170876 0.682333 9.9937E-05
9.9946E-05 9.9946E-05 0.0936116 0.233888 0.182469 9.9946E-05 9.9946E-05 9.9946E-05 9.9946E-05 0.489432
0.105053 0.0688261 0.0675553 0.049872 9.9982E-05 0.0631761 0.408394 9.9982E-05 0.0522976 0.184626
9.9973E-05 0.063637 0.0692651 0.0580698 0.167535 0.0865383 0.35634 9.9973E-05 0.198315 9.9973E-05
0.0236988 9.9973E-05 9.9973E-05 0.0791466 9.9973E-05 0.0591122 0.622473 0.0548732 0.0199458 0.14045
0.0780138 9.9964E-05 0.126445 0.172493 0.162463 9.9964E-05 0.422117 9.9964E-05 0.0380696 9.9964E-05
0.178518 0.080749 0.0206289 0.23266 0.178328 0.00578135 0.164686 9.9991E-05 0.00291136 0.135637
9.9955E-05 0.0284782 0.180355 0.321535 9.9955E-05 9.9955E-05 9.9955E-05 9.9955E-05 0.197035 0.272098
0.0831189 9.9964E-05 0.0324277 0.208153 0.236191 9.9964E-05 0.302586 9.9964E-05 9.9964E-05 0.137124
0.185236 9.9964E-05 9.9964E-05 0.284306 0.0520404 9.9964E-05 0.116932 9.9964E-05 0.0470371 0.314049
0.112758 0.0884074 0.0292068 0.155897 0.191119 0.0360315 0.334696 9.9982E-05 0.0516839 9.9982E-05
0.0784656 9.9973E-05 0.083146 0.271022 0.186781 9.9973E-05 9.9973E-05 0.0111303 0.0912845 0.277871
9.9973E-05 9.9973E-05 9.9973E-05 0.0518258 0.0587657 0.0759181 0.438919 0.0575207 0.0543423 0.262408
0.0586841 9.9964E-05 0.0429516 0.140786 0.200107 9.9964E-05 9.9964E-05 0.036769 9.9964E-05 0.520302
0.141417 0.0326904 0.0549848 0.154886 0.272793 0.000863801 0.0661663 9.9991E-05 0.012529 0.263569
0.0939751 0.101151 9.9982E-05 0.0308047 9.9982E-05 0.0746511 0.436698 0.11291 0.0147726 0.134838
0.0985191 0.537834 9.9973E-05 9.9973E-05 0.0197261 0.0190416 0.174249 0.0251365 9.9973E-05 0.125194
9.9964E-05 0.203924 9.9964E-05 0.0122359 0.275905 9.9964E-05 0.373854 0.0609413 9.9964E-05 0.0727407
0.000462893 0.14592 0.013235 9.9973E-05 0.0907088 9.9973E-05 0.576348 9.9973E-05 0.135331 0.0376945
0.104204 0.515564 0.00819736 9.9964E-05 0.063446 9.9964E-05 0.270365 9.9964E-05 9.9964E-05 0.0378235
0.0513425 0.0317069 9.9982E-05 0.087103 0.00385791 0.117746 0.574947 0.053693 9.9982E-05 0.0794045
0.146126 0.218934 9.9955E-05 0.061294 9.9955E-05 9.9955E-05 0.498751 9.9955E-05 0.0743951 9.9955E-05
0.166435 0.605969 0.0433761 0.0486917 9.9964E-05 9.9964E-05 0.100699 9.9964E-05 9.9964E-05 0.0344293
0.0301018 0.586488 0.0800889 9.9955E-05 9.9955E-05 9.9955E-05 0.292239 9.9955E-05 9.9955E-05 0.0105828
0.0614868 0.362684 9.9964E-05 0.0784796 0.0454729 9.9964E-05 0.426404 9.9964E-05 9.9964E-05 0.0250736
0.0522119 0.508092 0.107011 0.100692 9.9973E-05 9.9973E-05 0.176961 0.0363821 9.9973E-05 0.0183498
9.9964E-05 0.276025 0.0675441 0.0669798 0.113629 9.9964E-05 0.346835 9.9964E-05 9.9964E-05 0.128588
9.9964E-05 9.9964E-05 0.168985 0.309808 0.115425 9.9964E-05 0.0540913 9.9964E-05 0.00760602 0.343685
0.315955 9.9973E-05 0.164162 0.184808 0.0224353 0.0376942 0.134028 9.9973E-05 9.9973E-05 0.140618
9.9973E-05 9.9973E-05 0.128454 0.152914 0.0480288 0.0234403 0.314827 9.9973E-05 0.104884 0.227152
0.0603229 9.9973E-05 9.9973E-05 0.132519 0.0511571 0.00432496 0.535775 9.9973E-05 0.0325123 0.183089
9.9955E-05 9.9955E-05 0.169914 0.258995 0.0604635 9.9955E-05 0.176079 9.9955E-05 9.9955E-05 0.334049
0.115118 0.00767259 0.0480564 0.123158 0.21264 0.0668375 0.345281 0.0275696 0.029391 0.0242753
0.0189107 0.0150104 9.9973E-05 0.138518 0.167897 9.9973E-05 0.554927 9.9973E-05 0.0542531 0.0501828
0.0630788 0.0367635 0.0365539 0.132029 0.0409682 0.0886939 0.430853 9.9982E-05 9.9982E-05 0.17086
0.120464 9.9964E-05 0.0649142 0.145767 0.355942 9.9964E-05 0.272434 9.9964E-05 9.9964E-05 0.040079
9.9973E-05 0.0611412 0.0411062 0.223414 9.9973E-05 0.0345438 0.505511 0.0801666 9.9973E-05 0.0538174
0.0378186 9.9964E-05 0.133317 0.310397 9.9964E-05 0.0747831 0.207036 9.9964E-05 9.9964E-05 0.236249
0.0489695 0.076681 0.0157397 0.359515 0.241114 9.9973E-05 0.221427 9.9973E-05 9.9973E-05 0.0362537
0.0735793 9.9973E-05 0.103172 0.104323 0.132484 0.00246743 0.459939 9.9973E-05 9.9973E-05 0.123735
9.9973E-05 9.9973E-05 0.0387671 0.108189 0.0767202 9.9973E-05 0.528078 0.0318496 0.114822 0.101274
0.163701 0.0170325 0.0983798 0.11339 0.120376 9.9982E-05 0.282298 9.9982E-05 0.110088 0.0945348
0.174667 9.9973E-05 0.0404107 0.119415 9.9973E-05 0.0811217 0.51363 0.0245148 9.9973E-05 0.0459406
9.9973E-05 0.10308 9.9973E-05 0.305712 9.9973E-05 0.0210301 0.360756 0.0484528 0.0234206 0.13725
9.9973E-05 0.040826 9.9973E-05 0.123766 0.0451765 0.0421025 0.57129 0.0299098 9.9973E-05 0.146629
0.0558227 0.0560396 0.0122404 0.128452 0.014734 0.0718254 0.529754 0.0526442 9.9991E-05 0.0783885
0.074435 0.00380217 0.0472231 0.17898 0.241914 0.0885651 0.315944 0.0428837 9.9991E-05 0.00615337
9.9964E-05 9.9964E-05 9.9964E-05 9.9964E-05 0.00845554 0.119164 0.409225 0.135701 0.244396 0.0826584
0.114305 9.9982E-05 0.00996796 9.9982E-05 0.0893313 0.134527 0.457169 0.0751362 0.0615728 0.0577905
0.0528553 0.0208006 0.0192081 0.0701916 9.9982E-05 0.156496 0.501641 0.089848 9.9982E-05 0.0887601
0.0480767 0.0413056 0.0766738 0.0363134 0.0422468 0.0932536 0.547909 0.0887584 9.9991E-05 0.0253623
0.0169574 9.9982E-05 0.104257 9.9982E-05 0.179914 0.212899 0.288376 0.000941309 0.153782 0.0426744
0.171344 0.12608 9.9964E-05 0.121131 9.9964E-05 0.0331865 0.412304 9.9964E-05 9.9964E-05 0.135555
9.9973E-05 0.00201122 0.0429466 9.9973E-05 0.287347 0.0978814 0.329939 0.134588 9.9973E-05 0.104987
9.9955E-05 0.30134 0.231295 9.9955E-05 0.101203 0.102974 9.9955E-05 9.9955E-05 0.262689 9.9955E-05
9.9964E-05 0.0634957 9.9964E-05 0.124284 0.499726 0.0605342 0.202974 9.9964E-05 9.9964E-05 0.0485864
0.0489554 0.0269855 0.02139 9.9982E-05 0.144231 0.174542 0.438305 9.9982E-05 0.118898 0.0264927
0.0880967 0.0464349 9.9973E-05 0.00601928 9.9973E-05 0.289302 0.390253 9.9973E-05 0.0162904 0.163303
0.00170971 0.145337 0.0589183 9.9991E-05 0.126057 0.0549801 0.288578 0.0701732 0.121574 0.132573
9.9973E-05 0.0808864 9.9973E-05 9.9973E-05 0.0655701 0.135584 0.456978 0.100686 0.128851 0.0311444
0.0462665 0.00624401 9.9973E-05 9.9973E-05 0.192344 0.0990899 0.390682 9.9973E-05 0.206177 0.0588971
9.9955E-05 0.202586 0.0993689 9.9955E-05 9.9955E-05 0.188225 9.9955E-05 0.105948 0.403373 9.9955E-05
9.9964E-05 9.9964E-05 0.0642656 9.9964E-05 0.219149 0.166401 0.281803 9.9964E-05 0.176624 0.0913566
0.0868066 9.9964E-05 9.9964E-05 9.9964E-05 0.216095 0.18414 0.358787 0.0610623 0.0927102 9.9964E-05
0.080864 0.0143631 0.0656811 0.070833 0.288022 0.00666467 0.326605 0.0474795 0.0875843 0.0119033
9.9973E-05 0.087611 9.9973E-05 9.9973E-05 0.15833 0.165482 0.417638 0.0301013 0.123498 0.0170391
9.9991E-05 0.0409236 0.00685453 0.00336402 0.204838 0.0964528 0.37508 0.106573 0.0756885 0.0901263
0.428206 0.051845 9.9964E-05 0.0772846 0.0966599 9.9964E-05 0.315792 0.0298129 9.9964E-05 9.9964E-05
0.226027 9.9991E-05 0.0922747 0.0896949 0.145041 0.0373786 0.290861 0.0950985 0.0162834 0.00724123
0.709167 9.9946E-05 0.0952157 0.00810059 9.9946E-05 9.9946E-05 9.9946E-05 9.9946E-05 9.9946E-05 0.186917
0.841894 0.0507026 0.0690337 0.0197603 9.9955E-05 9.9955E-05 9.9955E-05 0.0181093 9.9955E-05 9.9955E-05
0.277509 9.9973E-05 0.0606223 9.9973E-05 0.0786676 0.128133 0.378301 0.0653026 9.9973E-05 0.0111644
0.133853 0.017997 9.9982E-05 9.9982E-05 0.388784 0.142896 0.192992 0.0307753 0.0491223 0.0433797
0.19237 9.9946E-05 9.9946E-05 9.9946E-05 0.653724 0.150169 9.9946E-05 9.9946E-05 0.00313732 9.9946E-05
0.112525 0.141606 9.9964E-05 9.9964E-05 0.431434 0.140412 9.9964E-05 9.9964E-05 0.160328 0.0132947
0.0979544 9.9955E-05 9.9955E-05 9.9955E-05 0.743764 0.0108456 9.9955E-05 9.9955E-05 0.127884 0.0190526
0.589369 0.192133 0.00770322 9.9973E-05 0.0922563 0.0296406 9.9973E-05 0.0719656 0.0166322 9.9973E-05
0.709753 9.9946E-05 9.9946E-05 9.9946E-05 0.106227 0.033304 9.9946E-05 9.9946E-05 0.150116 9.9946E-05
0.377919 9.9955E-05 9.9955E-05 9.9955E-05 0.241318 0.0811638 0.261905 0.0371943 9.9955E-05 9.9955E-05
0.417094 9.9955E-05 9.9955E-05 9.9955E-05 0.46931 9.9955E-05 0.0799071 0.0316538 9.9955E-05 0.00153594
0.702526 9.9955E-05 9.9955E-05 9.9955E-05 0.062056 0.0423345 0.0750844 9.9955E-05 0.1175 9.9955E-05
0.227497 0.0230637 0.0621663 9.9982E-05 0.259019 0.0602008 0.289027 0.00393072 9.9982E-05 0.0748956
0.296827 0.0245171 9.9973E-05 0.00993907 0.193394 0.0909453 0.351384 0.0326943 9.9973E-05 9.9973E-05
0.11401 0.0565658 9.9991E-05 0.0585607 0.279329 0.0780559 0.242578 0.0375868 0.045232 0.0879819
0.522342 9.9964E-05 0.0232678 0.00734049 9.9964E-05 9.9964E-05 0.278946 9.9964E-05 0.0585667 0.109137
0.414404 0.0317096 0.0293738 0.0497847 0.233843 9.9973E-05 0.137599 9.9973E-05 9.9973E-05 0.102986
0.24007 0.0387536 0.0144922 0.0114436 9.9982E-05 0.0438801 0.51883 9.9982E-05 0.0667562 0.0655736
0.368031 9.9964E-05 9.9964E-05 0.168175 0.0125183 0.0826167 0.273778 9.9964E-05 0.0944823 9.9964E-05
0.177325 0.0487137 0.0650766 0.0290765 0.312643 9.9982E-05 0.274231 9.9982E-05 0.0139893 0.0787444
0.437249 0.0528217 9.9955E-05 9.9955E-05 0.0186998 9.9955E-05 0.466029 9.9955E-05 9.9955E-05 0.0247006
0.748152 9.9946E-05 9.9946E-05 0.052049 9.9946E-05 9.9946E-05 0.161149 9.9946E-05 9.9946E-05 0.0380504
0.319876 0.0585727 9.9955E-05 9.9955E-05 0.12161 9.9955E-05 0.496072 0.00337043 9.9955E-05 9.9955E-05
0.754973 9.9964E-05 0.0831006 9.9964E-05 9.9964E-05 0.031503 0.108508 9.9964E-05 0.00763689 0.0138782
0.580351 9.9973E-05 9.9973E-05 0.0068563 9.9973E-05 0.000162443 0.320535 0.0139054 0.0323651 0.0455254
0.241887 9.9982E-05 0.0878296 0.0517744 0.134153 0.034355 0.374835 0.0104543 0.0645107 9.9982E-05
0.369717 9.9955E-05 0.0685665 0.0309268 0.191282 9.9955E-05 0.339007 9.9955E-05 9.9955E-05 9.9955E-05
0.0732078 0.131767 9.9991E-05 0.0198698 0.132328 0.179327 0.269511 0.148492 0.00136342 0.044034
0.146335 9.9982E-05 0.0152715 9.9982E-05 0.15031 0.117627 0.293679 0.163765 0.00504861 0.107764
9.9973E-05 0.10448 0.0391286 0.047758 0.506065 0.122596 0.0578184 9.9973E-05 0.121854 9.9973E-05
0.074531 0.103342 0.0111345 0.0668762 0.12198 0.167677 0.248728 0.0848221 0.0544249 0.0664849
0.0286397 9.9982E-05 9.9982E-05 0.0562206 0.139451 0.115086 0.428523 0.182733 0.0170812 0.0320649
0.147204 0.0411117 9.9973E-05 9.9973E-05 0.311576 0.0817226 0.264842 0.0703435 0.0828998 9.9973E-05
0.585128 0.0568171 9.9964E-05 0.0226563 9.9964E-05 0.121092 9.9964E-05 0.0692637 0.144642 9.9964E-05
0.040712 0.0274853 9.9982E-05 0.0324006 0.216084 0.167413 0.434013 0.0703239 0.011368 9.9982E-05
0.403855 0.0824609 9.9955E-05 9.9955E-05 9.9955E-05 0.0797847 9.9955E-05 0.315371 0.118028 9.9955E-05
0.29929 9.9955E-05 9.9955E-05 9.9955E-05 0.0754747 0.144677 0.422038 0.0580209 9.9955E-05 9.9955E-05
0.717472 0.0386754 0.171168 9.9946E-05 9.9946E-05 9.9946E-05 0.0720847 9.9946E-05 9.9946E-05 9.9946E-05
0.816291 0.0137976 0.143138 9.9955E-05 9.9955E-05 9.9955E-05 9.9955E-05 9.9955E-05 0.00918548 0.0170882
0.553669 9.9955E-05 0.014859 9.9955E-05 0.14007 9.9955E-05 0.248977 9.9955E-05 9.9955E-05 0.0419251
0.387536 9.9937E-05 9.9937E-05 9.9937E-05 9.9937E-05 9.9937E-05 0.596876 0.0148886 9.9937E-05 9.9937E-05
