9.9955E-05 9.9955E-05 0.0433675 9.9955E-05 0.0673253 0.00984144 9.9955E-05 0.818186 9.9955E-05 0.0607799
9.9964E-05 0.0243834 0.0174023 0.0312386 0.0300774 9.9964E-05 9.9964E-05 0.873047 9.9964E-05 0.0234519
0.0293183 9.9964E-05 0.0137659 9.9964E-05 9.9964E-05 0.0839801 9.9964E-05 0.74032 0.056743 0.0754732
9.9964E-05 0.00613457 0.0436546 9.9964E-05 9.9964E-05 0.0608149 9.9964E-05 0.729266 0.108915 0.0508146
0.0816455 9.9946E-05 9.9946E-05 0.0338793 9.9946E-05 0.0296177 9.9946E-05 0.854258 9.9946E-05 9.9946E-05
0.101003 9.9973E-05 0.0417104 9.9973E-05 0.0523673 0.0357636 0.188549 0.559882 9.9973E-05 0.0204249
9.9946E-05 9.9946E-05 9.9946E-05 9.9946E-05 0.0547311 9.9946E-05 0.129037 0.757059 9.9946E-05 0.0585726
9.9964E-05 9.9964E-05 0.129146 9.9964E-05 0.0348338 0.0744425 0.101419 0.61405 9.9964E-05 0.0457089
9.99549E-05 0.0773061 0.0632681 9.99549E-05 9.99549E-05 9.99549E-05 0.0484405 0.793172 9.99549E-05 0.0173135
0.05877 9.9973E-05 0.0355876 0.0578409 9.9973E-05 0.116087 0.0878433 0.618201 9.9973E-05 0.0253704
0.0984661 9.9955E-05 0.0911262 9.9955E-05 0.0308301 9.9955E-05 0.0804215 0.698656 9.9955E-05 9.9955E-05
0.156342 0.00241509 9.9946E-05 9.9946E-05 0.813244 0.0273993 9.9946E-05 9.9946E-05 9.9946E-05 9.9946E-05
0.241725 9.9946E-05 9.9946E-05 9.9946E-05 0.37424 9.9946E-05 9.9946E-05 9.9946E-05 0.328895 0.0545405
0.0936917 9.9964E-05 0.00765415 0.0644023 0.802531 0.010097 9.9964E-05 9.9964E-05 9.9964E-05 0.0212242
0.160498 9.9937E-05 9.9937E-05 9.9937E-05 0.71082 0.127982 9.9937E-05 9.9937E-05 9.9937E-05 9.9937E-05
0.311818 9.9973E-05 9.9973E-05 9.9973E-05 0.46478 0.102819 0.0721938 0.0301267 0.00915926 0.00880308
0.45032 9.9964E-05 9.9964E-05 0.00409718 0.320083 0.0864727 9.9964E-05 9.9964E-05 0.0785629 0.0600645
0.323968 0.0738627 0.0800115 0.00881859 0.289565 0.071745 0.0130979 0.00557092 0.0949731 0.0383865
0.113969 9.9973E-05 9.9973E-05 0.00129403 0.738988 0.0459237 9.9973E-05 0.0337681 0.0269059 0.0388504
9.9946E-05 9.9946E-05 0.0600558 9.9946E-05 0.853408 9.9946E-05 0.0767201 9.9946E-05 9.9946E-05 0.00921602
0.263179 0.0370155 9.9973E-05 0.0709456 0.432005 0.103477 9.9973E-05 9.9973E-05 0.0545105 0.0385677
0.313759 0.00746113 9.9973E-05 9.9973E-05 0.314177 9.9973E-05 0.103187 0.0284374 0.219186 0.013493
0.38848 0.0217043 0.0318914 0.0147765 0.271277 0.0854891 0.0509403 0.0327205 0.10262 9.9991E-05
0.0997245 0.00485141 9.9964E-05 9.9964E-05 0.775505 0.0895785 0.0257562 9.9964E-05 9.9964E-05 0.00418448
0.422779 9.9964E-05 9.9964E-05 0.0882865 0.220767 0.0461425 9.9964E-05 0.0181702 0.203454 9.9964E-05
0.375561 9.9955E-05 9.9955E-05 9.9955E-05 0.445774 0.120626 9.9955E-05 9.9955E-05 0.0116008 0.0459393
0.0377697 9.9946E-05 9.9946E-05 9.9946E-05 0.900466 0.0389371 9.9946E-05 9.9946E-05 9.9946E-05 0.0222272
0.0214235 9.9946E-05 9.9946E-05 9.9946E-05 0.785565 0.160354 9.9946E-05 9.9946E-05 0.0320586 9.9946E-05
0.0211802 9.9955E-05 9.9955E-05 0.0702367 0.776513 9.9955E-05 0.0615727 9.9955E-05 0.0699979 9.9955E-05
9.99201E-05 9.99201E-05 9.99201E-05 9.99201E-05 9.99201E-05 9.99201E-05 9.99201E-05 9.99201E-05 9.99201E-05 0.999101
9.99201E-05 9.99201E-05 9.99201E-05 9.99201E-05 9.99201E-05 9.99201E-05 9.99201E-05 9.99201E-05 9.99201E-05 0.999101
0.108854 9.9946E-05 9.9946E-05 9.9946E-05 0.0151851 9.9946E-05 9.9946E-05 0.458646 9.9946E-05 0.416715
0.116329 0.0265054 9.9955E-05 9.9955E-05 9.9955E-05 0.0524646 9.9955E-05 0.539928 9.9955E-05 0.264273
0.304246 0.170973 9.9973E-05 0.019622 0.103629 0.0070214 9.9973E-05 0.0536292 0.340579 9.9973E-05
0.542767 0.122408 0.0460651 0.0173505 0.107968 0.0719256 9.9973E-05 0.0912163 9.9973E-05 9.9973E-05
0.567417 0.290617 9.9964E-05 0.00951612 9.9964E-05 0.0041012 9.9964E-05 9.9964E-05 0.10474 0.0232095
9.9964E-05 0.10176 0.222431 9.9964E-05 0.330813 9.9964E-05 9.9964E-05 0.0623326 0.266072 0.0161907
0.406715 0.516067 0.00708671 9.9964E-05 9.9964E-05 0.0246368 9.9964E-05 9.9964E-05 0.0283181 0.0167761
0.411055 0.172738 9.9964E-05 9.9964E-05 0.117255 0.0448502 9.9964E-05 0.0710848 0.182617 9.9964E-05
0.642449 0.0271107 9.9973E-05 0.079446 9.9973E-05 0.0161685 0.0366216 9.9973E-05 0.166502 0.0314021
0.533444 0.0487899 0.0314146 9.9973E-05 9.9973E-05 9.9973E-05 0.11745 0.05837 0.169004 0.041227
0.625873 0.0746773 9.99858E-05 9.99858E-05 0.0984095 0.00889706 0.018064 0.0569157 0.0637298 0.0532335
0.189897 0.637074 0.0413935 9.9955E-05 0.0932458 9.9955E-05 9.9955E-05 9.9955E-05 9.9955E-05 0.0378906
0.589196 0.0238752 0.0131446 9.9982E-05 0.0328709 0.0282354 0.189659 0.0965729 0.0262456 9.9982E-05
0.502985 0.152503 0.0139715 0.021008 0.00474173 0.0917751 0.0686523 9.9991E-05 0.139677 0.00458591
0.580552 0.142317 9.9973E-05 9.9973E-05 0.00824583 0.0579851 9.9973E-05 0.137643 0.0369196 0.0360378
0.422183 0.500669 0.0103841 9.9946E-05 9.9946E-05 9.9946E-05 9.9946E-05 9.9946E-05 0.0661637 9.9946E-05
0.640107 0.226853 9.9964E-05 9.9964E-05 9.9964E-05 0.0104683 9.9964E-05 0.0506091 0.0473194 0.024243
0.636274 0.18901 0.000721062 9.9964E-05 9.9964E-05 0.0934376 0.019472 9.9964E-05 9.9964E-05 0.0606856
9.9955E-05 0.798526 0.0179621 9.9955E-05 9.9955E-05 9.9955E-05 0.0913558 0.0754022 9.9955E-05 0.0162545
0.0569845 0.192823 0.235023 0.0493603 0.333312 9.9973E-05 0.0142067 9.9973E-05 0.117991 9.9973E-05
9.9982E-05 0.230561 0.0169609 0.0353304 0.286038 9.9982E-05 0.283684 0.00533999 0.1347 0.00718558
0.309927 0.0871511 9.9982E-05 9.9982E-05 0.0937052 0.0206241 0.0353566 0.0875435 0.297985 0.0675076
0.507015 9.9982E-05 9.9982E-05 0.0925956 0.0641071 0.0447401 0.0400815 0.0676476 0.135266 0.0483476
0.354978 9.9991E-05 0.00797805 0.098514 0.0915559 0.0689362 0.0228989 0.0831894 0.256548 0.0153007
0.0434115 0.306099 0.237483 9.9991E-05 0.0830924 0.00516875 0.0292504 0.0816032 0.206883 0.00690826
0.271581 9.9955E-05 0.110585 9.9955E-05 0.0534523 9.9955E-05 9.9955E-05 9.9955E-05 0.498656 0.0652262
0.369234 9.9973E-05 0.0215609 9.9973E-05 0.225309 0.179194 0.00177409 0.0215115 0.181116 9.9973E-05
0.204827 0.125056 0.0526992 0.0917426 0.286856 0.0591438 0.0438463 0.0148739 0.0788997 0.0420563
9.9982E-05 0.086835 0.0523693 0.0361958 0.390833 9.9982E-05 0.0956094 0.183874 0.146883 0.00720075
0.459991 0.0844479 0.0147399 9.9964E-05 0.183529 9.9964E-05 9.9964E-05 9.9964E-05 0.178219 0.0786733
0.145261 0.0125177 0.141105 0.0189535 0.140947 0.0714461 0.00195999 0.0670038 0.400706 9.9991E-05
9.9955E-05 0.161226 0.191835 9.9955E-05 0.497716 9.9955E-05 0.102394 9.9955E-05 9.9955E-05 0.0463287
0.315017 0.0396385 0.0253859 0.0427336 0.301446 9.9964E-05 9.9964E-05 9.9964E-05 0.275379 9.9964E-05
0.281863 0.0136195 9.9982E-05 0.154039 0.0163225 0.155433 0.026817 9.9982E-05 0.304631 0.0470752
0.40744 9.9991E-05 0.0448406 0.0770745 0.0901555 0.0742747 0.11206 0.00991543 0.140347 0.0437929
0.111154 0.13454 0.0283652 0.0629383 0.295817 9.9991E-05 0.0617295 0.0589909 0.199893 0.0464729
0.244706 0.00127157 9.9964E-05 9.9964E-05 0.381142 0.00286228 0.0588191 9.9964E-05 0.310799 9.9964E-05
0.412339 0.0372611 0.0770989 0.0849492 0.0553041 0.0347208 0.0806651 9.9991E-05 0.155013 0.0625486
9.9973E-05 0.0642349 0.17673 0.0574063 0.378026 9.9973E-05 0.0979705 9.9973E-05 0.185028 0.0403049
0.56782 0.284588 0.021791 9.9955E-05 0.00821718 9.9955E-05 9.9955E-05 9.9955E-05 0.117084 9.9955E-05
0.338332 0.460695 0.0492331 9.9955E-05 0.122822 9.9955E-05 9.9955E-05 9.9955E-05 9.9955E-05 0.0284185
0.376219 0.0236841 0.0365036 9.9991E-05 0.112888 0.0308413 0.0747102 0.0238479 0.274829 0.0463765
0.112369 0.827371 9.9937E-05 9.9937E-05 9.9937E-05 9.9937E-05 0.0595608 9.9937E-05 9.9937E-05 9.9937E-05
0.0366199 0.762068 9.9955E-05 9.9955E-05 0.0688347 9.9955E-05 0.0433459 9.9955E-05 0.0886322 9.9955E-05
0.351635 0.614975 9.9937E-05 9.9937E-05 9.9937E-05 9.9937E-05 9.9937E-05 9.9937E-05 0.0326903 9.9937E-05
0.493609 0.335731 9.9946E-05 9.9946E-05 9.9946E-05 9.9946E-05 9.9946E-05 9.9946E-05 0.157615 0.0124451
0.37456 0.100705 0.0115036 9.9973E-05 0.081849 9.9973E-05 9.9973E-05 0.10937 0.302099 0.0196129
0.517166 0.411284 9.9955E-05 9.9955E-05 0.00592142 0.0414835 9.9955E-05 9.9955E-05 9.9955E-05 0.0236452
0.330294 0.395044 0.0905176 9.9955E-05 0.12613 9.9955E-05 9.9955E-05 0.0575143 9.9955E-05 9.9955E-05
0.388894 0.357947 0.232226 9.9955E-05 9.9955E-05 9.9955E-05 9.9955E-05 0.00480576 9.9955E-05 0.0156271
0.561542 0.141109 9.9964E-05 9.9964E-05 9.9964E-05 0.111135 9.9964E-05 0.120889 0.0422182 0.0227074
0.371914 0.482611 0.0100421 0.0454506 0.0591754 9.9964E-05 9.9964E-05 9.9964E-05 9.9964E-05 0.0304071
0.52856 0.276468 0.0416968 0.00604357 0.0842322 9.9982E-05 9.9982E-05 0.0251189 0.00227072 0.03541
0.500133 0.447352 9.9955E-05 9.9955E-05 0.000942859 9.9955E-05 0.0313794 9.9955E-05 9.9955E-05 0.0196932
0.119592 0.688598 9.9973E-05 0.0221553 0.00575858 0.0135054 0.132969 0.0171214 9.9973E-05 9.9973E-05
0.531145 0.111782 0.0915635 9.9955E-05 0.0138063 9.9955E-05 9.9955E-05 9.9955E-05 0.251203 9.9955E-05
0.065437 9.9973E-05 0.0372968 9.9973E-05 0.0676402 0.00787009 9.9973E-05 0.749663 0.0100997 0.0616938
0.0981898 9.99371E-05 9.99371E-05 9.99371E-05 9.99371E-05 9.99371E-05 9.99371E-05 0.79417 9.99371E-05 0.10694
0.0697442 9.9955E-05 0.0175061 9.9955E-05 9.9955E-05 0.0547483 9.9955E-05 0.746937 9.9955E-05 0.110564
0.000638152 0.0161455 9.9955E-05 9.9955E-05 9.9955E-05 9.9955E-05 9.9955E-05 0.80562 0.054698 0.122399
0.0874357 9.9964E-05 9.9964E-05 9.9964E-05 0.0344861 0.0217548 0.0149338 0.741546 9.9964E-05 0.0994436
0.0419301 9.9964E-05 0.0281635 0.0392643 9.9964E-05 0.0141921 9.9964E-05 0.802635 9.9964E-05 0.0734156
0.0188254 9.9964E-05 9.9964E-05 0.0262632 0.00685325 0.0448257 9.9964E-05 0.848687 9.9964E-05 0.0541451
0.617892 0.180616 9.9973E-05 0.0314156 0.0620569 0.0300219 9.9973E-05 0.0736646 9.9973E-05 0.00403348
0.464791 0.133675 0.0018826 0.039747 0.0646749 0.10407 9.9991E-05 0.051809 0.125992 0.0132591
0.156166 0.676353 0.00356223 9.9955E-05 0.126753 9.9955E-05 9.9955E-05 0.0366661 9.9955E-05 9.9955E-05
0.54525 0.0349541 0.0841317 0.120949 9.9982E-05 0.103882 0.0384512 0.0547306 9.9982E-05 0.0174521
0.487288 0.274574 0.0671646 9.9964E-05 0.0401717 9.9964E-05 9.9964E-05 0.0442592 0.0861421 9.9964E-05
0.479593 0.151951 9.9973E-05 0.064397 9.9973E-05 0.0222407 9.9973E-05 0.0183577 0.211633 0.0515284
0.354096 0.152263 9.9973E-05 9.9973E-05 0.0488493 0.0490754 0.073215 9.9973E-05 0.279012 0.0431893
0.547129 0.305071 9.9964E-05 0.0124825 9.9964E-05 0.0524976 9.9964E-05 0.0530748 9.9964E-05 0.0293453
0.0538235 0.585269 0.0799095 0.0322873 0.209007 9.9964E-05 9.9964E-05 0.0393031 9.9964E-05 9.9964E-05
0.625286 9.9973E-05 9.9973E-05 0.0343181 0.148699 9.9973E-05 0.00134349 0.0523253 0.0905653 0.0471627
0.7014 0.052966 9.9982E-05 0.0348058 0.114168 0.0209678 0.00727401 0.00844246 9.9982E-05 0.0597757
0.49167 0.110572 0.0214386 9.9973E-05 0.0827021 0.142365 0.111188 9.9973E-05 9.9973E-05 0.039765
0.344727 0.481934 9.9964E-05 9.9964E-05 9.9964E-05 0.00102469 0.111465 9.9964E-05 0.00811946 0.0523288
0.606465 0.274538 9.9955E-05 9.9955E-05 9.9955E-05 0.034371 9.9955E-05 0.0149124 0.0692147 9.9955E-05
0.538155 0.195647 9.9964E-05 0.0159482 0.192512 9.9964E-05 0.0543624 0.00297617 9.9964E-05 9.9964E-05
0.441794 0.457266 9.9946E-05 0.0319502 9.9946E-05 0.0683903 9.9946E-05 9.9946E-05 9.9946E-05 9.9946E-05
0.570816 0.230689 0.0337064 0.0221571 0.102524 9.9964E-05 9.9964E-05 0.0397075 9.9964E-05 9.9964E-05
0.4872 0.0443621 9.9973E-05 9.9973E-05 0.131528 0.102456 9.9973E-05 0.0791391 0.138209 0.0168049
9.9964E-05 0.0467728 0.131808 0.11971 0.317905 9.9964E-05 9.9964E-05 0.0212614 0.362144 9.9964E-05
0.216847 9.9973E-05 0.154883 9.9973E-05 0.114276 0.0330482 0.011026 0.121231 0.348389 9.9973E-05
0.44656 9.9973E-05 0.0402282 0.053006 0.0171375 9.9973E-05 9.9973E-05 0.114617 0.287122 0.0410295
0.33857 9.9973E-05 0.0805135 0.00982107 9.9973E-05 0.0268352 0.0372837 0.0349651 0.471712 9.9973E-05
0.103891 9.9955E-05 0.00612875 9.9955E-05 0.202484 9.9955E-05 9.9955E-05 9.9955E-05 0.604258 0.0827389
0.432293 9.9964E-05 0.132011 9.9964E-05 0.0170192 0.0303281 0.059711 9.9964E-05 0.328237 9.9964E-05
0.203486 9.9955E-05 0.1566 9.9955E-05 0.175796 9.9955E-05 9.9955E-05 0.0411273 0.422491 9.9955E-05
0.225447 0.089833 0.024975 0.0656526 9.9973E-05 9.9973E-05 9.9973E-05 0.0863807 0.492282 0.0151298
0.240215 9.9973E-05 0.052695 0.0678393 9.9973E-05 0.0506756 0.0379526 0.030068 0.520255 9.9973E-05
0.35192 0.068764 0.0273159 9.9973E-05 0.119614 0.0174894 9.9973E-05 9.9973E-05 0.381913 0.0326844
0.239878 0.0430162 0.186307 9.9964E-05 0.0632618 9.9964E-05 9.9964E-05 9.9964E-05 0.445524 0.0216125
0.398783 9.9982E-05 0.0827686 0.0293465 9.9982E-05 0.0590926 0.0738449 0.00465708 0.329713 0.0215948
0.346344 0.0303361 0.00236613 0.0356751 0.0756418 0.0934338 9.9991E-05 0.112632 0.25991 0.0435617
0.35579 9.9964E-05 0.149019 0.0676981 0.0740457 0.0475591 9.9964E-05 9.9964E-05 0.305488 9.9964E-05
0.368227 9.9991E-05 0.0596989 0.10471 0.0558451 0.0479278 0.00857479 0.023249 0.303867 0.0278007
0.2653 0.028405 0.11131 9.9973E-05 0.0233215 0.067237 9.9973E-05 9.9973E-05 0.471498 0.0326275
0.0405943 9.9982E-05 0.0468803 0.060187 0.252463 9.9982E-05 0.0316632 0.0820256 0.470596 0.0153903
0.413287 0.0202015 0.0876505 0.0717381 0.0481825 0.080118 9.9991E-05 0.0076618 0.226493 0.0445679
0.341195 9.9964E-05 0.0295117 0.0197058 9.9964E-05 0.0236132 0.0331367 9.9964E-05 0.552438 9.9964E-05
0.127246 0.0764597 0.224733 0.087624 0.288216 0.0354221 0.0231859 9.9991E-05 0.113991 0.023022
9.9973E-05 0.0644979 0.105987 0.0848043 0.0933053 9.9973E-05 0.240083 9.9973E-05 0.390659 0.0203634
0.310963 9.9982E-05 0.102584 0.00844822 0.128043 0.0897346 0.0657885 0.0319354 0.262304 9.9982E-05
9.9973E-05 0.265258 0.135891 0.144881 0.0153045 0.000265926 0.105393 9.9973E-05 0.332707 9.9973E-05
0.125033 0.0261707 0.133598 0.0844776 0.401025 9.9964E-05 9.9964E-05 9.9964E-05 0.229296 9.9964E-05
0.387513 0.10963 0.0950119 0.0396947 0.246848 9.9973E-05 9.9973E-05 0.0142642 0.106738 9.9973E-05
0.19984 0.0879504 0.2426 0.0235852 0.186848 9.9973E-05 9.9973E-05 9.9973E-05 0.205636 0.0532407
0.13224 0.110445 0.165395 0.00127066 0.310992 9.9973E-05 9.9973E-05 0.0372738 0.242083 9.9973E-05
0.362977 9.9973E-05 9.9973E-05 9.9973E-05 0.0544317 0.0161679 0.0486421 0.0269377 0.471964 0.01858
0.592151 9.9973E-05 0.0110583 0.0474842 0.0473181 0.0842465 9.9973E-05 0.103279 0.114163 9.9973E-05
0.312628 0.0336825 0.0637738 0.0720421 0.0559408 9.9991E-05 0.0618528 0.0462353 0.298364 0.0553804
9.9955E-05 0.185856 0.148373 9.9955E-05 9.9955E-05 9.9955E-05 0.191978 9.9955E-05 0.447704 0.0255888
0.332969 0.0724278 0.00958629 0.0196018 9.9982E-05 9.9982E-05 0.0122769 0.192557 0.313876 0.046505
0.43706 0.0268283 9.9991E-05 0.10156 0.10632 0.0599071 0.174555 0.00209711 0.0788844 0.0126893
0.00863064 0.18713 0.0998465 0.0998496 0.117402 9.9982E-05 0.364252 0.093289 9.9982E-05 0.0294
0.369564 0.0417596 9.9982E-05 0.0564072 9.9982E-05 0.101939 0.0795893 0.0653898 0.262631 0.0225205
0.173245 0.137104 0.0267728 0.0696942 9.9982E-05 0.0281905 0.149511 0.094772 0.320511 9.9982E-05
0.471487 9.9973E-05 9.9973E-05 0.129573 0.116876 0.0322077 0.0671744 0.106351 0.0760313 9.9973E-05
0.239535 0.0935662 0.0592664 0.00359733 0.0156519 0.00140306 0.382188 0.0629309 0.099904 0.0419574
0.219776 0.115102 0.0577873 0.0701756 0.145071 9.9973E-05 0.358547 9.9973E-05 9.9973E-05 0.0332419
0.391949 0.048515 0.145542 0.123352 0.0469038 9.9982E-05 0.154785 0.0104244 0.0783288 9.9982E-05
0.450323 0.046407 0.0465218 9.9982E-05 9.9982E-05 0.0725882 0.097503 0.0293472 0.240692 0.0164177
0.207872 0.0687317 9.9991E-05 0.0450121 0.194345 0.0893865 0.15007 0.104514 0.135448 0.00452097
0.0368039 0.210818 0.0408469 0.0911665 0.128844 0.137537 0.322745 0.014264 9.9991E-05 0.0168749
0.425011 0.0732664 9.9982E-05 0.0657292 0.193263 0.100507 0.0390354 9.9982E-05 0.0657182 0.0372699
0.158428 0.168479 9.9955E-05 9.9955E-05 0.0825525 9.9955E-05 0.266541 9.9955E-05 0.3235 9.9955E-05
0.337053 0.0684349 9.9964E-05 0.114806 0.11594 9.9964E-05 0.121449 9.9964E-05 0.241918 9.9964E-05
0.296359 0.163422 0.0377792 0.0397128 9.9982E-05 0.1458 0.0339126 0.0680482 0.214766 9.9982E-05
0.103702 9.9973E-05 0.0327173 9.9973E-05 0.0372486 0.246193 0.287514 0.232914 9.9973E-05 0.0594107
9.9946E-05 9.9946E-05 9.9946E-05 9.9946E-05 9.9946E-05 0.12234 0.383112 0.479024 9.9946E-05 0.0149239
9.9955E-05 9.9955E-05 9.9955E-05 0.0446882 9.9955E-05 0.135337 0.417167 0.377812 9.9955E-05 0.0244952
9.9955E-05 9.9955E-05 9.9955E-05 9.9955E-05 9.9955E-05 0.296269 0.197879 0.315575 0.165639 0.0241374
0.479201 0.0068099 9.9946E-05 9.9946E-05 9.9946E-05 9.9946E-05 0.184001 9.9946E-05 0.329389 9.9946E-05
0.472078 9.9982E-05 0.0942508 0.0411109 9.9982E-05 0.0349401 0.117093 0.0574123 0.166993 0.0159228
0.184119 9.9937E-05 9.9937E-05 9.9937E-05 9.9937E-05 0.707807 9.9937E-05 9.9937E-05 0.107375 9.9937E-05
0.250677 0.0575419 9.9973E-05 0.0482782 0.103109 0.430123 9.9973E-05 9.9973E-05 0.0556056 0.0543652
0.179998 9.9982E-05 0.036469 0.0614944 0.0386442 0.431121 9.9982E-05 0.0447854 0.203366 0.00392167
0.33987 0.0922545 9.9955E-05 0.157707 9.9955E-05 9.9955E-05 0.36578 9.9955E-05 0.0438894 9.9955E-05
0.318208 0.0580546 0.0396591 0.0652286 0.0924719 0.0811084 0.109244 9.9991E-05 0.20525 0.0306756
0.156277 0.0630938 9.9964E-05 0.157068 0.0909872 9.9964E-05 0.484561 9.9964E-05 0.0476132 9.9964E-05
0.397244 0.00860439 9.9955E-05 0.00476368 9.9955E-05 9.9955E-05 0.167659 9.9955E-05 0.421229 9.9955E-05
0.491073 0.0661348 0.0564363 0.0574143 0.000152009 9.9982E-05 0.217959 0.0263489 0.0842812 9.9982E-05
0.449089 9.9964E-05 9.9964E-05 0.0700299 0.0321723 0.112735 0.175517 9.9964E-05 0.160057 9.9964E-05
0.207764 0.0802418 9.9964E-05 0.0383499 0.0787981 9.9964E-05 0.473831 9.9964E-05 0.120616 9.9964E-05
0.431852 0.0640518 9.9964E-05 9.9964E-05 0.0779626 0.078546 9.9964E-05 9.9964E-05 0.297765 0.0494235
0.455349 0.0342158 0.0244476 0.00296116 9.9991E-05 0.0608419 0.118117 0.0603985 0.212199 0.0313697
9.9928E-05 9.9928E-05 9.9928E-05 0.0421258 9.9928E-05 0.957075 9.9928E-05 9.9928E-05 9.9928E-05 9.9928E-05
9.9937E-05 9.9937E-05 0.0120954 0.0314114 9.9937E-05 0.955794 9.9937E-05 9.9937E-05 9.9937E-05 9.9937E-05
0.175276 9.9973E-05 9.9973E-05 0.0477404 0.107535 0.565614 0.0026163 9.9973E-05 0.0988398 0.00207951
0.280656 9.9955E-05 9.9955E-05 0.00369023 9.9955E-05 0.681239 9.9955E-05 9.9955E-05 0.0306806 0.00323461
0.194193 9.9946E-05 0.0169226 9.9946E-05 9.9946E-05 0.781877 0.00640855 9.9946E-05 9.9946E-05 9.9946E-05
9.99201E-05 9.99201E-05 9.99201E-05 9.99201E-05 9.99201E-05 0.999101 9.99201E-05 9.99201E-05 9.99201E-05 9.99201E-05
9.9946E-05 0.0251035 0.0144843 0.0139871 9.9946E-05 0.945825 9.9946E-05 9.9946E-05 9.9946E-05 9.9946E-05
0.0546525 9.9946E-05 9.9946E-05 0.00390034 9.9946E-05 0.919805 9.9946E-05 9.9946E-05 0.0210421 9.9946E-05
9.9946E-05 9.9946E-05 0.0356854 9.9946E-05 0.00425635 0.951053 9.9946E-05 9.9946E-05 9.9946E-05 0.00840594
9.9946E-05 9.9946E-05 9.9946E-05 0.0325695 0.00373154 0.959039 9.9946E-05 9.9946E-05 9.9946E-05 0.00406037
9.9928E-05 9.9928E-05 9.9928E-05 9.9928E-05 9.9928E-05 0.960341 9.9928E-05 9.9928E-05 9.9928E-05 0.0388591
0.0885535 9.9964E-05 0.0178574 0.0399608 0.0473118 0.767631 9.9964E-05 9.9964E-05 9.9964E-05 0.0382854
0.128264 9.9964E-05 0.0411569 9.9964E-05 0.0121925 0.772001 9.9964E-05 0.0298809 9.9964E-05 0.0161049
9.9937E-05 0.0152906 9.9937E-05 9.9937E-05 9.9937E-05 0.962974 9.9937E-05 9.9937E-05 9.9937E-05 0.0210361
0.290867 9.9955E-05 0.00491065 9.9955E-05 0.137653 0.383661 9.9955E-05 9.9955E-05 0.182408 9.9955E-05
0.0110629 0.0122351 0.0410386 0.0528813 9.9982E-05 0.658532 0.0200869 9.9982E-05 0.146865 0.057098
0.0914603 9.9955E-05 0.0163104 9.9955E-05 9.9955E-05 0.769644 9.9955E-05 9.9955E-05 0.0588576 0.0632278
9.9946E-05 9.9946E-05 0.00668587 9.9946E-05 0.0569339 0.905721 9.9946E-05 9.9946E-05 9.9946E-05 0.0300592
9.9928E-05 9.9928E-05 9.9928E-05 9.9928E-05 9.9928E-05 0.946792 9.9928E-05 9.9928E-05 0.0524088 9.9928E-05
0.0579673 9.9955E-05 0.00613299 0.00798502 9.9955E-05 0.867933 9.9955E-05 9.9955E-05 9.9955E-05 0.059482
9.9928E-05 9.9928E-05 9.9928E-05 9.9928E-05 9.9928E-05 0.961555 9.9928E-05 9.9928E-05 9.9928E-05 0.0376459
0.240918 9.9973E-05 0.0361705 0.0116993 0.101968 0.587388 0.00134388 0.0202128 9.9973E-05 9.9973E-05
0.0192344 0.00463389 0.0468548 9.9955E-05 0.0273401 0.901437 9.9955E-05 9.9955E-05 9.9955E-05 9.9955E-05
9.9964E-05 0.0440307 9.9964E-05 0.0302712 0.0423924 0.0499375 0.550626 0.282342 9.9964E-05 9.9964E-05
0.307923 9.9982E-05 0.103963 9.9982E-05 0.0346782 0.081181 0.257127 0.0707342 0.0737084 0.0704859
0.328079 0.0285972 0.0446268 0.0929594 9.9991E-05 0.0523516 0.188094 0.175881 0.0675684 0.0217421
0.164568 0.0638743 9.9973E-05 9.9973E-05 9.9973E-05 0.113061 0.446567 0.117699 0.0188296 0.0751005
0.471257 9.9964E-05 9.9964E-05 9.9964E-05 9.9964E-05 0.107876 0.181547 0.144904 0.0660631 0.0279531
0.202926 0.00519895 9.9982E-05 0.0825542 0.0455041 0.082813 0.37779 0.10478 9.9982E-05 0.0982338
0.38053 9.9982E-05 0.0585534 0.0520046 0.00971754 0.0829885 0.137953 0.142368 0.135686 9.9982E-05
0.398317 0.00028755 9.9973E-05 9.9973E-05 9.9973E-05 0.131714 0.317592 0.104357 0.0413009 0.00613172
0.31078 9.9973E-05 9.9973E-05 0.0948124 9.9973E-05 0.17673 0.144288 0.121517 0.128436 0.0231369
0.22639 9.9982E-05 9.9982E-05 0.0170166 0.0915266 0.208121 0.298496 0.0469583 0.0463199 0.0649719
0.497235 9.9982E-05 9.9982E-05 0.0210344 0.0501931 0.00969958 0.131233 0.168694 0.113558 0.00815296
0.0510313 9.9964E-05 0.0951173 0.00182943 9.9964E-05 0.0249054 0.0635507 0.763166 9.9964E-05 9.9964E-05
9.9955E-05 0.0492454 9.9955E-05 0.00290504 9.9955E-05 0.0451551 9.9955E-05 0.834784 9.9955E-05 0.0674103
0.035465 9.9955E-05 0.0241226 9.9955E-05 0.00503013 9.9955E-05 9.9955E-05 0.930978 9.9955E-05 0.00390438
0.0362529 9.9955E-05 0.0499741 9.9955E-05 0.000804946 9.9955E-05 9.9955E-05 0.896656 9.9955E-05 0.0158126
0.0250378 9.9964E-05 0.0384682 9.9964E-05 0.0541589 0.0114052 9.9964E-05 0.780618 9.9964E-05 0.0899125
9.9955E-05 0.0396072 9.9955E-05 9.9955E-05 9.9955E-05 0.0891267 9.9955E-05 0.788684 0.0147067 0.0673756
9.9964E-05 0.00605786 0.00593395 9.9964E-05 9.9964E-05 0.0735585 9.9964E-05 0.790703 0.0643855 0.0589618
0.0294967 0.0113526 0.0315474 0.00254594 9.9982E-05 9.9982E-05 0.0557853 0.839987 0.00723882 0.0218462
0.00794443 0.0682951 9.9964E-05 9.9964E-05 0.0085983 0.0348208 9.9964E-05 0.822619 9.9964E-05 0.0573221
9.9955E-05 9.9955E-05 9.9955E-05 9.9955E-05 0.0592391 0.0968119 0.0234357 0.810792 9.9955E-05 0.00922156
9.9955E-05 0.129415 0.0932044 9.9955E-05 0.167129 9.9955E-05 9.9955E-05 0.570485 9.9955E-05 0.0392667
9.9964E-05 0.0622758 0.209405 0.0393083 0.141719 9.9964E-05 9.9964E-05 0.542208 9.9964E-05 0.00468447
9.9973E-05 0.0796959 0.123858 0.0171437 0.219249 9.9973E-05 0.069145 0.436924 9.9973E-05 0.053684
9.9964E-05 0.0744287 0.119302 0.0456473 0.259214 9.9964E-05 0.0121283 0.48888 9.9964E-05 9.9964E-05
0.515439 0.139647 9.9973E-05 0.0915019 0.112661 9.9973E-05 0.0106134 9.9973E-05 0.0901715 0.0396662
0.451721 0.252968 0.0486244 0.0327877 0.0652299 0.0859068 9.9982E-05 0.0263718 0.0361903 9.9982E-05
0.547951 0.0491701 0.0967717 0.0165584 0.0522713 0.0366806 0.05759 0.0199996 0.122907 9.9991E-05
0.230188 0.132044 0.128606 9.9964E-05 0.0883581 9.9964E-05 9.9964E-05 9.9964E-05 0.382298 0.0381057
0.0585084 0.0944979 0.387963 0.00272976 0.362807 0.0201222 9.9973E-05 9.9973E-05 0.073072 9.9973E-05
0.538226 0.114989 9.9973E-05 0.0635565 9.9973E-05 0.0554519 0.00250292 0.0200075 0.204966 9.9973E-05
0.411761 0.227304 9.9955E-05 9.9955E-05 0.00531368 0.0133113 9.9955E-05 9.9955E-05 0.34181 9.9955E-05
0.441902 0.250748 0.0466539 0.0211457 0.0635991 9.9982E-05 0.0502642 9.9982E-05 0.106965 0.0185224
0.261372 0.449226 9.9955E-05 0.00194177 9.9955E-05 0.0729349 9.9955E-05 9.9955E-05 0.214025 9.9955E-05
0.326896 0.0791467 0.0809366 9.9955E-05 9.9955E-05 0.0806563 9.9955E-05 9.9955E-05 0.431865 9.9955E-05
0.570816 0.246892 0.096246 9.9955E-05 0.0840115 9.9955E-05 9.9955E-05 9.9955E-05 9.9955E-05 0.00153418
9.9964E-05 0.804024 0.0257929 0.0529074 9.9964E-05 9.9964E-05 0.00166279 9.9964E-05 0.0967622 0.018451
0.358548 0.0653368 0.110242 0.0393194 9.9973E-05 9.9973E-05 9.9973E-05 0.0887223 0.314699 0.0228324
0.216256 0.456558 9.9973E-05 0.0162323 9.9973E-05 0.0352082 0.0976651 9.9973E-05 0.152929 0.0248511
0.458934 0.329406 9.9955E-05 9.9955E-05 9.9955E-05 0.0183249 9.9955E-05 9.9955E-05 0.172939 0.0198966
0.210073 0.489066 0.134962 9.9955E-05 0.133109 9.9955E-05 9.9955E-05 0.0322906 9.9955E-05 9.9955E-05
0.0377442 0.0103764 0.716842 9.9973E-05 9.9973E-05 0.00493707 0.160845 0.0515465 0.0174087 9.9973E-05
0.0861278 9.9955E-05 0.691744 0.0474009 9.9955E-05 9.9955E-05 0.115591 0.0586366 9.9955E-05 9.9955E-05
0.0318987 9.9946E-05 0.830861 0.0406949 9.9946E-05 9.9946E-05 0.0959461 9.9946E-05 9.9946E-05 9.9946E-05
0.0343107 0.036555 0.800072 0.00777136 9.9964E-05 9.9964E-05 0.0372901 0.0836007 9.9964E-05 9.9964E-05
0.0248779 0.00346521 0.78307 9.9982E-05 0.0357321 0.0307803 0.100159 9.9982E-05 0.0022856 0.0194296
0.0111785 9.9955E-05 0.798673 0.0536976 9.9955E-05 0.118631 0.0173202 9.9955E-05 9.9955E-05 9.9955E-05
0.0833277 0.0184804 9.9955E-05 9.9955E-05 9.9955E-05 0.0303576 9.9955E-05 0.800725 9.9955E-05 0.0666096
0.0556082 9.9964E-05 9.9964E-05 9.9964E-05 0.0532254 0.0135459 9.9964E-05 0.810425 0.0626664 0.00412902
0.0956225 9.9964E-05 9.9964E-05 0.00430357 0.06729 0.0935449 9.9964E-05 0.661646 9.9964E-05 0.0771934
9.9964E-05 9.9964E-05 0.0183631 9.9964E-05 0.0662649 0.0860983 9.9964E-05 0.738163 0.0755678 0.0151434
0.149359 9.9955E-05 0.00772167 9.9955E-05 0.028241 0.0560474 9.9955E-05 0.758131 9.9955E-05 9.9955E-05
9.9964E-05 0.00750123 0.475636 9.9964E-05 0.0225291 9.9964E-05 0.16307 0.305903 9.9964E-05 0.0249609
9.9964E-05 0.058089 0.417186 0.00645082 9.9964E-05 9.9964E-05 0.0714223 0.436642 9.9964E-05 0.0098098
9.9946E-05 0.113944 0.436232 0.0447815 9.9946E-05 9.9946E-05 9.9946E-05 0.404443 9.9946E-05 9.9946E-05
9.99201E-05 9.99201E-05 9.99201E-05 9.99201E-05 9.99201E-05 9.99201E-05 9.99201E-05 9.99201E-05 9.99201E-05 0.999101
9.9955E-05 0.118554 0.471991 0.0280673 9.9955E-05 9.9955E-05 9.9955E-05 0.337395 9.9955E-05 0.0434928
0.0539105 9.9982E-05 0.00134319 0.0629901 0.013996 0.387723 0.0668237 0.217676 0.195337 9.9982E-05
0.448009 9.9982E-05 0.0217777 9.9982E-05 0.0455814 0.203781 0.0637346 0.072647 0.120139 0.0241299
0.42629 9.9964E-05 9.9964E-05 9.9964E-05 0.047692 0.284667 9.9964E-05 0.146562 0.0912411 0.00314776
0.274069 0.0570789 9.9973E-05 9.9973E-05 9.9973E-05 0.269078 0.118079 0.194834 0.0527045 0.0338564
0.270501 0.0380759 9.9973E-05 9.9973E-05 9.9973E-05 0.148174 0.113202 0.0766792 0.341707 0.0113613
9.9946E-05 9.9946E-05 9.9946E-05 9.9946E-05 9.9946E-05 0.302517 0.283287 0.413261 9.9946E-05 0.000335191
0.258732 9.9973E-05 0.19789 0.0458053 0.0940996 9.9973E-05 0.0865623 0.00457042 0.312041 9.9973E-05
9.9982E-05 0.168666 0.0752732 0.121949 0.0309419 9.9982E-05 0.0113763 0.0187333 0.554157 0.0187037
9.9955E-05 9.9955E-05 0.175287 9.9955E-05 0.428461 9.9955E-05 9.9955E-05 0.029857 0.333896 0.0319997
0.0230979 0.132854 0.069248 0.18129 9.9964E-05 0.0173842 9.9964E-05 9.9964E-05 0.575726 9.9964E-05
9.9964E-05 0.30992 0.0965942 0.276486 0.00425888 9.9964E-05 0.301555 9.9964E-05 0.0107852 9.9964E-05
0.403644 0.00618717 9.9982E-05 0.00890966 0.218461 0.0582129 0.0336088 0.0349649 0.235811 9.9982E-05
0.324385 0.069878 0.0107434 0.0940777 0.15247 9.9991E-05 0.0652825 0.0161135 0.214648 0.0523025
0.146873 0.0510782 0.0989063 0.09071 0.352081 9.9973E-05 9.9973E-05 9.9973E-05 0.223365 0.0366871
0.333557 9.9982E-05 0.0567996 0.0533293 0.0989519 0.116993 0.0547043 0.0649209 0.220544 9.9982E-05
9.9955E-05 0.166323 9.9955E-05 0.0305689 0.35622 9.9955E-05 0.186705 9.9955E-05 0.259683 9.9955E-05
0.202291 0.105072 0.0191373 0.108929 9.9982E-05 0.0284379 0.0747772 9.9982E-05 0.452739 0.00841584
0.371801 0.0354732 0.177894 0.0232927 0.0971304 0.0345132 0.00580962 9.9991E-05 0.251829 0.00215658
0.267764 0.0960287 0.00726828 9.9973E-05 0.0617123 0.175113 9.9973E-05 0.187467 0.204347 9.9973E-05
0.0294867 0.118271 0.105876 0.12041 0.10105 9.9973E-05 0.0335544 9.9973E-05 0.491053 9.9973E-05
0.116739 0.0371876 0.0706978 0.0327243 0.263287 0.0172102 9.9991E-05 0.00217863 0.434318 0.0255577
0.361209 0.0720618 0.0263113 0.133054 0.154686 0.116146 0.0394236 9.9982E-05 0.0969081 9.9982E-05
0.294007 0.0871693 0.0780993 0.0405474 0.0820402 9.9973E-05 9.9973E-05 9.9973E-05 0.390134 0.027703
0.395724 9.9982E-05 0.0597418 0.068688 0.00341153 0.113853 9.9982E-05 0.0299751 0.2863 0.042107
0.296884 0.00403721 9.9973E-05 9.9973E-05 0.147837 0.0957524 0.00941452 0.0384406 0.407334 9.9973E-05
0.230921 0.0153818 0.0509817 9.9982E-05 0.0941917 0.120853 0.0271996 0.0820691 0.378202 9.9982E-05
0.069039 9.9946E-05 9.9946E-05 9.9946E-05 9.9946E-05 0.0599157 9.9946E-05 0.781312 0.0891334 9.9946E-05
0.069678 0.0194933 9.9964E-05 0.0348676 9.9964E-05 0.0460301 9.9964E-05 0.824885 9.9964E-05 0.00464578
0.0640196 0.0688426 0.048481 0.0251961 9.9973E-05 9.9973E-05 0.0171745 0.762225 0.0137615 9.9973E-05
0.0124384 0.0689343 0.0535817 0.0324341 9.9982E-05 0.0095016 9.9982E-05 0.783745 0.0248031 0.0143615
0.0520383 9.9955E-05 9.9955E-05 9.9955E-05 9.9955E-05 0.0113839 9.9955E-05 0.762179 0.0925362 0.0813632
9.9946E-05 9.9946E-05 0.245621 9.9946E-05 0.388375 9.9946E-05 0.0268203 9.9946E-05 0.338584 9.9946E-05
0.180037 0.115608 9.9973E-05 9.9973E-05 0.0297069 0.0585668 9.9973E-05 0.0468805 0.559092 0.00980959
0.256357 9.9973E-05 0.0248626 9.9973E-05 9.9973E-05 0.185042 0.108539 0.138815 0.271571 0.0145132
0.2368 9.9964E-05 9.9964E-05 9.9964E-05 0.0745415 0.041401 9.9964E-05 0.0113681 0.594748 0.0407423
0.226955 0.0151277 0.131201 9.9982E-05 0.0915262 0.0075218 9.9982E-05 0.05085 0.466304 0.0103138
9.9973E-05 0.0227117 0.169438 0.0388589 9.9973E-05 0.00670551 0.128859 9.9973E-05 0.577425 0.0557024
9.9973E-05 0.174256 0.268035 9.9973E-05 0.112643 9.9973E-05 0.0816744 0.0743692 0.270685 0.0180377
0.271836 9.9973E-05 0.112509 0.00393951 0.106746 9.9973E-05 9.9973E-05 0.0423746 0.456764 0.00553149
0.054238 0.00700798 0.27272 0.109871 0.335149 9.9991E-05 0.0188961 0.0281709 0.124198 0.0496486
0.160751 0.096698 0.019879 9.9973E-05 0.0200813 9.9973E-05 0.0408232 0.0620043 0.599463 9.9973E-05
9.9964E-05 0.12865 0.231041 9.9964E-05 0.270902 9.9964E-05 9.9964E-05 0.126703 0.241826 0.000479081
0.330544 9.9982E-05 0.0553046 0.00876471 0.0621497 0.047292 9.9982E-05 0.033663 0.3914 0.0706822
9.9955E-05 0.0766036 0.142339 9.9955E-05 0.3323 9.9955E-05 9.9955E-05 0.0576259 0.390633 9.9955E-05
0.0409981 0.0833826 0.0750483 9.9991E-05 0.175513 0.0586096 0.0291375 0.00977679 0.489465 0.0379689
0.475382 9.9982E-05 0.0770588 0.0662862 0.100669 0.0956868 0.151635 0.00595734 9.9982E-05 0.0271251
0.259667 9.9964E-05 0.080512 0.080097 0.0412012 9.9964E-05 0.410512 9.9964E-05 0.127611 9.9964E-05
0.439968 0.00735378 0.00635904 0.022655 0.034329 9.9973E-05 0.302465 9.9973E-05 0.186571 9.9973E-05
0.446544 0.00890172 9.9982E-05 9.9982E-05 0.0580559 0.0647898 0.205252 0.0756977 0.138453 0.00210647
0.376872 0.0429342 0.0875563 0.0366465 0.0197134 9.9964E-05 0.435877 9.9964E-05 9.9964E-05 9.9964E-05
0.285631 0.0332861 0.0314632 0.0689152 9.9991E-05 0.0557735 0.181751 0.0224194 0.282792 0.0378688
0.442532 9.9973E-05 0.0188055 0.177273 9.9973E-05 9.9973E-05 0.141397 0.0645913 0.134767 0.0203338
0.0331648 0.157209 0.058035 0.0418204 9.9964E-05 9.9964E-05 0.490938 9.9964E-05 0.218432 9.9964E-05
0.292957 0.0209722 0.00603094 0.103269 0.0444925 9.9964E-05 0.531879 9.9964E-05 9.9964E-05 9.9964E-05
0.42871 9.9955E-05 0.0545196 0.0315595 9.9955E-05 9.9955E-05 0.269431 9.9955E-05 0.21528 9.9955E-05
0.258313 0.136308 0.112061 0.0154641 9.99549E-05 9.99549E-05 0.477353 9.99549E-05 9.99549E-05 9.99549E-05
0.425499 0.0251922 0.0134798 9.9964E-05 0.122618 9.9964E-05 0.237776 9.9964E-05 0.175036 9.9964E-05
9.9964E-05 0.13662 0.299145 9.9964E-05 0.302517 0.0182502 9.9964E-05 9.9964E-05 0.230419 0.0126485
9.9955E-05 0.133817 0.137143 0.20886 0.0781412 9.9955E-05 9.9955E-05 9.9955E-05 0.441539 9.9955E-05
0.144596 0.0732623 0.245198 9.9982E-05 0.115688 0.0174745 9.9982E-05 0.0248731 0.342321 0.0363863
0.455325 9.9955E-05 0.0409054 9.9955E-05 0.120292 9.9955E-05 0.00736527 9.9955E-05 0.375612 9.9955E-05
0.12361 0.0906264 0.301048 9.9964E-05 0.212586 9.9964E-05 0.00077962 9.9964E-05 0.270951 9.9964E-05
0.351797 9.9982E-05 0.106411 0.0947186 9.9982E-05 0.0620421 0.0911531 0.0240118 0.231915 0.0377515
0.419828 0.0353826 0.116071 9.9973E-05 0.102545 0.0421102 9.9973E-05 9.9973E-05 0.243904 0.0398597
0.185543 0.0752677 0.119842 0.0521649 0.212363 0.102771 9.9973E-05 9.9973E-05 0.251749 9.9973E-05
0.225384 0.162148 0.0543749 9.9982E-05 0.0202707 0.0668877 9.9982E-05 0.0784088 0.390887 0.00143874
0.185989 0.053196 0.188394 9.9973E-05 0.193833 0.0629258 9.9973E-05 9.9973E-05 0.314822 0.000540857
0.0642862 0.115249 0.260721 9.9964E-05 0.233261 0.0392657 9.9964E-05 9.9964E-05 0.286817 9.9964E-05
0.25482 0.0370557 0.286679 0.0838395 0.0907527 0.0497206 0.00359823 9.9982E-05 0.193334 9.9982E-05
0.258185 9.9973E-05 0.111224 0.0576515 0.0380573 0.0601245 9.9973E-05 0.0163553 0.458103 9.9973E-05
0.322363 9.9982E-05 0.0594674 0.00199709 0.122089 9.9982E-05 0.013922 0.0175962 0.417197 0.0451679
0.212526 0.0281206 0.208288 0.0297927 0.0344323 0.0776459 0.081695 9.9991E-05 0.313994 0.0134055
0.250905 0.0235372 0.158952 0.123216 0.0588754 0.0773285 9.9973E-05 9.9973E-05 0.306886 9.9973E-05
0.142705 9.9973E-05 0.239506 9.9973E-05 0.115761 0.0339264 9.9973E-05 0.021178 0.388127 0.0584965
0.44749 0.0150552 0.0779675 9.9973E-05 0.124886 0.0679232 9.9973E-05 9.9973E-05 0.261376 0.00500179
0.287001 0.0193326 0.0832943 0.00317525 0.0984866 0.0973693 9.9991E-05 0.0550307 0.337409 0.0188015
0.232276 0.00301462 0.0961454 0.0683512 0.0384914 0.146481 0.0367483 0.0193964 0.326658 0.0324378
0.295371 9.9973E-05 9.9973E-05 9.9973E-05 0.0916945 0.169994 0.0552072 0.240399 0.123747 0.0232877
0.264624 0.0103865 9.9973E-05 9.9973E-05 9.9973E-05 0.240549 0.105072 0.0911916 0.259238 0.0286398
0.307633 9.9991E-05 0.00511266 0.00518387 0.00283977 0.120415 0.0314142 0.160693 0.340579 0.0260291
0.429663 9.9991E-05 0.0980296 0.0969352 0.0717454 0.171002 0.029145 0.00464594 0.0863179 0.012416
0.226411 0.0480512 9.9991E-05 0.00970724 0.00541292 0.243972 0.017306 0.172194 0.234094 0.0427506
0.0748263 0.112592 0.013228 0.0201838 0.100898 9.9973E-05 0.0496501 9.9973E-05 0.628322 9.9973E-05
0.393481 9.9973E-05 9.9973E-05 0.097432 0.115848 0.14904 9.9973E-05 0.144552 0.0601206 0.0392264
9.9964E-05 0.148774 9.9964E-05 9.9964E-05 0.0665214 0.0799691 0.32856 0.241587 0.134189 9.9964E-05
0.133372 9.9973E-05 9.9973E-05 0.0741529 0.0897634 0.183769 9.9973E-05 0.0956868 0.401286 0.0216697
0.372854 0.0282435 0.00664783 0.0558406 0.063819 0.158645 0.0146799 0.0237363 0.21564 0.0598939
0.213674 9.9964E-05 0.0885924 9.9964E-05 0.104503 0.299905 9.9964E-05 9.9964E-05 0.288924 0.00400176
0.150041 0.00160746 9.9973E-05 9.9973E-05 0.191137 0.114933 0.135976 0.180201 0.225804 9.9973E-05
0.460785 9.9964E-05 9.9964E-05 9.9964E-05 9.9964E-05 0.10123 0.0547532 0.198193 0.135028 0.0496113
0.286467 9.9964E-05 9.9964E-05 9.9964E-05 9.9964E-05 0.127709 0.00641271 0.0953553 0.395754 0.0879019
9.9955E-05 0.0407154 9.9955E-05 9.9955E-05 9.9955E-05 0.194006 0.317844 0.389656 9.9955E-05 0.0572785
0.244506 9.9973E-05 9.9973E-05 0.0510398 0.0366628 0.230516 9.9973E-05 0.0821675 0.229156 0.125651
0.273061 9.9964E-05 9.9964E-05 0.00561263 9.9964E-05 0.231068 9.9964E-05 0.127694 0.331163 0.0310016
0.292637 0.022131 9.9991E-05 0.00937179 0.0699935 0.109871 0.0215895 0.0557092 0.379736 0.0388615
0.327546 9.9955E-05 9.9955E-05 9.9955E-05 9.9955E-05 0.166473 0.0491546 0.205067 0.25126 9.9955E-05
0.357701 0.0117238 0.0487072 0.0619712 0.0948449 0.16824 9.9991E-05 0.133677 0.104188 0.0188472
0.32982 0.0261235 0.0772009 0.41677 9.9982E-05 0.0849225 9.9982E-05 0.00752479 0.0218163 0.0356224
0.214252 0.0220836 0.0151488 0.273145 0.00872656 0.07516 0.0288169 0.0158098 0.270222 0.0766352
9.9946E-05 0.135278 9.9946E-05 0.699987 0.130795 9.9946E-05 0.0333404 9.9946E-05 9.9946E-05 9.9946E-05
9.9946E-05 0.0852933 0.0443369 0.844038 9.9946E-05 9.9946E-05 0.0257322 9.9946E-05 9.9946E-05 9.9946E-05
0.33047 9.9982E-05 9.9982E-05 0.277744 0.0248895 0.00594031 0.0594735 0.0474552 0.232661 0.0211667
0.14892 9.9964E-05 9.9964E-05 0.142478 9.9964E-05 0.378073 0.0711491 0.0500412 0.208939 9.9964E-05
0.115097 9.9964E-05 9.9964E-05 0.317268 9.9964E-05 0.355347 9.9964E-05 0.114858 0.0941147 0.00291557
0.109947 9.9973E-05 9.9973E-05 0.192842 0.0949693 0.306622 0.140498 0.140403 9.9973E-05 0.014419
0.263906 9.9964E-05 9.9964E-05 0.145945 0.131732 0.27632 9.9964E-05 0.150113 9.9964E-05 0.0315837
9.9955E-05 9.9955E-05 9.9955E-05 0.637974 9.9955E-05 0.0959877 0.169942 0.0593021 0.0362943 9.9955E-05
0.0302933 9.9973E-05 9.9973E-05 0.684436 9.9973E-05 0.088432 0.0335828 0.0775934 0.060393 0.0249697
0.391564 9.9946E-05 9.9946E-05 0.380415 9.9946E-05 0.135788 9.9946E-05 9.9946E-05 0.0916333 9.9946E-05
0.255236 9.9955E-05 9.9955E-05 0.507472 0.0588468 0.153666 9.9955E-05 0.0242792 9.9955E-05 9.9955E-05
0.104071 9.9964E-05 0.00396859 0.691326 9.9964E-05 0.0873172 9.9964E-05 0.0581762 9.9964E-05 0.0547412
0.307337 9.9982E-05 0.0279219 0.314615 0.0594061 0.105265 9.9982E-05 0.0134251 0.138973 0.0328578
0.326222 9.9955E-05 9.9955E-05 0.33337 9.9955E-05 0.15437 0.0160671 9.9955E-05 0.169471 9.9955E-05
0.227271 9.9982E-05 0.026278 0.231932 0.0949672 0.105417 9.9982E-05 0.0534457 0.224075 0.0364137
0.237236 0.0544381 0.0565189 0.607199 9.9955E-05 9.9955E-05 9.9955E-05 9.9955E-05 0.0441077 9.9955E-05
0.30692 0.028425 0.00195717 0.531223 0.0481673 0.00114234 0.0111342 9.9991E-05 0.0343123 0.0366181
0.367351 0.00135782 0.0280309 0.228351 9.9973E-05 9.9973E-05 9.9973E-05 0.0816454 0.275775 0.0171897
0.351382 0.0116319 0.0649536 0.31934 0.125275 0.0315758 0.0930635 0.00257812 9.9982E-05 9.9982E-05
0.25794 0.0494985 0.0415284 0.0691848 0.0849475 0.113185 0.122425 0.0218466 0.239344 9.9991E-05
0.318202 9.9955E-05 9.9955E-05 0.36097 0.0101476 9.9955E-05 0.0446431 9.9955E-05 0.265538 9.9955E-05
0.135066 9.9946E-05 0.0842295 0.727866 9.9946E-05 9.9946E-05 0.0522387 9.9946E-05 9.9946E-05 9.9946E-05
0.588415 0.00717262 9.9955E-05 0.386457 9.9955E-05 9.9955E-05 9.9955E-05 0.0166861 0.000769528 9.9955E-05
0.185813 0.0259142 0.00376651 0.71638 0.0676268 9.99581E-05 9.99581E-05 9.99581E-05 9.99581E-05 9.99581E-05
0.340078 9.9946E-05 9.9946E-05 0.581043 9.9946E-05 9.9946E-05 0.0609921 9.9946E-05 9.9946E-05 0.0172872
0.483342 0.00447825 0.00631902 0.301439 9.9991E-05 0.0526056 0.0311169 0.019135 0.0398178 0.0616459
0.243371 0.0365739 9.9973E-05 0.189299 0.183942 0.0211252 9.9973E-05 9.9973E-05 0.312312 0.0130768
0.439234 9.9964E-05 9.9964E-05 0.0797436 0.142372 0.172288 0.0591047 0.106858 9.9964E-05 9.9964E-05
0.0659273 0.00264602 0.0996494 0.0896372 0.108159 0.14284 0.0860992 0.0616478 0.28035 0.0630447
0.278035 0.0117233 0.0181277 0.100443 0.0733844 0.256607 0.113304 0.101105 0.0447477 0.00252235
0.211628 9.9991E-05 0.0477786 0.0633399 0.00831276 0.253478 0.0364205 0.163023 0.156549 0.0593708
0.377863 0.0877287 0.0461721 0.00312523 0.0473158 0.144247 9.9991E-05 0.173061 0.118429 0.0019596
0.412476 9.9973E-05 0.0370748 0.145819 9.9973E-05 0.128554 0.101756 0.151313 9.9973E-05 0.022708
9.9964E-05 9.9964E-05 0.0136623 0.582447 9.9964E-05 0.092968 0.132007 0.169528 9.9964E-05 0.00898739
0.465132 9.9982E-05 0.0155137 0.0568879 0.0235057 0.228162 9.9982E-05 0.0766 0.115453 0.0185456
9.9946E-05 9.9946E-05 9.9946E-05 0.386599 9.9946E-05 0.0793143 0.17271 0.360777 9.9946E-05 9.9946E-05
0.313738 9.9964E-05 9.9964E-05 0.297775 0.00579176 0.19902 9.9964E-05 0.00802973 0.175245 9.9964E-05
0.0225076 0.187114 9.9946E-05 0.767261 9.9946E-05 9.9946E-05 0.0225175 9.9946E-05 9.9946E-05 9.9946E-05
9.9928E-05 0.209474 9.9928E-05 0.789727 9.9928E-05 9.9928E-05 9.9928E-05 9.9928E-05 9.9928E-05 9.9928E-05
0.353748 9.9955E-05 9.9955E-05 0.53734 0.0439538 9.9955E-05 9.9955E-05 9.9955E-05 0.0386658 0.0257924
