0.392748 0.509076 0.0981758
0.289054 0.6428 0.0681459
9.999E-05 0.560084 0.439816
0.351649 0.625399 0.0229514
0.149748 0.637293 0.212959
0.297554 0.614928 0.0875177
0.0456574 0.592324 0.362018
9.999E-05 0.680766 0.319134
0.0973825 0.754006 0.148611
0.34604 0.607243 0.0467175
0.319208 0.568575 0.112217
0.0477986 0.499224 0.452977
0.403388 0.578765 0.0178466
0.0795074 0.839942 0.0805505
0.234116 0.739501 0.0263833
0.419489 0.580411 9.9991E-05
0.340857 0.140791 0.518353
0.0994436 9.9991E-05 0.900456
0.0566864 9.9991E-05 0.943214
0.36311 0.0601589 0.576731
0.259852 0.740048 9.9991E-05
0.355109 0.635428 0.00946366
0.884604 0.115296 9.9991E-05
0.69553 0.30437 9.9991E-05
0.664664 0.289059 0.0462769
0.0413359 0.759404 0.19926
0.353172 0.592242 0.0545858
9.9991E-05 0.74585 0.25405
0.337475 0.623483 0.0390421
0.203685 0.744938 0.051377
0.277689 0.722211 9.9991E-05
9.9991E-05 0.742777 0.257123
0.428324 0.571576 9.9991E-05
0.398426 0.543008 0.058566
0.959381 0.00877431 0.0318448
0.964096 0.0358036 9.9991E-05
0.747033 0.252867 9.9991E-05
0.833572 0.137448 0.0289794
0.872425 0.0588507 0.0687247
0.966497 9.9991E-05 0.0334029
0.998488 9.9991E-05 0.00141172
0.955528 0.0443719 9.9991E-05
0.9998 9.999E-05 9.999E-05
0.9998 9.999E-05 9.999E-05
0.976428 9.9991E-05 0.0234716
0.907413 0.0924873 9.9991E-05
0.883054 0.0342753 0.0826705
0.9998 9.999E-05 9.999E-05
0.698334 0.301566 9.9991E-05
0.833225 0.127916 0.0388585
0.849003 0.0225392 0.128458
0.954449 0.0454509 9.9991E-05
0.958941 9.9991E-05 0.0409591
0.957275 9.9991E-05 0.0426249
0.996372 9.9991E-05 0.00352754
0.804841 0.189575 0.0055845
0.917784 0.0481671 0.034049
9.9991E-05 0.276274 0.723626
0.321694 0.456958 0.221348
0.294382 0.483617 0.222001
0.124001 0.353379 0.522619
0.395794 0.459951 0.144255
0.123968 0.399528 0.476504
0.390848 0.454209 0.154943
0.308992 0.408793 0.282215
0.34571 0.500888 0.153402
0.395263 0.286563 0.318174
0.320144 0.482435 0.197422
0.238074 0.564819 0.197107
0.0338243 0.808277 0.157899
0.239623 0.712339 0.0480375
0.299803 0.700097 9.9991E-05
0.0234125 0.798913 0.177675
0.401701 0.574368 0.0239303
0.228847 0.711721 0.0594325
9.9991E-05 0.813419 0.186481
9.9991E-05 0.72652 0.27338
0.116317 0.844041 0.0396422
9.9991E-05 0.752227 0.247673
0.101836 0.817332 0.0808321
0.248089 0.751811 9.9991E-05
0.34276 0.540708 0.116533
9.9991E-05 0.949255 0.0506454
9.9991E-05 0.962874 0.0370259
0.288962 0.635094 0.0759443
0.470273 0.365695 0.164032
0.465774 0.365083 0.169143
0.381969 0.280971 0.337059
0.403909 0.399401 0.196691
0.013842 0.672006 0.314152
0.087079 0.630095 0.282826
0.304348 0.695552 9.9991E-05
0.282132 0.717768 9.9991E-05
0.108945 0.698961 0.192094
0.40821 0.59169 9.9991E-05
0.309585 0.690315 9.9991E-05
0.405802 0.552265 0.0419334
0.0806981 0.846867 0.0724348
0.167905 0.772476 0.0596185
0.258241 0.741659 9.9991E-05
0.228797 0.751851 0.0193518
0.364877 0.597959 0.0371641
0.192015 0.807885 9.9991E-05
9.9991E-05 0.965889 0.0340108
0.272401 0.719745 0.00785437
9.9991E-05 0.928033 0.0718674
0.183216 0.816684 9.9991E-05
0.30059 0.69931 9.9991E-05
0.297855 0.702045 9.9991E-05
0.478383 0.464135 0.0574816
0.346878 0.433282 0.219839
0.414968 0.329017 0.256015
0.384238 0.362057 0.253705
0.404389 0.420016 0.175595
0.384942 0.463998 0.15106
0.0657199 0.507174 0.427106
0.508206 0.449162 0.0426322
0.0852774 0.331698 0.583024
0.375287 0.574512 0.0502005
9.9991E-05 0.987813 0.0120871
9.9991E-05 0.948437 0.051463
0.158104 0.841796 9.9991E-05
0.236907 0.762993 9.9991E-05
0.0730369 0.926863 9.9991E-05
0.190638 0.809262 9.9991E-05
0.186098 0.813802 9.9991E-05
0.753688 0.246212 9.9991E-05
0.623534 0.234746 0.14172
0.656455 0.307559 0.0359859
0.67852 0.189089 0.132391
0.67599 0.314249 0.00976104
0.709095 9.9991E-05 0.290805
0.658531 0.20719 0.134279
0.670738 0.185231 0.144031
0.696659 0.190999 0.112342
0.790452 0.114166 0.0953819
0.661331 0.300742 0.0379271
0.705679 0.183313 0.111008
0.639202 0.331936 0.0288617
0.738396 0.137829 0.123775
0.664562 0.280697 0.0547403
0.639596 0.22268 0.137724
0.749676 0.00749293 0.242831
0.598342 0.286294 0.115365
0.6178 0.287985 0.0942145
0.489566 0.357913 0.152521
0.470445 0.320094 0.209461
0.657053 0.209817 0.133131
0.741351 0.224603 0.0340461
0.752122 0.0798788 0.167999
0.392192 0.349167 0.25864
0.444924 0.514812 0.040264
0.0378699 9.9991E-05 0.96203
9.999E-05 9.999E-05 0.9998
0.212363 0.362756 0.424881
0.103385 0.0915793 0.805036
0.0804023 9.9991E-05 0.919498
0.299105 0.374181 0.326713
0.357595 0.342064 0.300341
0.264744 0.246135 0.489121
0.102126 0.062207 0.835667
0.378213 0.39378 0.228007
0.134411 0.284279 0.58131
9.999E-05 9.999E-05 0.9998
0.482867 0.392196 0.124938
0.392953 0.143217 0.46383
