0.327343 0.548686 0.123971
0.331738 0.599168 0.0690935
9.999E-05 0.618318 0.381582
0.464978 0.527579 0.00744309
0.164523 0.635933 0.199543
0.344468 0.493272 0.16226
0.0161589 0.584954 0.398887
9.999E-05 0.682675 0.317225
0.160694 0.677958 0.161348
0.360491 0.588741 0.0507688
0.31826 0.519218 0.162521
0.110795 0.50009 0.389115
0.39335 0.557984 0.048666
0.0634289 0.832533 0.104039
0.185384 0.754809 0.0598071
0.411872 0.552723 0.0354053
0.390341 0.155344 0.454315
0.0556761 9.9991E-05 0.944224
0.0640546 9.9991E-05 0.935845
0.391981 0.0169729 0.591046
0.311587 0.688313 9.9991E-05
0.376976 0.613544 0.00947968
0.910725 0.0891749 9.9991E-05
0.646431 0.331944 0.0216247
0.71167 0.255246 0.0330836
0.0971244 0.815363 0.0875128
0.30256 0.604484 0.0929555
9.9991E-05 0.743662 0.256238
0.295101 0.692712 0.012187
0.189857 0.755628 0.0545157
0.317837 0.682063 9.9991E-05
9.9991E-05 0.811077 0.188823
0.474488 0.522281 0.00323074
0.333216 0.545869 0.120915
0.982743 9.9991E-05 0.0171566
0.96736 0.0325396 9.9991E-05
0.796182 0.203718 9.9991E-05
0.836019 0.163881 9.9991E-05
0.922072 0.0778282 9.9991E-05
0.942856 9.9991E-05 0.0570443
0.951875 9.9991E-05 0.0480246
0.963983 0.0359169 9.9991E-05
0.9998 9.999E-05 9.999E-05
0.9998 9.999E-05 9.999E-05
0.9998 9.999E-05 9.999E-05
0.912811 0.0870886 9.9991E-05
0.910683 0.0129959 0.0763213
0.9998 9.999E-05 9.999E-05
0.639954 0.359946 9.9991E-05
0.87479 0.0888695 0.0363402
0.920072 0.0764691 0.0034586
0.980183 0.00494625 0.0148704
0.9998 9.999E-05 9.999E-05
0.982316 9.9991E-05 0.0175844
0.953206 9.9991E-05 0.0466937
0.817748 0.182152 9.9991E-05
0.981197 9.9991E-05 0.018703
9.9991E-05 0.283068 0.716832
0.260532 0.417844 0.321624
0.323489 0.471422 0.205089
0.0828269 0.338646 0.578527
0.373928 0.486414 0.139657
0.168483 0.319118 0.512398
0.322976 0.43724 0.239784
0.273156 0.418501 0.308342
0.372592 0.429092 0.198316
0.327767 0.356201 0.316032
0.353796 0.470537 0.175668
0.349629 0.559716 0.0906558
0.0318387 0.79517 0.172992
0.267173 0.649514 0.0833128
0.427193 0.546611 0.0261953
9.9991E-05 0.769638 0.230262
0.346045 0.623734 0.0302213
0.220349 0.742659 0.0369919
9.9991E-05 0.841176 0.158724
9.9991E-05 0.749162 0.250738
0.225695 0.726995 0.0473093
9.9991E-05 0.737587 0.262313
0.147836 0.73389 0.118273
0.295542 0.704358 9.9991E-05
0.379859 0.584219 0.035922
9.9991E-05 0.984999 0.0149014
9.9991E-05 0.943556 0.0563436
0.328356 0.636535 0.0351095
0.501041 0.301819 0.19714
0.495983 0.342444 0.161573
0.373486 0.260042 0.366472
0.449219 0.289005 0.261776
0.0519706 0.706847 0.241183
0.0755539 0.723666 0.20078
0.329338 0.65361 0.0170525
0.247157 0.737427 0.0154162
0.102184 0.752604 0.145213
0.349403 0.650497 9.9991E-05
0.41938 0.58052 9.9991E-05
0.374215 0.572081 0.0537042
0.0724253 0.927475 9.9991E-05
0.154141 0.782788 0.0630717
0.363222 0.636678 9.9991E-05
0.202537 0.733719 0.063744
0.320524 0.526062 0.153413
0.158157 0.786005 0.0558386
0.0114948 0.988405 9.9991E-05
0.347117 0.652783 9.9991E-05
0.0541461 0.93697 0.00888352
0.151069 0.848831 9.9991E-05
0.313201 0.668163 0.0186358
0.327334 0.672566 9.9991E-05
0.530997 0.396361 0.0726418
0.444241 0.398855 0.156904
0.403646 0.348685 0.247669
0.395511 0.394454 0.210035
0.502728 0.389081 0.10819
0.414435 0.472785 0.11278
0.0484252 0.56694 0.384635
0.492005 0.505085 0.00291016
0.0693767 0.245631 0.684992
0.392362 0.607538 9.9991E-05
9.9991E-05 0.976999 0.0229006
9.9991E-05 0.963625 0.036275
0.152328 0.847572 9.9991E-05
0.312171 0.687729 9.9991E-05
0.0869678 0.912932 9.9991E-05
0.213527 0.786373 9.9991E-05
0.216922 0.782978 9.9991E-05
0.680439 0.261207 0.0583546
0.701266 0.229365 0.0693689
0.69688 0.265764 0.0373562
0.657203 0.232853 0.109944
0.71057 0.228386 0.0610443
0.723943 9.9991E-05 0.275957
0.668915 0.187317 0.143768
0.701309 0.124726 0.173964
0.686828 0.255818 0.0573538
0.765664 0.234236 9.9991E-05
0.584674 0.398536 0.0167901
0.690512 0.130393 0.179095
0.590102 0.271332 0.138567
0.699876 0.101413 0.198711
0.682303 0.313975 0.0037221
0.586828 0.307167 0.106005
0.71741 0.0234674 0.259123
0.600244 0.303275 0.0964813
0.614383 0.290139 0.0954783
0.468633 0.354158 0.177209
0.432083 0.262748 0.305169
0.651507 0.221531 0.126962
0.742727 0.243036 0.0142363
0.725645 0.0114351 0.26292
0.447087 0.353576 0.199336
0.380377 0.438467 0.181156
0.0295268 9.9991E-05 0.970373
9.999E-05 9.999E-05 0.9998
0.222087 0.361668 0.416245
0.119509 0.0530741 0.827416
0.0893327 9.9991E-05 0.910567
0.254414 0.321502 0.424084
0.308806 0.29797 0.393225
0.199304 0.256151 0.544545
0.0917214 0.0579138 0.850365
0.362785 0.369112 0.268103
0.101735 0.288741 0.609524
9.999E-05 9.999E-05 0.9998
0.522096 0.429468 0.0484361
0.37618 0.241864 0.381957
