0.351054 0.553938 0.0950073
0.328554 0.575337 0.0961083
9.999E-05 0.582352 0.417548
0.366924 0.631697 0.00137863
0.151237 0.585487 0.263276
0.297908 0.58412 0.117972
0.0357061 0.604985 0.359309
9.999E-05 0.675597 0.324303
0.146275 0.733079 0.120646
0.340453 0.65607 0.00347766
0.269334 0.57227 0.158396
0.0770516 0.464472 0.458477
0.356396 0.643504 9.9991E-05
0.0900523 0.786367 0.12358
0.159146 0.780669 0.0601854
0.405429 0.488543 0.106028
0.345463 0.118993 0.535544
0.0882192 9.9991E-05 0.911681
0.0774411 9.9991E-05 0.922459
0.391845 0.00487658 0.603279
0.26746 0.73244 9.9991E-05
0.453777 0.443835 0.102388
0.895264 0.104636 9.9991E-05
0.693422 0.306478 9.9991E-05
0.624822 0.283782 0.0913957
0.117151 0.821804 0.0610445
0.391073 0.489967 0.11896
9.9991E-05 0.73637 0.26353
0.261602 0.696481 0.0419164
0.209817 0.723847 0.0663364
0.317617 0.682283 9.9991E-05
9.9991E-05 0.779052 0.220848
0.456133 0.543767 9.9991E-05
0.345324 0.584374 0.0703013
0.979137 9.9991E-05 0.0207633
0.992685 0.00721484 9.9991E-05
0.77496 0.22494 9.9991E-05
0.858943 0.140957 9.9991E-05
0.88782 0.0792542 0.0329254
0.978625 9.9991E-05 0.0212752
0.968942 9.9991E-05 0.0309583
0.981282 0.0186176 9.9991E-05
0.9998 9.999E-05 9.999E-05
0.9998 9.999E-05 9.999E-05
0.983129 9.9991E-05 0.0167711
0.88746 0.103404 0.0091359
0.882113 9.9991E-05 0.117788
0.967686 9.9991E-05 0.0322136
0.632446 0.33595 0.0316036
0.876107 0.117145 0.00674743
0.915113 0.0708467 0.0140404
0.937438 0.0229692 0.0395931
0.9998 9.999E-05 9.999E-05
0.934804 9.9991E-05 0.0650958
0.9998 9.999E-05 9.999E-05
0.717008 0.248386 0.0346059
0.916272 0.00238567 0.0813424
9.9991E-05 0.267404 0.732496
0.231093 0.561731 0.207176
0.292528 0.469805 0.237667
0.118605 0.31321 0.568185
0.370618 0.501323 0.12806
0.144966 0.33265 0.522384
0.254189 0.558161 0.18765
0.259003 0.415588 0.325409
0.390011 0.410237 0.199752
0.32682 0.405607 0.267573
0.353003 0.582626 0.0643706
0.345814 0.59691 0.0572768
0.0519104 0.717508 0.230582
0.209017 0.741082 0.0499014
0.320282 0.620297 0.0594209
0.0231396 0.736385 0.240476
0.392297 0.555512 0.0521907
0.247338 0.640316 0.112345
9.9991E-05 0.772393 0.227507
9.9991E-05 0.738588 0.261312
0.156561 0.786031 0.0574079
9.9991E-05 0.722398 0.277502
0.0748487 0.738812 0.186339
0.275787 0.724113 9.9991E-05
0.302219 0.649043 0.048738
9.9991E-05 0.932562 0.0673379
9.9991E-05 0.965535 0.0343648
0.333768 0.665211 0.00102098
0.433847 0.28628 0.279873
0.521967 0.314982 0.163051
0.387887 0.265584 0.346529
0.42218 0.324804 0.253017
9.9991E-05 0.718344 0.281556
0.0677791 0.693163 0.239058
0.314155 0.685745 9.9991E-05
0.265671 0.734229 9.9991E-05
0.109111 0.741568 0.149322
0.356221 0.56808 0.0756991
0.306957 0.668512 0.024531
0.316953 0.591299 0.0917485
0.0436489 0.954751 0.00160029
0.124468 0.868752 0.00678047
0.297007 0.699791 0.00320269
0.203973 0.759088 0.0369385
0.338211 0.565531 0.0962577
0.10277 0.89713 9.9991E-05
9.9991E-05 0.974368 0.0255324
0.243591 0.756309 9.9991E-05
0.0357288 0.925299 0.0389722
0.165102 0.834798 9.9991E-05
0.291689 0.678994 0.0293167
0.284739 0.715161 9.9991E-05
0.446947 0.454986 0.0980671
0.429764 0.440772 0.129465
0.464624 0.26014 0.275237
0.366762 0.402382 0.230856
0.453958 0.45508 0.090962
0.391695 0.492342 0.115963
0.0563959 0.543138 0.400466
0.48126 0.493016 0.025724
0.128218 0.272297 0.599485
0.409526 0.590374 9.9991E-05
9.9991E-05 0.962647 0.0372527
9.9991E-05 0.947585 0.0523153
0.141675 0.858225 9.9991E-05
0.242891 0.757009 9.9991E-05
0.0874844 0.912416 9.9991E-05
0.204224 0.795676 9.9991E-05
0.201248 0.798652 9.9991E-05
0.683282 0.302208 0.0145101
0.640653 0.217379 0.141968
0.653274 0.232546 0.114179
0.674424 0.166867 0.158709
0.638684 0.348467 0.0128493
0.693235 9.9991E-05 0.306665
0.710614 0.178602 0.110784
0.731559 0.201154 0.067287
0.630525 0.258828 0.110647
0.759146 0.195743 0.0451108
0.590887 0.38727 0.0218427
0.683262 0.229333 0.0874053
0.54681 0.327887 0.125303
0.666557 0.188354 0.145089
0.647336 0.268604 0.0840599
0.593876 0.304895 0.101229
0.751589 0.0695738 0.178837
0.650518 0.248063 0.101419
0.514044 0.330167 0.155788
0.457503 0.382556 0.159942
0.44273 0.274084 0.283186
0.6565 0.286818 0.0566819
0.806551 0.162509 0.0309393
0.715817 0.018606 0.265577
0.334105 0.432407 0.233488
0.340711 0.521172 0.138118
0.0864906 9.9991E-05 0.913409
9.999E-05 9.999E-05 0.9998
0.218782 0.382416 0.398802
0.0818653 0.0704825 0.847652
0.121701 9.9991E-05 0.878199
0.221419 0.441529 0.337052
0.301032 0.339854 0.359114
0.224953 0.220034 0.555012
0.0620475 0.109981 0.827971
0.338321 0.445021 0.216658
0.0692526 0.292275 0.638473
9.999E-05 9.999E-05 0.9998
0.504536 0.387186 0.108279
0.393084 0.272507 0.334408
