0.188359 0.00907191 0.0114595 0.121996 0.046279 0.622835
0.0856008 0.0652869 9.9991E-05 0.0417947 0.200807 0.60641
9.9973E-05 0.0818441 9.9973E-05 0.102451 0.815405 9.9973E-05
9.999E-05 0.0306033 0.195371 0.0321045 0.106351 0.63547
0.0799169 0.00607977 0.113226 0.0910115 0.471738 0.238028
0.0329832 9.9991E-05 0.00102377 0.108394 0.0927541 0.764745
9.9982E-05 9.9982E-05 0.00946509 0.164323 0.519867 0.306145
0.0200485 0.0679062 9.9991E-05 0.0511332 0.718383 0.142429
0.150976 0.051121 9.9991E-05 0.00597729 0.483297 0.308528
0.0786872 9.9991E-05 0.0311544 0.0911524 0.155072 0.643834
0.025867 0.0590728 0.120622 0.0469821 0.34524 0.402216
9.999E-05 0.123292 0.0905483 0.310219 0.395365 0.0804753
0.0574771 9.9991E-05 0.201489 0.0363364 0.23547 0.469127
9.9964E-05 9.9964E-05 9.9964E-05 9.9964E-05 0.466304 0.533296
9.9973E-05 9.9973E-05 9.9973E-05 0.142613 0.10446 0.752627
9.9973E-05 9.9973E-05 0.0789342 0.126866 9.9973E-05 0.7939
0.149367 9.9991E-05 0.130048 0.49996 0.0490158 0.171509
0.117635 9.9982E-05 0.0467386 0.810048 0.025379 9.9982E-05
9.9982E-05 0.00483107 0.0810746 0.791087 0.122807 9.9982E-05
0.325596 9.9982E-05 0.113641 0.50265 0.0579132 9.9982E-05
9.9973E-05 9.9973E-05 0.0532802 9.9973E-05 0.312404 0.634016
9.9982E-05 9.9982E-05 0.202879 0.0674321 0.0384718 0.691017
0.00907699 9.9973E-05 0.672596 9.9973E-05 9.9973E-05 0.318027
0.0638473 0.0751464 0.542465 9.9982E-05 9.9982E-05 0.318341
0.0282258 0.114832 0.468565 0.055774 9.9991E-05 0.332503
0.0411559 0.00286748 0.0384739 9.9991E-05 0.742062 0.175341
0.254441 0.0247999 9.9991E-05 0.0453981 0.185845 0.489417
0.0580593 0.0269446 9.9982E-05 9.9982E-05 0.867381 0.0474153
9.9973E-05 9.9973E-05 9.9973E-05 0.0683458 0.103004 0.82835
0.0507793 0.0237449 0.0388335 0.0435908 0.300741 0.542311
0.19089 9.9973E-05 9.9973E-05 9.9973E-05 0.297013 0.511798
9.999E-05 0.0472709 0.0548685 0.0450692 0.804957 0.0477347
9.9973E-05 9.9973E-05 0.220493 9.9973E-05 0.217195 0.562012
0.084572 9.9991E-05 0.0220005 0.173899 0.00820173 0.711227
0.077772 0.0579021 0.846056 9.9982E-05 9.9982E-05 0.0180694
9.9973E-05 0.0219596 0.877032 9.9973E-05 9.9973E-05 0.100709
0.219248 9.9982E-05 0.547807 9.9982E-05 0.0465189 0.186226
0.123544 9.9973E-05 0.636049 9.9973E-05 9.9973E-05 0.240107
0.13378 9.9973E-05 0.742478 9.9973E-05 9.9973E-05 0.123443
9.9964E-05 9.9964E-05 0.981179 0.0184207 9.9964E-05 9.9964E-05
9.9973E-05 0.0166011 0.982662 0.000436977 9.9973E-05 9.9973E-05
0.0772391 9.9973E-05 0.753779 9.9973E-05 9.9973E-05 0.168682
9.996E-05 9.996E-05 0.9995 9.996E-05 9.996E-05 9.996E-05
9.9964E-05 0.000923423 0.998677 9.9964E-05 9.9964E-05 9.9964E-05
9.9964E-05 9.9964E-05 0.986386 0.0132141 9.9964E-05 9.9964E-05
0.138835 9.9982E-05 0.679058 9.9982E-05 0.0546344 0.127273
0.0789814 0.00108694 0.790858 0.0336422 0.0523824 0.0430487
9.996E-05 9.996E-05 0.9995 9.996E-05 9.996E-05 9.996E-05
0.215856 0.115704 0.347006 0.00488438 0.025179 0.291371
0.156179 0.0631167 0.687754 9.9991E-05 0.0371687 0.0556822
0.0520049 9.9982E-05 0.73665 0.0307159 9.9982E-05 0.18043
0.0948995 9.9982E-05 0.833782 9.9982E-05 0.00996032 0.0611578
0.182154 9.9973E-05 0.790634 0.0269117 9.9973E-05 9.9973E-05
0.105137 9.9973E-05 0.826346 0.0682165 9.9973E-05 9.9973E-05
0.0300283 9.9973E-05 0.961228 9.9973E-05 0.00844367 9.9973E-05
0.204243 0.00561041 0.591308 9.9991E-05 0.0687774 0.129961
9.9973E-05 0.0434384 0.917045 9.9973E-05 0.039217 9.9973E-05
9.9982E-05 0.0488728 0.0306823 0.462424 0.457821 9.9982E-05
0.092295 9.9991E-05 0.0204052 0.273646 0.0944975 0.519057
0.19162 0.0348301 0.119065 0.095292 0.306424 0.252768
9.9982E-05 9.9982E-05 0.117268 0.328481 0.437645 0.116406
0.251707 9.9991E-05 0.127536 0.15457 0.274522 0.191565
0.0323855 0.0417709 0.145657 0.3227 0.457387 9.9991E-05
0.281362 0.0479559 0.0407926 0.18639 0.190201 0.253298
0.146225 9.9991E-05 0.150891 0.13539 0.41073 0.156664
0.260099 9.9991E-05 0.0497926 0.185958 0.0961076 0.407943
0.113091 9.9991E-05 0.157207 0.270359 0.114839 0.344405
0.0407947 9.9991E-05 0.172249 0.0135667 0.352137 0.421152
0.284272 9.9982E-05 9.9982E-05 0.023654 0.356528 0.335346
9.9982E-05 9.9982E-05 0.0271634 0.0041863 0.803134 0.165317
0.165531 9.9982E-05 0.0199137 9.9982E-05 0.352238 0.462117
0.233749 9.9973E-05 9.9973E-05 9.9973E-05 0.227174 0.538777
9.9964E-05 9.9964E-05 9.9964E-05 9.9964E-05 0.658838 0.340762
9.9982E-05 0.077038 0.188673 9.9982E-05 0.274472 0.459617
9.9973E-05 9.9973E-05 9.9973E-05 0.0107962 0.210489 0.778415
9.996E-05 9.996E-05 9.996E-05 9.996E-05 0.9995 9.996E-05
9.9973E-05 9.9973E-05 9.9973E-05 0.0279495 0.826131 0.14562
9.9964E-05 9.9964E-05 9.9964E-05 9.9964E-05 0.561994 0.437606
9.9973E-05 0.101203 0.00554695 9.9973E-05 0.89295 9.9973E-05
0.0422721 9.9973E-05 9.9973E-05 9.9973E-05 0.458727 0.498701
9.9973E-05 0.262867 0.0358627 9.9973E-05 9.9973E-05 0.70097
0.176539 0.167116 9.9991E-05 0.0436989 0.0376762 0.574871
9.9964E-05 0.931111 9.9964E-05 9.9964E-05 0.0684894 9.9964E-05
9.9964E-05 0.894226 9.9964E-05 9.9964E-05 0.105374 9.9964E-05
0.284696 0.345396 9.9982E-05 9.9982E-05 0.0477308 0.321976
0.275692 0.0530701 0.100025 0.172587 9.9991E-05 0.398526
0.689521 0.254909 9.9982E-05 0.0533514 9.9982E-05 0.00201877
0.536322 0.202618 9.9973E-05 0.26076 9.9973E-05 9.9973E-05
0.536917 0.168143 9.9982E-05 0.0964525 9.9982E-05 0.198288
0.0806606 0.618093 0.0152352 0.16294 0.122971 9.9991E-05
0.218871 0.677265 9.9982E-05 0.0967313 9.9982E-05 0.0069329
0.0379496 0.25049 0.061536 9.9982E-05 9.9982E-05 0.649824
0.0853822 0.397751 0.0633759 9.9982E-05 9.9982E-05 0.453291
0.267735 0.731865 9.9964E-05 9.9964E-05 9.9964E-05 9.9964E-05
0.265012 0.207547 9.9973E-05 9.9973E-05 9.9973E-05 0.527141
9.9982E-05 0.263658 0.19026 0.0200851 9.9982E-05 0.525797
0.0797008 0.25316 0.225467 0.0280445 0.0276632 0.385965
9.9973E-05 0.527304 9.9973E-05 9.9973E-05 0.0570624 0.415333
9.9982E-05 0.420591 0.0514672 9.9982E-05 0.0349158 0.492826
0.0967801 0.25951 0.066249 9.9991E-05 0.0577392 0.519622
9.9982E-05 0.303248 9.9982E-05 0.0863132 0.0384558 0.571783
0.184202 0.069034 0.069707 0.0574983 0.153636 0.465923
0.0766365 0.315963 9.9982E-05 9.9982E-05 0.148302 0.458898
9.9973E-05 0.639364 9.9973E-05 9.9973E-05 0.204054 0.156282
0.0783678 0.251285 9.9973E-05 9.9973E-05 9.9973E-05 0.670047
9.9982E-05 0.790941 0.0237386 9.9982E-05 0.0361012 0.149019
9.9973E-05 0.428417 9.9973E-05 0.00581039 9.9973E-05 0.565472
9.9982E-05 0.147604 0.103992 0.0640062 9.9982E-05 0.684198
9.9982E-05 0.236187 0.0503098 0.04159 9.9982E-05 0.671713
0.36679 0.0568143 0.115122 0.0666922 0.178859 0.215723
0.290484 0.169972 0.102623 0.0627735 0.219073 0.155074
0.188666 9.9991E-05 0.0695819 0.274113 0.00962119 0.457918
0.276831 0.0917136 0.16357 0.0584427 0.259351 0.150092
0.392099 0.0541587 0.0425078 0.0428516 0.0421284 0.426255
0.275536 0.115 9.9982E-05 0.0788396 9.9982E-05 0.530425
0.122549 0.569262 9.9973E-05 0.307889 9.9973E-05 9.9973E-05
0.263777 0.015999 0.169435 9.9982E-05 9.9982E-05 0.550589
9.9973E-05 0.445634 0.0776584 0.476408 9.9973E-05 9.9973E-05
0.126272 0.198128 0.0685639 0.022157 9.9991E-05 0.584779
9.9964E-05 0.788318 9.9964E-05 9.9964E-05 9.9964E-05 0.211282
9.9964E-05 0.982486 9.9964E-05 9.9964E-05 0.0171144 9.9964E-05
9.9964E-05 0.30931 9.9964E-05 9.9964E-05 9.9964E-05 0.69029
0.0954491 0.26194 9.9973E-05 9.9973E-05 9.9973E-05 0.642311
9.9964E-05 0.435852 9.9964E-05 9.9964E-05 9.9964E-05 0.563749
9.9973E-05 0.439416 0.0630261 9.9973E-05 9.9973E-05 0.497258
9.9964E-05 0.366145 9.9964E-05 9.9964E-05 9.9964E-05 0.633455
0.711342 9.9982E-05 0.041871 9.9982E-05 0.172032 0.0745551
0.735875 9.9991E-05 0.115614 0.0457721 0.0602828 0.0423557
0.648224 9.9973E-05 0.126467 9.9973E-05 9.9973E-05 0.225009
0.840696 9.9982E-05 0.0361777 0.0675558 9.9982E-05 0.055371
0.558311 9.9982E-05 0.0551567 0.0353737 9.9982E-05 0.350959
0.886601 9.9964E-05 9.9964E-05 0.112999 9.9964E-05 9.9964E-05
0.898836 0.0309154 9.9973E-05 9.9973E-05 0.0699487 9.9973E-05
0.805059 9.9982E-05 0.0884098 0.0334615 0.0728694 9.9982E-05
0.794275 9.9973E-05 9.9973E-05 0.0704082 9.9973E-05 0.135017
0.778443 9.9982E-05 0.0841389 9.9982E-05 0.0747799 0.0624378
0.498877 0.0659728 0.143361 9.9991E-05 0.123279 0.16841
0.880286 0.0134837 0.0389642 9.9982E-05 0.0670661 9.9982E-05
0.614281 9.9982E-05 0.120541 9.9982E-05 0.12644 0.138537
0.820892 0.014548 0.116402 0.0479581 9.9982E-05 9.9982E-05
0.639309 0.078559 0.144762 9.9982E-05 9.9982E-05 0.137169
0.604246 0.0913534 0.108106 0.00649078 0.0353364 0.154467
0.904398 9.9973E-05 0.0488866 0.0464157 9.9973E-05 9.9973E-05
0.61817 0.0384286 0.0478114 0.0443134 9.9991E-05 0.251176
0.887851 0.028062 9.9982E-05 9.9982E-05 0.0821695 0.00171756
0.379028 0.0395665 0.167476 0.107465 0.0992487 0.207216
0.294592 9.9982E-05 0.142458 0.208958 9.9982E-05 0.353792
0.466731 0.00598781 0.179124 0.0491688 0.0453769 0.253612
0.784 9.9973E-05 0.0412293 9.9973E-05 9.9973E-05 0.174471
0.932502 9.9964E-05 9.9964E-05 0.067098 9.9964E-05 9.9964E-05
0.157677 9.9982E-05 0.0125204 0.266529 9.9982E-05 0.563074
0.21946 0.0445158 0.0280877 0.0904036 0.0729914 0.544541
9.9964E-05 9.9964E-05 9.9964E-05 0.961352 9.9964E-05 0.0382486
9.9964E-05 9.9964E-05 9.9964E-05 0.999467 9.9964E-05 0.000132696
0.117259 9.9991E-05 0.0237042 0.367507 0.16729 0.324141
0.0887983 9.9982E-05 9.9982E-05 0.785594 0.025962 0.0994455
0.0520232 9.9973E-05 0.0359911 0.911686 9.9973E-05 9.9973E-05
0.180534 0.0823381 9.9991E-05 0.330489 0.0141859 0.392353
0.0962267 0.0827864 0.102421 0.285844 9.9991E-05 0.432622
0.100622 9.9991E-05 0.0342541 0.430918 0.160332 0.273774
9.9964E-05 9.9964E-05 9.9964E-05 0.815275 9.9964E-05 0.184325
9.9973E-05 9.9973E-05 0.0386476 0.394913 9.9973E-05 0.56614
9.9991E-05 0.0822207 0.0532978 0.596539 0.0429615 0.224882
9.996E-05 9.996E-05 9.996E-05 0.9995 9.996E-05 9.996E-05
0.242087 0.118915 0.27055 0.0228184 0.12312 0.22251
0.174449 9.9982E-05 0.0226512 0.371993 9.9982E-05 0.430707
