0.28703 0.127815 0.00410045 0.496832 0.0841227 9.9991E-05
9.9982E-05 0.101238 9.9982E-05 0.597449 0.176275 0.124838
9.9973E-05 0.152439 0.100144 9.9973E-05 0.747117 9.9973E-05
9.9982E-05 0.0722304 9.9982E-05 0.883646 0.00242581 0.0414974
0.0007125 0.135265 0.105008 0.510164 0.22017 0.0286807
0.0568391 0.20452 9.9982E-05 0.635109 0.103333 9.9982E-05
9.9973E-05 0.148769 9.9973E-05 0.332908 0.518023 9.9973E-05
9.9982E-05 0.154127 0.0521289 0.169011 0.624533 9.9982E-05
0.00884394 0.0329169 0.0459943 0.590115 0.32203 9.9991E-05
0.082042 0.10139 9.9991E-05 0.308345 0.388806 0.119317
9.9982E-05 0.148554 9.9982E-05 0.465816 0.241401 0.144029
0.0336362 0.215228 0.204232 9.9991E-05 0.422316 0.124487
0.214622 0.0273043 0.106988 0.428617 0.161857 0.0606113
9.9964E-05 9.9964E-05 9.9964E-05 0.510379 0.489221 9.9964E-05
9.9973E-05 0.010436 9.9973E-05 0.742057 0.247207 9.9973E-05
9.9982E-05 0.0837253 0.0104521 0.747427 9.9982E-05 0.158195
9.9982E-05 0.428202 9.9982E-05 0.208403 0.116259 0.246936
0.00619271 0.872971 9.9982E-05 9.9982E-05 0.0158195 0.104817
9.9973E-05 0.842868 9.9973E-05 9.9973E-05 0.0521971 0.104635
0.222422 0.526081 9.9982E-05 9.9982E-05 0.0463763 0.204921
9.9973E-05 9.9973E-05 9.9973E-05 0.554347 0.383227 0.0621265
0.0129341 0.101896 0.0360848 0.828075 0.0209109 9.9991E-05
9.9964E-05 9.9964E-05 9.9964E-05 0.301876 9.9964E-05 0.697724
9.9973E-05 9.9973E-05 0.0500591 0.501408 9.9973E-05 0.448233
0.207194 0.00664264 0.0623069 0.283094 0.0498771 0.390885
9.9982E-05 9.9982E-05 0.0628358 0.178761 0.706352 0.051851
0.12095 9.9991E-05 0.104496 0.551244 0.1444 0.0788096
0.0297611 9.9982E-05 0.0331019 9.9982E-05 0.900248 0.036689
9.9973E-05 0.0668381 9.9973E-05 0.772766 0.160096 9.9973E-05
0.0567983 9.9991E-05 0.0559274 0.366876 0.421842 0.0984566
0.0534697 9.9982E-05 9.9982E-05 0.383654 0.426803 0.135874
9.9982E-05 9.9982E-05 0.0232449 0.0594617 0.890724 0.0263696
9.9973E-05 9.9973E-05 9.9973E-05 0.773316 0.115912 0.110472
0.0361217 0.0557174 0.0683903 0.55916 0.115191 0.16542
0.121849 9.9973E-05 9.9973E-05 0.00126871 9.9973E-05 0.876582
9.9973E-05 9.9973E-05 0.0403127 0.0110286 9.9973E-05 0.948359
0.308078 9.9982E-05 0.0324175 0.223803 9.9982E-05 0.435502
0.157003 9.9982E-05 0.0154764 0.258276 9.9982E-05 0.569045
0.0783338 9.9991E-05 0.00960487 0.0657096 0.0141745 0.832077
9.9964E-05 0.0337194 9.9964E-05 9.9964E-05 9.9964E-05 0.965881
0.00897038 0.00378513 0.0389127 9.9982E-05 9.9982E-05 0.948132
0.190192 9.9973E-05 9.9973E-05 0.102112 9.9973E-05 0.707396
9.996E-05 9.996E-05 9.996E-05 9.996E-05 9.996E-05 0.9995
9.996E-05 9.996E-05 9.996E-05 9.996E-05 9.996E-05 0.9995
9.9964E-05 0.00199638 9.9964E-05 9.9964E-05 9.9964E-05 0.997604
0.175524 9.9982E-05 9.9982E-05 0.166067 0.027395 0.630814
0.0511749 0.00213223 9.9982E-05 0.163549 9.9982E-05 0.782944
9.9964E-05 9.9964E-05 9.9964E-05 0.00145576 9.9964E-05 0.998144
0.0158436 0.0442228 9.9991E-05 0.433332 0.0882995 0.418202
0.137545 0.0311275 0.018349 0.117954 0.00720319 0.687822
0.136866 0.121327 0.0148067 0.005763 9.9991E-05 0.721137
0.028474 0.0547583 9.9982E-05 0.0344811 9.9982E-05 0.882087
0.168124 9.9964E-05 9.9964E-05 9.9964E-05 9.9964E-05 0.831476
0.112314 0.044991 9.9973E-05 9.9973E-05 9.9973E-05 0.842395
9.9964E-05 0.034858 9.9964E-05 9.9964E-05 9.9964E-05 0.964742
0.136871 0.00692321 9.9982E-05 0.295225 9.9982E-05 0.560781
9.9991E-05 0.0101062 0.00704878 0.0445351 0.0250466 0.913163
9.9982E-05 0.580084 0.00315717 9.9982E-05 0.383492 0.0330674
0.241507 0.226 9.9982E-05 0.218426 0.313868 9.9982E-05
9.9982E-05 0.287166 9.9982E-05 0.645513 0.0287219 0.038399
0.0738739 0.403064 9.9991E-05 0.206601 0.304598 0.011763
0.103703 0.0887814 0.0749971 0.445651 0.166648 0.12022
0.0469342 0.330121 9.9991E-05 0.0206274 0.43664 0.165577
0.095941 0.223351 0.0350357 0.501954 0.0846758 0.0590425
0.187249 0.148582 9.9991E-05 0.0365888 0.455643 0.171838
0.111693 0.119493 9.9991E-05 0.504835 0.162789 0.101091
0.250447 0.224657 9.9991E-05 0.234632 0.195299 0.0948646
0.135555 0.107452 9.9991E-05 0.411796 0.199253 0.145844
0.0826015 0.0300493 9.9991E-05 0.446827 0.284081 0.156342
0.112005 0.0222303 9.9991E-05 0.0914303 0.762195 0.0120397
9.9991E-05 0.030088 0.0156253 0.541987 0.352881 0.0593188
0.203671 0.0332007 0.00341383 0.470753 0.238969 0.0499932
0.0488207 9.9973E-05 9.9973E-05 0.129616 0.821263 9.9973E-05
0.0307069 0.0736451 0.068585 0.521338 0.12922 0.176505
9.9982E-05 0.0417135 0.033891 0.797797 0.126398 9.9982E-05
9.996E-05 9.996E-05 9.996E-05 9.996E-05 0.9995 9.996E-05
9.99821E-05 0.024032 9.99821E-05 0.0960578 0.878585 0.00112497
0.0828104 9.9973E-05 9.9973E-05 0.347463 0.569427 9.9973E-05
9.9964E-05 9.9964E-05 0.167543 9.9964E-05 0.832058 9.9964E-05
0.0522838 9.9973E-05 9.9973E-05 0.385497 0.561919 9.9973E-05
9.9973E-05 9.9973E-05 0.376873 0.501826 9.9973E-05 0.121
0.176089 0.0692578 0.160235 0.587915 0.00640346 9.9991E-05
9.9964E-05 9.9964E-05 0.994353 9.9964E-05 0.00524739 9.9964E-05
9.9964E-05 9.9964E-05 0.923349 9.9964E-05 0.0762514 9.9964E-05
0.247195 9.9991E-05 0.380903 0.219204 0.0589747 0.0936235
0.304623 0.0754197 9.9991E-05 0.436364 0.0670476 0.116446
0.566934 0.12544 0.079627 0.227799 9.9982E-05 9.9982E-05
0.30469 0.397025 0.0286958 0.234191 9.9991E-05 0.0352974
0.497246 0.158901 0.119606 0.224047 9.9982E-05 9.9982E-05
0.102647 0.0791796 0.64465 9.9982E-05 0.173324 9.9982E-05
0.168363 0.106579 0.657805 0.067052 9.9982E-05 9.9982E-05
0.115919 9.9982E-05 0.292648 0.521641 9.9982E-05 0.0695915
0.27088 9.9973E-05 0.398334 0.330486 9.9973E-05 9.9973E-05
0.224004 0.0266774 0.749019 9.9973E-05 9.9973E-05 9.9973E-05
0.330755 9.9973E-05 0.244644 0.424301 9.9973E-05 9.9973E-05
0.187171 9.9982E-05 0.206423 0.557126 9.9982E-05 0.0490799
0.216664 0.0867894 0.203817 0.375307 0.0157221 0.101701
0.00768119 9.9973E-05 0.603284 0.388735 9.9973E-05 9.9973E-05
9.9982E-05 9.9982E-05 0.498801 0.307495 0.1026 0.0909036
0.0853865 0.0323706 0.213421 0.636517 9.9991E-05 0.0322047
0.0294367 0.106611 0.308311 0.548186 9.9991E-05 0.00735394
0.194939 9.9991E-05 0.111342 0.309147 0.291657 0.0928151
9.9973E-05 9.9973E-05 0.274841 0.601695 0.123164 9.9973E-05
9.9973E-05 9.9973E-05 0.70791 0.207117 0.0846732 9.9973E-05
0.0499562 9.9973E-05 0.27178 0.677964 9.9973E-05 9.9973E-05
9.9982E-05 9.9982E-05 0.821622 0.059129 0.0286531 0.090396
9.9973E-05 9.9973E-05 0.477393 0.518056 0.00425145 9.9973E-05
0.293544 9.9991E-05 0.131758 0.495808 0.0369673 0.0418228
9.9982E-05 9.9982E-05 0.343239 0.510377 0.0355087 0.110675
9.9991E-05 0.0964141 0.0595622 0.471634 0.0561538 0.316136
0.0354681 0.156418 0.170922 0.380089 0.081011 0.176091
0.414394 0.186001 0.0604239 0.27967 0.0278155 0.0316958
0.172251 0.110396 0.0131852 0.447617 0.103416 0.153134
0.400324 9.9991E-05 0.0678965 0.233254 0.13988 0.158546
0.337978 0.151922 0.129344 0.314239 9.9991E-05 0.0664176
0.17939 0.273595 0.544279 9.9982E-05 9.9982E-05 0.00253669
0.177862 0.0276291 0.0278464 0.653945 9.9991E-05 0.112617
9.9973E-05 0.524353 0.381307 9.9973E-05 9.9973E-05 0.0940409
0.107846 9.9982E-05 0.184674 0.57308 9.9982E-05 0.1342
9.9964E-05 9.9964E-05 0.802456 0.197145 9.9964E-05 9.9964E-05
9.996E-05 9.996E-05 0.9995 9.996E-05 9.996E-05 9.996E-05
9.9964E-05 9.9964E-05 0.365598 0.634003 9.9964E-05 9.9964E-05
9.9964E-05 9.9964E-05 0.248362 0.751238 9.9964E-05 9.9964E-05
9.9964E-05 9.9964E-05 0.499269 0.500331 9.9964E-05 9.9964E-05
9.9973E-05 9.9973E-05 0.442299 0.540225 9.9973E-05 0.0171764
9.9973E-05 9.9973E-05 0.365572 0.620939 9.9973E-05 0.0131886
0.627227 9.9982E-05 9.9982E-05 0.2093 0.104549 0.0587248
0.763543 9.9982E-05 9.9982E-05 0.0865121 0.058394 0.0913507
0.493118 9.9973E-05 9.9973E-05 0.365593 9.9973E-05 0.14099
0.788168 0.0981761 0.018268 0.0666149 9.9991E-05 0.0286726
0.78165 9.9964E-05 9.9964E-05 0.21795 9.9964E-05 9.9964E-05
0.918136 0.081464 9.9964E-05 9.9964E-05 9.9964E-05 9.9964E-05
0.868352 0.0171004 0.076684 9.9982E-05 0.0376636 9.9982E-05
0.875834 0.0252123 0.011189 0.0586121 9.9991E-05 0.0290525
0.857049 0.0475383 0.0187851 0.0571818 9.9991E-05 0.0193459
0.638156 9.9973E-05 9.9973E-05 0.267626 9.9973E-05 0.0939178
0.467598 0.0623723 9.9982E-05 0.388868 9.9982E-05 0.0809618
0.941574 9.9973E-05 9.9973E-05 0.0488376 9.9973E-05 0.00928799
0.582796 0.0406631 0.00772123 0.32545 9.9991E-05 0.0432694
0.897541 0.0450056 0.0199352 9.9982E-05 9.9982E-05 0.0373183
0.566684 9.9982E-05 0.0634547 0.227695 9.9982E-05 0.141966
0.680049 0.0268844 0.0184144 0.137522 0.0792233 0.0579063
0.921477 0.0278978 9.9973E-05 9.9973E-05 9.9973E-05 0.0503254
0.60027 9.9991E-05 0.0680433 0.125779 0.0426831 0.163124
0.877316 9.9982E-05 0.0807136 9.9982E-05 0.0405964 0.0011741
0.442303 0.100503 0.0819441 0.234255 9.9991E-05 0.140895
0.315793 0.265275 9.9982E-05 0.308142 9.9982E-05 0.110589
0.508581 9.9991E-05 0.0148119 0.230735 0.00948055 0.236292
0.905862 9.9964E-05 9.9964E-05 0.0937384 9.9964E-05 9.9964E-05
0.948295 0.0513047 9.9964E-05 9.9964E-05 9.9964E-05 9.9964E-05
0.233225 0.228705 9.9991E-05 0.374748 0.048582 0.11464
0.0939077 0.175564 0.0224913 0.529957 0.0963493 0.0817311
9.9973E-05 0.955732 9.9973E-05 0.0426885 9.9973E-05 0.00127982
9.9964E-05 0.971029 9.9964E-05 0.0285714 9.9964E-05 9.9964E-05
9.9973E-05 0.498377 9.9973E-05 0.466999 0.0343242 9.9973E-05
9.9982E-05 0.716139 9.9982E-05 0.0909849 0.125242 0.0674333
0.103131 0.892338 9.9973E-05 9.9973E-05 9.9973E-05 0.00423066
0.0470132 0.387912 9.9973E-05 0.564775 9.9973E-05 9.9973E-05
0.0146787 0.380022 9.9982E-05 0.554402 9.9982E-05 0.0506966
0.174584 0.467546 9.9991E-05 0.235006 0.0928946 0.0298699
9.9964E-05 0.797616 9.9964E-05 0.201984 9.9964E-05 9.9964E-05
9.9973E-05 0.28919 9.9973E-05 0.584527 9.9973E-05 0.125983
9.99654E-05 0.638985 9.99654E-05 0.360615 9.99654E-05 9.99654E-05
9.996E-05 0.9995 9.996E-05 9.996E-05 9.996E-05 9.996E-05
0.299955 0.0685105 0.00518509 0.224852 0.180734 0.220764
0.399249 0.3418 9.9982E-05 0.180925 0.0778261 9.9982E-05
