0.376427 0.134628 0.0321182 0.319321 0.0058304 0.131676
0.535394 0.0495075 0.016668 0.292947 0.069281 0.0362025
9.9964E-05 9.9964E-05 9.9964E-05 0.967194 0.0324064 9.9964E-05
0.667313 0.13104 9.9982E-05 0.176211 0.0252357 9.9982E-05
0.196851 0.0681951 0.123858 0.470441 0.0155651 0.125089
0.470812 0.0890841 0.0391494 0.160349 0.176004 0.0646009
0.206894 9.9982E-05 9.9982E-05 0.636855 0.12803 0.0280205
0.1822 9.9982E-05 0.0985968 0.602731 0.116272 9.9982E-05
0.39543 9.9973E-05 9.9973E-05 0.536667 9.9973E-05 0.0676037
0.667479 9.9982E-05 9.9982E-05 0.125487 0.0523916 0.154442
0.343705 0.204449 9.9982E-05 0.338818 0.112827 9.9982E-05
9.9982E-05 0.201706 0.0995825 0.535991 0.162521 9.9982E-05
0.482634 0.132909 0.104005 0.155689 9.9991E-05 0.124663
0.469997 9.9973E-05 9.9973E-05 0.490482 0.039222 9.9973E-05
0.637788 9.9964E-05 9.9964E-05 0.361812 9.9964E-05 9.9964E-05
0.526411 0.116504 0.0708916 0.0847632 0.0561811 0.145249
0.0494063 0.150358 9.9991E-05 0.19143 0.360226 0.248479
9.9973E-05 9.9973E-05 9.9973E-05 0.0787451 0.752629 0.168326
9.9973E-05 0.100556 9.9973E-05 0.133334 0.76581 9.9973E-05
9.9982E-05 0.147056 9.9982E-05 0.1329 0.423335 0.296508
0.800438 9.9964E-05 9.9964E-05 0.199163 9.9964E-05 9.9964E-05
0.769831 0.108104 9.9982E-05 0.114337 0.00752768 9.9982E-05
0.315292 0.684308 9.9964E-05 9.9964E-05 9.9964E-05 9.9964E-05
0.378458 0.45583 0.059475 0.0181358 9.9991E-05 0.0880016
0.478259 0.403041 9.9982E-05 9.9982E-05 0.0549801 0.0635202
0.371581 0.0246496 0.107322 0.496247 9.9982E-05 9.9982E-05
0.601177 0.0115639 0.0123716 0.0986057 0.10839 0.167892
0.109385 0.022614 0.0740872 0.793714 9.9982E-05 9.9982E-05
0.751467 9.9973E-05 9.9973E-05 0.205087 0.0431467 9.9973E-05
0.575659 0.0470844 0.0786413 0.263914 0.0346014 9.9991E-05
0.526993 0.0141003 9.9982E-05 0.337422 9.9982E-05 0.121284
0.138468 9.9964E-05 9.9964E-05 0.861132 9.9964E-05 9.9964E-05
0.769579 9.9982E-05 9.9982E-05 0.0842857 0.00310146 0.142834
0.486364 0.0272585 0.0325207 0.190571 9.9991E-05 0.263186
0.0499378 0.949662 9.9964E-05 9.9964E-05 9.9964E-05 9.9964E-05
0.0353768 0.941147 0.0231761 9.9973E-05 9.9973E-05 9.9973E-05
0.268959 0.48765 9.9982E-05 0.0323296 9.9982E-05 0.210861
0.265075 0.604496 9.9973E-05 9.9973E-05 9.9973E-05 0.13013
0.0605532 0.665446 0.00901622 0.053856 9.9991E-05 0.211029
9.9964E-05 0.970628 9.9964E-05 9.9964E-05 0.0289723 9.9964E-05
9.9973E-05 0.959253 0.0134932 9.9973E-05 0.0269537 9.9973E-05
0.164437 0.776995 9.9973E-05 9.9973E-05 9.9973E-05 0.0582683
0.00823523 0.991365 9.9964E-05 9.9964E-05 9.9964E-05 9.9964E-05
9.996E-05 0.9995 9.996E-05 9.996E-05 9.996E-05 9.996E-05
9.9964E-05 0.973377 9.9964E-05 9.9964E-05 0.0262227 9.9964E-05
9.9973E-05 0.787581 9.9973E-05 0.14571 9.9973E-05 0.0664088
0.122443 0.818754 9.9973E-05 9.9973E-05 0.0585028 9.9973E-05
9.9973E-05 0.98099 0.0142366 0.00447312 9.9973E-05 9.9973E-05
0.192483 0.419502 0.102151 0.0417754 0.042239 0.20185
0.140969 0.656537 0.0555012 0.0425921 9.9991E-05 0.104301
0.125997 0.810294 0.0141559 9.9982E-05 0.0493536 9.9982E-05
0.0937151 0.875531 9.9982E-05 0.0110347 0.0195197 9.9982E-05
9.9964E-05 0.782361 9.9964E-05 9.9964E-05 9.9964E-05 0.217239
0.061775 0.901054 9.9982E-05 9.9982E-05 0.0299098 0.00706161
9.9964E-05 0.912322 9.9964E-05 9.9964E-05 9.9964E-05 0.0872786
0.265857 0.425951 9.9982E-05 9.9982E-05 0.0573718 0.250621
0.0046128 0.892748 0.0379344 0.0246619 0.0399424 9.9991E-05
9.9982E-05 0.0363117 0.007892 0.573275 0.382321 9.9982E-05
0.38542 0.0143418 9.9991E-05 0.274723 0.13054 0.194876
0.353443 0.104553 0.034656 0.253262 0.134405 0.11968
0.0228949 9.9982E-05 9.9982E-05 0.439641 0.281366 0.255898
0.509681 0.118968 0.0520055 0.0390102 0.179757 0.100579
9.9991E-05 0.0768043 0.0625117 0.42973 0.24136 0.189494
0.400449 0.0556629 0.0220382 0.0838659 0.183667 0.254317
0.274297 0.226062 9.9982E-05 0.366638 0.132803 9.9982E-05
0.204867 0.12176 9.9991E-05 0.335736 0.010018 0.327519
0.314659 0.0807452 9.9991E-05 0.205033 0.16924 0.230222
0.272298 0.100668 0.0745143 0.24196 0.0960854 0.214474
0.492056 0.0127857 0.136137 0.150429 0.0942861 0.114306
0.233715 0.031261 0.00187734 0.669266 0.00595175 0.0579284
0.452973 0.00628616 9.9982E-05 0.408106 9.9982E-05 0.132435
0.693639 0.0675853 9.9991E-05 0.174198 0.0453108 0.0191675
0.179502 9.9973E-05 9.9973E-05 0.750149 9.9973E-05 0.07005
0.758524 0.0882395 9.9982E-05 0.0495862 0.103451 9.9982E-05
0.501942 0.020485 0.0544942 0.3006 0.065426 0.0570528
9.9964E-05 9.9964E-05 0.0771546 0.922446 9.9964E-05 9.9964E-05
0.204378 9.9964E-05 9.9964E-05 0.795222 9.9964E-05 9.9964E-05
0.541634 0.0470372 9.9973E-05 0.411029 9.9973E-05 9.9973E-05
0.0293508 0.00190228 0.0590032 0.909544 9.9982E-05 9.9982E-05
0.309091 9.9973E-05 9.9973E-05 0.586596 9.9973E-05 0.104013
0.515874 0.0967447 0.387082 9.9973E-05 9.9973E-05 9.9973E-05
0.513232 9.9982E-05 0.172433 9.9982E-05 0.0900893 0.224045
9.9964E-05 0.0150762 0.984524 9.9964E-05 9.9964E-05 9.9964E-05
9.9964E-05 9.9964E-05 0.913395 0.0862049 9.9964E-05 9.9964E-05
0.226723 0.0474847 0.363787 0.00845739 9.9991E-05 0.353448
0.347937 0.059375 0.0360107 0.0720761 0.0948498 0.389752
0.130249 9.9982E-05 0.153743 9.9982E-05 0.0537649 0.662043
9.9982E-05 9.9982E-05 0.119212 0.09417 0.177613 0.608805
0.17422 9.9982E-05 0.16811 9.9982E-05 0.0796653 0.577805
9.9982E-05 0.0751777 0.65873 0.176359 0.0895333 9.9982E-05
0.0204121 9.9982E-05 0.63003 9.9982E-05 0.117391 0.231967
0.46521 9.9973E-05 0.279891 9.9973E-05 9.9973E-05 0.254599
0.419351 0.0126483 0.419225 9.9982E-05 9.9982E-05 0.148576
9.9964E-05 9.9964E-05 0.720976 9.9964E-05 9.9964E-05 0.278624
0.543354 0.0700872 0.255436 9.9982E-05 9.9982E-05 0.130923
0.648399 0.151773 0.137902 0.0425233 0.0193017 9.9991E-05
0.427003 0.254329 0.0568138 0.247699 0.0140546 9.9991E-05
0.477468 9.9964E-05 0.522133 9.9964E-05 9.9964E-05 9.9964E-05
0.396989 0.00695451 0.444709 0.10226 0.0109056 0.0381823
0.528223 0.17162 0.209789 0.0701381 9.9991E-05 0.0201302
0.351222 0.0556718 0.421287 0.0406862 0.0472007 0.0839321
0.515177 0.101214 0.136637 0.0882412 0.0755265 0.0832045
0.553345 9.9982E-05 0.340586 0.0915272 0.0143413 9.9982E-05
0.206597 9.9973E-05 0.698882 0.0942205 9.9973E-05 9.9973E-05
0.603518 0.0620282 0.295366 9.9982E-05 9.9982E-05 0.0388874
0.16096 0.0679911 0.765299 0.00554907 9.9982E-05 9.9982E-05
0.62409 9.9964E-05 0.37551 9.9964E-05 9.9964E-05 9.9964E-05
0.719155 0.13973 0.125498 9.9982E-05 9.9982E-05 0.0154175
0.793905 0.0173039 0.188491 9.9973E-05 9.9973E-05 9.9973E-05
0.386262 9.9991E-05 0.0611029 0.120904 0.00458337 0.427047
0.287184 0.106296 0.105208 0.0975384 0.0508497 0.352924
0.257819 0.0384929 0.0935523 0.0727646 0.108076 0.429295
0.014941 0.0909933 0.137002 0.269833 9.9991E-05 0.487131
0.274617 0.0753645 9.9982E-05 0.330239 9.9982E-05 0.319579
0.352654 0.0402904 0.141864 9.9991E-05 0.0737275 0.391364
9.9982E-05 0.0355701 0.650385 9.9982E-05 0.203744 0.110101
0.55315 9.9982E-05 0.110094 0.0125217 9.9982E-05 0.324034
9.9973E-05 9.9973E-05 0.388147 9.9973E-05 0.46421 0.147343
0.399594 0.0687518 0.198816 9.9982E-05 9.9982E-05 0.332638
0.226999 9.9973E-05 0.767567 9.9973E-05 0.00513408 9.9973E-05
9.996E-05 9.996E-05 0.9995 9.996E-05 9.996E-05 9.996E-05
0.533571 9.9973E-05 0.445071 9.9973E-05 9.9973E-05 0.0210583
0.814309 9.9964E-05 0.185291 9.9964E-05 9.9964E-05 9.9964E-05
0.53362 9.9964E-05 0.465981 9.9964E-05 9.9964E-05 9.9964E-05
0.607901 0.00541901 0.38638 9.9973E-05 9.9973E-05 9.9973E-05
0.682143 9.9964E-05 0.317457 9.9964E-05 9.9964E-05 9.9964E-05
0.153528 0.0543416 9.9982E-05 0.0803561 9.9982E-05 0.711574
0.112955 0.0929171 0.0106283 0.0204422 0.0744207 0.688637
0.274523 9.9964E-05 9.9964E-05 9.9964E-05 9.9964E-05 0.725077
0.0158523 0.0130747 9.9982E-05 9.9982E-05 0.0414414 0.929432
0.212435 0.0523744 9.9982E-05 9.9982E-05 0.0338158 0.701175
9.9973E-05 0.0166157 9.9973E-05 9.9973E-05 0.0488858 0.934199
0.00244803 9.9982E-05 0.0511765 0.0214524 9.9982E-05 0.924723
0.123147 0.0892833 9.9982E-05 0.0399286 9.9982E-05 0.747442
0.150573 0.0680925 0.0743703 0.045347 9.9991E-05 0.661518
0.166696 9.9964E-05 9.9964E-05 9.9964E-05 9.9964E-05 0.832904
0.380557 0.129258 9.9991E-05 0.119765 0.0828305 0.28749
0.108148 0.0971315 9.9982E-05 9.9982E-05 0.0347337 0.759787
0.160939 0.142056 0.123799 9.9982E-05 9.9982E-05 0.573006
9.9982E-05 0.00316515 0.0394582 0.00764027 9.9982E-05 0.949536
0.105923 0.0497742 0.0427116 0.0193554 9.9991E-05 0.782135
0.212494 9.9964E-05 9.9964E-05 9.9964E-05 9.9964E-05 0.787106
9.9964E-05 0.0345147 9.9964E-05 9.9964E-05 9.9964E-05 0.965085
0.259778 0.144436 0.0928495 9.9991E-05 0.0510585 0.451778
0.0285728 9.9991E-05 0.079455 0.107206 0.00626654 0.7784
0.158553 0.111019 0.0146655 0.21212 0.0481489 0.455494
0.0866264 0.0883578 0.189394 0.0348621 0.0669622 0.533797
0.0974801 0.0671406 0.075815 0.0776069 9.9991E-05 0.681857
0.0562837 0.0984963 0.00658536 0.0628564 9.9991E-05 0.775678
9.9973E-05 0.0106196 9.9973E-05 9.9973E-05 0.0346867 0.954394
0.487851 0.141814 0.00716811 9.9991E-05 0.293779 0.0692882
0.65265 9.9973E-05 9.9973E-05 9.9973E-05 0.238589 0.108461
0.0522357 0.013556 9.9973E-05 9.9973E-05 0.933908 9.9973E-05
9.996E-05 9.996E-05 9.996E-05 9.996E-05 0.9995 9.996E-05
0.380513 0.0472823 0.0621796 0.0271005 0.409998 0.0729262
0.124753 0.0476201 0.0323117 0.00876587 0.78645 9.9991E-05
9.9973E-05 0.0253473 9.9973E-05 9.9973E-05 0.876066 0.0982864
0.379514 0.0474082 0.124821 9.9991E-05 0.335594 0.112563
0.432624 0.0599494 0.0453522 9.9991E-05 0.308264 0.153711
0.230271 9.9982E-05 9.9982E-05 0.0545599 0.476631 0.238338
0.199488 9.9964E-05 9.9964E-05 9.9964E-05 0.800112 9.9964E-05
0.569814 0.0272693 9.9982E-05 9.9982E-05 0.293345 0.109372
0.25164 0.0422705 0.0105794 0.0779187 0.617491 9.9991E-05
9.996E-05 9.996E-05 9.996E-05 9.996E-05 0.9995 9.996E-05
0.311301 0.176942 0.0373545 0.0254861 0.143594 0.305322
0.32855 0.0496692 9.9991E-05 0.0261394 0.353551 0.24199
