0.0251579 0.0141074 9.9973E-05 9.9973E-05 0.90234 0.0127303 0.0365108 0.00885349 9.9973E-05
0.00609514 0.00645876 0.0752428 9.9955E-05 0.911704 9.9955E-05 9.9955E-05 9.9955E-05 9.9955E-05
9.9955E-05 9.9955E-05 9.9955E-05 9.9955E-05 0.803164 9.9955E-05 0.0692172 0.0494111 0.0777081
9.9964E-05 0.0222085 9.9964E-05 9.9964E-05 0.762928 9.9964E-05 0.0254862 0.095585 0.0933921
9.9964E-05 0.0371759 0.0464676 9.9964E-05 0.814563 9.9964E-05 0.0476765 0.053717 9.9964E-05
0.0636848 0.118956 9.9973E-05 0.153755 0.572293 9.9973E-05 0.019652 0.0713586 9.9973E-05
0.093554 0.0496392 9.9955E-05 0.111721 0.744586 9.9955E-05 9.9955E-05 9.9955E-05 9.9955E-05
0.0438833 0.152193 9.9964E-05 0.070866 0.670353 9.9964E-05 9.9964E-05 0.0623052 9.9964E-05
0.0396175 0.0410945 9.99549E-05 9.99549E-05 0.827878 0.0909105 9.99549E-05 9.99549E-05 9.99549E-05
0.0300893 0.125224 9.9973E-05 0.0581258 0.622783 9.9973E-05 0.0573805 0.106098 9.9973E-05
0.0835719 0.119783 9.9964E-05 0.112617 0.653503 9.9964E-05 0.0301246 9.9964E-05 9.9964E-05
0.00506633 9.9964E-05 9.9964E-05 0.870576 9.9964E-05 0.0268563 0.0927521 0.00434947 9.9964E-05
9.9955E-05 0.0534097 9.9955E-05 0.398061 9.9955E-05 9.9955E-05 0.441779 9.9955E-05 0.10625
9.9982E-05 0.00172179 0.112661 0.654762 0.0195931 9.9982E-05 0.13049 0.0237029 0.0568692
9.9964E-05 0.00215279 0.00603288 0.749677 9.9964E-05 9.9964E-05 0.119839 0.121898 9.9964E-05
0.0449297 9.9973E-05 9.9973E-05 0.466039 0.096149 0.0272191 0.279515 0.0858485 9.9973E-05
9.9964E-05 0.0743427 0.00309575 0.403935 9.9964E-05 9.9964E-05 0.439235 0.0789916 9.9964E-05
0.0300663 9.9964E-05 9.9964E-05 0.490042 9.9964E-05 0.0840352 0.335053 0.0604039 9.9964E-05
9.9946E-05 9.9946E-05 9.9946E-05 0.72251 0.0971998 9.9946E-05 0.179691 9.9946E-05 9.9946E-05
0.00551934 0.0334974 9.9964E-05 0.766277 0.0200234 9.9964E-05 9.9964E-05 9.9964E-05 0.174283
0.00114347 0.101632 0.073765 0.406474 9.9982E-05 0.0355783 0.316303 0.064904 9.9982E-05
0.0792581 9.9973E-05 0.114583 0.353272 9.9973E-05 9.9973E-05 0.403595 0.0375987 0.0113939
9.9982E-05 0.024735 0.0035263 0.279645 0.0545204 0.0266947 0.458313 9.9982E-05 0.152365
9.9946E-05 9.9946E-05 9.9946E-05 0.855144 9.9946E-05 9.9946E-05 0.101882 0.0423744 9.9946E-05
0.00248828 0.0198911 0.0264622 0.213196 0.0972901 9.9991E-05 0.524888 0.0674808 0.0482038
0.0581801 9.9964E-05 9.9964E-05 0.385469 9.9964E-05 9.9964E-05 0.413204 0.0542189 0.0885281
9.9955E-05 9.9955E-05 9.9955E-05 0.940046 0.0105891 9.9955E-05 9.9955E-05 0.0443757 0.00448948
9.9937E-05 9.9937E-05 9.9937E-05 0.86674 9.9937E-05 9.9937E-05 9.9937E-05 0.13256 9.9937E-05
9.9937E-05 9.9937E-05 0.103407 0.895893 9.9937E-05 9.9937E-05 9.9937E-05 9.9937E-05 9.9937E-05
9.9946E-05 9.9946E-05 9.9946E-05 9.9946E-05 0.827689 9.9946E-05 0.0858115 0.0858994 9.9946E-05
9.9937E-05 9.9937E-05 9.9937E-05 9.9937E-05 0.8422 9.9937E-05 0.1571 9.9937E-05 9.9937E-05
9.9955E-05 9.9955E-05 9.9955E-05 9.9955E-05 0.746661 0.0353901 0.159244 0.0582047 9.9955E-05
9.9964E-05 0.00744448 9.9964E-05 9.9964E-05 0.685199 0.0904439 0.125899 0.0906138 9.9964E-05
9.9973E-05 0.106274 0.076032 0.0788437 9.9973E-05 0.210188 0.528202 9.9973E-05 0.000160529
9.9964E-05 0.0248432 9.9964E-05 9.9964E-05 0.0452572 0.358759 0.453895 0.116846 9.9964E-05
0.00794784 0.0107636 0.0210806 0.0239612 9.9973E-05 0.361772 0.574175 9.9973E-05 9.9973E-05
9.9982E-05 0.0390053 0.0407184 0.207279 0.0932625 0.0831281 0.0320328 9.9982E-05 0.504374
0.0179174 9.9964E-05 9.9964E-05 9.9964E-05 0.00568081 0.650621 0.32471 9.9964E-05 0.000670609
9.9982E-05 9.9982E-05 0.0853367 0.0915353 0.019094 0.139295 0.409224 0.110789 0.144526
0.00913141 0.0260468 0.0314566 9.9973E-05 0.0145372 0.175789 0.742739 9.9973E-05 9.9973E-05
0.0534768 0.140156 0.0262284 9.9982E-05 0.0983783 0.0892077 0.569679 0.0226744 9.9982E-05
9.9973E-05 0.130925 9.9973E-05 0.16888 0.0431286 0.0955283 0.518633 0.042605 9.9973E-05
0.0198036 9.9973E-05 9.9973E-05 0.0630994 0.04303 0.738324 0.0686353 9.9973E-05 0.0668073
0.168461 0.0575992 0.031778 0.141188 9.9982E-05 0.0525194 0.489233 0.0590208 9.9982E-05
0.00989679 0.00810366 0.0999669 9.9991E-05 0.0897708 0.1807 0.494089 0.051587 0.0657854
0.114548 0.0296166 0.0860987 0.0969328 0.0529958 0.0100556 0.530102 0.0442498 0.0354004
9.9955E-05 9.9955E-05 0.0223254 9.9955E-05 9.9955E-05 0.625437 0.325583 9.9955E-05 0.0261542
0.0288371 9.9955E-05 9.9955E-05 9.9955E-05 9.9955E-05 0.34932 0.57349 0.0478527 9.9955E-05
0.034879 0.0548186 0.0419897 0.021342 0.109334 0.118134 0.560989 0.036873 0.0216407
0.255971 9.9955E-05 9.9955E-05 9.9955E-05 0.0464705 0.636975 9.9955E-05 9.9955E-05 0.0600837
0.0342984 0.13845 9.9973E-05 0.174252 9.9973E-05 0.170537 0.0895534 9.9973E-05 0.39261
0.31026 0.0230823 0.107648 0.398975 9.9973E-05 0.134633 0.025102 9.9973E-05 9.9973E-05
9.9991E-05 0.0439764 0.0319512 0.0981715 0.0820243 0.0977607 0.397919 0.117007 0.131089
0.0221616 0.0096923 0.0450229 0.168698 0.120142 9.9982E-05 0.54404 0.0900428 9.9982E-05
9.999E-05 0.0268704 0.104718 0.0570955 0.0388601 0.111237 0.559853 0.0375952 0.0636715
0.0464134 0.0636181 0.0195044 0.112352 0.103386 0.293057 0.0937039 9.9991E-05 0.267865
0.0554473 0.00784188 0.0525834 0.10885 0.00546743 0.0363502 0.478705 9.9991E-05 0.254655
9.9982E-05 9.9982E-05 0.00587133 0.16387 0.0590585 0.114077 0.518761 0.0505748 0.0875875
0.0788048 0.0436452 0.0453237 0.273122 0.12447 0.0981161 0.336318 9.9982E-05 9.9982E-05
0.0697923 0.0919033 0.0774199 0.29103 0.203063 0.117943 0.0187728 9.9991E-05 0.129975
0.0980928 0.0700543 0.0428519 0.0727887 0.023746 0.105721 0.524508 0.0146641 0.0475736
0.0477548 0.0637596 0.0659748 0.191768 0.0302343 0.0115372 0.321968 0.0329728 0.23403
0.0909759 0.175766 9.9973E-05 0.438891 0.0127745 0.11178 9.9973E-05 9.9973E-05 0.169513
0.0525121 0.0173525 0.0942508 0.176928 9.9982E-05 9.9982E-05 0.4486 0.00734006 0.202816
0.0786278 9.9982E-05 0.175864 0.0388954 0.0438822 9.9982E-05 0.532728 0.0933462 0.0364565
0.0528329 9.9991E-05 0.036031 0.160927 0.0455871 0.00468501 0.462578 0.0985077 0.138751
0.0385869 0.0266183 0.0393505 0.362152 0.0446099 0.157117 0.203797 0.0214501 0.106318
0.119596 0.0450513 0.00718445 0.225955 9.9991E-05 0.0931646 0.371306 0.106572 0.0310703
9.9973E-05 0.0851072 0.083118 0.0150574 9.9973E-05 9.9973E-05 0.480824 0.0857274 0.249866
0.0773488 0.0467406 0.101888 0.361229 9.9982E-05 0.104152 0.0913286 9.9982E-05 0.217113
9.9955E-05 9.9955E-05 0.000776926 9.9955E-05 9.9955E-05 0.341774 0.562496 9.9955E-05 0.0944534
9.9964E-05 0.00086432 9.9964E-05 0.224015 0.0137529 0.634533 0.126435 9.9964E-05 9.9964E-05
9.9973E-05 0.0265878 9.9973E-05 9.9973E-05 0.119461 0.0712676 0.524664 0.0371539 0.220566
0.119553 9.9946E-05 9.9946E-05 0.0596726 9.9946E-05 0.820174 9.9946E-05 9.9946E-05 9.9946E-05
0.0998539 9.9955E-05 0.068951 0.0926828 9.9955E-05 0.738013 9.9955E-05 9.9955E-05 9.9955E-05
9.9946E-05 9.9946E-05 9.9946E-05 9.9946E-05 9.9946E-05 0.679374 0.262167 9.9946E-05 0.057859
0.071262 9.9973E-05 9.9973E-05 0.00974858 0.0060628 0.428864 0.420592 9.9973E-05 0.06317
9.9973E-05 0.0189311 9.9973E-05 9.9973E-05 0.0982036 0.191542 0.552262 0.0560963 0.0826645
0.0202912 0.0173392 9.9973E-05 0.080292 9.9973E-05 0.432633 0.352966 0.0961778 9.9973E-05
9.9973E-05 0.0594367 9.9973E-05 0.11447 0.0400728 0.623187 0.120701 0.041833 9.9973E-05
9.9973E-05 0.174694 9.9973E-05 0.0430911 0.0389132 0.474462 0.183268 9.9973E-05 0.0852714
9.9991E-05 0.0259798 0.0706534 0.0548196 0.0993111 0.247929 0.423373 0.0442242 0.0336098
0.0118611 9.9973E-05 9.9973E-05 0.170962 9.9973E-05 0.493939 0.213908 0.0775238 0.0315063
9.9964E-05 0.0731857 9.9964E-05 0.0616589 9.9964E-05 0.444403 0.357973 0.0623798 9.9964E-05
0.0981668 9.9955E-05 0.013685 9.9955E-05 9.9955E-05 0.501386 0.386262 9.9955E-05 9.9955E-05
0.181914 9.9946E-05 0.129813 9.9946E-05 9.9946E-05 0.687673 9.9946E-05 9.9946E-05 9.9946E-05
0.066743 9.9964E-05 9.9964E-05 9.9964E-05 9.9964E-05 0.340812 0.502359 0.0585754 0.031111
9.9973E-05 0.00391713 9.9973E-05 0.0454754 0.786928 9.9973E-05 0.102939 0.029927 0.0305132
9.99371E-05 9.99371E-05 9.99371E-05 9.99371E-05 0.882257 9.99371E-05 0.117043 9.99371E-05 9.99371E-05
9.9955E-05 9.9955E-05 9.9955E-05 0.0112699 0.82213 9.9955E-05 0.140494 0.0256063 9.9955E-05
0.0749269 9.9955E-05 9.9955E-05 9.9955E-05 0.845339 9.9955E-05 0.0527053 0.0265286 9.9955E-05
9.9973E-05 9.9973E-05 0.00363078 0.0313054 0.84649 0.0102543 0.0774174 0.030602 9.9973E-05
0.033806 9.9973E-05 0.029868 9.9973E-05 0.821528 0.0377718 0.0249605 0.0517656 9.9973E-05
9.9955E-05 9.9955E-05 9.9955E-05 0.024725 0.903098 9.9955E-05 0.0574279 0.0142489 9.9955E-05
0.0171753 0.027325 0.0298356 0.114289 0.071997 0.163189 0.469823 0.0924933 0.0138733
9.9982E-05 0.0803462 0.0496322 0.0545264 0.101462 0.17605 0.52583 0.0119538 9.9982E-05
0.00037435 9.9982E-05 0.0353711 0.135927 0.060236 0.737888 0.0136994 9.9982E-05 0.0163043
0.0487958 0.0402258 0.0493203 0.0471287 0.112317 0.166051 0.497492 0.0385688 9.9991E-05
9.9982E-05 0.0745396 9.9982E-05 0.0162807 0.0185106 0.509913 0.346309 0.0187556 0.0154914
9.9964E-05 9.9964E-05 0.0655121 0.00183968 0.0449143 0.282142 0.605192 9.9964E-05 9.9964E-05
0.0304595 9.9973E-05 0.0414334 9.9973E-05 0.0373635 0.338146 0.506353 9.9973E-05 0.0459442
9.9982E-05 0.0558687 0.00664113 0.011513 0.033692 0.420689 0.39058 0.0808158 9.9982E-05
9.9955E-05 0.0714977 9.9955E-05 0.187123 0.0446032 0.696276 9.9955E-05 9.9955E-05 9.9955E-05
0.0187808 0.0325014 0.0291559 0.143584 0.0351596 0.119239 0.430009 0.00670391 0.184866
0.0530523 9.9964E-05 9.9964E-05 0.0282991 0.0442535 0.248075 0.625921 9.9964E-05 9.9964E-05
0.0175814 0.165374 0.0214475 0.112373 0.0118908 0.0861862 0.495152 0.0898947 9.9991E-05
0.12378 9.9982E-05 0.0231246 0.00129944 9.9982E-05 0.510832 0.254889 0.0139122 0.0719638
9.9964E-05 0.0206374 0.00720554 9.9964E-05 0.0076518 0.456234 0.507871 9.9964E-05 9.9964E-05
0.020511 9.9964E-05 9.9964E-05 0.184382 0.022186 0.350988 0.421533 9.9964E-05 9.9964E-05
9.9955E-05 9.9955E-05 9.9955E-05 0.0824739 9.9955E-05 0.594768 0.258608 0.0636508 9.9955E-05
9.9955E-05 9.9955E-05 9.9955E-05 9.9955E-05 0.103739 0.472984 0.405054 9.9955E-05 0.0177226
0.0796362 0.0189073 9.9982E-05 0.136714 0.0675639 0.116405 0.560598 9.9982E-05 0.0199754
0.0746178 9.9973E-05 0.106393 0.152613 0.0659127 9.9973E-05 0.156826 9.9973E-05 0.443338
0.0571399 0.151652 0.00724211 0.031241 0.0970127 0.00661991 0.298222 0.0775342 0.273336
0.0521232 0.0970428 0.0770336 0.0351492 0.0250063 0.0143873 0.553588 9.9991E-05 0.145569
9.9991E-05 0.0325321 0.0450975 0.00638217 0.0802357 0.13694 0.554837 0.00841124 0.135465
9.9955E-05 9.9955E-05 9.9955E-05 0.203411 0.0803159 9.9955E-05 0.423239 9.9955E-05 0.292534
9.9973E-05 0.088511 9.9973E-05 0.150562 9.9973E-05 0.0460782 0.47064 0.0427042 0.201205
9.9973E-05 0.0748188 9.9973E-05 0.0905787 0.0400052 0.00570866 0.41617 9.9973E-05 0.372418
0.0537357 9.9973E-05 0.0513459 9.9973E-05 0.0379343 0.0709075 0.526643 9.9973E-05 0.259133
0.0510905 0.0125549 0.043693 0.00105345 0.0381471 0.107103 0.488578 0.0764956 0.181284
0.0290048 9.99802E-05 9.99802E-05 0.0393089 0.0642729 0.130441 0.512302 9.99802E-05 0.22437
0.0177332 9.9955E-05 0.0674105 9.9955E-05 9.9955E-05 9.9955E-05 0.468575 9.9955E-05 0.445782
0.0622492 0.0650832 9.9991E-05 0.0444106 0.0185123 0.0383579 0.609458 0.0735014 0.0883277
0.0428956 0.0171565 0.0950999 9.9991E-05 0.0676345 0.0545546 0.530762 0.0819757 0.109821
9.9982E-05 0.0726244 0.0913089 0.0689583 9.9982E-05 0.134617 0.482176 0.0410455 0.10907
0.0682516 9.9991E-05 0.0436248 0.0170904 0.0694697 0.000790883 0.584868 0.0205916 0.195213
9.9973E-05 0.0662788 0.0683338 9.9973E-05 9.9973E-05 0.00543198 0.500915 0.0464226 0.312318
0.121555 9.9973E-05 0.0339804 0.0258741 0.101482 9.9973E-05 0.329227 9.9973E-05 0.387582
9.9973E-05 0.0217879 9.9973E-05 0.0782786 9.9973E-05 0.0210593 0.609553 0.0286052 0.240416
9.9964E-05 9.9964E-05 0.0380503 9.9964E-05 0.0223975 9.9964E-05 0.579702 0.0796814 0.279769
9.9982E-05 0.0464277 0.154517 0.228809 9.9982E-05 0.096807 0.133883 0.0579955 0.281361
0.246173 9.9982E-05 0.177793 0.043384 9.9982E-05 0.0319011 0.106449 0.018479 0.375622
0.0780723 0.117555 9.9991E-05 0.0218294 0.0531019 0.109653 0.419294 0.0520882 0.148307
0.19591 0.0957911 0.184665 9.9982E-05 9.9982E-05 0.209942 0.0104141 0.0246696 0.278408
9.9973E-05 9.9973E-05 0.125882 0.247782 0.0164718 0.0746684 0.164565 9.9973E-05 0.370331
9.9964E-05 0.0162597 9.9964E-05 0.223888 9.9964E-05 0.234623 0.312737 9.9964E-05 0.212092
9.9973E-05 0.08105 9.9973E-05 0.152507 0.0316657 0.125546 0.277522 9.9973E-05 0.331409
9.9973E-05 0.0307275 0.0867893 0.192813 9.9973E-05 0.147579 0.24004 9.9973E-05 0.301751
9.9982E-05 9.9982E-05 0.0907396 0.0687557 0.018388 0.0901939 0.575749 0.0323813 0.123592
0.0728922 0.101569 9.9991E-05 0.0433223 0.110993 0.117049 0.48696 0.0659118 0.00120231
9.9982E-05 9.9982E-05 0.0654367 0.0661159 0.0552624 0.133287 0.477649 0.0289241 0.173124
0.183884 9.9973E-05 0.0745089 9.9973E-05 9.9973E-05 0.0237577 0.126116 0.0219833 0.56945
0.143012 0.0889313 0.0121828 0.0950378 0.0393311 0.0872569 0.475641 0.0318679 0.0267387
0.0637063 0.0849333 0.104121 0.099589 0.0126838 0.0950574 0.496257 0.0257955 0.0178571
0.323639 0.110512 0.161534 9.9973E-05 0.113964 0.249303 9.9973E-05 9.9973E-05 0.0407486
9.9973E-05 9.9973E-05 0.0955652 9.9973E-05 0.0833777 0.098436 0.48679 0.100094 0.135437
0.14134 0.00244338 0.155331 9.9982E-05 0.0963823 0.290614 0.296237 9.9982E-05 0.0174524
0.175941 0.000170438 0.109723 0.0472423 0.0413061 0.0296736 0.544913 0.0251797 0.0258505
0.354093 0.0296828 0.0479823 0.0344704 0.0420667 0.145479 0.2757 9.9991E-05 0.0704268
0.345665 0.124895 0.114426 0.10527 0.0201624 0.0726332 0.204249 9.9991E-05 0.0125988
0.124571 0.139263 0.148233 0.0438662 0.031712 0.112771 0.386696 9.9991E-05 0.0127883
0.0326311 0.0671109 9.9982E-05 0.0494776 0.150654 0.165192 0.499724 9.9982E-05 0.0350106
0.137783 0.133336 0.031595 0.0715662 0.124867 0.104673 0.39598 9.9982E-05 9.9982E-05
0.417072 0.0210872 0.0110526 0.167712 9.9973E-05 0.273666 9.9973E-05 0.109111 9.9973E-05
9.9964E-05 0.0841807 0.180791 0.151557 0.061786 9.9964E-05 0.521285 9.9964E-05 9.9964E-05
0.226498 0.0312616 0.0314997 0.220851 9.9982E-05 0.137325 0.348572 9.9982E-05 0.00379308
0.0521322 0.0710153 0.14234 0.130117 9.9991E-05 0.129566 0.382019 0.018176 0.0745348
0.110101 0.0648721 0.0370064 9.9991E-05 0.131722 0.0279579 0.540508 0.00385467 0.0838779
0.25012 0.00966207 9.9982E-05 0.0545446 0.278409 9.9982E-05 0.1661 0.224312 0.0166522
0.394173 9.9946E-05 9.9946E-05 9.9946E-05 0.482419 9.9946E-05 9.9946E-05 0.122808 9.9946E-05
0.485348 9.9946E-05 9.9946E-05 9.9946E-05 0.38687 9.9946E-05 9.9946E-05 0.127183 9.9946E-05
0.223043 9.9964E-05 9.9964E-05 9.9964E-05 0.303543 9.9964E-05 0.00901427 0.373723 0.0902768
0.24319 0.00243442 0.0754043 9.9964E-05 9.9964E-05 0.0954904 0.583081 9.9964E-05 9.9964E-05
0.123891 0.0297006 0.128635 0.0496748 0.0416997 0.0654251 0.460051 0.0348759 0.066047
9.9937E-05 9.9937E-05 9.9937E-05 9.9937E-05 9.9937E-05 9.9937E-05 0.304914 0.694387 9.9937E-05
9.9964E-05 9.9964E-05 9.9964E-05 9.9964E-05 0.00481643 0.0684088 0.29866 0.471143 0.156573
9.9964E-05 0.108339 0.125788 9.9964E-05 0.0696112 9.9964E-05 0.278128 0.417733 9.9964E-05
0.3211 9.9973E-05 0.188668 0.0295474 9.9973E-05 0.08425 0.320366 9.9973E-05 0.0557695
0.074595 0.00651927 0.174893 9.9982E-05 0.118985 0.0466602 0.478745 0.0994032 9.9982E-05
0.445808 0.0083934 0.171552 0.095505 9.9973E-05 0.0890616 0.18938 9.9973E-05 9.9973E-05
0.125156 0.0706628 0.0934122 0.112941 9.9964E-05 9.9964E-05 0.597428 9.9964E-05 9.9964E-05
0.132562 9.9982E-05 0.147621 0.108733 9.9982E-05 0.121736 0.364333 0.0301446 0.0946707
0.155669 0.0342561 0.0712989 0.0582999 9.9982E-05 0.0481361 0.607942 0.024198 9.9982E-05
0.303857 0.0308169 0.15545 0.17162 9.9973E-05 0.161912 0.176044 9.9973E-05 9.9973E-05
0.108169 0.0263443 0.0609204 0.092348 0.00576612 9.9991E-05 0.653764 0.0241855 0.028403
0.165605 9.9982E-05 0.0657454 0.0196389 0.0491571 0.0751468 0.563948 9.9982E-05 0.0605584
9.9964E-05 9.9964E-05 0.0149051 0.0117095 0.0171048 9.9964E-05 0.0114099 0.944471 9.9964E-05
9.9964E-05 9.9964E-05 0.00540231 0.0347678 9.9964E-05 0.0492564 0.0137372 0.896436 9.9964E-05
9.9973E-05 0.00772138 0.0539153 0.109376 0.0606039 9.9973E-05 0.211891 0.556192 9.9973E-05
9.9946E-05 0.0240735 9.9946E-05 9.9946E-05 9.9946E-05 9.9946E-05 0.328903 0.646424 9.9946E-05
0.02335 0.0758524 9.9973E-05 0.0192016 9.9973E-05 0.00629205 0.0745667 0.800437 9.9973E-05
9.993E-05 9.993E-05 9.993E-05 9.993E-05 9.993E-05 9.993E-05 9.993E-05 0.999201 9.993E-05
9.9955E-05 0.0170666 0.00813196 9.9955E-05 9.9955E-05 9.9955E-05 9.9955E-05 0.936879 0.0374224
9.9937E-05 9.9937E-05 9.9937E-05 9.9937E-05 9.9937E-05 9.9937E-05 0.167846 0.831455 9.9937E-05
9.9955E-05 0.00837169 9.9955E-05 0.0116031 9.9955E-05 0.00813263 9.9955E-05 0.971393 9.9955E-05
9.993E-05 9.993E-05 9.993E-05 9.993E-05 9.993E-05 9.993E-05 9.993E-05 0.999201 9.993E-05
9.993E-05 9.993E-05 9.993E-05 9.993E-05 9.993E-05 9.993E-05 9.993E-05 0.999201 9.993E-05
9.9955E-05 9.9955E-05 9.9955E-05 0.0770406 0.0348846 9.9955E-05 0.152457 0.735118 9.9955E-05
9.9973E-05 0.0198058 9.9973E-05 9.9973E-05 0.0569162 0.044224 0.0337331 0.793884 0.0511374
9.9937E-05 9.9937E-05 9.9937E-05 9.9937E-05 9.9937E-05 0.0349156 9.9937E-05 0.964385 9.9937E-05
0.00112522 0.0721706 0.078808 9.9982E-05 9.9982E-05 0.0624703 0.277302 0.38071 0.127214
9.9955E-05 9.9955E-05 9.9955E-05 9.9955E-05 9.9955E-05 0.0952055 0.129849 0.707456 0.066989
9.9973E-05 0.043814 0.0219247 9.9973E-05 9.9973E-05 0.0339439 0.101933 0.771058 0.0270268
9.9955E-05 9.9955E-05 9.9955E-05 0.0670939 0.0488778 9.9955E-05 0.00100252 0.882526 9.9955E-05
9.993E-05 9.993E-05 9.993E-05 9.993E-05 9.993E-05 9.993E-05 9.993E-05 0.999201 9.993E-05
9.9973E-05 9.9973E-05 9.9973E-05 0.00617613 0.0167958 0.0645418 0.0596293 0.849886 0.00267115
9.993E-05 9.993E-05 9.993E-05 9.993E-05 9.993E-05 9.993E-05 9.993E-05 0.999201 9.993E-05
9.9973E-05 0.0596628 0.0954561 0.0391425 0.000513204 9.9973E-05 0.163818 0.641107 9.9973E-05
9.9964E-05 9.9964E-05 0.00228341 0.0523358 0.00918172 0.049163 9.9964E-05 0.886636 9.9964E-05
0.610119 9.9973E-05 0.0539977 0.026525 0.22915 0.0406928 9.9973E-05 0.0392159 9.9973E-05
0.177894 0.0862975 0.031313 0.0459167 0.143092 9.9991E-05 0.444217 0.067196 0.00397279
0.188668 0.150028 9.9973E-05 9.9973E-05 0.124143 0.0462713 0.449051 0.0415389 9.9973E-05
0.425191 0.0908852 9.9982E-05 0.0358014 0.10066 0.0100203 0.2377 0.0995417 9.9982E-05
0.17601 0.115987 0.0113775 0.0367228 0.151723 0.0148663 0.352614 0.140599 9.9991E-05
0.450799 9.9982E-05 0.0715714 0.0685864 0.154144 0.0211393 0.149976 0.0835834 9.9982E-05
0.101809 0.0336571 0.107819 0.0379373 0.183557 9.9982E-05 0.479932 0.0550885 9.9982E-05
0.282641 0.0662075 0.012531 9.9982E-05 0.105705 0.0386904 0.335027 0.158998 9.9982E-05
0.174511 0.0330148 0.0550666 0.0631616 0.0874386 0.0106642 0.352945 0.219994 0.00320417
0.269344 9.9973E-05 0.0663266 0.0589443 0.0963442 9.9973E-05 0.327914 0.180828 9.9973E-05
0.10666 0.0361971 9.9982E-05 0.0772554 0.152892 0.0569249 0.507917 0.0619532 9.9982E-05
0.0241961 0.0784297 0.0244081 9.9964E-05 0.81626 9.9964E-05 0.0563061 9.9964E-05 9.9964E-05
9.9955E-05 9.9955E-05 0.0336663 9.9955E-05 0.906074 9.9955E-05 9.9955E-05 0.0566902 0.00306926
0.0528133 0.0012401 9.9973E-05 9.9973E-05 0.915611 0.0174613 0.00232691 9.9973E-05 0.0102479
9.9955E-05 0.0357534 9.9955E-05 0.0256324 0.934748 9.9955E-05 0.0033661 9.9955E-05 9.9955E-05
0.0541863 9.9955E-05 9.9955E-05 9.9955E-05 0.853876 9.9955E-05 0.0291534 9.9955E-05 0.0622843
9.9946E-05 9.9946E-05 0.0340694 9.9946E-05 0.89093 9.9946E-05 9.9946E-05 0.0744006 9.9946E-05
9.9946E-05 9.9946E-05 9.9946E-05 9.9946E-05 0.867302 9.9946E-05 0.0405426 0.0915555 9.9946E-05
0.0997705 9.9955E-05 9.9955E-05 9.9955E-05 0.867134 9.9955E-05 0.0315304 0.00106527 9.9955E-05
0.0450322 9.9982E-05 9.9982E-05 0.0129433 0.86684 0.0182029 0.0327252 0.0157376 0.00831884
0.0809858 9.9955E-05 9.9955E-05 9.9955E-05 0.799611 9.9955E-05 0.0278163 0.0910869 9.9955E-05
9.9955E-05 0.0595285 9.9955E-05 0.273577 0.578685 0.0877096 9.9955E-05 9.9955E-05 9.9955E-05
9.9964E-05 0.152085 0.0177326 0.226117 0.577883 0.0257833 9.9964E-05 9.9964E-05 9.9964E-05
0.0562981 0.0941995 0.0173049 0.291106 0.504691 0.0361002 9.9973E-05 9.9973E-05 9.9973E-05
9.9973E-05 0.0938408 0.0543142 0.228926 0.505705 0.0915764 9.9973E-05 9.9973E-05 0.0253381
9.9982E-05 0.0315015 9.9982E-05 0.113092 0.0283863 0.357891 0.406337 0.0337388 0.028853
9.9973E-05 0.094673 0.0919857 0.0452286 9.9973E-05 0.281263 0.397091 0.0894592 9.9973E-05
0.0218114 0.108173 0.069097 0.0420221 9.9982E-05 0.222509 0.466882 0.0693052 9.9982E-05
0.044613 9.9973E-05 9.9973E-05 0.160789 0.00827284 0.232365 0.284357 9.9973E-05 0.269303
9.9964E-05 0.0903204 9.9964E-05 0.282849 9.9964E-05 0.151762 0.0603712 9.9964E-05 0.414298
0.0404719 0.0231977 0.0713062 9.9982E-05 0.0492084 0.192525 0.612617 9.9982E-05 0.0104737
0.0325369 0.0205405 0.00313758 9.9973E-05 9.9973E-05 0.240702 0.539311 9.9973E-05 0.163472
0.0565301 0.0487557 9.9982E-05 0.0861142 9.9982E-05 0.206199 0.481179 0.0125481 0.108475
9.9955E-05 9.9955E-05 9.9955E-05 9.9955E-05 9.9955E-05 0.483856 0.344253 0.0822175 0.0891734
0.0373304 0.0766463 9.9964E-05 9.9964E-05 9.9964E-05 0.124815 0.588448 9.9964E-05 0.17236
9.9964E-05 0.0817809 0.0337255 0.126287 9.9964E-05 0.367283 0.390523 9.9964E-05 9.9964E-05
0.0784133 0.0350958 0.130339 0.0525769 9.9973E-05 0.69395 9.9973E-05 9.9973E-05 0.00932469
9.9991E-05 0.148347 0.0188583 0.0199125 0.0145422 0.114797 0.41288 0.039599 0.230964
0.141642 0.0147862 0.104881 9.9973E-05 0.00361811 0.523292 0.211481 9.9973E-05 9.9973E-05
0.0198842 0.0287632 0.0869507 9.9973E-05 0.0168119 0.374911 0.472379 9.9973E-05 9.9973E-05
9.9982E-05 0.0868909 0.0394071 0.184319 0.0166442 0.593121 0.0369816 9.9982E-05 0.0424356
0.0604431 0.892868 9.9955E-05 9.9955E-05 0.0278316 9.9955E-05 9.9955E-05 0.0183576 9.9955E-05
0.020025 0.965441 9.9955E-05 9.9955E-05 9.9955E-05 9.9955E-05 0.00985718 0.00417706 9.9955E-05
9.993E-05 0.999201 9.993E-05 9.993E-05 9.993E-05 9.993E-05 9.993E-05 9.993E-05 9.993E-05
9.9946E-05 0.938232 0.0502663 9.9946E-05 0.0109017 9.9946E-05 9.9946E-05 9.9946E-05 9.9946E-05
9.9955E-05 0.887723 9.9955E-05 0.0574434 9.9955E-05 0.0032894 0.0510442 9.9955E-05 9.9955E-05
9.9946E-05 0.919527 9.9946E-05 9.9946E-05 9.9946E-05 9.9946E-05 0.0235842 0.0562888 9.9946E-05
9.9955E-05 9.9955E-05 9.9955E-05 9.9955E-05 0.847951 0.00974902 0.111521 0.0302794 9.9955E-05
9.9955E-05 0.00155581 9.9955E-05 9.9955E-05 0.821141 9.9955E-05 0.0884542 9.9955E-05 0.0883497
9.9955E-05 0.0254434 9.9955E-05 9.9955E-05 0.762614 9.9955E-05 0.165657 0.045786 9.9955E-05
9.9973E-05 0.000290647 9.9973E-05 0.0990468 0.737593 9.9973E-05 0.0586932 0.0681998 0.0358768
0.0211538 0.0222342 9.9982E-05 0.00494913 0.761224 0.0274025 0.117698 0.0451391 9.9982E-05
0.0550502 0.41254 9.9964E-05 0.0420262 0.328852 9.9964E-05 9.9964E-05 9.9964E-05 0.161132
0.0035143 0.45108 0.0281826 0.0377698 0.40496 0.0676024 9.9982E-05 9.9982E-05 0.00669119
9.9964E-05 0.421943 0.0606118 9.9964E-05 0.418797 0.0883589 9.9964E-05 9.9964E-05 0.00988996
9.9964E-05 0.0237405 9.9964E-05 0.0463869 0.778271 9.9964E-05 0.11205 0.0391512 9.9964E-05
0.00281234 0.517304 0.018399 9.9982E-05 0.335965 0.0630307 9.9982E-05 0.0019182 0.0603711
0.111785 0.00836461 0.117687 0.00129372 0.152973 9.9982E-05 0.202851 0.404846 9.9982E-05
0.0393547 0.0336268 9.9982E-05 9.9982E-05 0.0900355 0.052962 0.504309 0.236933 0.0425792
9.9964E-05 9.9964E-05 9.9964E-05 0.0179691 0.240037 9.9964E-05 0.454902 0.27565 0.0110412
0.101193 0.0614851 0.00518054 9.9982E-05 0.239287 0.0821656 0.325068 0.185421 9.9982E-05
0.0126442 0.0696475 9.9982E-05 9.9982E-05 0.112412 0.00927012 0.45576 0.214653 0.125413
0.280883 0.000808669 9.9955E-05 9.9955E-05 0.400624 9.9955E-05 9.9955E-05 0.317184 9.9955E-05
9.9973E-05 0.0808138 0.0230537 0.160412 9.9973E-05 0.0293939 0.362154 9.9973E-05 0.343872
0.109962 0.00421557 0.181382 0.0631503 9.9991E-05 0.09284 0.308056 0.0131069 0.227188
9.9973E-05 0.104162 0.00948998 0.459029 0.0832286 9.9973E-05 0.16114 9.9973E-05 0.18265
0.0655631 0.070821 0.209216 0.0254248 9.9982E-05 0.130215 0.441023 9.9982E-05 0.0575369
0.236169 0.0246438 0.345651 9.9964E-05 9.9964E-05 0.26239 9.9964E-05 9.9964E-05 0.130746
0.0844533 0.016637 0.0716278 0.0320259 0.120654 9.9991E-05 0.544698 0.0307292 0.0990748
9.9991E-05 0.0217739 0.115653 0.217338 0.022402 0.0452943 0.36163 0.0319039 0.183905
0.00528864 0.0524565 9.9982E-05 0.251872 0.045045 0.108144 0.247441 9.9982E-05 0.289553
9.9982E-05 9.9982E-05 0.0655974 0.0210259 0.0675951 0.099517 0.558931 0.00931153 0.177823
0.231454 9.9964E-05 0.117759 0.230415 9.9964E-05 0.167681 9.9964E-05 9.9964E-05 0.252291
0.162379 0.0685902 0.0890695 0.0155934 9.9982E-05 0.036075 0.457428 9.9982E-05 0.170664
0.00557375 0.100811 0.0436281 0.00612178 9.9991E-05 0.0900428 0.442002 0.064748 0.246972
0.0836037 0.0320831 9.9982E-05 0.177361 0.0960879 0.0587778 0.373251 0.178636 9.9982E-05
0.0789348 9.9973E-05 0.155809 0.230444 9.9973E-05 0.0535384 0.307653 9.9973E-05 0.173321
0.0449509 0.114603 0.0815665 0.156436 9.9982E-05 9.9982E-05 0.429015 0.0373279 0.135901
0.0146262 0.00755921 0.144018 0.132871 9.9991E-05 0.183204 0.400194 0.0831455 0.0342807
0.0869751 0.0267212 0.0484324 0.0146017 9.9982E-05 0.0794682 0.495186 9.9982E-05 0.248416
0.0282572 0.0754184 9.9982E-05 0.035523 0.022966 0.181669 0.582439 0.0735278 9.9982E-05
9.9982E-05 9.9982E-05 0.0553197 0.192402 0.0834987 0.0613028 0.338907 0.148337 0.120033
0.0986528 0.106811 9.9973E-05 0.102892 0.0552007 9.9973E-05 0.540433 9.9973E-05 0.09571
9.9964E-05 9.9964E-05 0.0136572 9.9964E-05 0.741185 9.9964E-05 0.107892 0.108615 0.0282506
9.9964E-05 9.9964E-05 0.0567656 9.9964E-05 0.824379 0.0186784 0.0708479 0.0289295 9.9964E-05
0.0859314 0.0234365 0.0348652 9.9991E-05 0.72141 0.00604497 0.0448457 0.0289637 0.054403
9.9973E-05 0.0179199 0.0434819 9.9973E-05 0.789624 0.0713738 9.9973E-05 0.0394988 0.0378016
9.9946E-05 9.9946E-05 0.00264774 9.9946E-05 0.843835 9.9946E-05 0.152917 9.9946E-05 9.9946E-05
0.059039 9.9973E-05 9.9973E-05 0.224907 9.9973E-05 0.0455351 0.0758046 0.0321547 0.562259
9.99893E-05 9.99893E-05 0.0979455 0.119191 0.0378266 0.0237649 0.446626 0.0614494 0.212997
0.0888994 0.0253298 0.0395717 0.0527837 0.153543 9.9982E-05 0.462828 0.176844 9.9982E-05
9.9973E-05 9.9973E-05 0.0177733 0.143127 0.0171663 9.9973E-05 0.60359 0.00372236 0.214321
9.9982E-05 0.00391973 0.0231558 0.0327663 0.0370238 0.0893784 0.485628 9.9982E-05 0.327928
0.160214 0.0317741 0.0203673 0.0540866 9.9982E-05 9.9982E-05 0.265893 0.0317197 0.435746
0.150071 9.9955E-05 9.9955E-05 9.9955E-05 0.0979866 0.045888 9.9955E-05 9.9955E-05 0.705554
0.00598645 0.0881827 9.9982E-05 0.0707352 0.0379007 0.0954917 0.4714 9.9982E-05 0.230103
9.9982E-05 0.156364 0.107353 0.23269 0.0736959 9.9982E-05 0.0675843 0.0547211 0.307392
0.182396 0.0787095 0.00366034 9.9991E-05 0.024068 0.0835945 0.479877 0.0121878 0.135407
9.9991E-05 0.0463161 0.0840366 0.0807078 0.174594 0.142964 0.0104828 0.0292783 0.43152
9.9955E-05 0.0166461 9.9955E-05 9.9955E-05 0.125567 9.9955E-05 0.590343 9.9955E-05 0.266944
9.9973E-05 0.0376358 9.9973E-05 0.387616 0.11807 0.0309036 0.0885328 9.9973E-05 0.336941
0.0788474 9.9991E-05 0.135008 0.0515989 0.0154026 0.00804597 0.266093 0.0587332 0.386171
0.206501 0.0585098 0.117399 0.0967692 9.9973E-05 9.9973E-05 0.444481 9.9973E-05 0.0760392
0.306831 0.14071 0.134333 0.15928 9.9964E-05 9.9964E-05 0.258446 9.9964E-05 9.9964E-05
0.13066 0.10493 0.033534 9.9982E-05 0.00214577 0.197777 0.486239 0.0445135 9.9982E-05
0.0992361 0.0238873 0.0600855 0.0752997 9.9991E-05 0.0469987 0.548886 0.0946979 0.0508085
0.302988 0.0847683 0.113683 0.0359029 9.9982E-05 0.11484 0.335579 9.9982E-05 0.0120396
0.133283 9.9973E-05 0.0854312 0.144542 0.0734195 9.9973E-05 0.430006 9.9973E-05 0.133019
0.182462 0.12149 0.131103 9.9964E-05 0.0276758 9.9964E-05 0.53687 9.9964E-05 9.9964E-05
0.400469 0.156164 0.161211 0.0354812 9.9973E-05 0.116997 0.129377 9.9973E-05 9.9973E-05
0.484484 0.0724268 0.110081 0.0312184 9.9973E-05 0.0503976 0.251092 9.9973E-05 9.9973E-05
0.190045 0.0756659 0.149485 0.154323 9.9973E-05 0.00794946 0.422231 9.9973E-05 9.9973E-05
0.37004 0.138131 0.0841962 0.0368073 9.9982E-05 0.18209 0.142992 9.9982E-05 0.0455423
0.180156 0.0247863 9.9973E-05 0.152225 9.9973E-05 0.0519158 0.483493 9.9973E-05 0.107124
9.9964E-05 9.9964E-05 9.9964E-05 0.10871 0.0253102 0.124171 0.0968866 9.9964E-05 0.644522
0.00640034 9.9973E-05 0.267028 9.9973E-05 9.9973E-05 0.0964796 0.148335 0.0202439 0.461214
9.9973E-05 0.00909538 9.9973E-05 0.0435674 9.9973E-05 0.124269 0.273058 0.0318285 0.517881
0.0177925 0.0159735 9.9982E-05 0.0580521 9.9982E-05 0.0232747 0.561713 0.0734435 0.249551
9.9973E-05 0.0372405 0.000491907 0.211904 9.9973E-05 0.177462 0.131193 9.9973E-05 0.441409
0.0515544 9.9982E-05 0.0491975 9.9982E-05 0.121796 0.0841444 0.441886 0.0900846 0.161138
0.0457247 0.0422656 9.9973E-05 9.9973E-05 0.111377 0.0459708 0.598933 9.9973E-05 0.155428
0.0673709 9.9991E-05 0.00355197 0.0659658 0.0218131 0.100611 0.41868 0.0632566 0.258651
9.9982E-05 0.0184207 0.0187267 0.119241 0.0286307 9.9982E-05 0.414131 0.0878617 0.312789
9.9964E-05 0.108266 9.9964E-05 9.9964E-05 9.9964E-05 0.124452 0.383398 0.0864201 0.297064
9.9973E-05 0.0239952 9.9973E-05 0.108891 9.9973E-05 0.143526 0.0891562 0.0890071 0.545124
0.00240407 0.0820116 9.9973E-05 9.9973E-05 9.9973E-05 0.0483307 0.287998 0.077596 0.50136
0.000199812 0.058668 0.0577184 0.0270919 9.9991E-05 0.0169301 0.596804 0.00834139 0.234146
0.0514082 0.0166555 9.9991E-05 0.00247012 0.00352025 0.053488 0.445673 0.0572246 0.36946
0.0924974 9.9982E-05 0.0687535 0.031265 0.0634378 0.00738427 0.397817 9.9982E-05 0.338645
9.9973E-05 0.0307396 0.133484 9.9973E-05 9.9973E-05 0.0795999 0.436797 0.0672617 0.251818
0.0563584 0.0401907 9.9973E-05 0.0317259 0.0974233 9.9973E-05 0.31354 9.9973E-05 0.460462
9.9991E-05 0.0345244 0.00306223 0.15378 0.00509385 0.0468616 0.49946 0.00641389 0.250704
0.00401924 0.136957 0.016962 9.9991E-05 0.0535909 0.0677894 0.456232 0.0854346 0.178915
0.0618101 9.9973E-05 0.0315525 9.9973E-05 0.0564473 9.9973E-05 0.55547 0.0493454 0.245075
0.0376402 0.00459379 9.9973E-05 0.126605 0.316458 9.9973E-05 0.38538 0.129023 9.9973E-05
9.9973E-05 9.9973E-05 0.0793599 9.9973E-05 0.108492 0.195088 0.320063 0.286444 0.0102542
0.0787636 0.0961991 0.0192726 0.102953 0.0781995 0.0507727 0.450195 0.114299 0.00934552
0.00408407 0.0715106 0.0760564 0.032203 0.0710253 0.0151153 0.612871 0.117034 9.9991E-05
9.9973E-05 9.9973E-05 0.07688 0.0602638 0.163652 0.0999126 0.359683 0.239309 9.9973E-05
0.0787306 9.9973E-05 0.158564 0.0757257 9.9973E-05 0.0179538 0.421773 9.9973E-05 0.246952
0.102813 0.0343152 0.0320936 0.0441996 0.147551 0.053671 0.428709 0.136518 0.0201287
0.489333 9.9973E-05 9.9973E-05 0.07138 0.13003 0.123433 9.9973E-05 0.154456 0.0310684
0.0452074 9.9973E-05 9.9973E-05 0.072692 0.114845 9.9973E-05 0.565625 0.118613 0.082717
0.0429207 0.0557817 0.070583 0.0537469 0.102351 0.00748768 0.444172 0.212992 0.0099653
9.9991E-05 0.0135142 0.0535702 0.0263024 0.0616307 0.0829217 0.478671 0.196636 0.0866534
0.22375 9.9991E-05 0.0472498 0.0691742 0.111628 0.107932 0.225146 0.138543 0.0764772
0.09178 9.9982E-05 0.0201084 9.9982E-05 0.155911 0.0165319 0.614648 0.0854956 0.0153249
0.168656 9.9955E-05 9.9955E-05 9.9955E-05 0.1549 9.9955E-05 0.611433 0.0645109 9.9955E-05
0.392894 9.9964E-05 0.011271 9.9964E-05 0.403787 0.00341988 9.9964E-05 0.188229 9.9964E-05
0.00690533 0.0881546 0.0605669 0.0525954 0.112496 9.9982E-05 0.495563 0.183519 9.9982E-05
0.0440249 0.0318718 0.0492258 9.9973E-05 0.176932 9.9973E-05 0.465201 0.232445 9.9973E-05
0.156955 9.9973E-05 9.9973E-05 9.9973E-05 0.0577292 0.0391668 0.593416 0.0625775 0.089855
0.135649 9.9964E-05 9.9964E-05 9.9964E-05 0.168737 9.9964E-05 0.47254 0.140379 0.0822962
0.0774307 0.0400071 0.05741 0.0611803 0.110513 9.9991E-05 0.502753 0.141133 0.0094726
9.9982E-05 0.0853961 0.38414 9.9982E-05 0.00188668 0.0607544 0.375733 0.0783938 0.0134961
0.0338925 9.9991E-05 0.139901 0.0203263 0.11044 0.0394014 0.495807 0.0798347 0.0802963
9.9955E-05 9.9955E-05 0.750406 0.130943 9.9955E-05 0.109363 9.9955E-05 9.9955E-05 0.00878858
0.0513116 9.99549E-05 0.887654 9.99549E-05 9.99549E-05 0.0117619 9.99549E-05 9.99549E-05 0.0487731
9.9973E-05 9.9973E-05 0.176215 9.9973E-05 0.111448 0.143548 0.374322 0.0783691 0.115798
0.121308 0.00376503 0.140877 9.9982E-05 0.0754513 9.9982E-05 0.363472 0.271471 0.0234559
0.0462052 9.9973E-05 0.2242 9.9973E-05 0.0796357 0.00724803 0.284589 0.357822 9.9973E-05
0.18302 9.9982E-05 0.103191 0.048517 0.183976 9.9982E-05 0.121515 0.337328 0.0222528
9.9964E-05 9.9964E-05 0.153594 0.132176 0.150997 9.9964E-05 0.331285 0.231549 9.9964E-05
0.123785 9.9955E-05 0.699998 9.9955E-05 0.0681736 9.9955E-05 9.9955E-05 0.107543 9.9955E-05
0.0927072 9.9964E-05 0.576714 9.9964E-05 0.0920424 9.9964E-05 0.116551 0.121586 9.9964E-05
9.9955E-05 9.9955E-05 0.380508 9.9955E-05 9.9955E-05 0.0136922 0.519369 0.0859311 9.9955E-05
9.9955E-05 9.9955E-05 0.436353 9.9955E-05 0.0426278 9.9955E-05 0.425904 0.0946156 9.9955E-05
0.0198573 9.9964E-05 0.62181 9.9964E-05 0.0856547 9.9964E-05 0.222123 0.0501548 9.9964E-05
9.9973E-05 9.9973E-05 0.255612 0.0905592 0.0593249 9.9973E-05 0.457866 0.0776595 0.0586783
0.00988942 0.000320763 0.274259 0.0369877 0.0453944 9.9991E-05 0.551574 0.0544953 0.0269799
0.00883217 9.9982E-05 0.249066 9.9982E-05 0.101525 0.0258618 0.389508 0.162335 0.0626708
9.9964E-05 0.0523932 0.581152 0.110252 0.00358301 9.9964E-05 0.25222 9.9964E-05 9.9964E-05
0.036756 0.0643307 0.410955 0.104208 9.9973E-05 9.9973E-05 0.320106 9.9973E-05 0.0633444
9.9982E-05 0.0781298 0.27932 0.0913986 0.047754 0.0194912 0.426398 0.0573085 9.9982E-05
0.00384513 0.0821506 0.360166 9.9991E-05 0.11405 0.0314997 0.311765 0.061338 0.0350854
0.0602238 9.9982E-05 0.253477 0.0448705 0.0619488 9.9982E-05 0.355933 0.048706 0.174641
0.0710787 9.9964E-05 0.430056 9.9964E-05 9.9964E-05 0.046576 0.410435 9.9964E-05 0.0414546
9.9955E-05 0.12424 0.697928 9.9955E-05 9.9955E-05 9.9955E-05 0.159151 9.9955E-05 0.0181811
9.9964E-05 9.9964E-05 0.312053 9.9964E-05 0.0403301 0.133289 0.476623 0.037305 9.9964E-05
9.9964E-05 9.9964E-05 0.781072 0.0598042 9.9964E-05 0.00489931 0.108079 0.045745 9.9964E-05
9.9955E-05 9.9955E-05 0.506313 0.115404 0.000547664 9.9955E-05 0.377235 9.9955E-05 9.9955E-05
9.9973E-05 9.9973E-05 0.191645 0.0185373 0.0738046 0.16232 0.509874 0.0435186 9.9973E-05
9.9982E-05 9.9982E-05 0.29975 0.00560076 0.00711467 0.117678 0.393581 0.0144838 0.161592
0.115954 9.9982E-05 0.00278011 0.14216 0.118027 0.0230015 0.428013 0.169865 9.9982E-05
0.0182652 0.0913319 0.132089 9.9991E-05 0.145691 0.0356009 0.353114 0.18093 0.0428792
0.123298 9.9991E-05 0.0407187 0.0202681 0.139467 0.0756284 0.245592 0.266257 0.0886711
0.022375 0.098746 0.113936 0.0624499 0.184936 0.0870145 0.256105 0.174337 9.9991E-05
9.9982E-05 0.0388843 9.9982E-05 0.0213263 0.141638 0.0506461 0.406874 0.160495 0.179937
0.0964972 9.9973E-05 0.10614 9.9973E-05 0.105886 9.9973E-05 0.420459 0.133695 0.137022
0.0613949 0.0452925 0.585351 9.9964E-05 0.171292 9.9964E-05 9.9964E-05 0.13627 9.9964E-05
9.9982E-05 0.144654 0.0492494 9.9982E-05 0.0153532 0.0130083 0.505939 0.26616 0.00543643
0.176616 9.9955E-05 0.354032 9.9955E-05 0.355999 9.9955E-05 9.9955E-05 0.112853 9.9955E-05
9.9973E-05 0.010715 0.266315 0.0534276 0.0258374 9.9973E-05 0.496576 0.146829 9.9973E-05
9.9946E-05 9.9946E-05 0.768757 9.9946E-05 9.9946E-05 0.144197 0.0864467 9.9946E-05 9.9946E-05
9.9955E-05 9.9955E-05 0.89665 0.0195574 0.0091492 0.0741437 9.9955E-05 9.9955E-05 9.9955E-05
9.9964E-05 9.9964E-05 0.462086 0.0373924 9.9964E-05 0.0639623 0.430318 0.00584143 9.9964E-05
9.9955E-05 9.9955E-05 0.323644 0.0703974 0.0419817 9.9955E-05 0.563477 9.9955E-05 9.9955E-05
9.9955E-05 9.9955E-05 0.574529 0.0369572 9.9955E-05 9.9955E-05 0.350378 9.9955E-05 0.037636
9.9955E-05 9.9955E-05 0.453192 9.9955E-05 0.0107433 0.037821 0.497744 9.9955E-05 9.9955E-05
9.9964E-05 9.9964E-05 0.40737 9.9964E-05 9.9964E-05 0.107623 0.434973 0.00895094 0.040683
9.9964E-05 9.9964E-05 0.065761 0.054741 0.76731 9.9964E-05 0.0639882 0.0477994 9.9964E-05
9.9964E-05 0.0745454 0.0410895 0.0604313 0.687038 9.9964E-05 9.9964E-05 0.136496 9.9964E-05
9.9955E-05 0.0379139 9.9955E-05 0.0295878 0.882681 9.9955E-05 9.9955E-05 0.0493171 9.9955E-05
9.9937E-05 9.9937E-05 9.9937E-05 9.9937E-05 0.914925 9.9937E-05 0.0843758 9.9937E-05 9.9937E-05
9.9982E-05 0.0769951 0.0136045 9.9982E-05 0.0624284 0.348887 0.445367 0.0339554 0.0185622
9.9973E-05 0.0304616 9.9973E-05 0.0741389 0.0371013 0.383094 0.40681 0.0680943 9.9973E-05
9.9964E-05 9.9964E-05 0.00442656 0.0707279 0.0116185 0.453649 0.459178 9.9964E-05 9.9964E-05
0.00765831 9.9964E-05 9.9964E-05 0.0328827 0.118078 0.227265 0.613716 9.9964E-05 9.9964E-05
0.153952 0.117924 0.00465246 0.0028477 0.00745957 0.169426 0.502952 0.0406869 9.9991E-05
9.99857E-05 0.0723723 0.116693 0.203178 0.00590907 0.436332 0.118118 0.0471988 9.99857E-05
9.9973E-05 0.0179229 0.00602536 0.0391102 9.9973E-05 0.37699 0.546018 0.0136341 9.9973E-05
0.159184 0.0112318 0.109162 9.9964E-05 9.9964E-05 0.359071 0.360951 9.9964E-05 9.9964E-05
0.0370462 9.9973E-05 0.0597666 9.9973E-05 0.267841 9.9973E-05 0.450091 0.120614 0.0643417
0.017345 9.9982E-05 0.0742618 0.101087 9.9982E-05 0.331531 0.363434 0.0582975 0.0538442
9.9973E-05 0.0458612 9.9973E-05 0.113069 0.00506364 0.525011 0.308805 9.9973E-05 0.00189145
9.9964E-05 9.9964E-05 0.109298 9.9964E-05 9.9964E-05 0.438257 0.403293 0.0314298 0.0173227
9.9973E-05 9.9973E-05 0.0274434 0.0567938 0.0170477 0.467352 0.399066 9.9973E-05 0.0319967
0.0277279 9.9964E-05 0.0276278 9.9964E-05 9.9964E-05 0.425257 0.512048 9.9964E-05 0.0069397
9.9973E-05 0.019558 9.9973E-05 0.113445 0.057421 0.261696 0.531361 0.0162197 9.9973E-05
9.9946E-05 9.9946E-05 0.0804506 9.9946E-05 9.9946E-05 0.829165 0.0897851 9.9946E-05 9.9946E-05
9.9982E-05 0.0586085 0.0510431 0.00201334 0.0109796 0.605439 0.251236 0.0204806 9.9982E-05
0.0228913 0.0388702 0.0179743 9.9982E-05 9.9982E-05 0.562015 0.221516 0.0154397 0.121093
0.156109 9.9946E-05 0.0386411 9.9946E-05 9.9946E-05 0.80465 9.9946E-05 9.9946E-05 9.9946E-05
9.9973E-05 0.0854728 9.9973E-05 9.9973E-05 0.0432316 0.436983 0.332751 0.0382336 0.0630278
0.218512 0.0348026 9.9955E-05 9.9955E-05 9.9955E-05 0.662922 0.0832639 9.9955E-05 9.9955E-05
0.138637 9.9955E-05 0.127561 9.9955E-05 9.9955E-05 0.668704 9.9955E-05 9.9955E-05 0.0645981
9.9973E-05 9.9973E-05 0.0667538 9.9973E-05 0.0228112 0.222954 0.597563 0.0143094 0.0753093
9.9982E-05 9.9982E-05 0.0353384 0.0101925 0.0104924 0.605532 0.19338 0.0141034 0.130761
0.0632451 0.058747 9.9982E-05 0.0338514 9.9982E-05 0.406564 0.396468 0.00743525 0.0334897
0.0466923 0.0326616 9.9991E-05 0.0956964 0.0252004 0.160269 0.504033 0.0932611 0.0420861
0.0315226 0.00600426 9.9973E-05 0.0405608 9.9973E-05 0.354473 0.468371 9.9973E-05 0.0987679
0.0556827 9.9964E-05 0.153209 9.9964E-05 9.9964E-05 9.9964E-05 0.226074 0.0503491 0.514285
9.9955E-05 9.9955E-05 0.00428565 9.9955E-05 9.9955E-05 0.417322 0.474283 9.9955E-05 0.103609
9.9982E-05 0.0128649 9.9982E-05 0.0719209 0.0472901 0.345415 0.421985 0.0134851 0.0868393
0.0431697 9.9964E-05 0.0585196 9.9964E-05 0.00995923 0.596511 0.291441 9.9964E-05 9.9964E-05
9.9982E-05 0.0886516 0.0733488 0.0893182 0.0572533 0.179387 0.49853 0.0133113 9.9982E-05
0.0450388 0.121576 0.00120586 0.0501159 0.610204 0.0509183 9.9982E-05 9.9982E-05 0.120742
0.0366409 0.0830406 9.9973E-05 0.0893527 0.674788 0.0865635 0.0293146 9.9973E-05 9.9973E-05
0.088334 0.108437 0.00226296 0.0201228 0.764042 0.016501 9.9973E-05 9.9973E-05 9.9973E-05
0.0145707 0.0934339 0.0314025 9.9973E-05 0.822961 0.0365245 9.9973E-05 9.9973E-05 0.000807669
0.00706033 0.175729 9.9964E-05 0.104771 0.68332 9.9964E-05 0.0287196 9.9964E-05 9.9964E-05
9.9964E-05 9.9964E-05 9.9964E-05 0.131611 0.00814393 0.621528 9.9964E-05 0.0576669 0.18065
9.9982E-05 0.00404526 0.00549832 0.0745647 0.0734625 0.619672 0.132961 9.9982E-05 0.0895962
