9.9955E-05 0.061507 9.9955E-05 0.702226 9.9955E-05 9.9955E-05 9.9955E-05 0.190077 0.0456895
9.9964E-05 9.9964E-05 0.0202846 0.821545 0.01975 0.000991002 9.9964E-05 0.137029 9.9964E-05
0.0919659 0.0580308 9.9973E-05 0.724348 9.9973E-05 9.9973E-05 0.0267937 0.0665083 0.0320529
0.0127044 0.0589892 9.9973E-05 0.6309 9.9973E-05 9.9973E-05 0.0939544 0.147431 0.0557207
0.026144 9.9973E-05 9.9973E-05 0.676508 0.0225191 9.9973E-05 0.0270523 0.241917 0.00555971
9.9946E-05 9.9946E-05 9.9946E-05 9.9946E-05 0.0576197 9.9946E-05 0.0465457 0.895235 9.9946E-05
9.993E-05 9.993E-05 9.993E-05 9.993E-05 9.993E-05 9.993E-05 9.993E-05 0.999201 9.993E-05
9.9937E-05 0.0159612 9.9937E-05 9.9937E-05 9.9937E-05 9.9937E-05 9.9937E-05 0.983339 9.9937E-05
9.9982E-05 0.0157329 0.00476177 0.757764 0.0404103 0.0431243 9.9982E-05 0.0851523 0.0528549
0.037343 0.00507726 9.9964E-05 0.0307812 9.9964E-05 9.9964E-05 0.020671 0.905728 9.9964E-05
9.99369E-05 9.99369E-05 9.99369E-05 0.106991 9.99369E-05 9.99369E-05 9.99369E-05 0.892309 9.99369E-05
0.114605 9.9955E-05 0.767141 9.9955E-05 9.9955E-05 9.9955E-05 0.0486725 0.0690815 9.9955E-05
0.405123 0.0467432 0.426749 9.9973E-05 0.0560916 9.9973E-05 0.0453258 9.9973E-05 0.0196678
0.0933601 0.0220479 0.733479 9.9982E-05 0.0014054 0.049969 0.0453599 0.0541783 9.9982E-05
0.170135 0.0228557 0.600447 0.0272845 9.9964E-05 9.9964E-05 0.178878 9.9964E-05 9.9964E-05
0.333846 0.00215936 0.351116 0.0172674 0.0172752 0.00748482 0.11668 0.154071 9.9991E-05
0.483301 0.0520077 0.33776 9.9973E-05 0.0205799 9.9973E-05 0.0642499 0.0418019 9.9973E-05
0.366094 0.0478528 0.32375 9.9982E-05 0.0776736 0.057178 0.0560983 9.9982E-05 0.071153
0.235607 9.9964E-05 0.5555 0.108448 9.9964E-05 9.9964E-05 0.0485081 0.051537 9.9964E-05
9.9964E-05 0.0148226 0.824644 9.9964E-05 9.9964E-05 0.0282053 9.9964E-05 0.115772 0.0161564
0.331613 0.077389 0.455728 9.9973E-05 0.0290834 0.0531628 0.0527239 9.9973E-05 9.9973E-05
0.364785 0.073716 0.228325 0.00509825 0.0280043 0.154618 0.0608939 9.9991E-05 0.0844588
0.428867 9.9982E-05 0.235466 0.0539063 0.12875 9.9982E-05 0.0377483 0.0647642 0.050299
0.086455 0.023167 0.691646 9.9973E-05 0.0552432 9.9973E-05 0.0828095 0.060379 9.9973E-05
0.580563 0.048698 0.127367 0.00729208 9.9991E-05 0.039622 0.0578285 0.102742 0.0357879
0.416967 0.0560955 0.412263 9.9973E-05 9.9973E-05 0.0023262 0.0824893 0.0295589 9.9973E-05
9.9955E-05 0.0366242 0.858069 0.0500115 9.9955E-05 9.9955E-05 0.0547954 9.9955E-05 9.9955E-05
9.9955E-05 9.9955E-05 0.744527 9.9955E-05 0.0269723 9.9955E-05 0.157386 0.0706144 9.9955E-05
0.129008 9.9955E-05 0.703212 9.9955E-05 9.9955E-05 0.117633 9.9955E-05 0.0496469 9.9955E-05
9.993E-05 0.999201 9.993E-05 9.993E-05 9.993E-05 9.993E-05 9.993E-05 9.993E-05 9.993E-05
9.993E-05 0.999201 9.993E-05 9.993E-05 9.993E-05 9.993E-05 9.993E-05 9.993E-05 9.993E-05
0.093973 0.362052 9.9964E-05 0.501596 0.0288726 9.9964E-05 0.0131063 9.9964E-05 9.9964E-05
0.0595987 0.277235 9.9973E-05 0.377862 0.0297757 9.9973E-05 0.0974508 0.157778 9.9973E-05
0.475008 0.00363538 0.142799 0.0218759 0.27143 9.9973E-05 9.9973E-05 9.9973E-05 0.0849512
0.477929 0.0118018 0.111892 0.0836275 0.248715 9.9982E-05 0.044304 0.0215303 9.9982E-05
0.481619 9.9964E-05 9.9964E-05 0.0430809 0.423926 9.9964E-05 0.0281188 0.0228556 9.9964E-05
0.0625639 0.017438 0.675054 0.088968 0.00458709 9.9982E-05 9.9982E-05 0.0464368 0.104752
0.284879 0.046901 0.0222168 9.9982E-05 0.578527 0.037528 0.0204384 9.9982E-05 0.00931004
0.475234 9.9973E-05 0.17363 0.0794075 0.137761 9.9973E-05 0.0935447 9.9973E-05 0.0401227
0.689601 0.015286 9.9964E-05 0.00525607 0.22053 0.068927 9.9964E-05 9.9964E-05 9.9964E-05
0.622465 9.9991E-05 0.0402405 0.0273771 0.113817 0.0511906 0.00106771 0.0770129 0.0667293
0.537068 0.0552078 0.142939 0.0525283 0.0899774 0.0584113 0.00527134 0.0584969 9.9991E-05
0.0101883 0.0435359 0.206149 9.9982E-05 0.689768 0.0124353 0.000853722 0.0368695 9.9982E-05
0.529757 9.9982E-05 0.00894857 0.00655429 0.15348 0.0933288 0.0757962 0.131935 9.9982E-05
0.437413 9.9964E-05 9.9964E-05 0.045943 0.35584 9.9964E-05 0.110829 0.0495757 9.9964E-05
0.584821 0.0460187 9.9973E-05 0.114402 0.170525 0.0456287 9.9973E-05 0.0383048 9.9973E-05
0.281088 9.9964E-05 9.9964E-05 9.9964E-05 0.680098 0.0152296 9.9964E-05 0.0127429 0.0104414
0.618019 9.9964E-05 9.9964E-05 0.0605641 0.26432 9.9964E-05 0.00799896 0.0486985 9.9964E-05
0.521656 0.0702558 9.9982E-05 0.130082 0.217305 0.0232755 0.0329362 9.9982E-05 0.00428992
9.9946E-05 9.9946E-05 9.9946E-05 0.0742721 0.656176 0.268952 9.9946E-05 9.9946E-05 9.9946E-05
0.11998 9.9964E-05 0.428456 9.9964E-05 0.12969 0.13987 9.9964E-05 9.9964E-05 0.181605
0.00846319 9.9973E-05 0.395878 9.9973E-05 0.13221 0.332062 0.0226912 0.108395 9.9973E-05
0.417672 9.9973E-05 0.270363 0.0258954 0.113711 9.9973E-05 0.0905805 9.9973E-05 0.0814782
0.556814 0.018104 0.160604 0.0593896 9.9991E-05 0.0313749 0.092621 0.0672751 0.013717
0.599445 0.01952 0.0265463 0.101388 0.0719425 0.118414 0.0168769 9.9991E-05 0.0457667
0.0586089 9.9982E-05 0.419352 0.139246 0.16578 0.107373 9.9982E-05 0.0110448 0.0983963
0.480302 0.050689 0.213128 9.9973E-05 0.0773947 0.0262919 9.9973E-05 9.9973E-05 0.151894
0.45946 9.9991E-05 0.174783 0.0430309 0.0932221 0.0525648 0.115456 0.0436348 0.0177487
0.321756 0.0550055 0.189173 0.0517318 0.190058 0.0548913 0.00954379 0.0809806 0.0468604
0.042154 0.03398 0.450494 0.132712 0.00605081 0.206357 0.010188 0.117964 9.9991E-05
0.482779 0.0846934 0.124291 0.0628894 0.117639 0.0668229 9.9982E-05 9.9982E-05 0.0606858
0.37258 0.00701659 0.421026 0.0170415 9.9991E-05 0.154612 0.0120361 0.0153555 0.000231659
9.9973E-05 0.0415387 0.612845 9.9973E-05 0.0693967 0.117895 9.9973E-05 0.0606455 0.0973792
0.443725 0.0210944 0.429175 9.9973E-05 9.9973E-05 0.0727522 0.0155638 9.9973E-05 0.0173904
0.601851 0.00480946 0.14429 9.9982E-05 0.0433105 0.0422429 0.102129 9.9982E-05 0.0611669
0.462112 0.0693228 0.228507 9.9973E-05 9.9973E-05 0.0932447 0.0466673 9.9973E-05 0.099846
0.26215 0.00854556 0.407323 0.0826778 0.082465 0.151241 9.9982E-05 0.00539763 9.9982E-05
0.460297 0.0583778 0.307161 9.9973E-05 0.0269004 0.108902 0.0380625 9.9973E-05 9.9973E-05
0.523119 0.04989 0.154164 9.9982E-05 0.00155348 9.9982E-05 0.0593599 0.106042 0.105672
0.0698526 0.0507699 0.480197 9.9973E-05 0.0721672 0.222608 9.9973E-05 9.9973E-05 0.104105
0.511771 9.9946E-05 0.0658305 9.9946E-05 0.421799 9.9946E-05 9.9946E-05 9.9946E-05 9.9946E-05
0.148581 0.0336367 0.147995 9.9964E-05 0.66802 9.9964E-05 9.9964E-05 0.00136735 9.9964E-05
0.462097 9.9982E-05 0.0634289 0.0349678 0.283739 9.9982E-05 0.0549293 0.0550538 0.0455843
9.9937E-05 9.9937E-05 9.9937E-05 9.9937E-05 0.819007 0.180294 9.9937E-05 9.9937E-05 9.9937E-05
9.9946E-05 9.9946E-05 0.0713949 9.9946E-05 0.730912 0.197094 9.9946E-05 9.9946E-05 9.9946E-05
0.229582 9.9964E-05 0.0202787 9.9964E-05 0.731375 0.0174011 9.9964E-05 0.000962688 9.9964E-05
0.321177 0.0628438 0.109234 9.9964E-05 0.489131 9.9964E-05 0.0172143 9.9964E-05 9.9964E-05
0.528665 0.0659766 0.056547 0.0663541 0.166493 0.017402 0.0479225 9.9991E-05 0.0505396
0.275352 9.9964E-05 0.107119 9.9964E-05 0.532578 9.9964E-05 0.0435648 0.0409858 9.9964E-05
0.0611424 0.00444018 0.135935 0.017747 0.685019 9.9982E-05 0.030042 9.9982E-05 0.0654737
0.138179 0.00831334 0.0543166 9.9982E-05 0.504059 9.9982E-05 0.0514734 0.0216266 0.221832
0.410579 0.0534369 0.000499365 0.0608635 0.258329 9.9982E-05 0.118253 9.9982E-05 0.0978386
0.161485 9.9964E-05 0.185362 9.9964E-05 0.536325 9.9964E-05 0.0544378 0.0619904 9.9964E-05
0.316239 0.0538934 0.00730126 9.9982E-05 0.548426 9.9982E-05 0.00363769 0.0333472 0.0369554
0.356965 0.00382721 9.9955E-05 9.9955E-05 0.630095 0.00861254 9.9955E-05 9.9955E-05 9.9955E-05
9.9946E-05 9.9946E-05 9.9946E-05 9.9946E-05 0.66314 0.307379 0.0288817 9.9946E-05 9.9946E-05
0.550176 9.9982E-05 0.0401399 0.0279313 0.233586 0.0105471 0.0598238 9.9982E-05 0.0775965
0.0300433 0.0346693 0.0915915 0.713989 9.9982E-05 9.9982E-05 0.0359901 0.0750612 0.0184559
0.0625408 0.0975574 9.9955E-05 0.770092 9.9955E-05 9.9955E-05 9.9955E-05 0.0693099 9.9955E-05
0.0955889 0.122418 9.9964E-05 0.743671 9.9964E-05 9.9964E-05 0.0238453 9.9964E-05 0.0140771
0.0524971 0.123104 9.9964E-05 0.809345 9.9964E-05 9.9964E-05 0.00995794 0.00469584 9.9964E-05
0.0862879 0.0852775 9.9973E-05 0.757183 0.0173665 9.9973E-05 0.0144781 0.0391068 9.9973E-05
0.0766603 0.0814797 9.9964E-05 0.789309 9.9964E-05 0.0142584 9.9964E-05 0.0378927 9.9964E-05
0.0488407 0.0373856 9.9964E-05 0.805231 9.9964E-05 9.9964E-05 0.0175776 0.0905648 9.9964E-05
0.42796 0.0863161 0.0126379 0.0781425 0.245242 0.021107 0.0583059 0.0316639 0.0386246
0.48513 0.00753934 0.0607397 0.167361 0.232378 0.00587916 0.0407733 9.9982E-05 9.9982E-05
9.9955E-05 9.9955E-05 0.120695 0.0628851 0.803709 0.0122112 9.9955E-05 9.9955E-05 9.9955E-05
0.480907 0.00536606 0.016557 0.159642 0.202151 9.9982E-05 0.109547 9.9982E-05 0.0256309
0.380934 0.0625595 0.100356 9.9964E-05 0.431904 9.9964E-05 9.9964E-05 0.0238466 9.9964E-05
0.516618 0.0227216 9.9973E-05 0.00432852 0.33671 9.9973E-05 0.0748632 0.0444593 9.9973E-05
0.5472 9.9973E-05 0.0227761 9.9973E-05 0.263233 0.123495 0.0275222 0.0154735 9.9973E-05
0.360833 0.0259522 9.9964E-05 9.9964E-05 0.500433 9.9964E-05 0.0869004 0.0254807 9.9964E-05
9.9964E-05 9.9964E-05 0.183988 0.0362136 0.673403 9.9964E-05 9.9964E-05 0.0441172 0.0618782
0.470815 9.9982E-05 9.9982E-05 0.0689421 0.131581 0.133417 0.0237971 0.110435 0.060814
0.704243 9.9973E-05 9.9973E-05 0.0172583 0.171544 0.0933423 0.0084557 9.9973E-05 0.00485702
0.558632 0.0383461 9.9982E-05 0.078823 0.143236 0.0318328 0.0427266 9.9982E-05 0.106203
0.21802 0.0561815 9.9955E-05 9.9955E-05 0.489338 0.23596 9.9955E-05 9.9955E-05 9.9955E-05
0.52025 9.9955E-05 9.9955E-05 9.9955E-05 0.368178 0.0997064 9.9955E-05 0.0113654 9.9955E-05
0.352662 0.0105155 0.130096 9.9973E-05 0.452041 9.9973E-05 0.0285256 0.0258591 9.9973E-05
0.192103 9.9946E-05 9.9946E-05 9.9946E-05 0.671135 9.9946E-05 0.136162 9.9946E-05 9.9946E-05
0.376088 0.0150723 0.00584319 0.0758717 0.443732 0.00629313 9.9991E-05 0.0336928 0.0433064
0.54539 0.0945963 0.147711 0.0719234 0.0600947 0.0799841 9.9973E-05 9.9973E-05 9.9973E-05
0.180336 0.0158484 0.561441 0.0194355 0.00161421 0.151926 0.0145866 0.0380312 0.0167812
0.311538 0.0133658 0.344859 0.0597251 9.9991E-05 0.0558564 0.0096536 0.0871403 0.117762
0.484405 0.0132626 0.159595 0.099871 0.0994504 9.9982E-05 0.0715669 9.9982E-05 0.0716491
0.552739 0.00599316 0.0461362 0.129155 0.044726 0.169104 0.0241581 9.9991E-05 0.027888
0.430005 0.0207065 0.445769 9.9964E-05 0.0128944 9.9964E-05 9.9964E-05 0.0902246 9.9964E-05
0.484098 9.9982E-05 0.323716 0.0142586 0.0455169 9.9982E-05 0.0141224 0.0548126 0.0632754
0.439142 0.00257117 0.377893 0.0303109 9.9964E-05 9.9964E-05 9.9964E-05 9.9964E-05 0.149683
0.543649 0.00421268 0.0961486 0.0342477 9.9973E-05 0.15939 9.9973E-05 9.9973E-05 0.162052
0.569708 9.9964E-05 0.19181 0.024315 9.9964E-05 0.0766671 9.9964E-05 9.9964E-05 0.1371
0.523233 9.9964E-05 0.331301 0.0566683 9.9964E-05 0.0755231 9.9964E-05 9.9964E-05 0.0128752
0.442925 9.9955E-05 0.400521 9.9955E-05 0.0177684 9.9955E-05 9.9955E-05 9.9955E-05 0.138286
0.66609 0.0333133 0.0205275 0.011743 0.00346462 0.0868547 0.0363616 0.0191581 0.122487
0.497584 9.9982E-05 0.0794426 0.109611 9.9982E-05 0.116801 0.0703908 0.0684293 0.0575411
0.611891 9.9955E-05 0.310191 0.0411755 9.9955E-05 9.9955E-05 9.9955E-05 9.9955E-05 0.0362427
0.454977 0.0708357 0.0916634 0.0127454 9.9982E-05 0.192644 0.0874118 9.9982E-05 0.0895229
0.510558 0.0330674 0.270401 9.9973E-05 9.9973E-05 0.0376025 0.100469 9.9973E-05 0.0476023
0.293131 0.103352 0.339714 0.0373957 9.9982E-05 0.210882 0.0118145 9.9982E-05 0.0035119
0.684903 9.9973E-05 0.152172 0.0681167 9.9973E-05 0.0429589 9.9973E-05 0.00513326 0.0464164
0.613387 9.9964E-05 0.180219 9.9964E-05 9.9964E-05 0.0497306 0.0690862 9.9964E-05 0.0871764
0.094365 9.9982E-05 0.464377 9.9982E-05 0.166501 0.0543922 0.0804528 0.0151875 0.124525
0.121146 0.0334249 0.44664 0.000148205 0.0373608 0.321572 0.00341605 9.9991E-05 0.0361914
0.456261 0.00104147 0.265214 0.064132 0.0426152 0.0372185 0.0648385 0.00398675 0.0646917
0.0566388 9.9973E-05 0.268631 9.9973E-05 0.120153 0.364065 0.0483488 9.9973E-05 0.141864
0.173599 9.9973E-05 0.598396 0.0625213 0.114093 9.9973E-05 9.9973E-05 0.00650341 0.0445867
0.353452 9.9982E-05 0.353652 0.0208495 0.133247 0.0182331 9.9982E-05 0.0315053 0.0888619
0.229018 0.0284369 0.390996 0.0197085 0.167417 0.018337 9.9982E-05 9.9982E-05 0.145886
0.232726 9.9973E-05 0.495648 0.0377482 0.0515998 0.0109141 9.9973E-05 9.9973E-05 0.171065
0.534556 0.0516614 0.296687 0.0252944 0.0572372 0.0133674 0.0184054 9.9991E-05 0.00269073
0.554082 0.00618217 0.187085 0.102499 0.102138 9.9982E-05 0.0331778 9.9982E-05 0.0146356
0.505942 0.0711557 0.300022 0.00186282 9.9973E-05 0.119188 9.9973E-05 9.9973E-05 0.00152886
0.0418667 9.9982E-05 0.520712 9.9982E-05 0.0506858 0.192574 0.0672684 0.00556437 0.121129
0.392335 0.0396198 0.0753131 0.121478 0.173837 0.0496607 0.0871812 0.0456131 0.0149616
0.595106 9.9973E-05 0.0646808 0.0153294 0.0842026 0.223027 0.0173539 9.9973E-05 9.9973E-05
0.0247754 0.0241837 0.0724491 0.0615458 0.109779 0.49583 9.9991E-05 0.086952 0.124385
0.669065 0.0390197 9.9964E-05 0.0988525 0.0074354 0.185228 9.9964E-05 9.9964E-05 9.9964E-05
0.359395 9.9982E-05 0.007988 0.0577489 0.132135 0.393727 0.0373784 9.9982E-05 0.011428
0.508268 9.9973E-05 0.215545 0.0880808 0.0355776 0.139583 9.9973E-05 0.0126464 9.9973E-05
0.243503 0.0746232 9.9982E-05 0.0564601 0.162164 0.387009 9.9982E-05 0.0144727 0.0615679
0.259661 0.00192145 0.0453356 9.9982E-05 0.0162388 0.442905 9.9982E-05 0.108594 0.125144
0.432675 0.0395362 0.0351514 0.0129824 0.0870309 0.202259 0.00162575 0.010435 0.178304
0.454067 0.0432201 0.178259 0.0959141 9.9991E-05 0.081779 0.0631446 0.0145643 0.0689516
0.376341 9.9982E-05 0.171786 0.186612 0.0509112 0.158342 0.0331688 0.022639 9.9982E-05
9.9991E-05 0.000525456 0.144631 0.0421171 0.189989 0.425229 0.175571 0.000998307 0.0208394
0.575225 9.9964E-05 0.125912 9.9964E-05 9.9964E-05 0.179817 0.0260339 0.092612 9.9964E-05
0.323248 9.9955E-05 0.235851 9.9955E-05 0.124676 0.315726 9.9955E-05 9.9955E-05 9.9955E-05
0.40582 9.9973E-05 0.266262 9.9973E-05 0.104737 0.190569 9.9973E-05 0.0140022 0.0183091
0.502594 9.9991E-05 0.0722111 0.0116745 0.08336 0.0552325 0.112475 0.0503476 0.112005
0.0694314 0.0516584 0.0834425 0.154279 9.9982E-05 0.188656 0.273778 0.178555 9.9982E-05
9.9964E-05 0.0117157 9.9964E-05 0.391046 9.9964E-05 0.329467 0.110523 0.156848 9.9964E-05
9.9964E-05 0.0165311 9.9964E-05 0.3928 9.9964E-05 0.429605 0.133048 0.0276157 9.9964E-05
9.9982E-05 0.00253505 0.0549944 0.314934 9.9982E-05 0.178901 0.321847 0.102889 0.0237
0.578425 0.00811045 0.0716295 9.9973E-05 0.106504 0.228328 9.9973E-05 9.9973E-05 0.00670223
0.570377 0.0456803 0.0711757 0.0530952 0.108742 0.0463425 0.0295247 9.9991E-05 0.0749623
0.1944 9.9946E-05 0.049393 9.9946E-05 9.9946E-05 9.9946E-05 0.755607 9.9946E-05 9.9946E-05
0.300268 0.00608097 0.205203 9.9964E-05 0.0151044 9.9964E-05 0.472943 9.9964E-05 9.9964E-05
0.315743 9.9982E-05 0.164533 0.0916505 9.9982E-05 0.0492522 0.352415 0.0135873 0.0126185
0.313914 9.9955E-05 9.9955E-05 9.9955E-05 0.0873597 0.520573 9.9955E-05 0.0776533 9.9955E-05
0.552302 0.0505005 0.0657537 9.9973E-05 0.0754856 0.186985 0.0686739 9.9973E-05 9.9973E-05
0.219623 9.9964E-05 0.045233 9.9964E-05 0.100646 0.625164 9.9964E-05 0.00893474 9.9964E-05
0.583064 0.00297666 0.0752999 0.00892059 0.0481986 0.184237 9.9991E-05 0.0288172 0.0683859
0.481276 9.9964E-05 0.138455 9.9964E-05 0.0889729 0.216502 9.9964E-05 0.0743935 9.9964E-05
0.587726 9.9973E-05 9.9973E-05 0.0302695 0.0120094 0.275477 0.0484395 0.0457785 9.9973E-05
0.237285 9.9964E-05 0.114772 9.9964E-05 0.084518 0.513001 9.9964E-05 0.050024 9.9964E-05
0.608464 0.00593415 0.111797 0.0261741 0.0363464 0.157048 0.0522082 9.9991E-05 0.00192798
0.583406 0.016494 0.0191965 0.051626 0.0121862 0.19863 9.9982E-05 0.118261 9.9982E-05
0.0339745 9.9964E-05 9.9964E-05 9.9964E-05 0.00844787 0.00901858 0.94629 9.9964E-05 0.00186904
0.0530997 9.9955E-05 9.9955E-05 9.9955E-05 0.00391481 9.9955E-05 0.929303 9.9955E-05 0.0131829
0.273799 9.9964E-05 0.0343169 0.030447 0.0984026 9.9964E-05 0.562635 9.9964E-05 9.9964E-05
0.305565 0.0469715 9.9955E-05 9.9955E-05 9.9955E-05 9.9955E-05 0.612419 9.9955E-05 0.0345453
0.144778 9.9955E-05 9.9955E-05 9.9955E-05 0.0274419 9.9955E-05 0.749489 0.0777913 9.9955E-05
9.9937E-05 0.0112305 9.9937E-05 9.9937E-05 9.9937E-05 9.9937E-05 0.98807 9.9937E-05 9.9937E-05
9.9937E-05 9.9937E-05 9.9937E-05 9.9937E-05 9.9937E-05 9.9937E-05 0.937532 9.9937E-05 0.0617682
0.10821 9.9937E-05 9.9937E-05 9.9937E-05 9.9937E-05 9.9937E-05 0.89109 9.9937E-05 9.9937E-05
9.9937E-05 9.9937E-05 0.0331017 9.9937E-05 9.9937E-05 9.9937E-05 0.966199 9.9937E-05 9.9937E-05
9.9937E-05 0.0145433 9.9937E-05 9.9937E-05 9.9937E-05 9.9937E-05 0.984757 9.9937E-05 9.9937E-05
9.9937E-05 0.00999687 9.9937E-05 9.9937E-05 9.9937E-05 9.9937E-05 0.989304 9.9937E-05 9.9937E-05
0.14475 0.050261 0.0676556 9.9955E-05 9.9955E-05 9.9955E-05 0.736833 9.9955E-05 9.9955E-05
0.157878 0.00172111 9.9964E-05 0.0384154 9.9964E-05 9.9964E-05 0.752752 9.9964E-05 0.0488334
9.9946E-05 9.9946E-05 0.00673084 9.9946E-05 0.0250465 9.9946E-05 0.967623 9.9946E-05 9.9946E-05
0.313267 0.0412145 0.0658072 9.9982E-05 0.0801058 0.0273422 0.438822 9.9982E-05 0.0332415
0.190617 0.0388334 9.9982E-05 0.0428444 0.016468 0.00217832 0.625477 9.9982E-05 0.0833814
0.161352 0.0102194 9.9982E-05 0.000614723 0.0193074 9.9982E-05 0.772013 0.00544595 0.030847
0.0471495 9.9946E-05 0.0629948 9.9946E-05 9.9946E-05 9.9946E-05 0.889256 9.9946E-05 9.9946E-05
9.9955E-05 9.9955E-05 9.9955E-05 0.0109214 0.0246753 9.9955E-05 0.959986 9.9955E-05 0.00391799
0.0104861 9.9964E-05 9.9964E-05 0.036237 9.9964E-05 9.9964E-05 0.90608 0.0442166 0.00258014
9.9946E-05 0.0354564 9.9946E-05 9.9946E-05 9.9946E-05 9.9946E-05 0.954361 0.00958275 9.9946E-05
0.308195 9.9955E-05 9.9955E-05 0.0682149 9.9955E-05 9.9955E-05 0.581562 0.0415283 9.9955E-05
9.9964E-05 9.9964E-05 9.9964E-05 0.0341398 0.0319113 9.9964E-05 0.89745 0.0103529 0.0257467
9.9964E-05 9.9964E-05 9.9964E-05 0.27454 0.00797343 0.548089 0.0510717 0.117926 9.9964E-05
0.420905 0.0316661 0.0914043 0.127419 0.0345117 0.0980052 0.0381182 0.0590253 0.0989458
0.4489 0.0314201 9.9982E-05 0.132026 9.9982E-05 0.192582 0.0128736 0.093857 0.0881409
0.198485 0.0849606 0.0265852 0.0675998 0.0081984 0.402141 0.105591 0.10634 9.99936E-05
0.523454 0.0168624 0.0269447 0.101313 9.9991E-05 0.179777 0.0379594 0.106167 0.00742248
0.114617 0.0812122 0.0458713 0.0685967 0.077619 0.357428 0.122387 0.13217 9.9991E-05
0.501845 9.9991E-05 0.0155011 0.132827 0.0808906 0.0847673 0.0418487 0.135044 0.00717642
0.26287 9.9973E-05 9.9973E-05 0.024346 0.0943187 0.248567 0.186127 0.183472 9.9973E-05
0.467553 0.042045 9.9964E-05 9.9964E-05 9.9964E-05 0.155375 0.112866 0.221761 9.9964E-05
0.343484 0.0482333 9.9964E-05 9.9964E-05 9.9964E-05 0.222025 0.221185 0.164673 9.9964E-05
0.366743 0.0555137 0.100331 0.107139 0.0430158 0.0813201 0.132947 0.107942 0.00504843
0.0181457 9.9973E-05 9.9973E-05 0.790924 0.000441526 0.0480955 9.9973E-05 0.0440624 0.0980305
9.9955E-05 0.0657071 9.9955E-05 0.825729 9.9955E-05 9.9955E-05 0.0593426 0.0487211 9.9955E-05
0.00639149 0.0245393 0.0233183 0.896656 0.00190653 9.9973E-05 9.9973E-05 9.9973E-05 0.0468887
0.0220441 0.0368309 9.9955E-05 0.885396 9.9955E-05 9.9955E-05 9.9955E-05 9.9955E-05 0.0552293
0.00981877 0.11968 0.0449864 0.721382 9.9982E-05 9.9982E-05 0.000328415 0.0769639 0.0266407
9.9973E-05 0.0734828 0.0222305 0.788417 9.9973E-05 0.0161437 0.0979621 0.00146406 9.9973E-05
0.0155569 0.0621169 9.9964E-05 0.749358 9.9964E-05 9.9964E-05 0.0813556 0.0912124 9.9964E-05
9.9964E-05 0.0358856 9.9964E-05 0.773858 0.0112608 0.0327253 9.9964E-05 0.145871 9.9964E-05
9.9973E-05 0.0421022 0.015747 0.812589 0.0197425 9.9973E-05 0.0292244 0.080295 9.9973E-05
9.9964E-05 0.0226827 0.0109293 0.855122 9.9964E-05 0.0195598 0.0913066 9.9964E-05 9.9964E-05
9.9973E-05 0.0332063 0.186615 0.577779 0.089658 0.035446 9.9973E-05 9.9973E-05 0.0769957
9.9964E-05 0.0333303 0.171294 0.567686 0.0322925 9.9964E-05 9.9964E-05 9.9964E-05 0.194997
9.9973E-05 0.0560162 0.102449 0.498737 0.0756586 0.131532 9.9973E-05 9.9973E-05 0.135307
9.9973E-05 9.9973E-05 0.321517 0.469856 0.00780266 0.0739335 9.9973E-05 0.0651682 0.0614226
0.546233 0.0545805 0.0309407 9.9991E-05 0.209071 0.00819105 0.0234677 0.0350753 0.0923399
0.44373 9.9973E-05 0.0740824 9.9973E-05 0.346731 9.9973E-05 0.0452472 0.0168377 0.0730712
0.514485 9.9973E-05 0.128609 0.047203 0.21055 9.9973E-05 0.0215359 9.9973E-05 0.0773173
0.31771 0.0218604 0.292898 0.0294508 0.213933 0.0217866 9.9991E-05 0.0201583 0.0821032
0.0635183 9.9973E-05 0.590082 9.9973E-05 0.0512173 0.0224525 9.9973E-05 0.0338362 0.238594
0.679081 9.9973E-05 0.0269425 0.0933792 0.144312 0.00700659 9.9973E-05 9.9973E-05 0.0489791
0.498313 0.0575812 0.0648569 9.9964E-05 0.354697 9.9964E-05 0.0241523 9.9964E-05 9.9964E-05
0.513459 9.9973E-05 0.0147609 9.9973E-05 0.287177 0.0141864 9.9973E-05 0.0745571 0.0955595
0.276043 9.9964E-05 9.9964E-05 9.9964E-05 0.584888 0.0751008 0.0471653 9.9964E-05 0.0164028
0.559123 9.9973E-05 9.9973E-05 9.9973E-05 0.187751 0.13344 0.0341468 0.0279795 0.0572603
0.339448 0.0492603 0.113219 9.9973E-05 0.421712 9.9973E-05 9.9973E-05 0.0182124 0.0578479
9.9955E-05 0.0104806 9.9955E-05 9.9955E-05 0.734118 0.217774 9.9955E-05 9.9955E-05 0.0371273
0.472712 0.030168 0.220632 0.0198206 0.101457 0.097863 9.9982E-05 9.9982E-05 0.0571471
0.133211 0.00484033 0.0306217 9.9982E-05 0.481738 0.290445 0.049327 9.9982E-05 0.00961731
0.459703 0.0271206 9.99576E-05 9.99576E-05 0.414475 0.0982019 9.99576E-05 9.99576E-05 9.99576E-05
0.0910587 9.9973E-05 0.200202 0.00679192 0.568007 0.0766142 9.9973E-05 9.9973E-05 0.0570262
0.016435 0.0332312 9.9982E-05 0.0138178 9.9982E-05 0.125527 0.0295076 0.0336729 0.747608
0.033671 9.9973E-05 9.9973E-05 0.0268628 9.9973E-05 0.0864795 0.0277382 0.0407264 0.784222
9.9964E-05 0.00494564 9.9964E-05 9.9964E-05 0.0167298 0.0289035 9.9964E-05 0.0619568 0.887064
9.9964E-05 9.9964E-05 9.9964E-05 0.0937479 0.0566326 0.0269058 9.9964E-05 0.0114133 0.810901
0.054875 9.9964E-05 0.0788818 9.9964E-05 9.9964E-05 0.0832665 0.00438957 9.9964E-05 0.778187
0.0376308 9.9964E-05 9.9964E-05 0.00980077 9.9964E-05 0.0352273 0.0691938 9.9964E-05 0.847747
0.0720375 0.0376827 9.9964E-05 0.835778 9.9964E-05 9.9964E-05 0.0474856 0.00661588 9.9964E-05
0.025252 0.0395199 0.0357378 0.700888 9.9982E-05 9.9982E-05 0.0754847 0.0774369 0.0454803
0.149139 0.0560432 9.9955E-05 0.750549 9.9955E-05 9.9955E-05 0.0437694 9.9955E-05 9.9955E-05
0.0280148 0.011773 0.0886702 0.72398 9.9973E-05 9.9973E-05 0.113521 9.9973E-05 0.0337408
0.0765705 0.021965 0.00586199 0.684885 9.9982E-05 9.9982E-05 0.0497835 0.148208 0.0125266
9.9964E-05 9.9964E-05 0.107243 0.360614 9.9964E-05 0.0454708 9.9964E-05 0.0428503 0.443422
9.9982E-05 0.0150023 0.0156964 0.2818 0.0597641 0.0667748 9.9982E-05 0.223846 0.336917
9.9982E-05 0.000698162 0.0206889 0.360792 0.121618 0.0259248 9.9982E-05 0.047256 0.422821
9.993E-05 0.999201 9.993E-05 9.993E-05 9.993E-05 9.993E-05 9.993E-05 9.993E-05 9.993E-05
9.9973E-05 0.0269661 9.9973E-05 0.323269 0.0841617 0.0467651 9.9973E-05 0.029853 0.488685
0.192345 9.9964E-05 9.9964E-05 0.175764 9.9964E-05 0.201763 0.406335 9.9964E-05 0.0233933
0.504368 0.0421457 0.025505 0.101142 9.9982E-05 9.9982E-05 0.203853 0.0600517 0.0627345
0.542143 0.0128777 0.00526489 0.199644 9.9964E-05 9.9964E-05 0.23967 9.9964E-05 9.9964E-05
0.28624 0.0328672 9.9991E-05 0.192514 0.0932656 0.0977935 0.256124 0.0327926 0.00830368
0.477046 0.0408933 0.0468303 0.117685 0.0707739 0.0381497 0.134283 0.0313447 0.0429948
9.9955E-05 9.9955E-05 9.9955E-05 0.415364 9.9955E-05 0.240608 0.302059 0.0414684 9.9955E-05
0.312315 9.9982E-05 0.353352 0.00935046 0.0777855 0.101995 9.9982E-05 0.0182735 0.126729
0.298185 0.0115943 0.280833 0.00861995 0.0684563 0.263564 9.9982E-05 9.9982E-05 0.0685479
0.122029 0.054988 0.632511 0.0599078 9.9973E-05 9.9973E-05 9.9973E-05 0.0678369 0.0624277
0.500078 9.9964E-05 0.21798 9.9964E-05 0.0856093 0.146063 9.9964E-05 9.9964E-05 0.0498698
9.9955E-05 9.9955E-05 0.215494 9.9955E-05 0.0887686 0.631059 9.9955E-05 9.9955E-05 0.0641789
0.49284 0.077556 0.261854 0.0547083 0.00553814 9.9982E-05 0.0437387 0.0635653 9.9982E-05
0.533383 0.0435575 0.173753 9.9973E-05 0.101468 0.134946 9.9973E-05 9.9973E-05 0.0125923
0.250329 0.0477434 0.512918 0.00597341 9.9982E-05 0.0543846 9.9982E-05 0.0637629 0.0646895
0.515831 9.9982E-05 0.176015 9.9982E-05 0.0870895 0.0081865 0.0118756 0.10502 0.0957826
0.00491606 9.9955E-05 0.60409 9.9955E-05 0.0645311 0.325963 9.9955E-05 9.9955E-05 9.9955E-05
0.515393 0.00228787 0.220962 0.0299477 9.9973E-05 0.139852 9.9973E-05 9.9973E-05 0.0912588
0.398066 9.9982E-05 0.307504 9.9982E-05 0.104715 0.00049157 0.0899622 0.0189335 0.080128
0.314679 9.9991E-05 0.0736565 0.0929763 0.144442 0.0448057 0.218194 0.0806627 0.0304839
0.360105 9.9964E-05 0.389664 9.9964E-05 0.0034016 0.219047 9.9964E-05 9.9964E-05 0.0273827
0.440277 9.9973E-05 0.241535 9.9973E-05 0.00157541 0.177412 0.0290319 9.9973E-05 0.109869
0.483496 9.9973E-05 0.122505 9.9973E-05 0.124384 0.186683 0.0658927 9.9973E-05 0.0167398
0.498075 9.9982E-05 0.228917 0.0120335 0.0691065 0.0827894 9.9982E-05 0.0421799 0.0666989
0.627774 0.026446 0.0574471 0.00334133 0.0169812 0.037431 0.0741253 0.0290833 0.127371
0.489403 0.0235074 0.197337 0.098547 0.164921 9.9991E-05 0.00706656 0.0082446 0.0108736
0.510757 9.9973E-05 0.24399 0.0726617 0.034987 9.9973E-05 0.105179 9.9973E-05 0.0321256
0.0985288 9.9964E-05 9.9964E-05 0.779461 0.0309784 9.9964E-05 0.084381 9.9964E-05 0.00625066
0.0422315 0.00919542 9.9964E-05 0.830467 0.0557504 9.9964E-05 0.0619556 9.9964E-05 9.9964E-05
0.0413737 9.9973E-05 9.9973E-05 0.819403 0.077363 0.00355059 0.0124219 9.9973E-05 0.0455882
0.000862127 9.9973E-05 9.9973E-05 0.816555 0.116774 9.9973E-05 0.0216484 0.0125748 0.0312858
0.0957849 0.0730447 9.9964E-05 0.812022 9.9964E-05 9.9964E-05 0.0172945 0.00145373 9.9964E-05
0.0293897 9.9973E-05 0.691202 0.0304539 9.9973E-05 0.0242543 0.0733496 9.9973E-05 0.15105
0.411152 0.00456028 0.191812 0.0172149 0.0573018 0.136897 0.0395119 9.9991E-05 0.14145
0.303209 0.0542789 0.104951 0.126551 0.0126571 0.125396 0.197589 0.0752678 9.9991E-05
0.639503 0.0480807 0.217089 9.9982E-05 0.0312598 0.0288134 0.028553 9.9982E-05 0.00650096
0.431402 0.0168431 0.322226 0.162063 0.0566924 9.9973E-05 9.9973E-05 9.9973E-05 0.0104735
0.312232 0.0490835 0.239528 9.9973E-05 9.9973E-05 0.193657 0.0128131 9.9973E-05 0.192387
9.9973E-05 0.0321208 0.609015 0.125645 0.00411231 0.088242 9.9973E-05 9.9973E-05 0.140565
0.458775 0.00682836 0.146165 0.0135017 0.0252332 0.0594333 0.0293848 9.9991E-05 0.260579
0.0932611 0.0425403 0.436605 0.0291726 0.0245665 0.0814265 9.9991E-05 0.0326517 0.259676
0.47985 9.9973E-05 0.0704446 0.109009 0.114606 0.170864 9.9973E-05 9.9973E-05 0.0549264
0.015412 0.0134857 0.619865 0.141435 0.0066436 0.0800388 0.00409071 9.9991E-05 0.118929
0.473694 0.028604 0.122743 0.0684304 0.0772061 9.9982E-05 0.105768 9.9982E-05 0.123355
0.0492977 0.0222232 0.696483 0.0634392 9.9982E-05 0.0594723 9.9982E-05 0.0493164 0.0595678
0.240267 0.0138075 0.38764 0.0626753 9.9982E-05 0.138992 0.0538683 9.9982E-05 0.102551
0.575984 0.00559406 0.0431872 9.9982E-05 0.00345006 0.203726 9.9982E-05 0.106405 0.0614528
0.371798 9.9964E-05 0.00251012 0.0523417 9.9964E-05 0.435277 9.9964E-05 9.9964E-05 0.137673
0.51637 9.9973E-05 9.9973E-05 0.0767167 0.00705026 0.256684 9.9973E-05 0.101142 0.0417368
0.558329 0.0549344 0.0198401 0.109061 9.9973E-05 0.232077 0.0254578 9.9973E-05 9.9973E-05
0.390318 9.9964E-05 0.0344334 9.9964E-05 9.9964E-05 0.424611 9.9964E-05 0.0316789 0.118559
0.349946 0.0340259 0.102259 0.0172607 0.0893611 0.20398 0.101556 0.0373954 0.0642158
0.566031 0.0174919 9.9964E-05 9.9964E-05 0.0880984 0.23413 9.9964E-05 9.9964E-05 0.0938489
0.125988 9.9964E-05 9.9964E-05 9.9964E-05 0.130277 0.579196 9.9964E-05 0.0485851 0.115554
0.251673 0.00165497 9.9955E-05 9.9955E-05 0.10748 0.638693 9.9955E-05 9.9955E-05 9.9955E-05
0.508756 0.0142336 9.9964E-05 9.9964E-05 9.9964E-05 0.316295 9.9964E-05 0.0290652 0.13125
0.207231 9.9964E-05 9.9964E-05 9.9964E-05 0.173982 0.441419 9.9964E-05 0.0519595 0.125008
0.548117 9.9964E-05 0.0657761 9.9964E-05 0.0229915 0.299807 9.9964E-05 9.9964E-05 0.0629085
0.0391435 9.9973E-05 0.752447 0.0302195 0.0366678 0.0202839 9.9973E-05 9.9973E-05 0.120938
0.230863 9.9964E-05 0.361639 9.9964E-05 0.0290182 0.260053 9.9964E-05 9.9964E-05 0.118027
0.257017 0.057924 0.522117 0.00734406 0.00175356 9.9982E-05 0.0540952 9.9982E-05 0.0995495
0.632994 0.0227959 0.163863 0.0721939 0.0347011 9.9973E-05 9.9973E-05 9.9973E-05 0.0731517
0.0889048 0.024555 0.523865 9.9973E-05 0.13588 9.9973E-05 0.0138601 9.9973E-05 0.212635
0.510329 9.9982E-05 0.11337 0.0975114 0.0186062 0.128077 0.0960351 9.9982E-05 0.035872
0.563165 9.9973E-05 0.0779846 0.00950122 0.143162 9.9973E-05 0.0434562 9.9973E-05 0.162431
0.432575 9.9973E-05 0.392424 0.0351679 9.9973E-05 0.0383987 0.0354753 9.9973E-05 0.0656585
0.37601 0.0291415 0.362157 9.9982E-05 0.0267303 9.9982E-05 0.0974149 0.0559509 0.0523953
0.337148 0.00597549 0.264991 0.0305652 0.168129 9.9991E-05 0.0418611 0.0495374 0.101693
0.0996578 9.9964E-05 0.642821 9.9964E-05 0.0752026 9.9964E-05 0.0944234 9.9964E-05 0.087495
0.284555 9.9973E-05 0.259112 9.9973E-05 0.146071 0.0306359 0.0710614 9.9973E-05 0.208264
0.55617 9.9964E-05 0.235024 9.9964E-05 9.9964E-05 0.0297035 0.0798347 9.9964E-05 0.0988682
0.559452 0.0315729 0.305426 0.0282277 0.0125504 0.0297811 9.9982E-05 0.0327906 9.9982E-05
0.379256 9.9991E-05 0.159157 0.0699202 0.157273 0.0571638 0.0204163 0.0291716 0.127542
0.525536 9.9973E-05 0.294562 9.9973E-05 9.9973E-05 0.0958115 0.017815 0.00490733 0.0610685
0.358825 0.0226903 0.348793 0.0742949 9.9982E-05 0.0483379 0.0365026 9.9982E-05 0.110356
0.551561 9.9973E-05 0.240116 0.0500417 0.00398174 9.9973E-05 0.0537858 9.9973E-05 0.100214
0.449249 9.9982E-05 0.224889 0.107091 0.100203 9.9982E-05 0.0395507 0.0181297 0.0606876
0.528386 0.000383979 0.103965 0.0222056 0.081043 0.0805149 0.129724 0.0165077 0.0372698
0.387411 0.031097 0.000284223 0.226483 0.0653034 9.9991E-05 0.156809 0.121591 0.0109223
0.361305 0.0458037 0.139342 0.0993507 0.00866374 0.0779552 0.260918 0.00656092 9.9991E-05
0.52498 0.022567 0.141254 9.9982E-05 0.0350468 0.129128 0.0987452 0.048078 9.9982E-05
0.504002 0.0427723 0.131814 9.9991E-05 0.093527 0.0314089 0.14178 0.0205908 0.0340046
0.393845 0.00376091 0.0401986 0.288953 0.0449976 0.0432421 0.184803 9.9982E-05 9.9982E-05
0.414106 0.0038715 0.294875 9.9973E-05 9.9973E-05 0.255623 0.00995157 9.9973E-05 0.0212726
0.516584 0.0429091 9.9991E-05 0.126059 0.0957235 0.0642676 0.0773276 0.059217 0.0178123
0.0517739 9.9973E-05 0.0839784 0.281851 0.082601 0.40907 0.0904261 9.9973E-05 9.9973E-05
0.481712 0.0409248 0.203839 0.0645096 9.9973E-05 9.9973E-05 0.106458 0.102256 9.9973E-05
0.56867 0.00745318 0.0893077 0.138502 9.9982E-05 0.120403 0.0710566 9.9982E-05 0.00440759
0.414393 0.0121262 0.170189 0.0642296 0.0122507 0.016323 0.310288 9.9982E-05 9.9982E-05
0.212418 0.0635386 0.0993363 0.137105 0.0714664 0.194257 0.150272 0.0532597 0.0183471
0.393428 0.0308055 0.172945 0.138313 0.0495285 9.9982E-05 0.20106 0.0137199 9.9982E-05
0.502398 0.0217473 0.0391583 0.117058 9.9973E-05 0.111298 0.20804 9.9973E-05 9.9973E-05
9.9964E-05 0.0490694 9.9964E-05 0.376661 9.9964E-05 0.342528 0.216749 0.0145927 9.9964E-05
0.534319 0.0668531 9.9973E-05 0.146582 0.0118303 0.0962999 0.143816 9.9973E-05 9.9973E-05
0.444536 0.0368048 9.9982E-05 0.185511 0.0530329 0.0234878 0.247153 0.00927495 9.9982E-05
0.525688 9.9982E-05 9.9982E-05 0.0924933 0.110825 0.055776 0.0816859 0.0254513 0.10788
0.538393 0.0403834 0.0236538 0.174443 9.9982E-05 0.0746155 0.141434 9.9982E-05 0.00687694
0.540349 0.0635666 0.0275245 9.9982E-05 9.9982E-05 0.0425166 0.13669 0.110695 0.0784587
0.458369 0.041933 0.00157405 9.9982E-05 0.14752 0.224181 0.0375751 9.9982E-05 0.0886475
0.529967 9.9982E-05 0.0468673 9.9982E-05 0.0998391 0.0744077 0.044155 0.195229 0.00933431
0.0019449 9.9955E-05 0.298221 9.9955E-05 0.16363 0.535704 9.9955E-05 9.9955E-05 9.9955E-05
0.0336272 9.9964E-05 0.116576 9.9964E-05 0.166788 0.647652 9.9964E-05 9.9964E-05 0.0349572
0.412688 0.0298258 0.188679 9.9982E-05 0.0630341 0.121777 0.166128 0.0176695 9.9982E-05
0.437427 9.9964E-05 0.0653196 0.117555 9.9964E-05 0.119305 0.259993 9.9964E-05 9.9964E-05
0.33996 9.9973E-05 9.9973E-05 0.0234437 0.0219195 0.203871 0.344288 0.0662184 9.9973E-05
0.118863 0.0302037 0.118289 0.0731842 9.9982E-05 0.274469 0.31939 0.0654001 9.9982E-05
0.37503 0.0389912 9.9973E-05 0.170235 9.9973E-05 0.104885 0.256568 0.0539922 9.9973E-05
0.178423 0.0131734 0.00768493 0.0453679 9.9973E-05 0.726081 0.0289704 9.9973E-05 9.9973E-05
0.257353 0.0205001 9.9964E-05 0.0743943 9.9964E-05 0.556525 0.0908275 9.9964E-05 9.9964E-05
0.46262 0.0241678 9.9973E-05 9.9973E-05 0.14002 0.206607 0.14459 0.0216951 9.9973E-05
0.524527 9.9973E-05 9.9973E-05 0.0188543 0.0938354 0.186192 0.0794008 0.0968911 9.9973E-05
0.296453 9.9982E-05 0.0165631 0.0599986 0.0661401 0.463192 0.081299 9.9982E-05 0.0161543
0.459787 0.00156844 0.156492 0.0128217 0.11158 0.095724 0.0776246 0.04996 0.0344423
0.544457 9.9973E-05 0.0705197 0.0381692 0.0442 0.197824 0.10453 9.9973E-05 9.9973E-05
0.406371 0.0468252 0.013634 0.0386365 0.0351779 0.146566 0.213407 0.0450743 0.0543081
0.357966 9.9973E-05 0.0388422 9.9973E-05 0.167151 0.348942 9.9973E-05 0.0250364 0.0617621
0.379302 0.0269612 0.0675105 9.9982E-05 0.109962 0.341245 9.9982E-05 0.0208909 0.0539285
0.577806 9.9991E-05 0.0462634 0.0651614 0.03972 0.221774 0.0145027 0.0273595 0.00731245
0.412746 0.0597068 0.0281246 9.9991E-05 0.0302941 0.281882 0.0130253 0.055379 0.118741
0.397158 9.9982E-05 0.174048 0.0975344 0.100466 0.121487 0.0736436 9.9982E-05 0.0354627
0.527988 9.9946E-05 0.149685 9.9946E-05 9.9946E-05 0.321727 9.9946E-05 9.9946E-05 9.9946E-05
0.274276 9.9964E-05 0.0364309 9.9964E-05 0.0905733 0.480492 9.9964E-05 9.9964E-05 0.117828
0.613094 0.00703652 9.9964E-05 0.0416774 0.163785 0.174007 9.9964E-05 9.9964E-05 9.9964E-05
0.271507 9.9964E-05 0.142589 9.9964E-05 0.1098 0.469608 9.9964E-05 9.9964E-05 0.00609667
0.440515 9.9964E-05 0.0970767 9.9964E-05 0.116942 0.335156 9.9964E-05 9.9964E-05 0.00991078
0.607719 0.0630102 0.0188157 0.059792 0.00340661 0.121122 0.0380746 0.052987 0.0350725
0.511981 0.0250976 0.0435209 9.9982E-05 0.175966 0.179322 0.0427638 9.9982E-05 0.0211488
0.531641 0.00862317 0.0133868 0.172242 0.0363387 0.0517579 0.120836 0.0650744 9.9991E-05
0.397739 0.0399234 0.0583382 0.130646 0.0155212 0.148779 0.105358 9.9991E-05 0.103596
0.2221 0.0229181 9.9991E-05 0.135717 0.0737699 0.166406 0.290857 0.0569924 0.0311386
0.331697 0.034068 0.0879957 0.0476065 0.0262187 0.159237 0.140804 0.130284 0.0420902
0.3184 9.9982E-05 0.0818134 0.039028 0.0917693 9.9982E-05 0.230991 0.155586 0.0822124
0.378234 0.0875028 9.9991E-05 0.0328267 0.123215 0.0536959 0.217647 0.0886258 0.0181532
0.0139932 0.00321133 9.9991E-05 0.0598851 0.0437822 0.526329 0.1696 0.127929 0.0551698
0.554276 0.0052154 9.9982E-05 0.026092 9.9982E-05 0.100146 0.180642 0.0413733 0.0920555
9.9955E-05 9.9955E-05 9.9955E-05 0.198874 9.9955E-05 0.450473 0.125391 0.224762 9.9955E-05
0.595917 9.9964E-05 0.056567 0.08031 9.9964E-05 0.148767 0.118039 9.9964E-05 9.9964E-05
0.133395 9.9955E-05 9.9955E-05 9.9955E-05 0.280975 0.54949 9.9955E-05 9.9955E-05 0.035641
9.9946E-05 9.9946E-05 0.131677 9.9946E-05 0.304266 0.563457 9.9946E-05 9.9946E-05 9.9946E-05
0.488087 0.00188144 0.133989 9.9964E-05 0.14558 0.230062 9.9964E-05 9.9964E-05 9.9964E-05
0.671794 9.9955E-05 9.9955E-05 0.00470297 0.0741611 0.248842 9.9955E-05 9.9955E-05 9.9955E-05
0.416409 9.9964E-05 0.0713848 9.9964E-05 0.134603 0.319656 9.9964E-05 9.9964E-05 0.0575481
0.525009 9.9973E-05 0.0129234 0.0100609 0.210428 0.230094 0.0111844 9.9973E-05 9.9973E-05
0.502428 9.9973E-05 0.0482791 9.9973E-05 0.153509 0.279403 9.9973E-05 0.0156519 0.000428412
0.0701427 0.0663011 9.9982E-05 0.725459 0.0228239 0.0380713 0.0692607 0.00774165 9.9982E-05
0.00879414 0.039668 0.0514448 0.632581 9.9991E-05 0.0147668 0.0541027 0.116241 0.0823024
9.9964E-05 0.0396912 0.0162355 0.841389 9.9964E-05 9.9964E-05 0.0745838 9.9964E-05 0.0277003
0.0359122 0.163298 9.9946E-05 0.80019 9.9946E-05 9.9946E-05 9.9946E-05 9.9946E-05 9.9946E-05
0.473694 0.0576349 9.9973E-05 0.0203318 0.353217 0.0322263 0.0625963 9.9973E-05 9.9973E-05
0.394187 9.9955E-05 0.0354431 0.110263 0.459607 9.9955E-05 9.9955E-05 9.9955E-05 9.9955E-05
0.396162 0.0524924 0.0293104 9.9955E-05 0.521535 9.9955E-05 9.9955E-05 9.9955E-05 9.9955E-05
0.554232 9.9973E-05 0.0396452 0.111334 0.225465 9.9973E-05 0.0282978 9.9973E-05 0.0407259
0.493837 9.9973E-05 9.9973E-05 9.9973E-05 0.191265 0.0310679 0.0410175 0.180718 0.0617941
0.173989 9.9982E-05 0.165031 0.0380945 0.468366 0.12317 9.9982E-05 0.0137185 0.0174308
0.583019 0.0823142 9.9946E-05 9.9946E-05 0.334068 9.9946E-05 9.9946E-05 9.9946E-05 9.9946E-05
0.316343 0.035909 9.9955E-05 9.9955E-05 0.449589 0.197659 9.9955E-05 9.9955E-05 9.9955E-05
0.501672 9.9964E-05 0.109159 0.298374 9.9964E-05 0.0233775 0.0670177 9.9964E-05 9.9964E-05
0.366564 9.9973E-05 0.112773 9.9973E-05 0.339122 0.0872943 0.0586818 0.0352654 9.9973E-05
0.303234 0.0333591 0.0286304 9.9982E-05 0.48737 0.0189056 9.9982E-05 0.0354638 0.0928363
0.476876 9.9964E-05 0.0627238 0.0299969 0.395221 0.0347831 9.9964E-05 9.9964E-05 9.9964E-05
0.368686 0.0196684 0.0852111 9.9964E-05 0.479173 9.9964E-05 9.9964E-05 9.9964E-05 0.0468613
0.513211 0.0141729 9.9955E-05 9.9955E-05 0.41274 9.9955E-05 0.059376 9.9955E-05 9.9955E-05
0.532415 9.9955E-05 9.9955E-05 0.105122 0.348765 9.9955E-05 9.9955E-05 9.9955E-05 0.0131982
9.9937E-05 9.9937E-05 9.9937E-05 9.9937E-05 0.895093 0.104208 9.9937E-05 9.9937E-05 9.9937E-05
0.168826 9.9964E-05 0.0482845 9.9964E-05 0.595401 0.137282 0.0498065 9.9964E-05 9.9964E-05
0.242105 0.00289724 9.9973E-05 9.9973E-05 0.552425 0.105207 9.9973E-05 0.0161809 0.0808855
9.9937E-05 9.9937E-05 9.9937E-05 9.9937E-05 0.73606 0.26324 9.9937E-05 9.9937E-05 9.9937E-05
0.331518 9.9973E-05 0.0198493 0.0203886 0.425881 9.9973E-05 0.0794996 9.9973E-05 0.122564
0.0950454 0.00174397 9.9964E-05 9.9964E-05 0.569887 0.274561 9.9964E-05 9.9964E-05 0.0583619
9.9955E-05 9.9955E-05 9.9955E-05 0.0255855 0.600732 0.360297 9.9955E-05 9.9955E-05 0.0128862
0.529368 0.0676709 0.0220519 9.9964E-05 0.297808 0.0827008 9.9964E-05 9.9964E-05 9.9964E-05
0.113734 9.99549E-05 0.158875 9.99549E-05 0.639665 9.99549E-05 9.99549E-05 0.0872271 9.99549E-05
0.402385 9.9973E-05 0.0815675 9.9973E-05 0.346595 9.9973E-05 0.0141239 0.104598 0.0504301
0.439649 0.054304 9.9973E-05 0.0828668 0.317505 9.9973E-05 0.0689885 0.0363871 9.9973E-05
0.424337 9.9964E-05 0.104364 9.9964E-05 0.36813 9.9964E-05 0.0311411 9.9964E-05 0.0716282
0.308736 0.00236254 0.449605 9.9973E-05 9.9973E-05 0.169061 0.0392177 9.9973E-05 0.0307177
0.485164 0.0332651 0.00544625 9.9982E-05 0.360211 9.9982E-05 0.0475245 0.0252646 0.0429246
0.325144 0.0372543 0.112451 0.0273291 0.37617 0.00524084 0.0453064 0.0193875 0.0517175
0.268204 0.0120468 9.9964E-05 9.9964E-05 0.57867 0.126148 9.9964E-05 9.9964E-05 0.014532
0.428506 0.0362377 9.9991E-05 0.0794947 0.289187 0.047824 0.0175822 0.00343695 0.097631
0.0438044 0.0622083 0.0505167 0.574847 0.0136206 0.0767047 9.9982E-05 9.9982E-05 0.178098
9.9973E-05 0.0995834 9.9973E-05 0.688687 0.112679 0.0576531 0.0184788 9.9973E-05 0.0226193
9.9964E-05 0.165903 9.9964E-05 0.645827 9.9964E-05 0.111116 9.9964E-05 0.00537279 0.0713806
9.9964E-05 0.0967942 9.9964E-05 0.756581 0.0107334 0.0372356 9.9964E-05 9.9964E-05 0.0982558
0.0130383 0.0303375 0.0780967 0.648243 0.0438484 0.0188091 9.9991E-05 0.0592623 0.108265
9.9964E-05 9.9964E-05 0.197375 0.0230416 0.685182 9.9964E-05 0.0202241 0.0737777 9.9964E-05
0.0478257 0.0617647 0.0503658 0.0428994 0.708575 0.0220452 9.9991E-05 0.028626 0.0377979
