0.427042 0.1131 0.0690512 0.390807
0.41574 0.159287 9.9991E-05 0.424873
9.9982E-05 0.399864 9.9982E-05 0.599936
0.300392 9.9991E-05 0.221618 0.477889
0.218523 0.230616 9.9991E-05 0.550761
0.549773 0.101149 0.0304252 0.318653
0.106769 0.361849 9.9991E-05 0.531282
0.0301455 0.284152 9.9991E-05 0.685602
0.265859 0.119972 9.9991E-05 0.61407
0.358777 0.104341 0.0627802 0.474102
0.223576 0.0932878 0.197452 0.485685
9.999E-05 0.385054 0.134875 0.479971
0.327934 0.00713917 0.159175 0.505752
0.220118 0.0661814 9.9991E-05 0.7136
0.211728 0.0517469 0.0595282 0.676997
0.630363 0.0277483 9.9991E-05 0.341788
0.0841133 0.459439 0.255015 0.201433
9.9982E-05 0.896656 0.103144 9.9982E-05
9.9982E-05 0.929945 0.0698552 9.9982E-05
0.279936 0.539799 0.180165 9.9991E-05
0.423078 9.9991E-05 0.0646631 0.512158
0.431939 0.0480757 0.104583 0.415402
0.163532 9.9991E-05 0.737517 0.0988519
0.297334 9.9991E-05 0.503073 0.199494
0.368461 0.0347052 0.33531 0.261524
0.130651 0.0876912 0.0366206 0.745037
0.476588 0.0190874 0.0305285 0.473796
0.0235718 0.249712 9.9991E-05 0.726616
0.469597 0.00294232 9.9991E-05 0.527361
0.155809 0.0583215 0.145727 0.640142
0.462663 9.9982E-05 9.9982E-05 0.537137
9.9991E-05 0.236813 0.0164603 0.746627
0.395908 0.00172049 0.201428 0.400944
0.60717 0.0146902 0.00645789 0.371682
0.0237974 9.9991E-05 0.962971 0.0131315
9.998E-05 9.998E-05 0.9997 9.998E-05
0.25968 9.9991E-05 0.549986 0.190234
0.373795 9.9991E-05 0.598155 0.0279498
0.24576 9.9991E-05 0.740542 0.0135986
9.998E-05 9.998E-05 0.9997 9.998E-05
9.9991E-05 0.0441343 0.953955 0.00181102
0.223529 9.9982E-05 0.776271 9.9982E-05
9.998E-05 9.998E-05 0.9997 9.998E-05
9.9982E-05 0.00452431 0.995276 9.9982E-05
9.9982E-05 0.0250368 0.974763 9.9982E-05
0.19646 0.00843675 0.749194 0.0459093
0.160211 0.141935 0.697754 9.9991E-05
9.9982E-05 9.9982E-05 0.996571 0.00322909
0.271579 9.9991E-05 0.474993 0.253327
0.255428 0.0768634 0.667609 9.9991E-05
0.264676 0.0751079 0.641519 0.018697
0.0469344 0.00118115 0.921009 0.0308757
0.0975187 9.9982E-05 0.902281 9.9982E-05
0.169357 0.0309729 0.79957 9.9991E-05
9.998E-05 9.998E-05 0.9997 9.998E-05
0.340526 9.9991E-05 0.500934 0.15844
9.9991E-05 0.0331539 0.895317 0.0714287
9.9982E-05 0.751555 9.9982E-05 0.248245
0.459927 0.216103 9.9991E-05 0.32387
0.352789 0.206173 0.0285467 0.412492
0.128889 0.48704 0.0639426 0.320128
0.550315 0.12843 9.9991E-05 0.321155
0.124963 0.415247 0.0937067 0.366083
0.497702 0.135572 9.9991E-05 0.366626
0.242587 0.308105 0.0912316 0.358076
0.417894 0.21829 0.0386788 0.325138
0.406153 0.251681 0.0457053 0.296461
0.442592 0.11553 0.119002 0.322876
0.464371 0.0419056 0.00500328 0.488721
0.14104 0.168608 9.9991E-05 0.690252
0.457241 0.00581894 0.00464804 0.532293
0.467134 9.9991E-05 0.106052 0.426714
0.115398 0.156052 9.9991E-05 0.72845
0.384406 9.9991E-05 0.110538 0.504956
0.432452 9.9982E-05 9.9982E-05 0.567348
9.9982E-05 0.215425 9.9982E-05 0.784375
9.9982E-05 0.214926 9.9982E-05 0.784874
0.259913 0.0447765 9.9991E-05 0.695211
9.9982E-05 0.290228 9.9982E-05 0.709572
0.341621 0.0415957 9.9991E-05 0.616683
0.277609 9.9991E-05 0.0675497 0.654741
0.639851 9.9982E-05 9.9982E-05 0.359949
9.9982E-05 0.0361128 9.9982E-05 0.963687
9.9982E-05 0.0339454 9.9982E-05 0.965855
0.350491 9.9991E-05 0.107011 0.542398
0.688922 0.0763126 0.0358561 0.198909
0.639492 0.144539 0.0529168 0.163053
0.405927 0.313067 0.103168 0.177838
0.632934 0.182914 9.9991E-05 0.184051
9.9991E-05 0.273654 0.0666183 0.659627
0.20086 0.152941 9.9991E-05 0.646099
0.484995 9.9982E-05 9.9982E-05 0.514805
0.319994 9.9991E-05 0.0806494 0.599257
0.190632 0.130775 9.9991E-05 0.678494
0.57812 9.9982E-05 9.9982E-05 0.42168
0.491904 9.9991E-05 0.0264113 0.481584
0.547596 9.9991E-05 0.0133567 0.438947
0.139055 9.9982E-05 9.9982E-05 0.860745
0.00559985 9.9991E-05 0.158924 0.835376
0.455347 9.9991E-05 0.005938 0.538615
0.175519 0.0700774 0.0835742 0.670829
0.261688 0.0122707 0.235139 0.490903
0.127426 0.0107453 0.0641162 0.797713
9.9991E-05 0.0383564 0.0416543 0.919889
0.323951 9.9991E-05 0.081853 0.594096
9.9982E-05 9.9982E-05 0.0809097 0.91889
0.150113 9.9991E-05 0.0820314 0.767755
0.301483 0.0775555 0.174213 0.446748
0.205299 9.9991E-05 0.168422 0.626178
0.358264 0.163924 0.207128 0.270684
0.234932 0.111527 0.24186 0.41168
0.559097 0.178585 0.0446738 0.217644
0.368294 0.160043 0.139571 0.332092
0.510647 0.0512135 0.139416 0.298723
0.442503 0.127031 0.139258 0.291208
9.9991E-05 0.389174 0.0808114 0.529914
0.554853 9.9991E-05 0.117364 0.327683
9.9991E-05 0.614782 0.113248 0.27187
0.4768 9.9991E-05 0.0936639 0.429436
9.9982E-05 0.00323387 9.9982E-05 0.996566
9.9982E-05 0.00602516 9.9982E-05 0.993775
0.208948 9.9991E-05 0.00461386 0.786338
0.465283 9.9982E-05 9.9982E-05 0.534518
0.14969 9.9982E-05 9.9982E-05 0.85011
0.135155 9.9991E-05 0.153789 0.710956
0.243171 9.9991E-05 0.0484896 0.708239
0.903842 0.0150292 0.00407592 0.077053
0.775418 0.0238864 0.0495657 0.15113
0.939369 9.9991E-05 0.0373789 0.0231525
0.791639 0.153274 0.0389713 0.0161156
0.831673 0.0505658 0.0700433 0.0477179
0.763856 0.187712 0.0483319 9.9991E-05
0.962433 0.0373674 9.9982E-05 9.9982E-05
0.86697 0.0490966 0.0838337 9.9991E-05
0.743321 0.0508329 0.154932 0.0509143
0.866665 0.0693083 0.0639269 9.9991E-05
0.651248 9.9991E-05 0.121132 0.227521
0.749537 0.116677 0.133686 9.9991E-05
0.693376 0.0296976 0.124866 0.15206
0.836015 0.0263901 0.137495 9.9991E-05
0.652855 0.0605228 0.15065 0.135971
0.826908 0.0607453 9.9991E-05 0.112247
0.738258 0.149268 0.112374 9.9991E-05
0.671634 0.0522032 0.133513 0.142649
0.604123 0.0842729 0.182098 0.129506
0.639059 0.194499 9.9991E-05 0.166342
0.632289 0.179167 0.0340715 0.154472
0.604027 0.0894307 0.190387 0.116155
0.842431 0.0454066 0.110855 0.00130781
0.870365 0.125412 0.00412283 9.9991E-05
0.570432 0.201069 0.0294263 0.199073
0.561369 0.0977144 9.9991E-05 0.340817
0.0717791 0.928021 9.9982E-05 9.9982E-05
9.998E-05 0.9997 9.998E-05 9.998E-05
0.30711 0.455849 9.9991E-05 0.236941
0.108977 0.815272 0.0351371 0.0406139
0.0552537 0.911134 0.0335126 9.9991E-05
0.469246 0.291895 9.9991E-05 0.238758
0.371151 0.287902 0.109978 0.23097
0.395074 0.502337 9.9991E-05 0.102489
0.14394 0.827341 9.9991E-05 0.0286194
0.193171 0.291885 0.186436 0.328508
0.15348 0.643207 0.00745119 0.195862
9.998E-05 0.9997 9.998E-05 9.998E-05
0.367081 0.169249 0.25534 0.20833
0.572643 0.330456 9.9991E-05 0.0968013
