0.61631 0.085005 0.243209 0.0554767
0.613892 0.0976833 0.190249 0.0981752
0.187228 0.438999 9.9991E-05 0.373673
0.694708 0.103423 0.201769 9.9991E-05
0.68364 0.241003 0.0446554 0.0307012
0.576425 0.149948 0.233763 0.0398644
0.610794 0.313948 9.9991E-05 0.0751576
0.614026 0.232218 9.9991E-05 0.153655
0.715405 0.162829 9.9991E-05 0.121666
0.564578 0.151759 0.210256 0.0734074
0.492454 0.103788 0.215979 0.187779
0.287248 0.398998 0.0458111 0.267943
0.603849 9.9991E-05 0.312914 0.0831377
0.893997 0.105804 9.9982E-05 9.9982E-05
0.780436 0.0766003 0.0531672 0.0897965
0.363685 0.120964 0.305017 0.210334
0.210692 0.507159 0.282049 9.9991E-05
9.9982E-05 0.858358 0.141442 9.9982E-05
9.9991E-05 0.868903 0.0880349 0.0429619
0.140613 0.501234 0.358053 9.9991E-05
0.903649 9.9982E-05 0.0961511 9.9982E-05
0.503634 9.9991E-05 0.374734 0.121532
0.0991939 9.9991E-05 0.857508 0.0431979
0.289667 9.9991E-05 0.642649 0.0675837
0.231251 0.0677875 0.583102 0.11786
0.818428 0.0973681 9.9991E-05 0.084104
0.584118 0.104968 0.235418 0.0754965
0.669192 0.234647 9.9991E-05 0.0960617
0.883055 0.0567287 0.0601162 9.9991E-05
0.725493 0.0912941 0.0591362 0.124076
0.770199 0.082237 0.147464 9.9991E-05
0.606722 0.252762 9.9991E-05 0.140416
0.611288 0.0381509 0.350461 9.9991E-05
0.649991 9.9991E-05 0.299902 0.0500068
9.9982E-05 9.9982E-05 0.963518 0.0362819
0.0788781 9.9982E-05 0.920922 9.9982E-05
0.216811 9.9991E-05 0.691119 0.0919705
0.0423644 9.9991E-05 0.863008 0.0945281
0.104816 0.017748 0.87262 0.00481552
9.9982E-05 0.0316851 0.968115 9.9982E-05
9.9982E-05 0.00359475 0.996205 9.9982E-05
0.0535389 9.9982E-05 0.946261 9.9982E-05
0.0438274 9.9982E-05 0.955973 9.9982E-05
9.998E-05 9.998E-05 0.9997 9.998E-05
9.998E-05 9.998E-05 0.9997 9.998E-05
0.10861 9.9982E-05 0.89119 9.9982E-05
0.0723038 0.0384604 0.885718 0.00351754
9.9982E-05 9.9982E-05 0.982903 0.0168973
0.429955 0.00114442 0.5688 9.9991E-05
0.134996 0.0436648 0.821239 9.9991E-05
0.0621131 0.0333971 0.869522 0.0349676
0.0626852 9.9991E-05 0.923335 0.0138797
9.9982E-05 0.0101538 0.989646 9.9982E-05
0.000837676 0.0383573 0.960705 9.9991E-05
9.998E-05 9.998E-05 0.9997 9.998E-05
0.226037 9.9991E-05 0.743362 0.0305003
9.9991E-05 0.0144171 0.901993 0.0834899
0.095979 0.705466 9.9991E-05 0.198455
0.536602 0.275222 0.188077 9.9991E-05
0.509882 0.290539 0.19948 9.9991E-05
0.381165 0.450479 0.127999 0.0403566
0.493294 0.114481 0.288833 0.103391
0.2414 0.451254 0.12609 0.181256
0.460251 0.233502 0.267571 0.038676
0.519334 0.255738 0.224829 9.9991E-05
0.511854 0.19315 0.294896 9.9991E-05
0.485995 0.267136 0.246769 9.9991E-05
0.413863 0.206482 0.303685 0.0759705
0.807671 0.0375146 0.154715 9.9991E-05
0.646135 0.215814 9.9991E-05 0.137952
0.713552 0.0318949 0.18786 0.0666935
0.572578 0.0573215 0.327157 0.042943
0.773891 0.189803 9.9991E-05 0.0362056
0.596324 0.0178484 0.214064 0.171764
0.790118 0.094286 0.069199 0.0463974
0.590101 0.218082 9.9991E-05 0.191717
0.702043 0.201429 9.9991E-05 0.0964285
0.885033 0.046961 9.9991E-05 0.0679055
0.570383 0.199767 9.9991E-05 0.22975
0.951252 0.0485476 9.9982E-05 9.9982E-05
0.396177 9.9991E-05 0.152995 0.450727
0.499493 0.0292995 0.245483 0.225724
9.998E-05 9.998E-05 9.998E-05 0.9997
9.9982E-05 0.0242137 9.9982E-05 0.975586
0.423411 9.9991E-05 0.276786 0.299702
0.459363 0.156125 0.384412 9.9991E-05
0.128722 0.148105 0.481672 0.241501
0.119815 0.354865 0.32459 0.20073
0.34715 0.146074 0.393215 0.113561
9.9991E-05 0.198211 0.0687128 0.732976
9.9991E-05 0.227566 0.100573 0.671761
0.524757 9.9991E-05 0.234441 0.240702
0.262207 9.9991E-05 0.237573 0.50012
9.9991E-05 0.0646139 0.167849 0.767437
0.429402 9.9991E-05 0.320684 0.249814
0.461294 9.9991E-05 0.29289 0.245715
0.487871 0.0481698 0.315765 0.148193
0.42893 0.00357212 9.9991E-05 0.567398
0.329219 9.9991E-05 0.0972538 0.573427
0.445739 9.9991E-05 0.251211 0.30295
0.558462 9.9991E-05 0.13799 0.303448
0.404603 0.0157995 0.374124 0.205473
0.555116 0.0543173 0.0717801 0.318787
0.145279 9.9991E-05 0.0210042 0.833617
0.36279 9.9991E-05 0.256604 0.380505
0.0551953 9.9991E-05 0.0245757 0.920129
0.379048 9.9991E-05 0.134551 0.486302
0.551169 9.9991E-05 0.254195 0.194535
0.442488 9.9991E-05 0.242941 0.314471
0.467444 0.159181 0.359459 0.0139167
0.284619 0.210499 0.339706 0.165176
0.375649 0.210945 0.348347 0.0650595
0.299708 0.206526 0.358829 0.134937
0.469692 0.1099 0.420308 9.9991E-05
0.229261 0.144136 0.370113 0.25649
9.9991E-05 0.264141 0.0984254 0.637333
0.360598 9.9991E-05 0.474117 0.165186
9.9991E-05 0.538008 0.0979147 0.363977
0.383428 9.9991E-05 0.365513 0.250959
0.0716928 0.00488487 9.9991E-05 0.923322
9.998E-05 9.998E-05 9.998E-05 0.9997
0.415268 9.9991E-05 0.146706 0.437926
0.393849 9.9991E-05 0.237927 0.368125
0.457646 9.9991E-05 0.0159169 0.526337
0.382051 9.9991E-05 0.123317 0.494532
0.456545 9.9991E-05 0.144196 0.399159
0.427827 0.0428467 0.529227 9.9991E-05
0.344757 0.0586321 0.594562 0.0020495
0.381684 0.0276196 0.590596 9.9991E-05
0.205205 0.157216 0.63748 9.9991E-05
0.419645 0.0980708 0.466985 0.0152988
9.9982E-05 0.318613 0.681187 9.9982E-05
0.244577 0.106188 0.562029 0.0872066
0.172449 0.10397 0.677245 0.0463364
0.292675 0.044439 0.632006 0.03088
0.321145 9.9982E-05 0.678655 9.9982E-05
0.359668 0.0708925 0.487987 0.0814526
0.227429 0.125516 0.646955 9.9991E-05
0.402804 0.0897219 0.475139 0.0323343
0.178923 0.134035 0.657675 0.0293675
0.222813 0.0496972 0.575438 0.152052
0.394579 0.101657 0.503663 9.9991E-05
0.113455 0.205069 0.681376 9.9991E-05
0.258692 0.0043772 0.650179 0.0867515
0.19834 0.156256 0.519167 0.126237
0.418018 0.209691 0.342301 0.0299903
0.21733 0.148228 0.46609 0.168351
0.312209 0.0855727 0.52858 0.0736386
0.210391 0.0468279 0.656039 0.0867421
0.151889 0.205168 0.642843 9.9991E-05
0.406887 0.282693 0.274675 0.0357453
0.438162 0.160441 0.309718 0.0916794
0.0452745 0.91283 0.0417957 9.9991E-05
9.998E-05 0.9997 9.998E-05 9.998E-05
0.454262 0.406946 0.118598 0.0201928
0.100494 0.785433 0.113973 9.9991E-05
9.9982E-05 0.87003 0.12977 9.9982E-05
0.294358 0.377148 0.192087 0.136407
0.371844 0.290386 0.2675 0.0702709
0.339551 0.503849 0.156501 9.9991E-05
0.106213 0.838883 0.0548035 9.9991E-05
0.533383 0.206599 0.259918 9.9991E-05
0.364341 0.583066 0.052493 9.9991E-05
9.998E-05 0.9997 9.998E-05 9.998E-05
0.470304 0.130442 0.377382 0.0218712
0.354946 0.362986 0.281967 9.9991E-05
