0.0364122 0.58765 0.301864 0.074074
0.100306 0.371143 0.436943 0.0916077
9.9982E-05 9.9982E-05 0.536518 0.463282
0.14104 0.395816 0.368765 0.094379
9.999E-05 0.471325 0.37203 0.156545
0.0403115 0.591164 0.300836 0.0676885
9.999E-05 0.186167 0.550523 0.26321
9.999E-05 0.0403344 0.686847 0.272719
9.9991E-05 0.384562 0.503305 0.112034
0.224741 0.450711 0.277608 0.0469403
0.104019 0.364932 0.391124 0.139925
0.154896 9.9991E-05 0.480301 0.364704
0.0405857 0.581669 0.309654 0.0680913
9.999E-05 0.309577 0.601708 0.0886148
9.999E-05 0.463178 0.477789 0.0589332
0.063593 0.648208 0.282169 0.0060303
0.283386 0.108832 0.120546 0.487236
0.102828 9.9982E-05 9.9982E-05 0.896972
0.126005 9.9991E-05 0.0266509 0.847244
0.195801 0.247313 9.9991E-05 0.556785
9.9982E-05 0.590513 0.409287 9.9982E-05
0.0553857 0.576585 0.316635 0.0513952
0.790108 0.159019 0.0507734 9.9991E-05
0.531861 0.334883 0.133156 9.9991E-05
0.428027 0.289233 0.217606 0.0651338
0.0599511 0.210926 0.662349 0.0667735
0.0325928 0.587884 0.245575 0.133948
9.9991E-05 0.105356 0.671721 0.222822
9.9991E-05 0.621833 0.328282 0.0497856
0.0782627 0.268095 0.586683 0.0669584
9.9982E-05 0.692662 0.307138 9.9982E-05
9.9991E-05 0.0102816 0.738208 0.25141
0.159716 0.603167 0.237017 9.9991E-05
0.0963502 0.587739 0.250274 0.0656375
0.974236 9.9991E-05 0.0174811 0.00818246
0.882474 0.0925019 0.0249239 9.9991E-05
0.589221 0.28939 0.12129 9.9991E-05
0.593819 0.405981 9.9982E-05 9.9982E-05
0.757017 0.171818 0.0710658 9.9991E-05
0.917876 9.9982E-05 9.9982E-05 0.0819242
0.986988 9.9982E-05 0.0128119 9.9982E-05
0.785867 0.213933 9.9982E-05 9.9982E-05
0.979303 0.0130707 0.00752648 9.9991E-05
0.9997 9.998E-05 9.998E-05 9.998E-05
0.977746 9.9982E-05 9.9982E-05 0.0220541
0.776223 0.110805 0.112873 9.9991E-05
0.718328 0.247929 9.9991E-05 0.0336438
0.9997 9.998E-05 9.998E-05 9.998E-05
0.428641 0.320309 0.250951 9.9991E-05
0.774274 0.108071 0.117555 9.9991E-05
0.847526 0.0834442 0.0549521 0.0140777
0.933833 0.00715322 0.0356046 0.0234088
0.83336 0.16644 9.9982E-05 9.9982E-05
0.898046 0.0355185 9.9991E-05 0.0663358
0.9997 9.998E-05 9.998E-05 9.998E-05
0.65287 0.32031 0.01438 0.0124395
0.922757 9.9982E-05 0.0770431 9.9982E-05
0.0194533 9.9991E-05 0.322412 0.658034
0.0814236 0.363449 0.313753 0.241374
0.064021 0.400729 0.292544 0.242706
0.0456121 0.170192 0.279927 0.504269
0.11557 0.605655 0.158583 0.120193
0.0137968 0.247725 0.197351 0.541128
0.127771 0.4125 0.312506 0.147223
0.0878769 0.437975 0.22056 0.253588
0.0770416 0.527275 0.174598 0.221085
0.12888 0.489251 0.108404 0.273465
0.129036 0.410472 0.257944 0.202548
0.148796 0.4649 0.369886 0.0164172
0.0026517 0.217573 0.603997 0.175779
0.0117457 0.567667 0.352178 0.0684086
0.165654 0.456679 0.286853 0.0908139
9.9991E-05 0.25195 0.630481 0.11747
0.0596844 0.57947 0.360745 9.9991E-05
9.9991E-05 0.502433 0.465112 0.0323557
9.9982E-05 9.9982E-05 0.753663 0.246137
9.9991E-05 0.0619844 0.715484 0.222432
9.9991E-05 0.52384 0.448599 0.0274602
9.9982E-05 9.9982E-05 0.746831 0.252969
9.9991E-05 0.367381 0.540463 0.092056
0.123953 0.289562 0.586385 9.9991E-05
0.0738153 0.521795 0.384911 0.0194792
9.998E-05 9.998E-05 0.9997 9.998E-05
9.998E-05 9.998E-05 0.9997 9.998E-05
0.122765 0.383989 0.493146 9.9991E-05
0.11288 0.748799 0.00030039 0.13802
0.103087 0.675383 0.104287 0.117243
0.130836 0.455217 0.0721413 0.341806
9.9991E-05 0.754713 0.0620546 0.183132
0.0675304 9.9991E-05 0.712881 0.219489
9.9991E-05 0.169573 0.633112 0.197214
9.9982E-05 0.650093 0.349707 9.9982E-05
0.0990242 0.41563 0.485246 9.9991E-05
0.0857984 0.12726 0.691448 0.0954936
0.0505665 0.485303 0.46403 9.9991E-05
0.120096 0.48537 0.394434 9.9991E-05
0.125461 0.474183 0.354877 0.0454799
9.9982E-05 0.187644 0.812156 9.9982E-05
0.0238511 0.240089 0.73596 9.9991E-05
9.9982E-05 0.536094 0.463706 9.9982E-05
0.0926814 0.289207 0.618011 9.9991E-05
0.0423205 0.438463 0.428353 0.090864
0.0155029 0.317648 0.666749 9.9991E-05
9.9982E-05 0.042705 0.957095 9.9982E-05
9.9982E-05 0.524864 0.474936 9.9982E-05
0.0632344 9.9982E-05 0.936566 9.9982E-05
9.9982E-05 0.325605 0.674195 9.9982E-05
0.095646 0.409741 0.451715 0.0428987
0.0178395 0.520566 0.461495 9.9991E-05
0.226751 0.537655 0.222747 0.0128468
0.269914 0.287236 0.292517 0.150333
0.119822 0.579175 0.154327 0.146676
0.126155 0.497702 0.18784 0.188302
0.16976 0.466333 0.301481 0.0624263
0.105402 0.518618 0.222507 0.153473
0.114145 9.9991E-05 0.550911 0.334844
0.061054 0.619443 0.26589 0.053613
0.141046 9.9991E-05 0.278259 0.580595
0.147597 0.546963 0.30534 9.9991E-05
9.9982E-05 9.9982E-05 0.97519 0.02461
9.998E-05 9.998E-05 0.9997 9.998E-05
0.0015988 0.297725 0.700577 9.9991E-05
0.0831212 0.398513 0.518266 9.9991E-05
9.9982E-05 0.24887 0.75093 9.9982E-05
0.085515 0.33231 0.582075 9.9991E-05
9.9982E-05 0.392621 0.607179 9.9982E-05
0.246888 0.752912 9.9982E-05 9.9982E-05
0.322229 0.573829 0.0272089 0.0767333
0.285755 0.714045 9.9982E-05 9.9982E-05
0.233579 0.620346 9.9991E-05 0.145974
0.0739555 0.876687 0.0389208 0.0104367
0.392956 0.362702 9.9991E-05 0.244242
0.224683 0.658265 9.9991E-05 0.116952
0.217915 0.656601 9.9991E-05 0.125384
0.187575 0.750291 9.9991E-05 0.062034
0.255454 0.724894 9.9991E-05 0.0195515
0.199838 0.597776 0.135768 0.0666181
0.221631 0.68237 9.9991E-05 0.0958995
0.155257 0.802816 0.00611108 0.0358161
0.445137 0.456054 9.9991E-05 0.0987087
0.180929 0.762528 9.9991E-05 0.0564431
0.138358 0.80499 9.9991E-05 0.0565521
0.29074 0.606452 9.9991E-05 0.102708
0.23813 0.550596 0.162478 0.0487961
0.143696 0.675613 9.9991E-05 0.180591
0.0548476 0.741486 0.0407656 0.162901
0.307361 0.395361 0.134204 0.163073
0.276931 0.569016 0.0731572 0.0808963
0.228178 0.717629 9.9991E-05 0.0540937
0.232112 0.588091 9.9991E-05 0.179696
9.9991E-05 0.670652 0.0742577 0.25499
0.0476232 0.589821 0.180285 0.182271
0.0453949 0.0262075 9.9991E-05 0.928298
9.9982E-05 0.00067513 9.9982E-05 0.999125
9.9991E-05 0.455544 0.100999 0.443357
0.0710564 0.109511 0.0114289 0.808004
0.100653 0.00651237 9.9991E-05 0.892735
9.9991E-05 0.488882 0.176894 0.334125
0.0660528 0.471564 0.127639 0.334744
9.9982E-05 0.45465 9.9982E-05 0.54515
9.9982E-05 0.178255 9.9982E-05 0.821545
0.00482987 0.609205 0.0908258 0.295139
9.9991E-05 0.265978 0.104407 0.629515
9.998E-05 9.998E-05 9.998E-05 0.9997
0.336817 0.3321 0.228764 0.102319
0.0412646 0.557039 0.0688677 0.332828
