9.9955E-05 0.0200318 9.9955E-05 0.113633 9.9955E-05 0.00671959 0.859116 9.9955E-05 9.9955E-05
9.9955E-05 9.9955E-05 0.0376769 0.0365388 9.9955E-05 9.9955E-05 0.899172 0.0261124 9.9955E-05
0.123439 0.031384 9.9964E-05 0.0758171 9.9964E-05 0.00143835 0.767522 9.9964E-05 9.9964E-05
0.0351778 0.0871396 9.9964E-05 9.9964E-05 9.9964E-05 0.11885 0.744926 0.013507 9.9964E-05
0.00770827 0.0150886 9.9973E-05 9.9973E-05 0.028769 0.0787168 0.834667 9.9973E-05 0.0347504
0.0137154 0.06318 9.9964E-05 9.9964E-05 0.278472 0.0689311 0.575301 9.9964E-05 9.9964E-05
9.9955E-05 9.9955E-05 9.9955E-05 9.9955E-05 0.175855 0.0461906 0.747598 0.0298563 9.9955E-05
9.9955E-05 0.0567397 9.9955E-05 9.9955E-05 0.211867 0.0622032 0.668691 9.9955E-05 9.9955E-05
9.99549E-05 0.047825 0.0603607 0.110166 9.99549E-05 9.99549E-05 0.781148 9.99549E-05 9.99549E-05
9.9955E-05 9.9955E-05 9.9955E-05 9.9955E-05 0.195154 0.0900558 0.64265 9.9955E-05 0.0716399
9.9955E-05 0.0420821 9.9955E-05 9.9955E-05 0.26605 0.00242764 0.688941 9.9955E-05 9.9955E-05
0.0336926 9.9964E-05 0.026747 9.9964E-05 0.0528125 0.0743984 9.9964E-05 0.81195 9.9964E-05
0.448199 0.0425865 9.9982E-05 9.9982E-05 0.011953 0.0216099 0.0244178 0.448117 0.00291755
0.155725 9.9973E-05 9.9973E-05 0.0343679 9.9973E-05 0.0186063 0.0641419 0.675678 0.0511812
0.136633 9.9964E-05 9.9964E-05 0.00255716 9.9964E-05 0.148225 0.00608401 0.706101 9.9964E-05
0.23595 9.9982E-05 9.9982E-05 0.0165854 0.130616 0.195885 0.0680199 0.307131 0.0456123
0.507292 9.9955E-05 9.9955E-05 9.9955E-05 9.9955E-05 0.0862645 0.0680265 0.337917 9.9955E-05
0.284049 9.9982E-05 0.0650667 9.9982E-05 0.10822 0.128804 0.0124656 0.376196 0.0249991
0.175564 9.9964E-05 9.9964E-05 0.0596681 9.9964E-05 0.0705332 0.08852 0.605315 9.9964E-05
9.9955E-05 0.0564866 9.9955E-05 9.9955E-05 0.078482 9.9955E-05 0.0684472 0.796084 9.9955E-05
0.320931 0.0712305 0.0503335 0.025844 9.9982E-05 0.104119 9.9982E-05 0.329057 0.0982847
0.326455 0.0507721 0.127052 0.0513742 0.0949156 0.0301076 9.9991E-05 0.300605 0.0186182
0.515918 9.9955E-05 0.100567 9.9955E-05 9.9955E-05 9.9955E-05 0.108791 0.274224 9.9955E-05
0.101522 9.9955E-05 9.9955E-05 9.9955E-05 0.0806444 0.107182 9.9955E-05 0.710151 9.9955E-05
0.572869 0.0181413 0.0150187 0.0773114 9.9991E-05 0.0401781 0.073327 0.181498 0.0215568
0.364965 9.9955E-05 9.9955E-05 9.9955E-05 9.9955E-05 0.091924 0.074942 0.467669 9.9955E-05
0.0535644 9.9964E-05 9.9964E-05 9.9964E-05 0.0317462 0.0797702 0.0510404 0.783479 9.9964E-05
0.0542098 9.9955E-05 9.9955E-05 0.0233591 9.9955E-05 0.135747 9.9955E-05 0.786185 9.9955E-05
0.00589631 9.9973E-05 9.9973E-05 9.9973E-05 0.0983143 0.0276293 0.0365884 0.825545 0.00572657
0.127503 9.9946E-05 9.9946E-05 9.9946E-05 9.9946E-05 0.0440564 0.827841 9.9946E-05 9.9946E-05
0.173974 9.9937E-05 9.9937E-05 9.9937E-05 9.9937E-05 9.9937E-05 0.825327 9.9937E-05 9.9937E-05
0.171421 9.9955E-05 0.0194064 9.9955E-05 9.9955E-05 0.0177977 0.790875 9.9955E-05 9.9955E-05
0.136832 9.9964E-05 0.0397321 0.0888269 9.9964E-05 0.0382016 0.696008 9.9964E-05 9.9964E-05
0.51616 0.0730795 0.161794 9.9982E-05 0.0280464 9.9982E-05 0.0861698 0.0885177 0.0460325
0.523005 0.0378836 0.277986 0.0236215 9.9964E-05 9.9964E-05 0.137104 9.9964E-05 9.9964E-05
0.463627 9.9955E-05 0.356463 9.9955E-05 9.9955E-05 9.9955E-05 0.123 9.9955E-05 0.0564104
0.0912956 0.26225 0.0932473 9.9973E-05 9.9973E-05 9.9973E-05 0.0879474 0.40693 0.0580305
0.257865 9.9982E-05 0.574627 0.0364333 9.9982E-05 0.00996649 0.0262054 0.0486367 0.0460654
0.40577 0.0597205 0.155359 0.0250191 9.9991E-05 0.123693 0.0128906 0.16767 0.0497783
0.685603 9.9964E-05 0.144025 0.0468888 0.121035 9.9964E-05 0.00204819 9.9964E-05 9.9964E-05
0.484805 0.00474148 0.0758964 9.9973E-05 0.329156 9.9973E-05 0.0546345 0.050467 9.9973E-05
0.619161 0.0802291 0.0765847 9.9973E-05 0.0840115 9.9973E-05 0.0845924 0.0551211 9.9973E-05
0.0720167 0.0219747 0.634499 0.0316496 9.9973E-05 9.9973E-05 0.00737187 0.232188 9.9973E-05
0.458049 9.9973E-05 9.9973E-05 0.00744733 0.311507 0.102123 0.0378379 0.0827367 9.9973E-05
0.480201 9.9964E-05 0.299002 9.9964E-05 0.0999478 0.114365 9.9964E-05 0.00608445 9.9964E-05
0.608183 0.137154 0.0121866 0.108228 9.9973E-05 0.0612245 0.0727239 9.9973E-05 9.9973E-05
0.318506 9.9946E-05 0.624627 9.9946E-05 9.9946E-05 9.9946E-05 9.9946E-05 9.9946E-05 0.056267
0.619562 0.0778467 0.217688 0.0530563 9.9964E-05 9.9964E-05 0.0314467 9.9964E-05 9.9964E-05
0.634318 9.9973E-05 0.122121 0.0583 0.0225194 9.9973E-05 0.0638912 9.9973E-05 0.0985497
9.9946E-05 9.9946E-05 0.727475 0.259307 9.9946E-05 9.9946E-05 9.9946E-05 9.9946E-05 0.0126189
0.0955845 0.206103 0.210624 0.0508445 0.0792357 9.9982E-05 9.9982E-05 0.304136 0.0532721
9.9973E-05 0.0304203 0.14048 0.18401 0.192528 9.9973E-05 9.9973E-05 0.369184 0.0830777
0.446162 0.0120712 9.9991E-05 0.0493588 0.037178 0.102173 0.0576164 0.277215 0.0181248
0.536366 9.9982E-05 9.9982E-05 0.0222085 0.126366 0.0286741 0.104366 0.094944 0.0868765
0.512193 0.0477675 0.0742917 0.0220656 0.108839 0.0617923 0.0237205 0.0513805 0.0979503
0.152401 0.184027 0.202782 0.0799222 9.9982E-05 9.9982E-05 0.0772899 0.288196 0.015182
0.570537 0.157977 0.0345543 0.0351829 0.0549732 9.9982E-05 9.9982E-05 0.137334 0.00924208
0.5699 0.0285385 0.019078 0.0415614 0.108066 0.0361773 0.107571 0.0890083 9.9991E-05
0.329349 0.113185 0.122342 0.057175 0.0661312 9.9991E-05 0.0599098 0.163988 0.0878189
0.0535101 0.126133 0.0795588 0.103045 0.0632318 0.0302233 0.146095 0.397579 0.000624025
0.566041 0.0383325 0.0688959 0.136233 9.9982E-05 9.9982E-05 0.0140299 0.141434 0.0348342
0.410564 0.103099 0.0497263 0.127224 9.9982E-05 9.9982E-05 0.00542323 0.264412 0.0393514
9.9982E-05 0.145695 0.0585077 0.0557589 0.0797615 9.9982E-05 0.00517629 0.5828 0.0721007
0.423118 0.0463191 9.9964E-05 0.0403539 9.9964E-05 9.9964E-05 9.9964E-05 0.453852 0.0359568
0.5386 0.0732432 0.0546783 0.100312 0.0668634 0.00262704 9.9991E-05 0.0186491 0.144927
0.629914 0.0166177 0.00237724 0.0198775 9.9982E-05 9.9982E-05 0.0610427 0.143868 0.126103
0.241156 9.9991E-05 0.0872624 0.0790625 0.148687 0.0301928 0.0137027 0.342837 0.0569992
0.367957 9.9973E-05 0.0377546 0.0878494 0.0586905 0.030431 9.9973E-05 0.417018 9.9973E-05
0.615066 0.114004 9.9973E-05 0.0273951 9.9973E-05 9.9973E-05 0.097536 0.0755271 0.0701724
0.126361 0.113483 0.16138 0.00997831 0.0555418 9.9991E-05 0.0277206 0.43503 0.0704049
0.542302 0.0269027 0.375806 9.9955E-05 9.9955E-05 9.9955E-05 9.9955E-05 0.0544893 9.9955E-05
0.193633 0.00476303 0.636343 9.9973E-05 9.9973E-05 0.0029844 0.0181505 0.143826 9.9973E-05
0.587087 0.0858981 0.0829478 0.00183409 0.0992455 0.0414559 0.101332 9.9982E-05 9.9982E-05
9.9955E-05 9.9955E-05 0.832315 0.0483601 0.0477212 9.9955E-05 9.9955E-05 9.9955E-05 0.071104
0.0439637 9.9991E-05 0.739188 0.0120391 0.00235161 0.0225982 0.00661953 0.110188 0.0629522
0.25562 9.9955E-05 0.685011 0.0449529 9.9955E-05 9.9955E-05 9.9955E-05 9.9955E-05 0.0139161
0.400688 9.9955E-05 0.453297 9.9955E-05 9.9955E-05 9.9955E-05 0.0349504 0.110564 9.9955E-05
0.601422 0.0867655 0.0134463 0.0705161 9.9982E-05 0.00724697 0.182846 9.9982E-05 0.0375573
0.423732 0.0524402 0.440945 0.0561802 9.9973E-05 0.008039 9.9973E-05 0.0183634 9.9973E-05
0.082305 0.0783806 0.681547 9.9973E-05 9.9973E-05 0.0278957 0.0461525 0.0834191 9.9973E-05
0.233938 0.164939 0.492013 9.9973E-05 9.9973E-05 9.9973E-05 0.0223799 0.0647486 0.0216824
0.480269 0.0575315 0.161672 9.9982E-05 9.9982E-05 0.0511423 0.0863836 0.0742679 0.0885333
0.178476 9.9964E-05 0.489267 9.9964E-05 0.0623936 0.0824536 9.9964E-05 0.187009 9.9964E-05
0.389299 0.00432693 0.446482 9.9973E-05 0.0615929 9.9973E-05 0.050412 0.0475876 9.9973E-05
0.334708 9.9964E-05 0.530402 9.9964E-05 0.0313789 9.9964E-05 0.0244917 9.9964E-05 0.0786201
9.9946E-05 9.9946E-05 0.752732 0.159993 9.9946E-05 9.9946E-05 9.9946E-05 9.9946E-05 0.0866755
0.621197 0.0310529 0.288891 0.0115757 9.9964E-05 9.9964E-05 0.0468837 9.9964E-05 9.9964E-05
0.0869838 0.0089504 9.9964E-05 9.9964E-05 9.9964E-05 0.0493579 0.778698 0.0756105 9.9964E-05
0.137291 9.99371E-05 9.99371E-05 9.99371E-05 9.99371E-05 9.99371E-05 0.86201 9.99371E-05 9.99371E-05
0.118676 9.9955E-05 9.9955E-05 0.0119527 9.9955E-05 0.0118387 0.857033 9.9955E-05 9.9955E-05
0.0416768 9.9955E-05 0.00514038 0.0860727 9.9955E-05 9.9955E-05 0.86661 9.9955E-05 9.9955E-05
0.0981319 9.9964E-05 0.0161409 0.00313071 0.0190577 9.9964E-05 0.863139 9.9964E-05 9.9964E-05
0.0570223 9.9973E-05 0.00465354 0.0684436 9.9973E-05 0.0130634 0.804552 9.9973E-05 0.0519647
0.0640563 9.9964E-05 9.9964E-05 0.0471947 0.000531584 0.00636445 0.881453 9.9964E-05 9.9964E-05
0.501848 0.00813331 0.257363 0.0480379 9.9982E-05 0.0478997 0.0281449 0.108373 9.9982E-05
0.51092 0.00403262 0.134969 0.0708458 0.0772828 0.00974179 0.0578205 0.134288 9.9991E-05
9.9955E-05 9.9955E-05 0.704259 9.9955E-05 9.9955E-05 9.9955E-05 0.0322964 0.1914 0.0715447
0.502598 9.9973E-05 9.9973E-05 9.9973E-05 0.0727205 0.0291261 0.0828709 0.169629 0.142756
0.36508 0.0410717 0.349411 9.9973E-05 0.126035 9.9973E-05 0.0312409 0.0868611 9.9973E-05
0.508297 9.9964E-05 0.330447 9.9964E-05 9.9964E-05 0.0358994 0.055323 9.9964E-05 0.0696336
0.501205 9.9964E-05 0.284997 9.9964E-05 0.202353 9.9964E-05 0.00419994 0.00684449 9.9964E-05
0.354278 9.9964E-05 0.466347 9.9964E-05 9.9964E-05 0.0981085 0.0262075 9.9964E-05 0.0546594
9.9964E-05 0.0425259 0.677151 9.9964E-05 9.9964E-05 9.9964E-05 0.0553255 0.21708 0.00751698
0.541212 0.0220333 0.0440626 0.00111214 9.9991E-05 0.0280258 0.15386 0.0619591 0.147635
0.617661 0.0140759 0.147745 9.9973E-05 0.0662682 9.9973E-05 0.0662635 0.0876856 9.9973E-05
0.606072 0.132014 0.0666549 0.0504623 0.0287537 0.0418321 0.0102052 0.0639051 9.9991E-05
0.269146 9.9982E-05 0.499629 0.108626 0.00836459 9.9982E-05 0.0268358 0.00100131 0.086198
0.467249 9.9964E-05 0.444689 9.9964E-05 9.9964E-05 0.00663438 0.0245939 9.9964E-05 0.0564346
0.436523 0.0339831 0.327765 9.9964E-05 0.0201197 9.9964E-05 9.9964E-05 0.181209 9.9964E-05
0.328078 9.9964E-05 0.537303 9.9964E-05 0.0227862 0.0443764 9.9964E-05 9.9964E-05 0.0670561
0.356858 0.0526038 0.385358 9.9964E-05 9.9964E-05 9.9964E-05 0.0608658 0.143914 9.9964E-05
0.471869 9.9964E-05 0.176493 0.0775254 9.9964E-05 9.9964E-05 0.0972578 0.176456 9.9964E-05
0.166456 0.0803137 9.9964E-05 0.184649 9.9964E-05 9.9964E-05 9.9964E-05 0.34598 0.222201
0.387692 0.162245 0.0194343 0.0641849 0.0725105 9.9982E-05 0.0451954 0.248538 9.9982E-05
0.487004 0.0944393 0.0403062 9.9991E-05 0.0328404 0.0902412 0.0854191 0.134651 0.0349985
0.578573 0.057329 0.0376541 9.9982E-05 0.0844242 9.9982E-05 0.102155 0.0582839 0.0813806
0.43751 0.0990216 9.9973E-05 9.9973E-05 9.9973E-05 0.00742907 0.0570793 0.375763 0.0228972
0.555301 0.103134 0.0205984 9.9982E-05 0.0538096 0.00512886 0.0125892 0.249239 9.9982E-05
0.463412 0.136093 9.9973E-05 9.9973E-05 9.9973E-05 0.00784354 0.0429441 0.316486 0.0329216
0.534676 0.0624594 0.18005 0.10502 9.9982E-05 9.9982E-05 0.0194815 0.0375645 0.0605479
0.479206 0.0884244 0.112517 9.9982E-05 0.0679527 0.112689 0.0399566 0.0990542 9.9982E-05
0.529216 0.00584572 0.0285372 9.9991E-05 0.100412 0.0182194 0.00942372 0.204928 0.103318
0.485996 0.139647 0.0247724 0.060872 9.9964E-05 9.9964E-05 9.9964E-05 0.288313 9.9964E-05
0.639706 0.181198 9.9973E-05 0.0617253 0.0504396 0.0176728 9.9973E-05 9.9973E-05 0.0489582
0.627319 0.0975145 9.9973E-05 0.0462869 9.9973E-05 0.0251154 0.0986626 9.9973E-05 0.104801
0.554356 0.158677 0.0366609 9.9973E-05 9.9973E-05 0.00501949 9.9973E-05 0.160553 0.0844333
0.641045 0.14708 0.00251249 0.0688538 9.9982E-05 9.9982E-05 0.0176467 0.118515 0.0041471
0.533909 0.15869 9.9973E-05 0.0638968 9.9973E-05 0.0261558 9.9973E-05 0.106149 0.110901
0.262893 0.0304491 9.9982E-05 0.0904411 0.0314658 9.9982E-05 0.0894996 0.352659 0.142393
0.612108 0.108471 0.0258255 0.0446768 9.9973E-05 9.9973E-05 9.9973E-05 0.161072 0.0475467
0.693244 0.123279 9.9964E-05 0.119903 0.00331228 9.9964E-05 9.9964E-05 9.9964E-05 0.0598619
0.180848 0.126101 0.182699 0.011152 0.0280909 0.0802928 0.00455881 0.341813 0.0444445
0.132287 0.169418 0.0954876 0.143882 9.9973E-05 9.9973E-05 9.9973E-05 0.228259 0.230368
0.527927 0.117857 0.0832737 0.0190691 0.094989 9.9982E-05 0.0346961 0.121988 9.9982E-05
0.0393323 0.225765 0.165589 0.0616421 0.0668288 0.06093 9.9991E-05 0.086844 0.292968
0.202275 0.104923 0.0364201 9.9982E-05 0.0165786 9.9982E-05 0.10174 0.485093 0.0527708
0.405936 0.154221 0.137326 9.9973E-05 9.9973E-05 9.9973E-05 0.00566021 0.187033 0.109524
0.329782 0.128487 0.0665826 9.9982E-05 0.050813 9.9982E-05 0.0501665 0.331761 0.0422086
0.205507 0.176378 0.0582128 9.9982E-05 0.0213096 0.00216921 9.9982E-05 0.450302 0.0859213
0.488085 0.0979883 0.155148 9.9991E-05 0.0588772 0.0773464 0.0448653 0.0550644 0.0225248
0.463129 0.111444 0.100034 9.9982E-05 0.0931485 0.0438153 0.092953 9.9982E-05 0.095276
0.483768 0.0548629 0.0557556 0.0569961 9.9973E-05 9.9973E-05 9.9973E-05 0.205267 0.143051
0.0968024 0.209844 0.12125 0.139411 0.145819 0.00224577 9.9991E-05 0.179497 0.105031
0.45311 0.105188 0.170667 0.124959 0.11873 9.9973E-05 0.0270475 9.9973E-05 9.9973E-05
0.406796 0.00887165 0.0573666 0.0885004 0.284782 0.0241884 9.9982E-05 0.129296 9.9982E-05
9.9982E-05 0.0128339 0.122992 0.159273 0.459169 9.9982E-05 0.0756102 0.0549418 0.114981
0.5479 9.9982E-05 0.0671106 9.9982E-05 0.103128 0.037423 0.134481 0.0868585 0.0228987
0.22504 0.118306 0.244426 0.189905 0.146693 0.0753299 9.9973E-05 9.9973E-05 9.9973E-05
0.439454 0.0959127 0.0804887 0.171837 0.0357478 9.9991E-05 0.0494107 0.0794082 0.0476412
0.257651 0.173251 0.0655655 0.191705 0.235874 9.9982E-05 0.00624648 9.9982E-05 0.0695069
0.114855 0.116243 0.0268855 0.103995 0.393745 9.9991E-05 0.0173691 0.143235 0.083573
0.378518 0.0964401 0.10425 0.0643649 0.183538 9.9982E-05 9.9982E-05 0.0382592 0.134429
0.45782 9.9973E-05 0.0802695 0.0753293 0.136785 9.9973E-05 0.0721339 0.177363 9.9973E-05
0.309452 0.110384 0.0361515 0.0593917 0.128591 0.127034 0.0719328 0.156963 9.9991E-05
9.9982E-05 0.0208963 0.175258 0.227199 0.203221 0.119513 9.9982E-05 0.176758 0.076955
0.527842 0.054195 0.0586034 0.0558163 9.9991E-05 0.0445631 0.09715 0.0598612 0.101869
0.270497 0.0262675 0.238047 0.0636461 0.336331 9.9982E-05 9.9982E-05 0.0553527 0.00965911
0.375583 0.0636384 0.0817624 0.0697904 0.240536 9.9982E-05 9.9982E-05 0.0923911 0.0760983
0.503212 0.105572 0.01801 0.160306 9.9982E-05 9.9982E-05 0.0649539 0.103293 0.0444533
0.145559 9.9973E-05 9.9973E-05 0.179547 0.18803 0.177004 0.252754 0.0568073 9.9973E-05
9.9973E-05 0.0202298 9.9973E-05 0.462315 0.0523728 0.0687091 0.390501 9.9973E-05 0.00557237
9.9964E-05 9.9964E-05 9.9964E-05 0.432511 0.0916193 0.0906104 0.327562 9.9964E-05 0.0572973
0.0593388 9.9973E-05 9.9973E-05 0.265404 0.0714301 0.279095 0.302906 0.021526 9.9973E-05
0.593926 9.9955E-05 0.0205007 0.0306557 0.354418 9.9955E-05 9.9955E-05 9.9955E-05 9.9955E-05
0.519836 0.0471094 0.099947 0.0513289 0.0886674 0.0576621 0.0272088 9.9991E-05 0.10814
0.307693 9.9946E-05 9.9946E-05 9.9946E-05 9.9946E-05 0.628173 9.9946E-05 0.0635347 9.9946E-05
0.274044 9.9955E-05 0.109439 9.9955E-05 9.9955E-05 0.464729 9.9955E-05 0.151288 9.9955E-05
0.247614 0.0394026 9.9991E-05 0.0656319 0.112873 0.394917 0.0575904 0.0223175 0.0595536
0.198514 9.9982E-05 0.124008 0.019115 0.480241 0.0116891 9.9982E-05 0.0270828 0.13915
0.528184 0.0809643 0.0744377 0.0385607 0.174443 0.00967233 9.9982E-05 9.9982E-05 0.0935379
0.108875 9.9973E-05 0.0626523 0.0668497 0.586125 9.9973E-05 9.9973E-05 0.0352389 0.139959
0.544078 9.9964E-05 0.0290851 0.0772371 0.266616 9.9964E-05 9.9964E-05 9.9964E-05 0.0825841
0.387246 9.9982E-05 0.0847004 0.0443991 0.218362 9.9982E-05 0.054881 0.0723742 0.137838
0.524904 9.9955E-05 9.9955E-05 0.0249855 0.357095 9.9955E-05 9.9955E-05 9.9955E-05 0.0925154
0.0825447 0.018142 0.142301 0.0596514 0.48384 9.9982E-05 9.9982E-05 0.105328 0.107993
0.601187 0.0475267 0.106024 9.9964E-05 0.138098 0.106764 9.9964E-05 9.9964E-05 9.9964E-05
0.49147 0.0252181 0.0181135 0.109549 0.221305 9.9973E-05 9.9973E-05 9.9973E-05 0.134045
0.0258209 9.9946E-05 9.9946E-05 9.9946E-05 9.9946E-05 0.941684 9.9946E-05 9.9946E-05 0.0318954
0.0181265 9.9955E-05 0.00121849 9.9955E-05 0.0520743 0.928081 9.9955E-05 9.9955E-05 9.9955E-05
0.178618 0.0446431 0.0282452 9.9982E-05 0.0986977 0.601264 0.0216865 0.0266448 9.9982E-05
0.260019 0.028396 9.9946E-05 9.9946E-05 9.9946E-05 0.710986 9.9946E-05 9.9946E-05 9.9946E-05
0.0423735 0.00282674 0.0457354 9.9964E-05 0.11679 0.791875 9.9964E-05 9.9964E-05 9.9964E-05
9.9937E-05 9.9937E-05 9.9937E-05 0.0062273 9.9937E-05 0.993073 9.9937E-05 9.9937E-05 9.9937E-05
9.9955E-05 0.0581963 9.9955E-05 0.0291538 9.9955E-05 0.909616 0.00253436 9.9955E-05 9.9955E-05
0.197082 9.9946E-05 9.9946E-05 9.9946E-05 9.9946E-05 0.795172 9.9946E-05 0.00714592 9.9946E-05
9.9937E-05 9.9937E-05 9.9937E-05 9.9937E-05 9.9937E-05 0.963722 9.9937E-05 0.0355782 9.9937E-05
9.9937E-05 9.9937E-05 9.9937E-05 9.9937E-05 0.00674948 0.992551 9.9937E-05 9.9937E-05 9.9937E-05
9.993E-05 9.993E-05 9.993E-05 9.993E-05 9.993E-05 0.999201 9.993E-05 9.993E-05 9.993E-05
0.151328 9.9973E-05 9.9973E-05 9.9973E-05 0.00158343 0.720445 0.0264821 0.061666 0.0381955
0.117657 9.9973E-05 9.9973E-05 0.0345731 0.0424168 0.728159 0.0490841 0.0278096 9.9973E-05
9.9937E-05 9.9937E-05 0.0220452 9.9937E-05 9.9937E-05 0.977255 9.9937E-05 9.9937E-05 9.9937E-05
0.175826 0.0828401 0.114062 9.9973E-05 0.116908 0.45196 0.0581039 9.9973E-05 9.9973E-05
0.275518 0.0928803 0.00772653 9.9964E-05 9.9964E-05 0.593923 9.9964E-05 9.9964E-05 0.0295531
0.187494 9.9955E-05 9.9955E-05 0.123555 9.9955E-05 0.679823 9.9955E-05 0.00862884 9.9955E-05
0.0783541 9.9955E-05 9.9955E-05 9.9955E-05 9.9955E-05 0.878908 0.0122346 0.0300032 9.9955E-05
0.0237428 9.9946E-05 9.9946E-05 0.0340262 9.9946E-05 0.941631 9.9946E-05 9.9946E-05 9.9946E-05
0.101595 9.9955E-05 9.9955E-05 0.079942 9.9955E-05 0.778744 0.0392194 9.9955E-05 9.9955E-05
9.9937E-05 9.9937E-05 9.9937E-05 9.9937E-05 0.0277757 0.971525 9.9937E-05 9.9937E-05 9.9937E-05
0.286304 0.0007109 0.0258491 9.9973E-05 0.0785005 0.562467 9.9973E-05 0.0458693 9.9973E-05
0.00532224 9.9964E-05 9.9964E-05 9.9964E-05 0.0109446 0.890708 9.9964E-05 0.0565109 0.0361146
9.9955E-05 9.9955E-05 9.9955E-05 0.262159 0.492414 9.9955E-05 0.200096 9.9955E-05 0.0448312
0.302741 0.0384891 9.9982E-05 0.0596255 0.280737 0.0616398 0.194888 0.0616799 9.9982E-05
0.367484 0.050114 9.9973E-05 0.045904 0.223644 0.087207 0.225347 9.9973E-05 9.9973E-05
0.188481 0.0248177 9.9982E-05 0.272885 0.341334 0.0163625 0.152568 9.9982E-05 0.00335103
0.411762 0.0814985 9.9982E-05 0.138996 0.117316 0.0923891 0.0740557 9.9982E-05 0.0837825
0.156427 9.9991E-05 0.0031581 0.248299 0.361727 0.0202782 0.145952 0.0188327 0.045226
0.388886 9.9982E-05 9.9982E-05 0.117438 0.196524 0.0843621 0.108586 0.0138655 0.0901381
0.141184 9.9973E-05 0.0667703 0.0691974 0.397805 0.269456 0.0552877 9.9973E-05 9.9973E-05
0.375258 0.00143482 9.9973E-05 9.9973E-05 0.167917 0.0731449 0.22045 9.9973E-05 0.161495
0.319054 9.9964E-05 9.9964E-05 0.0994699 0.294759 0.174444 0.111872 9.9964E-05 9.9964E-05
0.355604 9.9991E-05 0.11624 0.0990167 0.144065 0.0691563 0.152279 0.0261815 0.0373583
0.0767325 0.0529165 9.9973E-05 0.0129961 0.0417536 9.9973E-05 0.766246 9.9973E-05 0.0490551
9.9973E-05 0.0102097 0.00800162 0.03396 9.9973E-05 0.0534345 0.879967 9.9973E-05 0.0141273
9.9946E-05 0.0273581 9.9946E-05 0.0733451 9.9946E-05 9.9946E-05 0.898697 9.9946E-05 9.9946E-05
0.0200962 0.0172652 0.0181048 9.9955E-05 9.9955E-05 9.9955E-05 0.944034 9.9955E-05 9.9955E-05
0.0334184 0.0257982 9.9973E-05 0.136856 9.9973E-05 0.00151474 0.778974 0.0231389 9.9973E-05
9.9946E-05 9.9946E-05 9.9946E-05 0.140854 9.9946E-05 0.0533168 0.805229 9.9946E-05 9.9946E-05
0.0287113 9.9964E-05 9.9964E-05 0.0143302 9.9964E-05 0.0888537 0.864008 0.00369725 9.9964E-05
9.9964E-05 0.0379058 0.0306412 0.154836 9.9964E-05 9.9964E-05 0.772032 0.00418454 9.9964E-05
0.0300966 9.9955E-05 0.00254747 0.10474 9.9955E-05 9.9955E-05 0.862116 9.9955E-05 9.9955E-05
0.0312223 9.9964E-05 9.9964E-05 0.092968 9.9964E-05 0.0579262 0.81104 9.9964E-05 0.00644331
9.9964E-05 0.0903851 0.0600638 9.9964E-05 9.9964E-05 9.9964E-05 0.589523 0.193678 0.06595
9.9955E-05 0.222965 9.9955E-05 0.0848211 9.9955E-05 9.9955E-05 0.537562 0.154152 9.9955E-05
9.9964E-05 0.0861938 9.9964E-05 0.121572 9.9964E-05 9.9964E-05 0.473847 0.213648 0.10434
9.9973E-05 0.0927484 0.0534768 9.9973E-05 0.0494701 9.9973E-05 0.473274 0.295885 0.0348456
0.448182 0.0483083 0.228087 0.0396273 0.0293581 9.9982E-05 9.9982E-05 0.13861 0.0676268
0.463945 0.0659443 0.254623 9.9982E-05 0.0379561 0.0194463 9.9982E-05 0.041363 0.116523
0.387748 0.00777138 0.232287 9.9982E-05 0.103532 0.110277 9.9982E-05 0.157036 0.00114819
0.377331 0.0975672 0.149357 0.0955204 9.9973E-05 9.9973E-05 9.9973E-05 0.17722 0.102704
0.133587 0.252176 0.0298565 9.9964E-05 9.9964E-05 9.9964E-05 9.9964E-05 0.485317 0.0986629
0.582983 0.00414241 0.140943 9.9982E-05 0.127434 0.074582 0.0172163 0.0524991 9.9982E-05
0.598267 0.0777955 0.211286 9.9973E-05 9.9973E-05 0.018383 9.9973E-05 0.0891358 0.00483276
0.477116 0.0192558 0.302617 0.0313245 0.103434 9.9973E-05 9.9973E-05 0.0659527 9.9973E-05
0.267675 9.9964E-05 0.56475 9.9964E-05 0.0555913 0.0403397 9.9964E-05 9.9964E-05 0.0712442
0.570924 0.0927038 0.132892 0.0391914 0.0635183 9.9982E-05 0.0456062 9.9982E-05 0.0549642
0.365916 0.0648994 0.316815 9.9973E-05 0.0885236 9.9973E-05 9.9973E-05 0.0638688 0.0996769
9.9946E-05 0.0786268 0.668987 9.9946E-05 9.9946E-05 9.9946E-05 9.9946E-05 9.9946E-05 0.251786
0.487858 0.105425 0.107939 9.9991E-05 0.00442349 0.0482223 0.0384573 0.106555 0.10102
0.233816 9.9964E-05 0.525475 0.0757834 0.069623 9.9964E-05 9.9964E-05 9.9964E-05 0.0949028
0.525148 9.9964E-05 0.3557 0.0294264 0.0368264 9.9964E-05 9.9964E-05 9.9964E-05 0.0524993
0.0681437 0.0579746 0.602136 9.9973E-05 9.9973E-05 9.9973E-05 0.0829365 0.177093 0.0114156
9.9964E-05 0.752478 0.00656741 0.0322198 0.152759 9.9964E-05 0.055576 9.9964E-05 9.9964E-05
0.00482963 0.757567 9.9964E-05 9.9964E-05 0.19442 0.00059958 0.0421842 9.9964E-05 9.9964E-05
9.9946E-05 0.827174 9.9946E-05 9.9946E-05 0.145362 9.9946E-05 9.9946E-05 9.9946E-05 0.0268643
9.9964E-05 0.752783 0.034477 9.9964E-05 0.118085 9.9964E-05 0.0733372 9.9964E-05 0.0209176
0.0275772 0.753263 9.9955E-05 9.9955E-05 0.18326 0.0353995 9.9955E-05 9.9955E-05 9.9955E-05
0.043351 0.828374 9.9955E-05 9.9955E-05 0.054278 0.0734969 9.9955E-05 9.9955E-05 9.9955E-05
0.117678 9.9946E-05 9.9946E-05 0.0345003 9.9946E-05 9.9946E-05 0.847222 9.9946E-05 9.9946E-05
0.0953253 0.0343392 9.9973E-05 0.00903323 9.9973E-05 0.0227612 0.794803 0.043438 9.9973E-05
0.103238 9.9955E-05 9.9955E-05 9.9955E-05 0.065052 0.123629 0.707581 9.9955E-05 9.9955E-05
0.0151653 9.9964E-05 9.9964E-05 0.00370291 9.9964E-05 0.111501 0.740032 0.129199 9.9964E-05
0.0996793 9.9964E-05 9.9964E-05 0.00958954 0.0212873 0.0742232 0.794821 9.9964E-05 9.9964E-05
9.9955E-05 0.451262 0.0701133 9.9955E-05 0.0880439 9.9955E-05 0.390081 9.9955E-05 9.9955E-05
9.9964E-05 0.376172 0.0324249 9.9964E-05 0.0407825 9.9964E-05 0.456954 9.9964E-05 0.0932666
9.9955E-05 0.426404 0.0160929 9.9955E-05 9.9955E-05 9.9955E-05 0.432392 9.9955E-05 0.124612
0.150055 9.9946E-05 9.9946E-05 9.9946E-05 9.9946E-05 9.9946E-05 0.827071 0.0222744 9.9946E-05
9.9964E-05 0.50214 0.0531596 9.9964E-05 0.0550315 9.9964E-05 0.337484 9.9964E-05 0.0517852
0.265066 0.0526966 9.99796E-05 0.283916 9.99796E-05 0.314003 0.0368039 9.99796E-05 0.0472139
0.511414 0.0822822 9.9973E-05 9.9973E-05 0.0311595 0.218204 0.151927 9.9973E-05 0.00471302
0.555696 9.9964E-05 9.9964E-05 0.0328691 0.00837796 0.177443 0.225214 9.9964E-05 9.9964E-05
0.319938 0.0916043 9.9973E-05 0.165081 0.0685551 0.212074 0.142447 9.9973E-05 9.9973E-05
0.421181 0.144394 0.0470965 9.9991E-05 0.0456675 0.175993 0.081106 0.0517555 0.0327061
9.9955E-05 9.9955E-05 9.9955E-05 0.322962 0.0571318 0.271405 0.348002 9.9955E-05 9.9955E-05
0.340307 0.133702 0.147966 9.9973E-05 0.0795074 9.9973E-05 9.9973E-05 0.243727 0.0544912
0.329379 0.0986129 0.129236 0.0963611 0.0577021 9.9982E-05 9.9982E-05 0.163976 0.124533
0.153268 0.157674 9.9964E-05 9.9964E-05 9.9964E-05 9.9964E-05 0.0983824 0.574086 0.0161892
0.445392 0.140927 0.0446057 0.0410183 9.9973E-05 9.9973E-05 9.9973E-05 0.0525894 0.275168
9.9964E-05 0.0441529 0.236219 0.192517 9.9964E-05 9.9964E-05 9.9964E-05 0.130121 0.39659
0.477946 0.0616827 0.00126203 0.134488 0.0431452 9.9982E-05 0.0250442 0.256232 9.9982E-05
0.422124 0.0761703 0.0848443 0.00115499 0.0349586 9.9991E-05 0.0564694 0.157453 0.166725
0.230442 0.100798 9.9964E-05 9.9964E-05 0.0880903 9.9964E-05 9.9964E-05 0.505303 0.0749672
0.52648 0.121471 9.9982E-05 9.9982E-05 0.0563304 0.0280961 0.0943345 0.117401 0.0556869
0.00369975 9.9973E-05 0.159983 0.190348 0.0374959 9.9973E-05 9.9973E-05 0.485508 0.122664
0.472617 0.131571 9.9973E-05 0.107632 0.130568 0.00500298 9.9973E-05 9.9973E-05 0.152309
0.494354 0.265877 0.0267898 0.0412773 0.0128975 0.0206878 0.00257595 0.0587798 0.0767609
0.3831 0.0603548 0.0752812 0.124619 0.0719197 0.167468 0.067773 0.0493838 9.9991E-05
0.273164 0.0835446 0.124559 0.0683615 0.0126191 9.9982E-05 9.9982E-05 0.264484 0.173068
0.445719 0.136748 0.0642325 0.0289968 9.9973E-05 9.9973E-05 9.9973E-05 0.241148 0.082855
0.434109 9.9982E-05 0.157586 0.0621318 0.0693148 0.0437151 9.9982E-05 0.169272 0.0636722
0.520598 0.155984 0.0662856 0.0847991 0.00895434 9.9991E-05 0.010527 0.0376124 0.115139
0.601 0.166652 9.9973E-05 0.067717 0.101277 0.0326799 9.9973E-05 9.9973E-05 0.0303737
0.452147 0.0974381 0.182913 0.020194 9.9982E-05 9.9982E-05 0.122515 0.117018 0.00757515
0.59046 0.101363 0.0861031 0.117695 9.9973E-05 9.9973E-05 0.0505366 0.0535428 9.9973E-05
0.156125 0.00114609 9.9955E-05 9.9955E-05 9.9955E-05 0.0948609 0.747368 9.9955E-05 9.9955E-05
0.0729743 9.9973E-05 0.0211216 9.9973E-05 0.00337429 0.0745813 0.808193 9.9973E-05 0.0194557
0.0373092 0.0766837 0.0167263 0.0221625 0.0756313 0.0339172 0.732883 9.9991E-05 0.00458657
9.9964E-05 9.9964E-05 0.123628 0.00909954 9.9964E-05 0.0583882 0.780563 9.9964E-05 0.0279215
0.126603 9.9955E-05 9.9955E-05 9.9955E-05 9.9955E-05 0.0531524 0.805933 9.9955E-05 0.0138117
0.114902 0.175576 0.00279676 0.132967 9.9964E-05 9.9964E-05 9.9964E-05 0.573359 9.9964E-05
0.510036 0.0983013 0.00338006 0.0138098 0.00875358 0.0176321 9.9991E-05 0.144009 0.203978
0.414126 0.000935463 0.00117684 0.139656 0.196946 0.0626854 0.136671 0.0477034 9.9991E-05
0.544283 0.108988 0.0453487 0.0720712 9.9982E-05 0.0598762 9.9982E-05 0.163126 0.00610673
0.484841 0.0320245 0.162862 0.0724637 9.9964E-05 9.9964E-05 9.9964E-05 0.247409 9.9964E-05
0.296317 0.207699 9.9964E-05 0.172908 9.9964E-05 9.9964E-05 9.9964E-05 0.127205 0.195471
9.9964E-05 0.260575 0.0249861 0.204983 9.9964E-05 9.9964E-05 0.0189884 0.490068 9.9964E-05
0.482066 0.18719 9.9955E-05 9.9955E-05 9.9955E-05 9.9955E-05 9.9955E-05 0.229569 0.100674
0.0855345 0.173646 0.0111649 9.9991E-05 0.0890501 0.0580655 0.0598977 0.375944 0.146597
0.459742 0.0819919 0.105922 0.0523376 0.115114 0.012468 0.00188441 0.120315 0.0502248
0.0259451 0.147404 0.0402126 0.0513845 9.9982E-05 9.9982E-05 0.121917 0.513974 0.0989627
0.544602 0.128851 0.0564023 9.9982E-05 0.0417834 0.050993 0.130068 0.0471015 9.9982E-05
0.124261 0.153942 0.02385 0.0484793 9.9982E-05 9.9982E-05 0.0729719 0.447416 0.128879
0.375286 0.0904582 0.0181383 0.0922469 0.028534 9.9991E-05 0.0352834 0.297233 0.06272
0.417802 0.0957434 0.107027 0.0276024 0.260879 0.0398694 0.0394783 0.00814199 0.00345646
0.145884 9.9964E-05 9.9964E-05 9.9964E-05 0.613292 9.9964E-05 0.0142269 0.105612 0.120585
0.46125 9.9964E-05 0.0427125 9.9964E-05 0.390886 9.9964E-05 0.0162242 0.088527 9.9964E-05
0.421331 9.9982E-05 0.0746911 9.9982E-05 0.247645 0.0609474 0.153185 0.0275429 0.0144566
0.245167 0.0244113 0.0435194 0.0123214 0.610455 9.9982E-05 9.9982E-05 0.00222111 0.0617042
0.417968 9.9982E-05 0.134592 9.9982E-05 0.236649 0.0281942 0.0759059 0.0669769 0.0395139
0.452588 0.0154813 0.0712845 0.042369 0.287311 9.9982E-05 0.0541671 9.9982E-05 0.0765995
9.9955E-05 9.9955E-05 0.185272 0.0264175 0.644968 9.9955E-05 9.9955E-05 9.9955E-05 0.142844
0.159302 0.0168938 0.0637201 0.14015 0.61232 9.9973E-05 9.9973E-05 9.9973E-05 0.00731477
0.467248 0.0590814 0.0257304 0.0232732 0.369304 9.9982E-05 0.00627617 9.9982E-05 0.048887
0.0300922 0.0657662 0.091867 0.00660736 0.674311 9.9982E-05 9.9982E-05 0.083555 0.0476008
0.344899 0.0338296 0.0837746 0.00807994 0.388042 9.9973E-05 9.9973E-05 0.141074 9.9973E-05
0.0458373 0.267674 0.129823 0.0586447 9.9982E-05 9.9982E-05 0.00686061 0.490737 0.000222726
0.251438 0.124499 0.0680807 0.0703474 9.9973E-05 9.9973E-05 9.9973E-05 0.246389 0.238946
0.285526 0.137162 0.0972422 9.9973E-05 9.9973E-05 9.9973E-05 0.0358152 0.392292 0.0516622
0.618339 0.0480327 0.0471868 0.0803806 9.9982E-05 0.00902935 9.9982E-05 0.165819 0.0310124
0.156976 0.178685 0.119035 9.9955E-05 9.9955E-05 9.9955E-05 9.9955E-05 0.544804 9.9955E-05
0.472737 0.15647 9.9982E-05 0.0863046 0.0252842 0.0824483 9.9982E-05 0.0759667 0.100589
0.523859 0.0958384 9.9982E-05 0.0538588 0.120076 0.0624655 0.00507359 0.138629 9.9982E-05
0.424271 0.0449711 0.0756814 0.019527 0.0438076 0.0541631 9.9991E-05 0.319911 0.0175675
0.525894 0.164004 9.9964E-05 0.0592583 9.9964E-05 9.9964E-05 9.9964E-05 0.146471 0.103973
0.338415 0.106014 0.185312 9.9973E-05 0.0392021 0.0613876 9.9973E-05 0.269369 9.9973E-05
0.163439 0.22909 0.117457 9.9964E-05 9.9964E-05 0.0659812 9.9964E-05 0.423634 9.9964E-05
0.300687 0.226287 0.0495132 9.9982E-05 0.0564191 0.0298599 9.9982E-05 0.306047 0.0309869
0.613067 0.153005 0.0251038 0.00636331 0.0231016 0.0395557 9.9991E-05 0.0638675 0.075836
0.568623 0.160275 0.0954385 0.0371007 9.9991E-05 0.0199823 0.0379772 0.0676775 0.0128259
0.464449 0.1871 9.9982E-05 0.096117 0.0353613 9.9982E-05 0.0128799 0.1141 0.0897929
0.481957 0.0960053 9.9964E-05 9.9964E-05 9.9964E-05 0.0541578 9.9964E-05 0.20256 0.16492
0.283165 0.209495 9.9973E-05 0.0709555 0.072094 9.9973E-05 0.0542384 0.309752 9.9973E-05
0.454307 0.0578004 0.0625047 0.0331632 9.9991E-05 0.0447431 0.0245267 0.221091 0.101764
0.422386 0.12667 0.0104845 9.9973E-05 9.9973E-05 0.0964365 9.9973E-05 0.2405 0.103223
0.48509 0.0643867 0.153471 9.9991E-05 0.0347438 0.0437921 0.0572667 0.104813 0.0563366
0.381305 9.9982E-05 0.0203095 0.042133 0.0822812 0.128151 0.287449 0.0581713 9.9982E-05
0.390881 0.0329467 0.112905 0.137109 9.9982E-05 0.228174 0.0624994 0.0352849 9.9982E-05
0.528788 0.00750228 0.0705052 0.082112 0.0378635 0.0954926 0.0871272 0.0905089 9.9991E-05
0.580003 9.9982E-05 9.9982E-05 0.0704456 0.00562047 0.0497155 0.0779598 0.130071 0.0859853
0.468599 9.9982E-05 0.0549346 0.0612895 9.9982E-05 0.158831 0.174658 0.0597867 0.0217012
0.380099 9.9955E-05 9.9955E-05 9.9955E-05 0.182351 9.9955E-05 9.9955E-05 0.287735 0.149315
0.516699 9.9982E-05 0.0165688 0.110111 0.00209336 0.106215 0.127434 0.12068 9.9982E-05
0.0397455 9.9982E-05 0.117258 0.45079 0.104805 0.0641205 0.0657115 0.15737 9.9982E-05
0.410647 0.0307049 0.0415781 0.128404 0.0269409 0.190194 0.00703273 0.152172 0.0123276
0.570746 0.0242727 0.0603186 0.0279208 9.9982E-05 0.0215727 0.11293 9.9982E-05 0.182039
0.479813 0.0527708 9.9991E-05 0.0235147 0.0335594 0.192833 0.0302897 0.0894716 0.0976483
0.312652 0.0356146 0.0413031 0.274988 0.0122471 0.0489017 0.0467856 0.21543 0.0120781
0.469744 9.9973E-05 9.9973E-05 0.137604 0.00519661 0.12204 0.13684 0.128276 9.9973E-05
0.518924 9.9982E-05 9.9982E-05 0.109952 0.0283085 0.142262 0.0884457 0.013845 0.0980627
9.9964E-05 9.9964E-05 0.0402848 0.60494 9.9964E-05 0.108548 0.241703 9.9964E-05 0.00412447
0.497822 9.9964E-05 9.9964E-05 0.0598389 9.9964E-05 0.181036 0.17492 0.0859833 9.9964E-05
0.568051 0.000264278 9.9973E-05 0.0160259 9.9973E-05 0.171462 0.144698 9.9973E-05 0.0991988
0.429406 0.00854228 0.0372808 0.0807084 0.0934637 0.148086 0.0572378 0.145175 9.9991E-05
0.553642 9.9964E-05 9.9964E-05 0.150145 9.9964E-05 0.181348 0.0994051 9.9964E-05 0.0150602
0.569731 9.9982E-05 0.0192814 0.068909 0.0786218 0.0870422 0.076006 9.9982E-05 0.100208
0.396742 0.0297905 0.000294447 0.0259346 9.9982E-05 0.108914 0.0117612 9.9982E-05 0.426364
0.472839 9.9982E-05 0.140813 0.0725064 0.017562 9.9982E-05 0.0683485 0.00751166 0.22022
9.9955E-05 9.9955E-05 0.127429 9.9955E-05 0.0489622 9.9955E-05 9.9955E-05 0.0829216 0.740187
9.9964E-05 0.0429477 0.0265476 9.9964E-05 0.0345256 9.9964E-05 9.9964E-05 0.0561739 0.839405
0.490728 0.0259823 0.00585266 9.9991E-05 0.0445971 0.0248019 0.0193099 0.0943828 0.294246
0.340429 9.9973E-05 9.9973E-05 0.198328 0.106618 0.271563 9.9973E-05 0.0495591 0.0332042
0.404403 9.9964E-05 9.9964E-05 0.155709 9.9964E-05 0.224322 0.0374923 9.9964E-05 0.177674
0.182312 9.9973E-05 9.9973E-05 0.211876 9.9973E-05 0.263502 0.164379 0.0257115 0.15192
0.22162 9.9973E-05 9.9973E-05 0.126327 9.9973E-05 0.261294 0.140166 0.113696 0.136597
0.0742999 9.9955E-05 9.9955E-05 0.234067 0.0785698 9.9955E-05 9.9955E-05 9.9955E-05 0.612564
0.198984 9.9964E-05 9.9964E-05 0.247586 9.9964E-05 0.0283068 0.0125555 9.9964E-05 0.512169
0.476862 0.0077898 9.9973E-05 0.015903 9.9973E-05 0.119274 0.0233407 9.9973E-05 0.356531
0.423263 9.9955E-05 9.9955E-05 9.9955E-05 9.9955E-05 0.106034 0.0194749 9.9955E-05 0.450729
0.139243 9.9964E-05 9.9964E-05 0.0875161 9.9964E-05 0.0859602 0.0352127 9.9964E-05 0.651668
0.500871 0.0362896 9.9973E-05 0.0393933 9.9973E-05 0.059347 9.9973E-05 0.0296295 0.33417
0.454384 9.9964E-05 9.9964E-05 0.0114474 0.0642243 0.13491 9.9964E-05 9.9964E-05 0.334634
0.449099 0.0590029 0.00752589 0.0712074 0.0629506 0.0597987 0.0583808 0.0135066 0.218528
0.260889 0.0381636 9.9964E-05 9.9964E-05 9.9964E-05 9.9964E-05 0.0208188 0.0799989 0.59973
0.330078 9.9982E-05 0.0266102 0.0520331 0.0123423 0.0131372 9.9982E-05 0.0134438 0.552155
0.462341 0.0509003 9.9973E-05 0.0491573 0.0655193 0.0612374 9.9973E-05 9.9973E-05 0.310544
0.337534 0.0638145 0.0664841 0.00097827 0.0564481 0.026287 0.0545868 9.9991E-05 0.393768
0.324175 0.0561961 0.156566 0.0975768 0.0490098 0.0676471 0.0512168 0.10088 0.0967331
0.407736 9.9955E-05 9.9955E-05 9.9955E-05 0.102065 9.9955E-05 9.9955E-05 0.0333465 0.456352
0.164405 0.0184228 9.9964E-05 9.9964E-05 0.0943992 9.9964E-05 0.0208251 9.9964E-05 0.701548
0.598394 9.9964E-05 0.0595421 0.0189511 9.9964E-05 9.9964E-05 0.0359005 9.9964E-05 0.286813
0.215829 0.0122074 9.9955E-05 9.9955E-05 9.9955E-05 9.9955E-05 9.9955E-05 0.0422655 0.729198
0.37686 0.0601489 9.9964E-05 9.9964E-05 0.14106 9.9964E-05 0.00159562 9.9964E-05 0.419936
0.533106 0.107077 9.9964E-05 9.9964E-05 9.9964E-05 0.00777666 0.0344961 9.9964E-05 0.317144
0.486472 0.0270224 0.0317591 9.9973E-05 0.0825894 0.0386528 9.9973E-05 9.9973E-05 0.333204
0.543923 9.9982E-05 0.074531 0.0922988 0.0811193 0.0597805 0.13503 0.0131166 9.9982E-05
0.38067 9.9982E-05 9.9982E-05 0.0568131 0.105591 0.0883937 0.115891 0.0380264 0.214414
0.309655 0.045679 0.0408759 0.160776 0.0776438 0.231556 0.0988456 9.9991E-05 0.0348685
0.225978 0.134437 9.9991E-05 0.0284941 0.1015 0.236581 0.111625 0.0493207 0.111965
0.477734 0.168156 9.9964E-05 0.0543878 9.9964E-05 0.151758 0.147564 9.9964E-05 9.9964E-05
0.43192 0.0623423 9.9982E-05 0.0413097 0.0455447 0.145563 0.141073 9.9982E-05 0.132046
9.9964E-05 0.0275013 9.9964E-05 0.173667 9.9964E-05 0.0896072 0.147982 9.9964E-05 0.560842
0.595188 0.0159243 9.9982E-05 0.0172636 0.00435217 0.172475 0.123733 9.9982E-05 0.0708643
9.9955E-05 9.9955E-05 9.9955E-05 0.236814 9.9955E-05 0.0678997 0.285042 9.9955E-05 0.409744
0.475601 9.9955E-05 9.9955E-05 9.9955E-05 9.9955E-05 0.179611 0.0205454 9.9955E-05 0.323743
0.0651387 9.9946E-05 0.1052 9.9946E-05 9.9946E-05 9.9946E-05 9.9946E-05 9.9946E-05 0.829061
9.9955E-05 9.9955E-05 0.0603433 9.9955E-05 9.9955E-05 9.9955E-05 0.00160944 0.0469419 0.890606
0.487151 9.9955E-05 9.9955E-05 9.9955E-05 0.055061 9.9955E-05 9.9955E-05 0.0172253 0.440063
0.539025 9.9964E-05 0.0458851 9.9964E-05 9.9964E-05 0.00869747 0.00654809 9.9964E-05 0.399444
0.360144 9.99544E-05 9.99544E-05 9.99544E-05 9.99544E-05 9.99544E-05 9.99544E-05 0.0414804 0.597775
0.446424 9.9946E-05 0.0753482 9.9946E-05 9.9946E-05 9.9946E-05 9.9946E-05 9.9946E-05 0.477628
0.540887 9.9937E-05 9.9937E-05 9.9937E-05 9.9937E-05 9.9937E-05 9.9937E-05 9.9937E-05 0.458414
0.0357325 0.00824494 9.9982E-05 9.9982E-05 0.00192172 0.0570052 0.7898 0.0123665 0.0947289
9.9973E-05 0.0702192 9.9973E-05 0.0730883 9.9973E-05 0.106556 0.637503 0.0890823 0.0232518
9.9955E-05 0.0174252 9.9955E-05 9.9955E-05 9.9955E-05 0.0649563 0.880351 0.0367678 9.9955E-05
0.0685683 9.9946E-05 9.9946E-05 0.0699254 9.9946E-05 9.9946E-05 0.860907 9.9946E-05 9.9946E-05
0.461621 9.99771E-05 0.310888 0.0439182 9.99771E-05 9.99771E-05 0.0164301 0.0303564 0.136487
0.47401 9.9964E-05 0.378403 9.9964E-05 9.9964E-05 9.9964E-05 0.116635 0.0060028 0.0245496
0.430544 0.00717302 0.448289 9.9973E-05 9.9973E-05 9.9973E-05 0.0335855 0.0545249 0.0255844
0.554149 9.9955E-05 0.22827 9.9955E-05 0.0977227 9.9955E-05 0.119359 9.9955E-05 9.9955E-05
0.542599 0.0596539 0.156962 9.9964E-05 0.129139 9.9964E-05 0.111247 9.9964E-05 9.9964E-05
0.174071 0.0163638 0.493382 9.9991E-05 0.0612496 0.0431209 0.0441952 0.154933 0.0125849
0.535236 9.9964E-05 0.42534 0.00505085 9.9964E-05 0.0224633 0.0115106 9.9964E-05 9.9964E-05
0.268544 9.9973E-05 0.453623 0.000902722 0.188322 9.9973E-05 0.0110677 9.9973E-05 0.0772404
0.450998 0.00538293 0.0425245 0.0537466 0.0054549 0.150036 0.224627 0.050784 0.0164463
0.336226 0.0173742 0.337243 0.0253725 9.9982E-05 0.0434577 9.9982E-05 0.061212 0.178915
0.295088 0.0581611 0.556868 9.9964E-05 9.9964E-05 9.9964E-05 0.0372717 0.0522121 9.9964E-05
0.557988 0.0530289 0.293645 0.00455635 9.9964E-05 9.9964E-05 9.9964E-05 9.9964E-05 0.0903817
0.365118 9.9955E-05 0.455427 9.9955E-05 9.9955E-05 9.9955E-05 0.0459756 0.13298 9.9955E-05
0.49946 9.9964E-05 0.405609 9.9964E-05 9.9964E-05 0.0388855 9.9964E-05 0.0118223 0.043824
0.559324 9.9982E-05 0.265935 0.00731947 9.9982E-05 0.0515443 0.0611209 0.0324446 0.0221119
0.00623649 9.9955E-05 0.944415 9.9955E-05 0.0381481 9.9955E-05 9.9955E-05 9.9955E-05 0.0107002
0.145312 0.0397902 0.512064 0.0223011 0.0978932 0.0402283 0.0136277 0.0968514 0.0319323
0.34279 0.112588 0.484032 0.0390948 9.9964E-05 9.9964E-05 9.9964E-05 9.9964E-05 0.0210949
9.9955E-05 9.9955E-05 0.842854 0.0651788 0.0271605 9.9955E-05 9.9955E-05 9.9955E-05 0.064307
0.421563 0.0489844 0.359218 0.0344765 9.9982E-05 9.9982E-05 0.00460433 0.0583389 0.0726141
0.0562081 0.0273614 0.624576 0.101075 0.111656 0.00612679 9.9982E-05 9.9982E-05 0.0727963
9.9955E-05 0.00495471 0.707087 0.188903 9.9955E-05 9.9955E-05 9.9955E-05 9.9955E-05 0.0985554
0.489838 0.0188711 0.268633 0.0830305 9.9973E-05 9.9973E-05 9.9973E-05 0.0496089 0.0897194
0.10345 9.9973E-05 0.624645 9.9973E-05 0.0538049 0.0151683 9.9973E-05 0.165594 0.0370373
0.330035 0.0195916 0.42083 9.9973E-05 0.0168414 0.127586 9.9973E-05 0.0848162 9.9973E-05
0.44465 0.00960483 0.140428 0.0554751 0.0935154 0.0490975 0.0633901 0.126529 0.01731
0.549694 0.05388 0.350163 9.9973E-05 9.9973E-05 0.0148572 0.00947856 0.0216276 9.9973E-05
0.31967 0.194664 0.0595172 0.0998873 0.0494785 0.0260546 9.9991E-05 0.113402 0.137226
0.526282 0.0149103 0.284427 9.9982E-05 0.0508645 0.0830574 0.0294971 9.9982E-05 0.0107617
0.364367 0.072118 0.307215 9.9991E-05 0.0372948 0.0328847 0.0718942 0.107764 0.00636143
0.273587 9.9946E-05 0.665696 9.9946E-05 0.0601171 9.9946E-05 9.9946E-05 9.9946E-05 9.9946E-05
0.534078 9.9973E-05 0.263043 9.9973E-05 0.00748217 0.0267449 0.105489 9.9973E-05 0.062863
9.9973E-05 0.156309 0.000700927 0.0468564 0.0890647 9.9973E-05 0.60631 0.100459 9.9973E-05
0.0441968 0.00852528 0.0598747 0.0103627 9.9973E-05 9.9973E-05 0.773975 0.102766 9.9973E-05
9.9964E-05 0.0932948 9.9964E-05 0.0804388 0.0416814 9.9964E-05 0.766084 0.0181008 9.9964E-05
9.9973E-05 0.127137 0.0014293 0.00442263 0.0161815 9.9973E-05 0.795458 9.9973E-05 0.0550709
9.9955E-05 0.137356 9.9955E-05 9.9955E-05 0.146193 9.9955E-05 0.6962 0.0197513 9.9955E-05
0.0545222 9.9964E-05 0.665805 9.9964E-05 9.9964E-05 0.037893 0.0343657 0.207014 9.9964E-05
