0.826723 9.9955E-05 9.9955E-05 0.0965003 9.9955E-05 0.0223886 0.0538887 9.9955E-05 9.9955E-05
0.879198 0.0181811 9.9973E-05 0.0148561 0.00432346 0.0450643 9.9973E-05 0.0380769 9.9973E-05
0.679966 9.9964E-05 9.9964E-05 0.0893551 9.9964E-05 9.9964E-05 0.086407 0.0648749 0.0789968
0.698659 0.0190855 9.9973E-05 0.058071 9.9973E-05 9.9973E-05 0.0994339 0.116888 0.00756224
0.861923 9.9955E-05 9.9955E-05 9.9955E-05 9.9955E-05 9.9955E-05 0.0249041 0.0370583 0.0756147
0.573062 9.9982E-05 0.0958997 9.9982E-05 0.198284 0.0557882 0.0276897 0.00431236 0.0447643
0.753603 9.9955E-05 0.0962216 0.0715708 0.0781053 9.9955E-05 9.9955E-05 9.9955E-05 9.9955E-05
0.701687 0.0215353 0.109018 0.0276502 0.0741281 9.9982E-05 0.0153289 0.0504531 9.9982E-05
0.819033 0.00360477 0.0327028 0.00139397 0.0687248 0.0409752 9.9982E-05 0.0333657 9.9982E-05
0.674944 9.9982E-05 0.0153503 0.0158171 0.0887408 9.9982E-05 0.0791591 0.0191279 0.106661
0.716171 9.9973E-05 0.0245526 9.9973E-05 0.137878 9.9973E-05 0.000365383 0.0661543 0.0545787
9.9964E-05 9.9964E-05 0.762304 9.9964E-05 0.0162496 9.9964E-05 0.0299096 0.00485657 0.18628
9.9973E-05 0.00344266 0.3654 0.0445222 9.9973E-05 9.9973E-05 0.0834796 0.0934029 0.409452
9.9973E-05 0.000153452 0.700912 0.0448078 0.0893495 9.9973E-05 0.0469733 9.9973E-05 0.117504
0.0459016 0.0103764 0.643423 9.9973E-05 0.0164142 9.9973E-05 0.179456 9.9973E-05 0.104128
0.13418 9.9964E-05 0.451457 9.9964E-05 9.9964E-05 0.0288661 0.174186 9.9964E-05 0.210911
0.0384216 9.9973E-05 0.287991 0.0221999 0.053575 9.9973E-05 0.0944961 9.9973E-05 0.503017
9.9973E-05 9.9973E-05 0.340774 0.0719859 0.114709 0.027325 0.0911604 9.9973E-05 0.353745
0.113001 9.9955E-05 0.637415 9.9955E-05 9.9955E-05 9.9955E-05 0.0476465 9.9955E-05 0.201439
9.9955E-05 9.9955E-05 0.796653 0.0404905 0.0777365 9.9955E-05 9.9955E-05 0.0846198 9.9955E-05
9.9982E-05 0.0444382 0.408936 0.0512425 0.0691306 0.0603363 0.069824 9.9982E-05 0.295893
9.999E-05 0.0284285 0.194404 0.0789696 0.152413 0.0675241 0.0597794 0.0721292 0.346252
9.999E-05 0.14765 0.239043 0.0413528 0.00616031 0.0188568 0.0567011 0.05561 0.434526
9.9973E-05 9.9973E-05 0.662249 0.00807412 0.0508784 0.0137958 0.0673111 9.9973E-05 0.197392
0.0367926 9.9991E-05 0.124635 0.0151881 0.0542283 0.0460024 0.0638252 0.065657 0.593572
9.9964E-05 9.9964E-05 0.507795 0.0510113 0.0306499 9.9964E-05 0.0329847 9.9964E-05 0.37716
0.0134455 9.9964E-05 0.912681 0.0231381 9.9964E-05 9.9964E-05 0.0499908 9.9964E-05 0.000344821
9.9946E-05 9.9946E-05 0.816657 0.0187161 9.9946E-05 9.9946E-05 0.164027 9.9946E-05 9.9946E-05
0.0533111 0.0731146 0.766368 9.9964E-05 0.00116863 9.9964E-05 9.9964E-05 9.9964E-05 0.105638
9.993E-05 9.993E-05 9.993E-05 0.999201 9.993E-05 9.993E-05 9.993E-05 9.993E-05 9.993E-05
9.993E-05 9.993E-05 9.993E-05 0.999201 9.993E-05 9.993E-05 9.993E-05 9.993E-05 9.993E-05
0.455487 9.9973E-05 9.9973E-05 0.363671 9.9973E-05 0.01747 0.0541716 0.025896 0.0830037
0.473831 9.9973E-05 9.9973E-05 0.269516 0.00075041 0.0757164 0.0999559 9.9973E-05 0.0799309
0.0380882 0.0404672 0.0193692 0.00812912 0.0600582 0.18273 9.9991E-05 0.122819 0.528239
0.0287018 0.0260541 0.1429 0.0501379 9.9982E-05 0.278043 0.0258413 9.9982E-05 0.448121
0.0142808 9.9964E-05 9.9964E-05 0.0076217 9.9964E-05 0.394994 0.030699 9.9964E-05 0.552005
0.0711942 0.0224779 0.641588 0.0210673 9.9991E-05 0.0490763 0.0172194 0.122368 0.0549087
9.9964E-05 9.9964E-05 9.9964E-05 0.0234439 0.0271939 0.619754 0.0697624 9.9964E-05 0.259446
0.0618014 0.0214462 0.0652174 9.9982E-05 9.9982E-05 0.285514 0.0172781 0.0606592 0.487884
9.9973E-05 0.0510468 9.9973E-05 0.0145508 9.9973E-05 0.0652168 0.0617487 0.084965 0.722172
0.0547171 0.0186589 9.9982E-05 0.0252741 0.116265 0.0739993 9.9982E-05 0.138413 0.572472
0.061856 9.9982E-05 0.0750435 0.0843503 0.0662948 0.0871616 9.9982E-05 0.0561398 0.568954
0.0094647 9.9973E-05 0.188806 0.0391343 0.025316 0.661166 9.9973E-05 9.9973E-05 0.0758129
9.9955E-05 9.9955E-05 0.0768112 9.9955E-05 0.212052 0.0941332 9.9955E-05 9.9955E-05 0.616504
0.0678863 0.0412551 9.9982E-05 0.0163423 0.0270867 0.230925 0.0428772 9.9982E-05 0.573427
0.0654331 9.9973E-05 0.13537 0.0532932 9.9973E-05 0.155227 0.0825503 9.9973E-05 0.507826
9.9964E-05 9.9964E-05 9.9964E-05 9.9964E-05 0.0387377 0.64881 0.00346031 0.015617 0.292976
0.0124942 9.9964E-05 9.9964E-05 0.00311193 9.9964E-05 0.353002 0.0361778 9.9964E-05 0.594814
0.0310014 9.9973E-05 9.9973E-05 0.0419549 9.9973E-05 0.134483 0.120386 0.166696 0.505179
0.0459112 9.9946E-05 9.9946E-05 9.9946E-05 0.249302 0.704187 9.9946E-05 9.9946E-05 9.9946E-05
9.9982E-05 0.157088 0.379177 9.9982E-05 0.0545537 0.160517 0.00557968 0.161071 0.081814
9.9964E-05 0.0697416 0.299146 9.9964E-05 0.389323 0.174399 9.9964E-05 9.9964E-05 0.0669902
9.999E-05 0.0203507 0.0707332 0.0646614 0.0960734 0.0332742 0.0115069 0.0630123 0.640288
0.0728482 0.0767538 0.0992954 0.000218375 0.0739165 9.9982E-05 0.0617413 9.9982E-05 0.615026
0.0588345 9.9964E-05 0.162452 9.9964E-05 0.107543 0.0656651 9.9964E-05 9.9964E-05 0.605106
0.0883828 0.101671 0.153664 0.0514848 0.00799529 0.232548 9.9991E-05 0.211451 0.152703
0.00590891 0.0554345 0.205735 9.9973E-05 0.0465585 9.9973E-05 9.9973E-05 0.138929 0.547134
0.00898924 0.0185779 0.210088 9.9991E-05 0.0919701 0.0221925 0.127673 0.0645282 0.455881
0.0741687 0.0808019 0.279447 0.027728 0.0305938 0.146263 9.9991E-05 0.0133168 0.347582
0.175324 0.0195749 0.409445 0.0354352 0.166972 0.100874 0.00658473 0.0856909 9.9991E-05
9.9991E-05 0.0869625 0.194396 0.0424695 0.0488373 0.0653815 0.00379503 0.0275672 0.530491
0.0748807 0.113552 0.364295 9.9973E-05 9.9973E-05 9.9973E-05 0.0282681 0.0504857 0.368218
9.9973E-05 0.062131 0.579812 0.0784241 0.108845 0.0753546 9.9973E-05 0.0951332 9.9973E-05
9.9982E-05 0.0546351 0.381415 0.0116962 9.9982E-05 0.0700462 0.0454222 0.0805647 0.35602
9.9982E-05 0.208791 0.0467691 0.0133213 9.9982E-05 0.0065817 0.0414491 0.0342195 0.648668
0.00492859 0.00943783 0.227506 0.0912857 0.0180087 9.9991E-05 0.129106 0.043551 0.476076
0.0204045 0.0752916 0.424221 0.018 0.110251 0.103145 9.9982E-05 9.9982E-05 0.248487
9.9982E-05 0.0505652 0.329439 0.0485957 0.0503144 0.0435254 0.0917365 9.9982E-05 0.385624
9.9964E-05 9.9964E-05 0.0721963 0.0812306 9.9964E-05 0.105195 9.9964E-05 0.206633 0.534345
9.9973E-05 0.123469 0.619045 0.0589517 0.0880676 0.0339271 9.9973E-05 9.9973E-05 0.07624
9.9946E-05 9.9946E-05 0.0936926 9.9946E-05 9.9946E-05 0.395851 9.9946E-05 9.9946E-05 0.509856
9.9955E-05 9.9955E-05 0.250522 0.0310343 9.9955E-05 0.631258 9.9955E-05 9.9955E-05 0.0866861
0.0183615 0.0591356 0.183713 0.063653 9.9991E-05 0.101844 0.105806 0.0593834 0.408003
9.9937E-05 9.9937E-05 9.9937E-05 9.9937E-05 0.130889 0.868411 9.9937E-05 9.9937E-05 9.9937E-05
9.9946E-05 9.9946E-05 0.105769 9.9946E-05 0.0987987 0.794833 9.9946E-05 9.9946E-05 9.9946E-05
9.9946E-05 9.9946E-05 0.0210696 9.9946E-05 9.9946E-05 0.736167 9.9946E-05 9.9946E-05 0.242163
9.9973E-05 9.9973E-05 0.123578 0.00335448 9.9973E-05 0.409496 0.0137794 0.0304511 0.41904
0.124671 9.9982E-05 0.0427755 0.032722 0.0200081 0.198203 0.0463735 9.9982E-05 0.535047
9.9973E-05 9.9973E-05 0.0338882 0.0215972 9.9973E-05 0.456717 0.0527963 0.0464686 0.388233
0.0377576 9.9982E-05 0.117063 0.0365117 9.9982E-05 0.610857 0.0358317 0.0462726 0.115507
0.0136159 9.9973E-05 0.125273 0.0161988 9.9973E-05 0.440526 9.9973E-05 0.130263 0.273823
0.111799 9.9973E-05 9.9973E-05 9.9973E-05 0.0366075 0.339025 0.0775282 0.0583168 0.376424
0.0224646 0.000981615 0.158491 0.0102257 9.9982E-05 0.528612 0.00900345 9.9982E-05 0.270022
0.0416935 9.9973E-05 0.0140736 0.00939918 9.9973E-05 0.496391 9.9973E-05 0.00774731 0.430395
9.9955E-05 0.0289589 9.9955E-05 9.9955E-05 0.0258317 0.521842 9.9955E-05 9.9955E-05 0.422868
0.0120817 0.122007 0.0322802 9.9973E-05 0.17692 0.653509 9.9973E-05 0.00290168 9.9973E-05
0.0342231 9.9982E-05 0.0662716 9.9982E-05 0.0093251 0.255357 0.00679929 0.0100929 0.617732
0.776901 9.9973E-05 0.047238 0.050056 9.9973E-05 9.9973E-05 0.0494569 0.00671259 0.0693357
0.776274 9.9946E-05 9.9946E-05 0.133943 9.9946E-05 9.9946E-05 9.9946E-05 9.9946E-05 0.0891839
0.766393 9.9955E-05 9.9955E-05 0.124006 9.9955E-05 9.9955E-05 0.00658806 9.9955E-05 0.102513
0.786555 9.9955E-05 9.9955E-05 0.121958 0.0235263 9.9955E-05 9.9955E-05 9.9955E-05 0.0674607
0.745354 9.9973E-05 9.9973E-05 0.137605 0.000610785 0.0298844 0.0364169 9.9973E-05 0.0498289
0.793889 0.00235289 9.9982E-05 0.0630606 9.9982E-05 0.0511375 0.0445497 0.0274007 0.0174101
0.847752 9.9964E-05 9.9964E-05 0.061224 0.0163029 9.9964E-05 0.0271219 9.9964E-05 0.0471996
0.100634 9.9982E-05 0.00315092 0.019657 9.9982E-05 0.310708 0.0223509 0.000356124 0.542943
0.0583358 9.9982E-05 0.0630115 0.0372448 9.9982E-05 0.303855 0.0963277 0.0322635 0.408762
0.0106389 0.0103105 0.167879 9.9955E-05 9.9955E-05 0.810672 9.9955E-05 9.9955E-05 9.9955E-05
0.0840684 0.0473814 9.9991E-05 0.00496276 0.0632505 0.0853234 0.0278879 0.0765791 0.610446
0.0566791 9.9982E-05 0.149873 0.00168142 9.9982E-05 0.362101 0.0339024 0.061096 0.334467
0.103977 0.0442185 0.0227452 9.9964E-05 9.9964E-05 0.282211 9.9964E-05 9.9964E-05 0.546448
0.0292283 0.0733165 0.0748408 9.9973E-05 0.0451019 0.234177 9.9973E-05 9.9973E-05 0.543036
9.9964E-05 0.0420957 9.9964E-05 0.0154684 9.9964E-05 0.430608 0.110126 9.9964E-05 0.401302
0.0632655 9.99581E-05 0.263 9.99581E-05 9.99581E-05 0.650346 9.99581E-05 0.0228889 9.99581E-05
0.130161 0.0566337 0.0163293 0.0369977 0.016269 0.198004 0.0669206 0.0130686 0.465616
0.0364224 0.00566146 0.158376 0.0356894 0.0990656 0.03036 0.00500357 0.0166318 0.612789
0.11503 0.087692 9.9991E-05 0.0237779 0.0430666 0.153426 0.110083 0.0213529 0.445471
9.9982E-05 0.0958699 0.110485 0.01618 0.0580226 0.473396 0.00579275 9.9982E-05 0.240054
9.9964E-05 0.0230499 9.9964E-05 0.0111592 9.9964E-05 0.496758 0.0426905 9.9964E-05 0.425943
9.9964E-05 9.9964E-05 0.15876 0.0343226 9.9964E-05 0.332372 9.9964E-05 0.0247393 0.449407
9.9946E-05 9.9946E-05 9.9946E-05 9.9946E-05 9.9946E-05 0.57882 0.122908 9.9946E-05 0.297673
0.0499368 9.9955E-05 9.9955E-05 9.9955E-05 9.9955E-05 0.400701 9.9955E-05 0.111161 0.437702
0.113918 0.00999684 0.0583773 0.0134323 0.0611074 0.15595 9.9982E-05 9.9982E-05 0.587017
0.00653903 0.271615 0.364213 0.0108359 0.0595578 0.0384057 0.0383908 0.0773751 0.133068
0.0871454 9.9982E-05 0.258373 0.0476866 0.0406286 9.9982E-05 0.0666816 0.142721 0.356563
0.127299 0.0481477 0.167926 9.9982E-05 9.9982E-05 0.0222853 0.026538 0.0766547 0.530949
0.011359 0.0116104 9.9982E-05 0.0387685 9.9982E-05 0.162615 0.0670449 0.160079 0.548324
0.0375005 0.0849903 0.279899 0.0302638 0.0527486 9.9982E-05 9.9982E-05 0.133458 0.38094
0.0604807 0.026004 0.211562 9.9973E-05 9.9973E-05 0.00233301 9.9973E-05 0.145503 0.553817
9.9964E-05 0.0734408 0.325167 0.00354088 9.9964E-05 9.9964E-05 9.9964E-05 0.146029 0.451422
0.0930262 0.0665182 0.135844 0.038365 0.0498861 0.113529 9.9991E-05 0.0162356 0.486496
0.0778429 0.0760902 0.066735 9.9991E-05 0.0512303 0.0512084 0.0570841 0.0607282 0.558981
0.0222198 0.0740714 0.174192 0.0815571 0.0474288 0.0357706 9.9982E-05 9.9982E-05 0.56456
9.9973E-05 0.0337162 0.261175 0.00400534 0.0587329 9.9973E-05 9.9973E-05 0.182844 0.459227
0.019243 0.0506233 0.00448804 9.9991E-05 0.10185 0.0190954 0.0463837 0.0319506 0.726266
0.0551058 0.0442304 0.176403 0.0255475 9.9991E-05 0.0553912 0.0293884 0.0989917 0.514842
9.9982E-05 0.0494762 0.244374 0.0155236 9.9982E-05 0.0682742 0.0208701 0.0753953 0.525887
9.9982E-05 0.122553 0.0518717 0.0640779 0.0450128 9.9982E-05 0.0850504 0.115603 0.515632
9.9982E-05 0.0588614 0.181411 0.00534767 0.0779874 9.9982E-05 0.0833738 0.110052 0.482767
0.0804581 0.143393 0.193756 0.0130061 0.100878 9.9982E-05 9.9982E-05 0.0973257 0.370984
0.00432798 0.0673396 0.254075 9.9973E-05 0.0132958 9.9973E-05 9.9973E-05 0.0450436 0.615618
9.9982E-05 0.104429 0.0878639 0.00483273 0.052053 9.9982E-05 0.0339762 0.0437822 0.672863
0.0403995 0.138599 0.338891 0.0265904 0.00914854 0.120073 0.0540892 0.149247 0.122963
9.9991E-05 0.24135 0.402787 0.011463 0.181558 0.0219826 0.0706328 0.0371999 0.0329268
0.0371291 0.0095591 0.181948 9.9982E-05 0.0201121 0.0701777 9.9982E-05 0.169671 0.511203
9.9991E-05 0.289304 0.0955016 0.0115821 0.150981 0.189734 0.0229054 0.216721 0.0231706
0.0680464 0.0990094 0.544109 9.9973E-05 9.9973E-05 0.0196019 9.9973E-05 0.0537141 0.21522
0.0408056 9.9964E-05 0.326016 9.9964E-05 9.9964E-05 0.143775 9.9964E-05 0.120259 0.368745
9.9973E-05 0.0455493 0.346657 0.0550988 9.9973E-05 0.0793004 9.9973E-05 0.194843 0.278252
0.00694226 0.100972 0.591174 9.9964E-05 9.9964E-05 9.9964E-05 9.9964E-05 0.104011 0.1965
0.0720088 0.0478508 0.104654 0.0402929 0.00849226 0.0379772 9.9991E-05 0.0852186 0.603405
0.143698 0.0778751 0.0879077 9.9982E-05 9.9982E-05 0.0529356 0.0455471 0.030779 0.561057
0.0563162 0.0600413 0.241557 0.0492638 9.9982E-05 0.1047 9.9982E-05 0.0123233 0.475598
9.9982E-05 0.173118 0.318541 9.9982E-05 0.167384 0.115208 0.0802441 0.116243 0.0290628
0.0837235 9.9982E-05 9.9982E-05 0.0402983 0.141853 0.0429284 0.056909 0.110309 0.523779
9.9964E-05 9.9964E-05 0.0963572 9.9964E-05 0.262777 0.102619 0.0461709 9.9964E-05 0.491677
0.0866611 0.112095 0.0653971 9.9982E-05 0.464356 0.156227 9.9982E-05 0.110435 0.00462818
0.109036 0.15019 9.9991E-05 0.0258418 0.0259338 0.0707324 0.0147581 0.0706242 0.532783
0.083976 0.124605 9.9982E-05 9.9982E-05 0.15219 0.180296 0.057086 0.101627 0.300021
0.0210346 0.06151 0.0826167 0.00430134 0.199103 9.9991E-05 0.0453244 0.0794777 0.506533
0.0678402 0.0171986 0.0718356 0.0245262 0.309998 0.22823 9.9991E-05 0.10029 0.179982
0.00609262 0.127509 0.0544761 9.9982E-05 0.386351 0.0543158 9.9982E-05 0.165274 0.205782
0.0482585 0.148812 0.0905198 0.0244893 0.126585 0.0834161 9.9991E-05 0.113801 0.364018
0.156448 0.119481 0.139424 9.9991E-05 0.0518171 0.0614856 0.0838381 0.00814149 0.379265
0.0946845 0.0137258 0.0771587 0.00202813 0.22161 0.116875 0.0582689 0.0646856 0.350963
0.00270525 0.132468 0.222092 0.0306506 0.325399 0.118878 0.155094 0.012613 9.9991E-05
0.111977 0.172871 0.067388 9.9991E-05 0.0412183 0.138708 0.0320198 0.0358071 0.399911
9.9964E-05 9.9964E-05 0.136566 9.9964E-05 0.291633 0.12754 9.9964E-05 0.0566321 0.387229
9.9973E-05 0.0987045 0.228457 9.9973E-05 0.148507 0.0523724 9.9973E-05 0.0210991 0.450559
0.0626938 0.0180835 0.0301761 9.9982E-05 0.0771126 0.128243 9.9982E-05 0.0571426 0.626348
0.23519 9.9973E-05 0.0802444 0.0558733 0.267881 9.9973E-05 0.248298 9.9973E-05 0.112214
0.458272 9.9955E-05 9.9955E-05 0.00154559 0.396227 9.9955E-05 0.143456 9.9955E-05 9.9955E-05
0.341053 9.9955E-05 9.9955E-05 0.0253794 0.482647 9.9955E-05 0.150421 9.9955E-05 9.9955E-05
0.313183 9.9973E-05 0.0245298 0.00596078 0.230926 9.9973E-05 0.346399 9.9973E-05 0.0787006
9.9964E-05 0.0288979 9.9964E-05 9.9964E-05 0.227111 0.0665532 0.000766986 9.9964E-05 0.676271
0.104992 0.0286647 9.9982E-05 9.9982E-05 0.084967 0.0176358 0.0713277 0.101538 0.590674
9.9946E-05 9.9946E-05 0.0359903 9.9946E-05 9.9946E-05 9.9946E-05 0.703834 9.9946E-05 0.259576
0.0321368 9.9973E-05 0.118753 0.0306537 9.9973E-05 0.0864484 0.384448 9.9973E-05 0.34726
0.104194 9.9991E-05 0.0498929 0.0110651 0.0678451 0.0755545 0.326687 0.00213713 0.362524
9.9982E-05 0.166473 0.0571361 0.00381338 0.370721 0.0753723 0.000312861 9.9982E-05 0.325972
0.0388977 0.187875 0.0560645 0.0590275 0.110718 0.0167548 0.03269 0.0325871 0.465385
9.9964E-05 0.257394 0.051401 9.9964E-05 0.455609 0.0341087 9.9964E-05 9.9964E-05 0.201088
9.9982E-05 0.0493969 0.0216758 9.9982E-05 0.208116 0.0491096 0.00914725 0.0125182 0.649836
0.048241 0.249395 0.0341775 9.9982E-05 0.0732479 0.0419057 9.9982E-05 0.0835152 0.469317
9.9982E-05 0.0499258 0.0222081 9.9982E-05 0.219667 0.0247205 0.03749 0.0286818 0.617107
9.9973E-05 0.19635 0.036406 9.9973E-05 0.395806 0.153801 9.9973E-05 0.000856463 0.216481
0.067459 0.0323247 0.0218908 9.9982E-05 0.10509 0.0897319 0.041037 9.9982E-05 0.642267
0.0423277 0.170879 9.9982E-05 0.0101861 0.120013 0.0423273 9.9982E-05 0.020107 0.593961
9.9964E-05 0.00560801 9.9964E-05 9.9964E-05 9.9964E-05 0.0254668 0.920681 0.000931353 0.0469126
9.9946E-05 9.9946E-05 9.9946E-05 9.9946E-05 9.9946E-05 9.9946E-05 0.887867 0.0240512 0.0874818
0.0412422 0.0219128 0.0863473 9.9982E-05 0.00672029 0.0591342 0.587314 9.9982E-05 0.197129
9.9946E-05 0.0505737 9.9946E-05 9.9946E-05 9.9946E-05 9.9946E-05 0.644319 9.9946E-05 0.304507
0.00326843 9.9982E-05 0.000345027 9.9982E-05 0.0230429 0.0277433 0.818363 0.0146424 0.112395
9.9937E-05 9.9937E-05 9.9937E-05 9.9937E-05 0.0204618 9.9937E-05 0.978839 9.9937E-05 9.9937E-05
0.00343249 0.0341553 9.9964E-05 0.0246291 9.9964E-05 9.9964E-05 0.9354 0.00198306 9.9964E-05
9.9946E-05 0.0296574 9.9946E-05 9.9946E-05 9.9946E-05 9.9946E-05 0.835498 9.9946E-05 0.134245
9.9964E-05 9.9964E-05 0.0152345 9.9964E-05 9.9964E-05 0.00339772 0.959496 0.00583273 0.0156392
9.993E-05 9.993E-05 9.993E-05 9.993E-05 9.993E-05 9.993E-05 0.999201 9.993E-05 9.993E-05
9.9937E-05 9.9937E-05 9.9937E-05 0.0120774 9.9937E-05 9.9937E-05 0.987223 9.9937E-05 9.9937E-05
9.9964E-05 9.9964E-05 0.00547893 0.0343265 9.9964E-05 0.0343997 0.708268 9.9964E-05 0.217127
0.0597151 9.9964E-05 9.9964E-05 0.00892647 9.9964E-05 9.9964E-05 0.798689 0.0411695 0.0911003
9.9955E-05 9.9955E-05 0.0103303 0.014905 9.9955E-05 0.0257642 0.948501 9.9955E-05 9.9955E-05
0.032259 0.0119235 0.0809752 9.9982E-05 9.9982E-05 0.0702136 0.415142 0.0813366 0.30795
9.9955E-05 0.0204148 9.9955E-05 9.9955E-05 9.9955E-05 9.9955E-05 0.692287 0.103657 0.183142
0.0763365 0.0095812 0.0396659 0.0164752 9.9973E-05 9.9973E-05 0.675219 9.9973E-05 0.182422
9.9964E-05 9.9964E-05 0.0206352 0.0170984 9.9964E-05 9.9964E-05 0.881387 0.0418656 0.0386137
9.9937E-05 9.9937E-05 9.9937E-05 9.9937E-05 9.9937E-05 0.0217081 0.977592 9.9937E-05 9.9937E-05
0.0604245 9.9964E-05 0.00859358 0.00656466 9.9964E-05 9.9964E-05 0.891716 9.9964E-05 0.0323009
9.9937E-05 9.9937E-05 9.9937E-05 0.0131584 9.9937E-05 9.9937E-05 0.986142 9.9937E-05 9.9937E-05
0.0133008 0.0392281 0.105181 0.00977187 9.9991E-05 0.0227848 0.610287 0.037969 0.161378
9.9964E-05 0.0211527 0.069372 9.9964E-05 9.9964E-05 0.026583 0.881832 0.00066069 9.9964E-05
0.284014 0.0957236 0.0227701 9.9964E-05 0.540649 9.9964E-05 0.056444 9.9964E-05 9.9964E-05
0.126482 0.0420315 9.9982E-05 0.0413849 0.187443 9.9982E-05 0.0314919 0.154696 0.41627
0.199518 9.9982E-05 9.9982E-05 0.0129889 0.242413 0.0353071 0.0309539 0.0634628 0.415157
0.13802 0.00155277 9.9982E-05 0.059535 0.426423 9.9982E-05 0.0939572 0.0647663 0.215546
0.100255 0.0107109 9.9982E-05 9.9982E-05 0.197934 0.033446 0.134244 0.0754967 0.447714
0.12744 0.0798699 9.9982E-05 0.0683295 0.377098 0.0306576 0.118921 9.9982E-05 0.197485
0.132001 0.0345759 9.9991E-05 0.0411233 0.132955 0.167396 0.0347142 0.081898 0.375238
0.101146 9.9973E-05 9.9973E-05 9.9973E-05 0.348649 0.0510531 0.192794 0.00494142 0.301117
0.0854012 9.9991E-05 0.0430531 0.057032 0.139689 0.0431523 0.149653 0.0450504 0.436869
0.0511323 9.9973E-05 9.9973E-05 0.0624183 0.331463 9.9973E-05 0.174197 0.0203394 0.36015
0.183652 0.0511744 0.052917 0.0018943 0.122842 9.9991E-05 0.0946197 0.058213 0.434588
0.809063 0.00757384 9.9964E-05 9.9964E-05 0.036673 9.9964E-05 9.9964E-05 0.0905894 0.0557009
0.858358 9.9955E-05 9.9955E-05 0.0710644 9.9955E-05 0.000718745 0.0693594 9.9955E-05 9.9955E-05
0.889616 9.9955E-05 9.9955E-05 0.0697091 0.0132116 9.9955E-05 9.9955E-05 0.0269632 9.9955E-05
0.886942 9.9955E-05 9.9955E-05 0.0299022 9.9955E-05 9.9955E-05 9.9955E-05 0.0465564 0.0360995
0.72598 9.9973E-05 0.0445776 0.161465 0.0136285 9.9973E-05 0.0190344 0.0350146 9.9973E-05
0.809414 0.00887323 9.9955E-05 0.0853519 9.9955E-05 9.9955E-05 0.0958614 9.9955E-05 9.9955E-05
0.799462 9.9964E-05 9.9964E-05 0.0689305 9.9964E-05 9.9964E-05 0.0833647 0.0247228 0.0231203
0.791359 0.041798 0.0245308 0.0690492 0.06397 9.9973E-05 9.9973E-05 9.9973E-05 0.0089932
0.852113 0.0365262 9.9964E-05 0.03347 9.9964E-05 0.0353458 9.9964E-05 9.9964E-05 0.0421454
0.811869 9.9964E-05 0.0209221 0.0249469 0.0359601 9.9964E-05 0.105902 9.9964E-05 9.9964E-05
0.571299 0.0405527 0.274936 0.0242494 9.9973E-05 0.0491788 9.9973E-05 0.0394846 9.9973E-05
0.605892 9.9964E-05 0.197254 0.00259465 9.9964E-05 0.0263635 9.9964E-05 0.167496 9.9964E-05
0.473237 0.000568525 0.219326 0.0513482 0.088315 0.0480359 9.9982E-05 0.118969 9.9982E-05
0.519684 0.0163106 0.286516 9.9973E-05 0.0131988 0.0496286 9.9973E-05 0.114362 9.9973E-05
9.9964E-05 9.9964E-05 0.229515 0.05309 9.9964E-05 0.249513 9.9964E-05 0.069423 0.398059
0.00203558 0.0856793 0.185724 9.9982E-05 9.9982E-05 0.24791 0.0278032 0.0436699 0.406979
0.0231231 9.9991E-05 0.212097 0.0249634 0.006376 0.138294 0.0178891 0.0931936 0.483964
0.0105875 9.9982E-05 0.254114 0.0132519 0.013453 0.240719 9.9982E-05 0.116653 0.351021
9.9982E-05 0.0169297 0.564516 0.0190093 9.9982E-05 0.093142 0.00843629 0.23702 0.0607462
0.000141942 0.0991276 0.10962 9.9982E-05 9.9982E-05 0.18704 0.0410324 0.0428067 0.520031
9.9973E-05 0.0649144 0.0459477 9.9973E-05 0.0325097 0.277993 9.9973E-05 0.0794895 0.498846
9.9964E-05 0.0682752 9.9964E-05 9.9964E-05 0.0619316 0.235625 9.9964E-05 0.13413 0.499638
9.9964E-05 0.0331839 9.9964E-05 9.9964E-05 9.9964E-05 0.606694 0.0949716 0.0434796 0.221271
0.0090631 0.0180811 9.9991E-05 0.00900038 0.0396689 0.200695 0.0114176 0.180061 0.531913
9.9973E-05 0.0254255 0.106198 0.0288775 9.9973E-05 0.358888 9.9973E-05 0.120609 0.359703
9.9973E-05 0.179029 0.00486055 0.0100447 0.0312043 0.706198 9.9973E-05 0.0683641 9.9973E-05
0.0409083 0.0561275 0.0982277 9.9982E-05 0.101796 0.0682615 9.9982E-05 0.0694981 0.564981
9.9964E-05 0.0957204 9.9964E-05 9.9964E-05 0.108718 0.475325 9.9964E-05 0.0654282 0.254409
9.9973E-05 0.0485984 0.0702621 0.0210311 9.9973E-05 0.385085 0.030941 9.9973E-05 0.443783
0.0473442 9.9964E-05 0.150889 9.9964E-05 9.9964E-05 0.633745 9.9964E-05 0.121658 0.0459636
0.0299807 0.0454918 9.9973E-05 0.00702394 0.0711881 9.9973E-05 0.0141763 0.831839 9.9973E-05
0.0833359 0.0272859 9.9973E-05 9.9973E-05 0.0192319 9.9973E-05 0.00823163 0.808793 0.0528218
9.9955E-05 0.0654501 9.9955E-05 9.9955E-05 9.9955E-05 9.9955E-05 0.00613568 0.915221 0.0126936
0.0737675 9.9946E-05 9.9946E-05 9.9946E-05 9.9946E-05 0.08676 9.9946E-05 0.838873 9.9946E-05
9.9964E-05 0.0541959 9.9964E-05 0.0140598 0.0498869 9.9964E-05 0.0880996 0.793358 9.9964E-05
0.00411948 0.0252238 9.9964E-05 9.9964E-05 9.9964E-05 9.9964E-05 0.0553505 0.85684 0.0580668
0.792093 0.00537088 9.9973E-05 0.0950373 9.9973E-05 0.023267 0.019975 9.9973E-05 0.0639566
0.791867 9.9973E-05 0.100038 0.0247343 9.9973E-05 9.9973E-05 0.0469288 0.0134977 0.0226342
0.672761 9.9964E-05 0.0430176 0.0445348 9.9964E-05 9.9964E-05 0.165083 9.9964E-05 0.0742032
0.665063 9.9955E-05 0.123576 0.0609845 9.9955E-05 9.9955E-05 0.149876 9.9955E-05 9.9955E-05
0.75592 9.9973E-05 9.9973E-05 0.0179685 0.010285 9.9973E-05 0.0422074 0.0340164 0.139303
0.339656 9.9964E-05 0.114576 0.0221936 0.0680103 9.9964E-05 9.9964E-05 0.455164 9.9964E-05
0.426171 0.0713475 9.9964E-05 9.9964E-05 0.0564388 0.0334973 9.9964E-05 0.412145 9.9964E-05
0.400966 0.065847 0.120644 9.9964E-05 9.9964E-05 9.9964E-05 0.0171335 0.39501 9.9964E-05
9.993E-05 9.993E-05 9.993E-05 0.999201 9.993E-05 9.993E-05 9.993E-05 9.993E-05 9.993E-05
0.363761 0.0124029 0.0352272 0.00612449 0.0187681 0.128531 9.9982E-05 0.434986 9.9982E-05
0.185984 0.0103874 9.9973E-05 9.9973E-05 0.177776 0.0341148 0.383048 9.9973E-05 0.208389
0.0712868 0.03954 0.0715115 0.0626636 0.0561308 9.9982E-05 0.147264 9.9982E-05 0.551403
0.156364 9.9964E-05 0.00510352 0.0266462 9.9964E-05 9.9964E-05 0.265897 9.9964E-05 0.545589
0.176116 9.9982E-05 9.9982E-05 0.00559464 0.108732 0.0825297 0.210427 0.0662013 0.350199
0.230129 9.9973E-05 0.187455 0.0672637 9.9973E-05 0.000544536 0.0481188 9.9973E-05 0.466189
0.393417 9.9946E-05 9.9946E-05 9.9946E-05 0.290846 9.9946E-05 0.315137 9.9946E-05 9.9946E-05
9.9973E-05 0.0626766 0.310891 9.9973E-05 0.0553011 0.0312134 9.9973E-05 0.110398 0.42922
9.9973E-05 0.192148 0.122485 9.9973E-05 0.192771 0.0527763 9.9973E-05 0.116683 0.322837
0.10641 0.00867296 0.58169 0.00456999 9.9982E-05 9.9982E-05 0.00540105 0.109569 0.183487
9.9991E-05 0.240174 0.129648 0.0362851 0.0030466 0.0674788 0.000441292 0.0947279 0.428098
9.9964E-05 0.423525 0.14125 9.9964E-05 0.248352 0.131345 9.9964E-05 0.0551285 9.9964E-05
0.0452183 9.9982E-05 0.194474 0.0839851 0.0918039 9.9982E-05 0.0426408 0.081637 0.460041
0.0312086 0.180657 0.174174 0.0136413 9.9991E-05 0.0368746 0.0294729 0.116912 0.41696
0.00402068 0.0732188 0.389909 0.0716225 9.9982E-05 0.0674914 9.9982E-05 0.127358 0.26618
0.0862815 0.074126 0.256213 9.9991E-05 0.0767563 0.0112881 0.0320243 0.0249161 0.438295
9.9973E-05 0.110682 0.528081 0.00703501 0.197798 0.12434 9.9973E-05 9.9973E-05 0.0317643
9.9982E-05 0.189937 9.9982E-05 0.0228076 0.110789 0.0843902 0.037484 0.0879093 0.466483
9.9982E-05 0.0271223 0.216459 0.0511049 0.0240564 9.9982E-05 0.033322 0.171772 0.475964
0.134544 0.0334767 0.0770786 9.9982E-05 9.9982E-05 0.120788 0.200087 0.0806117 0.353214
9.9964E-05 0.219567 0.313015 9.9964E-05 0.0521797 9.9964E-05 9.9964E-05 0.0823693 0.33247
9.9991E-05 0.133581 0.250679 0.0277374 0.00176881 0.0231813 0.0106863 0.126554 0.425712
0.00696427 0.14655 0.168221 9.9991E-05 0.045862 0.0578931 0.0473156 0.0347074 0.492387
9.9982E-05 0.100009 0.0827802 0.0277273 0.0518049 0.190676 9.9982E-05 0.0726701 0.474132
0.0440927 0.0614211 0.154397 0.0536697 9.9991E-05 0.0289019 0.0717999 0.0736154 0.512002
0.0624429 0.00103009 0.163712 9.9991E-05 0.0494915 0.0761889 0.0580651 0.0693598 0.519609
0.0733243 9.9982E-05 0.050034 9.9982E-05 0.0809326 0.124293 0.027775 0.120269 0.523172
0.779584 9.9946E-05 9.9946E-05 9.9946E-05 9.9946E-05 9.9946E-05 0.0619445 9.9946E-05 0.157872
0.834643 9.9955E-05 9.9955E-05 9.9955E-05 9.9955E-05 0.0146966 0.0148741 9.9955E-05 0.135287
0.746544 0.0331348 0.0744707 9.9982E-05 0.0676618 9.9982E-05 0.00500019 0.0213062 0.0516821
0.784792 0.045378 9.9982E-05 0.0110853 9.9982E-05 0.0340131 0.0525041 0.0662966 0.00573106
0.784806 0.00748831 9.9955E-05 0.063625 9.9955E-05 9.9955E-05 9.9955E-05 9.9955E-05 0.143581
9.9982E-05 0.0230403 0.642696 9.9982E-05 0.000293282 0.0586174 0.107413 0.156614 0.0111264
9.9991E-05 0.0995423 0.185339 0.0515419 0.143436 0.00232136 0.00337783 0.0175143 0.496828
0.22405 0.0244867 0.0745735 0.0444344 0.0145997 9.9982E-05 0.169687 9.9982E-05 0.447969
9.9982E-05 0.0298017 0.20027 0.036609 0.018854 9.9982E-05 0.0529834 0.0831755 0.578106
0.095324 9.9973E-05 0.247948 9.9973E-05 9.9973E-05 0.144262 0.023566 0.0771224 0.411478
9.9982E-05 0.191064 0.300448 0.052383 0.0696631 9.9982E-05 0.0888846 0.136358 0.160999
0.0640917 0.100131 0.53176 0.0337991 0.0783057 0.00712607 9.9982E-05 0.184587 9.9982E-05
9.9991E-05 0.0281289 0.240084 0.0170284 0.016771 0.0945726 0.045409 0.122312 0.435594
0.0882225 0.144754 0.415843 0.0196913 9.9991E-05 0.0357718 0.0117397 0.206976 0.0769015
0.0206614 0.10094 0.061918 0.00960399 0.14695 0.134088 0.0285205 0.117622 0.379696
0.100464 0.187969 0.543312 0.0279194 9.9973E-05 9.9973E-05 9.9973E-05 0.115577 0.0244588
0.0218758 0.00101432 0.214166 0.0223168 9.9982E-05 9.9982E-05 0.121388 0.131658 0.487381
0.0557923 0.0866005 0.516435 0.0126485 0.0581983 9.9982E-05 9.9982E-05 0.149013 0.121113
9.9982E-05 0.140526 0.373688 0.0544886 0.0772667 9.9982E-05 0.0622427 0.0527557 0.238833
9.9982E-05 0.0865029 0.133929 0.0384383 0.172646 0.14458 0.0867698 9.9982E-05 0.336934
9.9964E-05 0.170076 0.0564491 9.9964E-05 0.381395 9.9964E-05 9.9964E-05 0.113028 0.278652
0.0374155 0.00185097 0.043048 9.9982E-05 0.243446 0.0490753 9.9982E-05 0.0311588 0.593806
9.9991E-05 0.0703482 0.00841856 0.0115288 0.170941 0.125441 0.0690354 0.078676 0.465511
9.9973E-05 0.0651857 0.0736791 9.9973E-05 0.347483 0.0670478 9.9973E-05 0.109874 0.33643
9.9991E-05 0.068655 0.113912 0.00445524 0.1141 0.132238 0.10391 0.0177263 0.444904
0.0440975 0.153868 9.9973E-05 9.9973E-05 0.163951 0.0494006 9.9973E-05 0.0302161 0.558166
9.9964E-05 0.207313 9.9964E-05 9.9964E-05 0.406589 0.200656 9.9964E-05 0.100713 0.0843285
9.9964E-05 0.0707698 9.9964E-05 9.9964E-05 0.517798 0.0919946 9.9964E-05 0.0326859 0.286351
9.9964E-05 0.0993273 9.9964E-05 0.00215714 0.254801 9.9964E-05 9.9964E-05 0.104567 0.538747
9.9964E-05 0.183575 9.9964E-05 9.9964E-05 0.370719 0.176123 9.9964E-05 0.105885 0.163299
9.9964E-05 9.9964E-05 0.12909 9.9964E-05 0.235532 0.110614 9.9964E-05 0.0365502 0.487814
0.00316069 0.0448647 0.519228 0.0165347 0.0581925 0.112963 0.0487567 0.193811 0.00248838
9.9973E-05 0.324644 0.413761 9.9973E-05 9.9973E-05 0.0621684 0.00927679 0.0436121 0.146237
9.9973E-05 0.0703093 0.40675 0.0169396 9.9973E-05 9.9973E-05 0.0660996 0.107887 0.331714
9.9973E-05 9.9973E-05 0.193142 0.0235453 0.0423229 9.9973E-05 0.00475532 0.0646737 0.671261
9.9973E-05 9.9973E-05 0.497279 9.9973E-05 0.0405937 0.104459 0.0104597 0.163656 0.183252
0.087002 0.200808 0.0889191 0.00817832 0.0994738 9.9982E-05 9.9982E-05 0.0349332 0.480486
9.9982E-05 9.9982E-05 0.0967327 0.0381749 0.0138046 0.0811674 0.1148 0.111684 0.543436
0.0665039 0.0803219 0.342235 9.9964E-05 9.9964E-05 0.0772361 9.9964E-05 9.9964E-05 0.433303
0.0271002 0.0724891 0.237184 0.0205084 9.9991E-05 0.0874295 0.0636252 0.0579138 0.43365
0.0313778 9.9982E-05 0.213086 0.0097495 9.9982E-05 0.113615 0.102536 0.119582 0.409854
9.9973E-05 9.9973E-05 0.556061 0.0281547 9.9973E-05 0.114475 0.0493093 0.113064 0.138637
0.00596659 0.15239 0.25591 9.9973E-05 9.9973E-05 9.9973E-05 0.0939587 0.221842 0.269633
0.000637924 0.113921 0.188064 9.9973E-05 9.9973E-05 9.9973E-05 0.0245708 0.134071 0.538436
9.9982E-05 9.9982E-05 0.146898 0.0579773 0.0940494 0.0359944 0.0508471 0.077751 0.536283
0.00719371 0.105003 0.219322 0.0297911 0.0911263 0.00376792 9.9991E-05 0.15415 0.389546
9.9973E-05 0.197258 0.20091 9.9973E-05 9.9973E-05 0.0122608 0.0895205 0.0706249 0.429125
9.9964E-05 9.9964E-05 0.344918 9.9964E-05 0.165304 9.9964E-05 0.0369896 0.164766 0.287622
0.0677998 0.125789 0.142899 9.9982E-05 9.9982E-05 0.0717102 0.0315529 0.0341 0.525948
0.0258552 0.0613327 0.22217 9.9991E-05 0.00695705 0.0437637 0.0198682 0.0993137 0.520639
0.130261 0.0740121 0.111306 0.0262872 9.9991E-05 0.104995 0.0651886 0.0576121 0.430239
0.377851 9.9973E-05 0.043547 0.0163777 0.0636183 9.9973E-05 0.0454668 9.9973E-05 0.452839
0.136249 0.0515396 0.0284939 0.065249 0.0320894 0.0993065 0.172304 9.9991E-05 0.414668
0.136253 0.146265 9.9973E-05 9.9973E-05 0.0898896 9.9973E-05 0.147127 0.0531269 0.427038
0.0316014 0.117551 0.107342 0.0506551 0.0301738 0.0417335 0.113247 0.0253267 0.482369
0.209291 0.064164 0.0325062 0.015899 9.9982E-05 0.0242583 0.239568 9.9982E-05 0.414113
9.9964E-05 0.128292 0.286806 9.9964E-05 0.107767 9.9964E-05 0.0225522 9.9964E-05 0.454183
0.183094 0.032981 0.0770535 0.0355805 0.0166321 0.0128092 0.0545064 9.9991E-05 0.587244
0.207526 9.9973E-05 0.0484521 9.9973E-05 0.462214 0.128344 0.118816 9.9973E-05 0.0343491
0.0720002 9.9982E-05 0.126342 0.00270244 0.131641 0.0749625 0.146285 9.9982E-05 0.445866
0.0537245 0.129151 9.9991E-05 0.0489377 0.0121854 0.0574924 0.136176 0.0338263 0.528407
0.0212354 0.0533623 0.00158045 9.9991E-05 0.0587441 0.0947487 0.233322 0.0547597 0.482147
0.0883792 0.0816944 0.219502 0.0524169 0.145654 0.0265018 0.083213 9.9991E-05 0.302539
0.14647 9.9964E-05 0.136605 9.9964E-05 0.10632 9.9964E-05 0.149508 9.9964E-05 0.460698
0.160747 0.0473852 9.9982E-05 0.00566586 0.111212 9.9982E-05 0.147989 0.000213155 0.526588
0.407419 0.0369452 9.9964E-05 0.0112881 0.352748 9.9964E-05 0.191199 9.9964E-05 9.9964E-05
0.161693 0.0157673 0.0435674 0.0808123 9.9982E-05 0.0391783 0.131547 9.9982E-05 0.527235
0.0824931 0.0209494 9.9982E-05 0.0739076 0.0683275 0.0735574 0.228154 9.9982E-05 0.452411
0.0761285 0.100518 9.9991E-05 0.0396507 0.0198346 0.115893 0.118842 0.0582883 0.470744
0.15641 0.053369 9.9973E-05 0.00378454 0.0894169 9.9973E-05 0.169596 9.9973E-05 0.527124
0.109002 0.040826 0.0884827 9.9991E-05 0.0378163 0.0295532 0.167518 0.104104 0.422598
9.9973E-05 0.389564 9.9973E-05 0.0780976 9.9973E-05 0.0458978 0.0473236 0.0709311 0.367886
0.0792965 0.151945 0.0369261 9.9991E-05 0.0226674 0.170358 0.111808 0.0450408 0.381858
9.9946E-05 0.818425 0.135534 9.9946E-05 9.9946E-05 0.0454412 9.9946E-05 9.9946E-05 9.9946E-05
9.99459E-05 0.909701 9.99459E-05 9.99459E-05 9.99459E-05 0.00622038 9.99459E-05 0.0834787 9.99459E-05
0.0496743 0.287111 0.122657 9.9982E-05 0.0120619 9.9982E-05 0.0551714 0.0319609 0.441164
0.0775661 0.0555036 0.11938 9.9973E-05 0.087438 9.9973E-05 0.352872 9.9973E-05 0.30694
0.0756237 0.20964 9.9982E-05 0.0188652 0.031356 0.0281315 0.383215 9.9982E-05 0.252969
0.12325 0.1872 0.00912832 0.0564288 0.168507 0.0680843 0.280676 9.9991E-05 0.106625
0.171631 0.121344 0.0914401 0.0748521 0.0102682 9.9982E-05 0.231544 9.9982E-05 0.29872
0.0742653 0.684458 9.9964E-05 9.9964E-05 0.130344 9.9964E-05 0.108938 9.9964E-05 0.00159497
0.0538527 0.652599 9.9973E-05 0.0600476 0.0373407 9.9973E-05 0.114029 9.9973E-05 0.0818313
9.9973E-05 0.321947 0.0228036 0.00351275 9.9973E-05 0.0762441 0.158965 9.9973E-05 0.416228
0.0587253 0.400128 9.9964E-05 9.9964E-05 9.9964E-05 0.0267141 0.0876658 9.9964E-05 0.426367
9.9955E-05 0.669003 9.9955E-05 0.0750109 9.9955E-05 9.9955E-05 0.141933 9.9955E-05 0.113554
9.9982E-05 0.290378 0.0332167 9.9982E-05 0.0247586 0.0949084 0.170358 0.0304524 0.355728
9.9973E-05 0.37839 0.0190885 0.00401304 9.9973E-05 9.9973E-05 0.133808 0.0350995 0.429301
0.0804362 0.202481 9.9982E-05 0.0531682 9.9982E-05 0.0135745 0.13254 0.094256 0.423344
9.9973E-05 0.553769 0.0128207 0.0385921 9.9973E-05 0.00436392 9.9973E-05 0.0826953 0.307459
9.9991E-05 0.436641 0.123559 0.03137 0.0218597 0.090355 0.0553751 0.000196974 0.240543
0.0422208 0.27651 9.9982E-05 0.0341495 0.0257438 0.0865048 0.00395457 9.9982E-05 0.530716
9.9991E-05 0.353557 0.0226136 0.0723458 0.131389 0.00506731 0.0466652 0.0880399 0.280223
9.9991E-05 0.180803 0.0939408 0.00781785 0.0685881 0.045378 0.1994 0.0950977 0.308875
9.9964E-05 0.361666 0.0469932 0.0370944 0.0920032 9.9964E-05 9.9964E-05 9.9964E-05 0.461843
9.9955E-05 0.6808 0.00924515 9.9955E-05 9.9955E-05 9.9955E-05 9.9955E-05 0.0983794 0.211076
9.9955E-05 0.318069 9.9955E-05 0.0358681 9.9955E-05 0.108915 9.9955E-05 9.9955E-05 0.536648
9.99459E-05 0.719137 9.99459E-05 9.99459E-05 9.99459E-05 0.0577919 9.99459E-05 9.99459E-05 0.222472
0.0425929 0.478206 9.9973E-05 0.0434094 9.9973E-05 9.9973E-05 0.0302332 0.0125184 0.392741
0.0409456 0.271841 0.0160294 0.0536639 9.9991E-05 0.10871 0.0589523 0.0227432 0.427014
0.0643647 0.422236 0.0238318 9.9982E-05 9.9982E-05 0.0484935 0.0447605 0.0654743 0.330639
0.210121 0.0653567 9.9973E-05 0.0182628 0.0373583 9.9973E-05 0.0914304 9.9973E-05 0.577171
0.184831 0.152617 0.0429881 9.9973E-05 0.0366094 9.9973E-05 0.137004 9.9973E-05 0.445651
0.115869 0.0512723 9.9991E-05 0.0182028 0.109148 0.101521 0.299738 0.0637684 0.240381
0.0677646 0.104819 0.190966 0.0585952 0.0656312 9.9991E-05 0.161193 0.0849846 0.265947
0.13007 9.9982E-05 0.0155722 9.9982E-05 0.0584974 0.134016 0.138649 0.107101 0.415895
0.102252 0.198028 9.9991E-05 0.0488192 0.0319017 0.0324665 0.120631 0.075885 0.389916
0.196894 0.617325 9.9964E-05 0.00183719 0.0749433 9.9964E-05 0.1086 9.9964E-05 9.9964E-05
0.0321352 0.0802287 9.9982E-05 0.0402326 0.0296483 9.9982E-05 0.217691 0.0880207 0.511843
0.331955 0.434364 9.9964E-05 0.0112061 0.122649 9.9964E-05 0.0994257 9.9964E-05 9.9964E-05
0.0610011 0.283926 9.9955E-05 9.9955E-05 9.9955E-05 9.9955E-05 0.152197 9.9955E-05 0.502377
9.9946E-05 0.799075 9.9946E-05 9.9946E-05 9.9946E-05 0.123485 9.9946E-05 9.9946E-05 0.0768406
9.9964E-05 0.918889 0.0120838 0.0255886 0.0029025 0.0401364 9.9964E-05 9.9964E-05 9.9964E-05
9.9955E-05 0.375055 0.0902994 9.9955E-05 9.9955E-05 0.0969085 9.9955E-05 9.9955E-05 0.437237
0.036062 0.362002 9.9964E-05 9.9964E-05 0.00821034 9.9964E-05 0.0274436 9.9964E-05 0.565882
9.9964E-05 0.486568 0.0798538 9.9964E-05 9.9964E-05 0.0205675 9.9964E-05 0.0388974 0.373713
9.9964E-05 0.404921 9.9964E-05 0.0400044 9.9964E-05 0.142756 0.00286002 9.9964E-05 0.409058
9.9955E-05 0.474623 0.0139149 9.9955E-05 9.9955E-05 9.9955E-05 9.9955E-05 0.00170357 0.509259
0.744848 0.100944 9.9955E-05 0.0403235 9.9955E-05 9.9955E-05 9.9955E-05 9.9955E-05 0.113385
0.653181 9.9964E-05 0.0586305 0.054754 9.9964E-05 9.9964E-05 0.108045 0.124989 9.9964E-05
0.856409 9.9964E-05 0.0204823 0.0113673 9.9964E-05 9.9964E-05 0.0881243 0.0232177 9.9964E-05
0.838058 0.0364944 9.9955E-05 0.112663 9.9955E-05 9.9955E-05 9.9955E-05 9.9955E-05 0.012285
0.0331911 9.9991E-05 0.0946983 0.0548705 0.0431462 0.346333 0.0246779 0.0383508 0.364633
0.00695075 0.0593176 0.068027 9.9982E-05 9.9982E-05 0.363296 0.0537282 0.00128948 0.447192
9.9964E-05 9.9964E-05 0.0794684 0.052707 9.9964E-05 0.358583 9.9964E-05 0.0367244 0.472117
0.0419081 9.9964E-05 9.9964E-05 0.0362332 9.9964E-05 0.258166 9.9964E-05 0.0218986 0.641394
0.0529017 0.0479842 0.0226061 0.00654608 0.0421275 0.15146 0.123252 0.115751 0.437371
0.0408927 0.062393 0.0783043 9.9982E-05 0.0761596 0.534567 9.9982E-05 0.0526255 0.154858
0.0164603 9.9964E-05 9.9964E-05 9.9964E-05 9.9964E-05 0.31433 0.00200006 0.0238049 0.643005
9.9955E-05 9.9955E-05 9.9955E-05 0.0504985 0.159033 0.541915 9.9955E-05 9.9955E-05 0.248053
0.256463 0.0128525 0.0373739 0.00818779 9.9973E-05 9.9973E-05 0.11478 9.9973E-05 0.570043
9.9982E-05 0.0469455 0.0160787 9.9982E-05 0.0112271 0.410036 0.13824 0.0549208 0.322352
9.9964E-05 9.9964E-05 0.115118 0.0194104 9.9964E-05 0.471317 9.9964E-05 0.0674031 0.326352
9.9964E-05 0.0619717 9.9964E-05 0.00837788 9.9964E-05 0.408761 0.038184 9.9964E-05 0.482306
0.0166411 9.9973E-05 0.0803497 0.012422 9.9973E-05 0.496961 9.9973E-05 0.0156802 0.377646
9.9964E-05 0.126481 9.9964E-05 0.0441836 9.9964E-05 0.306751 0.0227267 9.9964E-05 0.499457
0.0650104 0.0207229 9.9964E-05 0.0461858 9.9964E-05 0.323041 9.9964E-05 9.9964E-05 0.54464
9.9955E-05 0.0385666 9.9955E-05 9.9955E-05 0.000658576 0.904528 9.9955E-05 9.9955E-05 0.0557474
9.9982E-05 0.011446 0.00978929 9.9982E-05 0.0946516 0.536723 0.047638 0.0299698 0.269582
0.0175119 0.079461 9.9982E-05 9.9982E-05 0.0557869 0.540516 0.0502442 0.0321516 0.224129
9.9946E-05 0.0632822 9.9946E-05 9.9946E-05 0.135111 0.801007 9.9946E-05 9.9946E-05 9.9946E-05
0.039399 0.0426884 0.225438 0.0245943 0.00129998 0.298899 0.00540658 9.9991E-05 0.362175
9.9964E-05 0.0831747 9.9964E-05 0.0211378 0.227636 0.637922 9.9964E-05 9.9964E-05 0.02973
9.9946E-05 0.162898 9.9946E-05 9.9946E-05 0.130477 0.706025 9.9946E-05 9.9946E-05 9.9946E-05
9.9964E-05 9.9964E-05 0.0684214 0.0198207 9.9964E-05 0.27785 0.0720698 9.9964E-05 0.561438
0.0494216 9.9955E-05 0.195697 9.9955E-05 9.9955E-05 0.552683 9.9955E-05 9.9955E-05 0.201699
9.9964E-05 9.9964E-05 9.9964E-05 9.9964E-05 0.0199801 0.427917 0.113404 0.0795882 0.358711
0.0867939 9.9973E-05 0.0303808 9.9973E-05 0.0150457 0.20982 0.0694204 9.9973E-05 0.588239
9.9973E-05 9.9973E-05 0.0811203 9.9973E-05 0.0233785 0.337642 0.0455658 0.00960238 0.502392
9.9973E-05 0.248753 0.297475 9.9973E-05 0.0946335 9.9973E-05 0.0674257 0.0124048 0.279007
9.9982E-05 0.0136008 0.05469 9.9982E-05 0.0642937 0.27513 0.00191787 0.071272 0.518896
9.9973E-05 9.9973E-05 0.0687733 0.065271 0.0319861 0.416249 0.054691 9.9973E-05 0.362729
9.9964E-05 0.0385369 9.9964E-05 0.000634722 9.9964E-05 0.661753 9.9964E-05 0.0142215 0.284454
0.0325146 0.02591 0.0321107 9.9991E-05 0.046408 0.293857 0.106724 0.0124475 0.449928
0.567552 9.9973E-05 0.105411 0.0536281 0.0899477 0.00681703 9.9973E-05 0.176345 9.9973E-05
0.690384 9.9982E-05 0.0912384 0.0453349 0.0567476 0.00712113 9.9982E-05 0.0696715 0.0393024
0.692481 9.9964E-05 0.0244349 0.113245 0.0693873 9.9964E-05 9.9964E-05 0.100052 9.9964E-05
0.695991 0.0146592 9.9973E-05 0.0862074 0.022061 0.000103487 9.9973E-05 0.180678 9.9973E-05
0.652105 0.0189894 0.0441779 0.0517642 0.0551513 9.9982E-05 9.9982E-05 0.154345 0.0232669
0.0452483 9.9964E-05 0.187686 9.9964E-05 9.9964E-05 0.654194 0.0749872 9.9964E-05 0.0374849
0.0490807 0.0486081 0.121063 0.0432786 9.9982E-05 0.635269 9.9982E-05 0.0287996 0.0737014
