9.9946E-05 0.11063 9.9946E-05 0.768648 9.9946E-05 0.0296403 9.9946E-05 9.9946E-05 9.9946E-05 0.0904818
9.9955E-05 0.223646 9.9955E-05 0.730441 9.9955E-05 0.0269277 0.00775113 0.0107348 9.9955E-05 9.9955E-05
9.9964E-05 0.0427164 0.0141907 0.717679 0.0906324 9.9964E-05 0.0438176 9.9964E-05 9.9964E-05 0.0905641
9.9964E-05 0.146364 9.9964E-05 0.621621 0.0170305 0.0132435 0.0785487 9.9964E-05 9.9964E-05 0.122793
0.0112645 0.20222 9.9964E-05 0.683196 0.051161 9.9964E-05 0.0464197 9.9964E-05 9.9964E-05 0.00533941
0.03656 0.881933 0.0639221 9.9964E-05 0.00937928 9.9964E-05 0.000233539 0.00757225 9.9964E-05 9.9964E-05
9.99201E-05 0.999101 9.99201E-05 9.99201E-05 9.99201E-05 9.99201E-05 9.99201E-05 9.99201E-05 9.99201E-05 9.99201E-05
9.99201E-05 0.999101 9.99201E-05 9.99201E-05 9.99201E-05 9.99201E-05 9.99201E-05 9.99201E-05 9.99201E-05 9.99201E-05
9.99549E-05 0.142341 0.0585161 0.681731 9.99549E-05 9.99549E-05 0.0712831 9.99549E-05 0.0456292 9.99549E-05
0.0206924 0.913531 9.9955E-05 0.00815307 0.0185921 9.9955E-05 9.9955E-05 9.9955E-05 9.9955E-05 0.0385312
9.9946E-05 0.873352 9.9946E-05 0.0994845 9.9946E-05 9.9946E-05 0.0260064 9.9946E-05 0.000556969 9.9946E-05
0.0275773 0.0970468 0.0214519 9.9955E-05 0.115384 0.73804 9.9955E-05 9.9955E-05 9.9955E-05 9.9955E-05
0.0972032 0.0393242 9.9955E-05 9.9955E-05 0.319284 0.442996 9.9955E-05 9.9955E-05 9.9955E-05 0.100693
0.121919 0.0339858 9.9973E-05 9.9973E-05 0.0724771 0.675501 0.0219021 0.0490838 0.0248316 9.9973E-05
0.143474 0.0713515 9.9955E-05 9.9955E-05 0.145509 0.600558 9.9955E-05 0.0386087 9.9955E-05 9.9955E-05
0.1661 0.0309728 0.0256074 0.0790582 0.183675 0.514187 9.9964E-05 9.9964E-05 9.9964E-05 9.9964E-05
0.0750793 0.00240286 0.0240525 0.0192084 0.517984 0.306057 9.9982E-05 0.0049766 9.9982E-05 0.0500394
0.0392186 9.9964E-05 0.0266065 9.9964E-05 0.290692 0.502185 9.9964E-05 9.9964E-05 0.0105043 0.130394
0.0822047 0.0364636 0.0179615 0.0656907 0.141227 0.640668 9.9973E-05 9.9973E-05 9.9973E-05 0.0154848
0.0022554 0.0689324 9.9955E-05 9.9955E-05 9.9955E-05 0.859858 0.0317011 9.9955E-05 0.0367532 9.9955E-05
0.0740623 9.9982E-05 0.0925635 0.00307941 0.290167 0.372479 0.0475724 0.0897547 0.0301225 9.9982E-05
0.0120671 0.0279724 9.9982E-05 0.0422213 0.3445 0.301566 9.9982E-05 0.0839918 0.18688 0.000601049
0.0148184 9.9973E-05 0.0302275 0.0824693 0.563555 0.264397 0.0402665 0.0039667 9.9973E-05 9.9973E-05
0.0735167 0.0893061 0.0615339 9.9964E-05 0.0895205 0.667219 9.9964E-05 9.9964E-05 0.0185036 9.9964E-05
0.0742533 9.9964E-05 0.0873825 0.098428 0.52397 0.190353 9.9964E-05 9.9964E-05 0.0252126 9.9964E-05
0.126759 9.9955E-05 9.9955E-05 0.00967993 0.36264 0.487296 9.9955E-05 9.9955E-05 0.0131257 9.9955E-05
0.0784364 0.0500571 9.9946E-05 9.9946E-05 0.0216494 0.849257 9.9946E-05 9.9946E-05 9.9946E-05 9.9946E-05
0.16156 0.0392784 9.9937E-05 9.9937E-05 9.9937E-05 0.798462 9.9937E-05 9.9937E-05 9.9937E-05 9.9937E-05
9.9955E-05 0.0274223 9.9955E-05 9.9955E-05 0.048978 0.762493 9.9955E-05 0.0954663 0.0651402 9.9955E-05
0.11283 9.9937E-05 9.9937E-05 0.800986 0.0854844 9.9937E-05 9.9937E-05 9.9937E-05 9.9937E-05 9.9937E-05
0.0589927 9.9937E-05 9.9937E-05 0.834542 0.105766 9.9937E-05 9.9937E-05 9.9937E-05 9.9937E-05 9.9937E-05
0.0972563 9.9964E-05 0.011734 0.74161 0.0951361 0.0383123 0.0155515 9.9964E-05 9.9964E-05 9.9964E-05
0.127055 0.083812 0.0337445 0.661178 0.0937114 9.9955E-05 9.9955E-05 9.9955E-05 9.9955E-05 9.9955E-05
0.0164629 9.9991E-05 0.193206 0.0314626 0.529236 0.0806241 0.0242643 0.0564887 0.0204144 0.0477416
9.9955E-05 0.128683 0.181392 9.9955E-05 0.447226 0.158293 9.9955E-05 9.9955E-05 9.9955E-05 0.0839067
9.9946E-05 0.052686 0.32271 9.9946E-05 0.569506 9.9946E-05 9.9946E-05 9.9946E-05 0.0544976 9.9946E-05
0.0403911 9.9973E-05 0.0445811 0.102205 0.0291519 0.561513 0.215885 0.00597309 9.9973E-05 9.9973E-05
0.055366 9.9973E-05 0.533669 0.0521119 0.282055 0.0281707 9.9973E-05 9.9973E-05 0.0218867 0.0264401
0.0192376 9.9964E-05 0.166923 0.113682 0.467071 0.184677 9.9964E-05 9.9964E-05 9.9964E-05 0.0480096
9.9964E-05 0.0398483 0.185186 9.9964E-05 0.578038 9.9964E-05 0.0040772 0.0313085 9.9964E-05 0.161142
0.0673837 0.0512863 0.0830711 0.0616065 0.525154 9.9973E-05 0.132631 9.9973E-05 0.0785667 9.9973E-05
9.9973E-05 0.0230606 0.0710503 0.0655022 0.632275 0.157294 0.00642358 9.9973E-05 0.0440947 9.9973E-05
9.9964E-05 0.0500474 0.704229 0.00592956 0.0947566 0.118935 9.9964E-05 9.9964E-05 0.0257025 9.9964E-05
9.9964E-05 0.0276492 9.9964E-05 0.0297479 0.671996 0.00762817 9.9964E-05 9.9964E-05 0.201056 0.0615228
0.0633595 0.0867182 0.189188 9.9982E-05 0.584952 0.011795 0.000143173 0.0260889 9.9982E-05 0.0375554
0.0772295 0.0664964 0.175568 0.155401 0.48361 0.0274984 9.9982E-05 0.00675922 0.00723729 9.9982E-05
9.9946E-05 9.9946E-05 0.57593 9.9946E-05 0.329866 9.9946E-05 0.0464365 0.0471683 9.9946E-05 9.9946E-05
0.000440793 9.9964E-05 0.28786 9.9964E-05 0.616186 9.9964E-05 0.0235762 0.0174713 9.9964E-05 0.0540655
9.9973E-05 0.0544315 0.198851 0.0210246 0.342603 0.0912995 9.9973E-05 9.9973E-05 0.0595176 0.231973
9.9937E-05 9.9937E-05 0.688849 0.0645249 9.9937E-05 9.9937E-05 9.9937E-05 9.9937E-05 0.245927 9.9937E-05
9.9973E-05 0.00844187 0.161732 9.9973E-05 0.0925712 0.375403 0.184258 0.0664629 0.110831 9.9973E-05
9.9973E-05 0.0475203 0.181061 9.9973E-05 0.00562874 0.320297 9.9973E-05 0.0768136 0.362125 0.00625366
0.0562057 9.9982E-05 0.0183484 0.08557 0.384884 0.0966084 0.142953 0.0663543 9.9982E-05 0.148877
0.0682067 0.109662 9.9973E-05 0.0415682 0.5517 0.205365 9.9973E-05 0.00544017 0.0177582 9.9973E-05
9.9964E-05 9.9964E-05 0.0947821 9.9964E-05 0.474079 0.0612853 0.0732999 0.0989007 9.9964E-05 0.197253
9.9982E-05 9.9982E-05 0.113621 0.0771527 0.140413 0.293791 0.162535 0.053051 0.115848 0.0433885
9.999E-05 0.0173711 0.0426314 0.0394567 0.548319 0.146926 0.123923 0.0392654 0.0370341 0.0049735
0.110851 0.125805 9.9982E-05 9.9982E-05 0.522658 0.110055 0.0486259 0.0267579 0.0415349 0.0135129
9.9973E-05 0.119356 0.141025 9.9973E-05 0.311611 0.275256 9.9973E-05 0.0805319 0.0578779 0.0140423
9.9982E-05 0.0682313 0.0788564 0.112689 9.9982E-05 0.378793 0.0929178 0.00543376 0.15453 0.108348
9.9982E-05 0.0470999 0.125535 0.0578277 0.519881 0.104998 0.078967 9.9982E-05 0.0388658 0.0266269
9.9973E-05 0.0560878 0.0111204 9.9973E-05 0.180909 0.44545 0.0569882 0.0550192 9.9973E-05 0.194126
9.9955E-05 0.0909157 0.0817427 9.9955E-05 9.9955E-05 0.58781 0.156718 9.9955E-05 0.0823138 9.9955E-05
9.9964E-05 9.9964E-05 0.0795879 9.9964E-05 0.336189 0.395235 0.00110507 0.0473131 9.9964E-05 0.14017
9.9973E-05 9.9973E-05 0.00881352 9.9973E-05 0.604023 0.0877015 0.0116765 0.151752 0.0295153 0.106218
0.0104842 9.9973E-05 0.0316751 0.0306063 0.35843 0.369508 9.9973E-05 0.0426442 9.9973E-05 0.156352
0.0503576 9.9973E-05 0.0900971 0.0340177 0.21841 0.440901 9.9973E-05 0.0937707 0.0721466 9.9973E-05
9.9982E-05 0.00767153 0.0113535 9.9982E-05 0.45236 0.432445 0.00450194 0.0329385 0.0395858 0.0189443
9.9982E-05 0.0924057 0.0687792 0.00260654 0.434882 0.0707493 0.137589 0.0417558 9.9982E-05 0.151032
9.9973E-05 9.9973E-05 0.0541749 0.0401609 0.114857 0.573557 0.0314518 0.0786019 0.106896 9.9973E-05
9.9964E-05 9.9964E-05 0.380652 0.0120448 0.514684 0.0797733 0.0108469 9.9964E-05 0.00159967 9.9964E-05
9.9964E-05 0.0137507 0.593169 0.00240737 0.219703 0.104602 0.065967 9.9964E-05 9.9964E-05 9.9964E-05
9.9982E-05 0.0125591 0.20722 0.0600318 0.413796 9.9982E-05 0.13925 0.00622275 0.016569 0.144152
9.9937E-05 9.9937E-05 0.859061 9.9937E-05 9.9937E-05 9.9937E-05 9.9937E-05 9.9937E-05 0.135765 0.00447452
9.9946E-05 9.9946E-05 0.811107 9.9946E-05 9.9946E-05 0.0457178 9.9946E-05 0.0519298 0.0906457 9.9946E-05
9.9946E-05 9.9946E-05 0.655547 9.9946E-05 0.284893 9.9946E-05 9.9946E-05 0.0353492 9.9946E-05 0.023611
9.9946E-05 9.9946E-05 0.494908 9.9946E-05 0.375702 0.0710765 0.0577142 9.9946E-05 9.9946E-05 9.9946E-05
0.094196 9.9955E-05 9.9955E-05 0.208582 0.490603 9.9955E-05 0.0730938 0.133026 9.9955E-05 9.9955E-05
0.0897634 0.0346711 0.437323 9.9964E-05 0.383253 0.0223852 9.9964E-05 9.9964E-05 9.9964E-05 0.0322049
0.0339474 9.9964E-05 0.591554 0.0556458 0.149456 0.0546783 0.114318 9.9964E-05 9.9964E-05 9.9964E-05
9.9946E-05 0.0378457 0.438372 9.9946E-05 0.252811 9.9946E-05 0.270372 9.9946E-05 9.9946E-05 9.9946E-05
0.0611912 9.9973E-05 0.252176 0.0968892 0.491389 0.0604583 0.0306014 9.9973E-05 9.9973E-05 0.00699445
0.0259591 0.0453578 0.52199 9.9955E-05 0.281273 0.12492 9.9955E-05 9.9955E-05 9.9955E-05 9.9955E-05
9.9973E-05 0.0473229 0.324293 0.031737 0.479552 0.0508785 0.0254129 9.9973E-05 0.0405039 9.9973E-05
9.9946E-05 9.9946E-05 0.513225 9.9946E-05 0.40111 9.9946E-05 9.9946E-05 0.00526411 0.0798019 9.9946E-05
0.0133277 9.9964E-05 0.736694 9.9964E-05 9.9964E-05 9.9964E-05 0.0290748 0.0762426 0.115541 0.0287208
0.0227304 9.9955E-05 0.197144 9.9955E-05 0.615649 9.9955E-05 0.0719318 9.9955E-05 0.0920443 9.9955E-05
0.0411697 0.0481283 9.9973E-05 0.73098 0.070955 0.0322309 0.0330371 9.9973E-05 9.9973E-05 0.0431989
9.99281E-05 9.99281E-05 9.99281E-05 0.892209 0.106992 9.99281E-05 9.99281E-05 9.99281E-05 9.99281E-05 9.99281E-05
9.9946E-05 9.9946E-05 9.9946E-05 0.830809 0.0286007 9.9946E-05 0.00481824 9.9946E-05 9.9946E-05 0.135173
9.9955E-05 9.9955E-05 0.0179747 0.834479 0.00697269 9.9955E-05 9.9955E-05 9.9955E-05 0.00394547 0.136129
9.9955E-05 0.0738384 0.0402588 0.7837 0.000961275 9.9955E-05 9.9955E-05 9.9955E-05 9.9955E-05 0.100742
9.9973E-05 0.0223473 0.0193221 0.786109 0.00516195 9.9973E-05 0.0260696 0.0321624 9.9973E-05 0.108528
9.9946E-05 0.131954 9.9946E-05 0.778039 0.0477421 9.9946E-05 9.9946E-05 9.9946E-05 9.9946E-05 0.0416646
0.102392 9.9955E-05 0.252999 0.101926 0.366932 0.175251 9.9955E-05 9.9955E-05 9.9955E-05 9.9955E-05
0.0553305 9.9982E-05 0.100685 0.0660371 0.468825 0.0637097 0.124127 9.9982E-05 0.0164927 0.104594
9.9973E-05 0.00149333 0.760277 0.0372609 0.013102 0.173441 0.00612536 0.00799981 9.9973E-05 9.9973E-05
0.107693 9.9991E-05 0.0622314 0.0412424 0.385695 0.0999899 0.0679346 0.124411 0.0399256 0.0707768
9.9955E-05 9.9955E-05 0.355841 0.0694869 0.379588 0.170962 0.0236231 9.9955E-05 9.9955E-05 9.9955E-05
9.9955E-05 9.9955E-05 0.283659 0.0172719 0.531074 9.9955E-05 9.9955E-05 0.0582964 9.9955E-05 0.109198
0.054458 9.9973E-05 0.138956 0.0336842 0.580438 0.0982812 9.9973E-05 0.0143697 0.079513 9.9973E-05
0.104722 0.0539159 0.423353 9.9955E-05 0.370661 9.9955E-05 9.9955E-05 9.9955E-05 9.9955E-05 0.0468487
9.9973E-05 0.0262788 0.680379 0.0521655 9.9973E-05 0.161626 0.0654217 9.9973E-05 0.000272941 0.0135563
9.9973E-05 0.0812909 0.0478822 0.100917 0.577807 0.122306 0.0142327 0.0552645 9.9973E-05 9.9973E-05
0.0386035 0.0294711 0.134269 0.0323173 0.628701 0.0162216 0.029475 9.9982E-05 0.0907415 9.9982E-05
0.0863983 0.13128 0.113833 9.9982E-05 0.55347 0.0456446 0.0458421 0.0150118 0.00832046 9.9982E-05
0.0329347 9.9964E-05 0.426797 9.9964E-05 0.316065 0.0244159 9.9964E-05 0.0879451 0.111442 9.9964E-05
9.9955E-05 9.9955E-05 0.359859 0.00652355 0.532415 9.9955E-05 9.9955E-05 0.0685987 9.9955E-05 0.0321035
9.9955E-05 0.0462363 0.316001 0.0522434 0.446462 0.138557 9.9955E-05 9.9955E-05 9.9955E-05 9.9955E-05
0.121625 9.9955E-05 0.536392 9.9955E-05 0.309698 9.9955E-05 9.9955E-05 0.00352178 9.9955E-05 0.0282631
0.0224346 0.00906556 0.384001 0.0371641 0.38065 0.105214 9.9982E-05 0.00448541 9.9982E-05 0.0567859
0.0384045 9.9982E-05 0.166908 0.145222 0.554895 0.0605248 0.0112676 0.0181809 9.9982E-05 0.0043978
0.0167273 0.0111758 9.9964E-05 9.9964E-05 9.9964E-05 0.4301 0.0953624 0.270507 9.9964E-05 0.175727
0.0506464 0.0444546 0.00872256 0.0281648 0.195176 0.290279 0.118885 9.9991E-05 0.084245 0.179328
9.9982E-05 0.0444828 9.9982E-05 0.00808222 0.51777 0.243874 0.00255494 0.0801156 0.00439809 0.098522
0.0469279 0.0177567 0.0773921 0.0570147 0.581603 0.0797009 0.0900525 0.00161051 0.047842 9.9991E-05
9.9964E-05 9.9964E-05 9.9964E-05 0.0443843 0.433822 0.275541 0.152052 0.0704618 0.0233386 9.9964E-05
9.9955E-05 9.9955E-05 9.9955E-05 9.9955E-05 0.471713 0.301838 0.0764944 0.0106408 9.9955E-05 0.138814
9.9955E-05 9.9955E-05 9.9955E-05 9.9955E-05 0.348417 0.412624 0.0764764 0.0564101 9.9955E-05 0.105572
9.9982E-05 9.9982E-05 0.0184022 0.111498 0.520221 0.0923099 0.0452187 0.081408 0.101188 0.0295547
9.9982E-05 9.9982E-05 0.0240219 0.0592681 0.539757 0.000363777 0.0882761 0.0615236 0.112658 0.113931
9.9973E-05 9.9973E-05 0.0361667 0.0717472 0.48839 0.257189 0.0821216 0.0140491 0.0500364 9.9973E-05
9.9982E-05 9.9982E-05 0.00508368 0.0124605 0.450313 0.293716 0.105837 0.100082 0.0203813 0.0119271
0.00364972 0.00975934 9.9982E-05 9.9982E-05 0.562808 0.0583675 0.047753 0.0830894 0.127865 0.106508
0.0156956 0.00213411 9.9982E-05 9.9982E-05 0.571813 0.180345 0.0405969 0.0319408 0.0802342 0.0770404
0.0320234 9.9964E-05 9.9964E-05 9.9964E-05 0.524221 0.344291 0.0135939 0.0566325 9.9964E-05 0.028838
0.0279335 0.0531787 9.9991E-05 0.0428545 0.493974 0.0285911 0.155645 0.112596 0.00347019 0.0816574
0.0703935 9.9973E-05 0.0815323 9.9973E-05 0.466142 0.179393 0.0866704 9.9973E-05 0.0762452 0.0393234
9.9973E-05 9.9973E-05 9.9973E-05 0.0479634 0.261161 0.286418 0.0525568 0.0666494 0.157946 0.127006
0.123492 9.9973E-05 0.0187947 9.9973E-05 0.44831 0.256747 0.0337667 0.0513101 9.9973E-05 0.0672792
9.9964E-05 9.9964E-05 9.9964E-05 9.9964E-05 0.629559 0.0586692 0.0352258 0.128818 0.0430068 0.104321
0.110691 0.0527175 0.157873 9.9982E-05 0.119827 0.330184 0.163863 0.0604288 0.00421652 9.9982E-05
9.9973E-05 9.9973E-05 0.031108 9.9973E-05 0.127294 0.256166 0.123169 0.209195 0.218958 0.03381
9.9982E-05 0.019501 0.0732754 0.0566176 0.617823 0.0709169 0.0882333 9.9982E-05 0.0588273 0.0146055
0.0824966 9.9973E-05 0.172695 9.9973E-05 0.0258974 0.0807292 0.257111 0.210231 0.170539 9.9973E-05
9.9964E-05 9.9964E-05 0.0261454 0.0449855 0.204749 0.530397 0.154012 0.0393112 9.9964E-05 9.9964E-05
9.9955E-05 9.9955E-05 0.117229 9.9955E-05 0.351921 0.336987 0.128526 0.064837 9.9955E-05 9.9955E-05
9.9964E-05 9.9964E-05 0.0876572 0.0502185 0.218069 0.458649 0.148603 0.0364041 9.9964E-05 9.9964E-05
0.0269437 9.9982E-05 0.114963 0.0240454 0.206971 0.421253 0.182854 0.00200497 0.0207649 9.9982E-05
9.9973E-05 9.9973E-05 0.0400589 0.0741977 0.592882 0.151435 0.0739518 9.9973E-05 0.00151272 0.0656621
0.0265532 9.9991E-05 0.0147001 0.0866796 0.367251 0.237101 0.0279375 0.0704167 0.0165819 0.152678
0.0124949 0.0401943 0.0580086 0.0734947 0.498743 0.268625 9.9982E-05 0.0254523 0.0227866 9.9982E-05
9.9973E-05 9.9973E-05 0.115838 9.9973E-05 0.043999 0.396959 0.0869671 0.0787072 0.171946 0.105284
9.9964E-05 0.0346122 0.183814 0.18178 0.497527 0.054483 9.9964E-05 9.9964E-05 0.0473835 9.9964E-05
0.0921731 9.9973E-05 0.14273 0.00954975 0.466535 0.0407852 0.00962177 9.9973E-05 0.238305 9.9973E-05
9.9973E-05 0.0464238 0.152127 0.100688 0.0162989 9.9973E-05 0.104067 0.176518 0.403577 9.9973E-05
0.0184397 0.0514668 0.127335 0.0488757 0.603402 9.9973E-05 9.9973E-05 9.9973E-05 0.0982107 0.0519703
9.9964E-05 9.9964E-05 0.111837 0.148933 0.318497 9.9964E-05 0.0258145 0.218421 0.176098 9.9964E-05
0.0163395 9.9991E-05 0.0102148 0.0525313 0.51125 0.0609711 0.0266256 0.0464836 0.171567 0.103917
9.9973E-05 0.0320766 0.15171 9.9973E-05 0.194629 9.9973E-05 0.120334 0.0553898 0.285614 0.159946
9.9982E-05 0.016708 0.0582733 0.0449165 0.21509 0.0752179 0.109056 0.082883 0.397654 9.9982E-05
9.9973E-05 9.9973E-05 0.0047171 0.0693218 0.416589 0.0780168 0.0921553 0.172711 0.166189 9.9973E-05
9.9991E-05 0.0099291 0.0576697 0.0529465 0.406825 0.0222615 0.077343 0.108502 0.0482794 0.216143
0.00273344 0.154971 0.0375813 0.0697611 0.421045 0.0542109 0.055831 0.0831291 0.0942293 0.0265077
0.0440458 0.0346166 0.185015 0.00111208 9.9991E-05 0.0930797 0.1024 0.109373 0.222539 0.207719
9.9991E-05 0.00879453 0.00558256 0.0607121 0.461273 0.00404013 0.0346333 0.0850194 0.146031 0.193813
9.9964E-05 9.9964E-05 0.158185 9.9964E-05 0.3558 0.0823674 0.0204549 0.0552995 0.327493 9.9964E-05
9.9964E-05 9.9964E-05 0.100877 9.9964E-05 0.45125 0.168999 0.0188184 0.109411 0.150245 9.9964E-05
9.9973E-05 9.9973E-05 0.0425869 0.0959609 0.591881 9.9973E-05 0.00741952 0.0179796 0.114707 0.129165
0.149009 0.0679905 9.9973E-05 0.20221 0.0726374 0.056502 9.9973E-05 9.9973E-05 0.241927 0.209424
0.0661338 0.0396872 9.9955E-05 0.433291 9.9955E-05 9.9955E-05 9.9955E-05 9.9955E-05 0.358413 0.101975
0.142627 0.0419179 9.9946E-05 0.354166 9.9946E-05 9.9946E-05 9.9946E-05 9.9946E-05 0.46069 9.9946E-05
0.182934 9.9955E-05 9.9955E-05 0.300418 9.9955E-05 9.9955E-05 0.0315244 9.9955E-05 0.191394 0.293229
9.9937E-05 9.9937E-05 0.0307251 9.9937E-05 0.679863 9.9937E-05 9.9937E-05 9.9937E-05 0.288712 9.9937E-05
0.0952675 0.0374415 0.175405 0.0926385 0.441467 0.0388401 0.0266088 0.0144364 0.0735858 0.00430975
0.683292 9.9946E-05 0.0107677 9.9946E-05 0.253918 0.0514227 9.9946E-05 9.9946E-05 9.9946E-05 9.9946E-05
0.438259 9.9973E-05 0.0379762 9.9973E-05 0.317744 0.144155 0.0257005 0.0274373 9.9973E-05 0.00842897
0.365049 9.9973E-05 0.00940075 0.118469 0.351915 0.0470827 9.9973E-05 9.9973E-05 0.056225 0.0515589
9.9955E-05 0.0945567 0.161145 9.9955E-05 0.31351 9.9955E-05 9.9955E-05 0.135435 0.294854 9.9955E-05
0.0656828 0.00612384 0.0588474 0.0419939 0.416551 0.0875093 0.00749241 0.197884 0.0983453 0.0195702
9.9946E-05 9.9946E-05 9.9946E-05 9.9946E-05 0.179611 0.110836 9.9946E-05 0.203614 0.50534 9.9946E-05
9.9955E-05 0.0403126 9.9955E-05 9.9955E-05 0.629194 0.0814254 9.9955E-05 0.0240844 0.224484 9.9955E-05
0.0379666 0.0810098 0.0181915 9.9982E-05 0.384471 0.0712404 0.0672997 0.137882 0.201739 9.9982E-05
0.0289673 0.0613187 0.0386592 9.9982E-05 0.527011 9.9982E-05 0.0297287 0.124003 0.15656 0.033552
9.9964E-05 0.0220055 0.157518 9.9964E-05 0.215869 0.049999 9.9964E-05 0.159515 0.394693 9.9964E-05
0.0668349 9.9973E-05 0.135452 0.0689522 0.582139 0.0518357 9.9973E-05 0.0134829 0.0810037 9.9973E-05
0.0595608 0.112254 0.0891841 9.9973E-05 0.529048 9.9973E-05 0.0659553 9.9973E-05 0.10909 0.034608
0.864902 9.9946E-05 0.0108545 9.9946E-05 9.9946E-05 9.9946E-05 9.9946E-05 0.0258604 9.9946E-05 0.0977838
0.880893 9.9928E-05 9.9928E-05 9.9928E-05 0.118308 9.9928E-05 9.9928E-05 9.9928E-05 9.9928E-05 9.9928E-05
0.419328 0.0640424 0.0338304 0.013952 0.251664 0.0222976 9.9973E-05 9.9973E-05 9.9973E-05 0.194586
0.62558 9.9946E-05 9.9946E-05 9.9946E-05 0.233706 9.9946E-05 0.0232755 9.9946E-05 9.9946E-05 0.116839
0.733486 0.0297148 9.9964E-05 9.9964E-05 0.139779 0.0416445 9.9964E-05 9.9964E-05 0.00448863 0.050487
0.975313 9.9928E-05 9.9928E-05 9.9928E-05 9.9928E-05 9.9928E-05 9.9928E-05 9.9928E-05 0.0238874 9.9928E-05
0.936591 9.9955E-05 9.9955E-05 0.00376226 9.9955E-05 9.9955E-05 0.0361601 0.0134673 0.00951937 9.9955E-05
0.776717 9.9946E-05 9.9946E-05 9.9946E-05 0.145593 9.9946E-05 9.9946E-05 0.00422216 9.9946E-05 0.0728685
0.918627 9.9946E-05 9.9946E-05 9.9946E-05 0.0198369 0.0534655 0.00747136 9.9946E-05 9.9946E-05 9.9946E-05
0.988552 0.0100722 9.9937E-05 0.000676155 9.9937E-05 9.9937E-05 9.9937E-05 9.9937E-05 9.9937E-05 9.9937E-05
0.999101 9.99201E-05 9.99201E-05 9.99201E-05 9.99201E-05 9.99201E-05 9.99201E-05 9.99201E-05 9.99201E-05 9.99201E-05
0.658739 9.9946E-05 9.9946E-05 9.9946E-05 0.183757 9.9946E-05 9.9946E-05 0.0152237 9.9946E-05 0.14168
0.73796 9.9964E-05 0.0168685 0.0259649 0.0972695 9.9964E-05 0.0597895 9.9964E-05 9.9964E-05 0.0617475
0.94087 9.9946E-05 0.0205342 0.013462 9.9946E-05 9.9946E-05 9.9946E-05 9.9946E-05 9.9946E-05 0.024534
0.420216 9.9973E-05 0.130672 9.9973E-05 0.288334 0.0573304 0.0305631 0.0433112 0.0292737 9.9973E-05
0.560275 9.9955E-05 0.0442985 0.0991561 0.234419 9.9955E-05 9.9955E-05 9.9955E-05 9.9955E-05 0.0613522
0.575211 9.9964E-05 0.042839 9.9964E-05 0.107619 0.00277515 0.0321211 9.9964E-05 9.9964E-05 0.239034
0.785463 9.9964E-05 9.9964E-05 0.0310391 0.093134 0.026604 9.9964E-05 9.9964E-05 0.0340012 0.0293589
0.855619 9.9928E-05 9.9928E-05 9.9928E-05 9.9928E-05 9.9928E-05 9.9928E-05 9.9928E-05 9.9928E-05 0.143582
0.748894 0.0668256 9.9946E-05 9.9946E-05 9.9946E-05 0.0207961 9.9946E-05 9.9946E-05 9.9946E-05 0.162885
0.930242 0.0689586 9.9928E-05 9.9928E-05 9.9928E-05 9.9928E-05 9.9928E-05 9.9928E-05 9.9928E-05 9.9928E-05
0.528528 0.0130642 9.9964E-05 0.0162281 0.189281 9.9964E-05 9.9964E-05 0.0611291 9.9964E-05 0.19137
0.824836 0.00956899 9.9964E-05 9.9964E-05 0.0751897 0.0243937 9.9964E-05 0.0453608 9.9964E-05 0.0202514
0.0394379 0.117971 0.0557046 0.218248 9.9964E-05 9.9964E-05 9.9964E-05 0.0779404 0.490297 9.9964E-05
9.9964E-05 9.9964E-05 9.9964E-05 0.187839 0.396324 0.0347846 0.0581159 9.9964E-05 0.215553 0.106984
0.116376 0.13048 0.156476 0.128126 0.32706 0.00965675 0.00271606 9.9982E-05 0.128909 9.9982E-05
0.0932326 0.105767 0.0115337 0.108392 0.22383 9.9982E-05 0.0790829 0.0273008 0.350661 9.9982E-05
0.163848 0.109129 0.0869808 0.0115801 0.364416 0.0798621 0.0411038 9.9991E-05 0.100572 0.0424077
0.0821957 0.0696686 0.0758401 0.148308 0.174936 9.9982E-05 9.9982E-05 0.0679872 0.324917 0.0559475
0.0467568 0.132068 0.109468 0.0166093 0.298759 0.14082 0.000428797 0.036134 0.0699291 0.149027
0.167198 0.101262 0.051068 9.9964E-05 0.275623 9.9964E-05 9.9964E-05 9.9964E-05 0.337928 0.0665211
0.0489225 0.0985461 9.9973E-05 9.9973E-05 0.325632 0.0355682 0.0277495 9.9973E-05 0.213748 0.249534
0.043747 0.0403867 9.9964E-05 0.0896267 0.296022 9.9964E-05 9.9964E-05 9.9964E-05 0.270129 0.259688
0.0306873 0.100687 0.048468 0.104003 0.425449 0.104915 9.9982E-05 9.9982E-05 0.169565 0.0160262
9.9955E-05 0.0539326 9.9955E-05 0.766746 0.0868586 9.9955E-05 0.0454567 9.9955E-05 0.0465068 9.9955E-05
9.9937E-05 9.9937E-05 0.00908841 0.863401 9.9937E-05 9.9937E-05 9.9937E-05 9.9937E-05 9.9937E-05 0.126811
9.9937E-05 9.9937E-05 0.0335669 0.909149 9.9937E-05 9.9937E-05 9.9937E-05 9.9937E-05 9.9937E-05 0.0565843
9.9937E-05 9.9937E-05 9.9937E-05 0.919157 0.0328018 9.9937E-05 0.0473417 9.9937E-05 9.9937E-05 9.9937E-05
9.9955E-05 9.9955E-05 9.9955E-05 0.820273 9.9955E-05 0.0118875 0.0292345 9.9955E-05 0.0117564 0.126349
0.0136744 0.0675313 9.9946E-05 0.773598 9.9946E-05 9.9946E-05 9.9946E-05 9.9946E-05 9.9946E-05 0.144596
0.100598 0.19068 9.9964E-05 0.686835 0.00407272 9.9964E-05 0.00533832 9.9964E-05 9.9964E-05 0.0120771
9.9964E-05 0.0830052 9.9964E-05 0.790005 9.9964E-05 0.0201481 9.9964E-05 0.0442832 0.0464008 0.0157581
9.9946E-05 0.0205889 9.9946E-05 0.868255 0.0829883 9.9946E-05 9.9946E-05 0.0275686 9.9946E-05 9.9946E-05
0.00646589 9.9964E-05 9.9964E-05 0.810574 0.016629 0.0372254 9.9964E-05 9.9964E-05 0.0220829 0.106623
9.9964E-05 0.0167077 0.124409 0.585979 9.9964E-05 0.189517 0.0795306 0.00345562 9.9964E-05 9.9964E-05
9.9964E-05 0.0538702 0.0886837 0.55955 9.9964E-05 0.0946718 0.159027 9.9964E-05 9.9964E-05 0.0437976
9.9964E-05 9.9964E-05 0.101804 0.518108 9.9964E-05 0.205566 0.0805031 0.0316313 0.0619876 9.9964E-05
9.9964E-05 0.146844 0.0684386 0.394181 9.9964E-05 0.257124 0.108712 9.9964E-05 0.0243013 9.9964E-05
9.9964E-05 0.0262197 0.268359 0.0383843 0.384192 0.279993 9.9964E-05 9.9964E-05 9.9964E-05 0.00245207
0.0250685 0.0118527 0.212191 9.9982E-05 0.442502 0.112509 0.0436702 0.091841 9.9982E-05 0.0601654
0.0757627 9.9973E-05 0.101981 0.0490241 0.490283 0.176311 0.0829903 9.9973E-05 0.0233484 9.9973E-05
9.9964E-05 9.9964E-05 0.199724 0.0403877 0.33644 0.330952 0.0576637 9.9964E-05 9.9964E-05 0.0344322
0.00791886 0.00154194 0.0852154 9.9991E-05 0.080478 0.488111 0.255348 0.0249657 0.0556751 0.000645841
0.0152287 0.0554448 0.27474 0.00826993 0.552183 9.9982E-05 0.0317126 0.0424507 9.9982E-05 0.01977
0.0419437 9.9964E-05 0.271611 9.9964E-05 0.539364 0.0855227 0.0140271 9.9964E-05 0.0471322 9.9964E-05
9.9982E-05 0.00376931 0.224443 9.9982E-05 0.493281 0.11472 0.0629975 0.0164546 0.00539398 0.0787411
0.0752869 9.9955E-05 0.519665 9.9955E-05 0.324327 9.9955E-05 0.00503108 9.9955E-05 0.0751899 9.9955E-05
0.0645765 0.0460493 0.101685 9.9973E-05 0.57705 0.0527219 0.133656 0.0239607 9.9973E-05 9.9973E-05
9.9964E-05 9.9964E-05 0.337478 0.049107 0.403672 0.127122 0.0709417 0.0112794 9.9964E-05 9.9964E-05
9.9937E-05 9.9937E-05 0.757318 9.9937E-05 9.9937E-05 9.9937E-05 0.0722695 0.169713 9.9937E-05 9.9937E-05
9.9982E-05 9.9982E-05 0.0686002 0.0443704 0.495779 0.0225902 0.149942 0.0525165 0.041878 0.124123
0.0120546 9.9964E-05 0.524813 9.9964E-05 0.283004 0.0116484 9.9964E-05 0.0654187 0.102661 9.9964E-05
9.9973E-05 0.0385639 0.287528 9.9973E-05 0.521741 0.0386472 9.9973E-05 0.0506847 0.0232901 0.0392448
9.9955E-05 0.037073 0.654382 9.9955E-05 0.108071 0.106683 0.0932909 9.9955E-05 9.9955E-05 9.9955E-05
9.9946E-05 0.101763 9.9946E-05 9.9946E-05 0.0450748 9.9946E-05 0.812766 9.9946E-05 0.0397968 9.9946E-05
0.00143938 0.0160275 9.9964E-05 0.0613321 0.0599278 9.9964E-05 0.752084 9.9964E-05 0.108789 9.9964E-05
9.9955E-05 0.0278353 9.9955E-05 9.9955E-05 0.0500378 9.9955E-05 0.883937 0.00193694 0.0357533 9.9955E-05
9.9946E-05 9.9946E-05 0.0781432 0.0941142 0.0276798 9.9946E-05 0.799463 9.9946E-05 9.9946E-05 9.9946E-05
9.9946E-05 9.9946E-05 9.9946E-05 9.9946E-05 0.0837924 9.9946E-05 0.823625 9.9946E-05 0.0747383 0.0172445
0.0725443 9.9955E-05 9.9955E-05 9.9955E-05 0.0632852 9.9955E-05 0.852132 0.00651072 0.00502764 9.9955E-05
9.9955E-05 0.0176487 9.9955E-05 0.814238 0.0576287 9.9955E-05 9.9955E-05 0.0498765 9.9955E-05 0.0601079
0.0434923 0.0158653 9.9964E-05 0.742478 9.9964E-05 0.0756749 0.0805236 9.9964E-05 9.9964E-05 0.0415665
0.108762 9.9946E-05 9.9946E-05 0.739585 0.13598 9.9946E-05 9.9946E-05 9.9946E-05 9.9946E-05 0.0150727
0.0889132 0.0205637 9.9964E-05 0.685419 9.9964E-05 0.109768 0.00544832 9.9964E-05 9.9964E-05 0.0894873
0.0952685 0.131704 9.9973E-05 0.635513 0.0743322 0.0199794 0.0158151 9.9973E-05 9.9973E-05 0.027088
9.9964E-05 0.0816845 0.0354553 0.300937 9.9964E-05 0.0150086 0.517456 9.9964E-05 0.0490588 9.9964E-05
9.9955E-05 0.155722 0.0569318 0.30111 9.9955E-05 9.9955E-05 0.43311 0.0526272 9.9955E-05 9.9955E-05
0.00996706 0.095333 0.0579381 0.33078 9.9973E-05 9.9973E-05 0.422828 0.0766897 9.9973E-05 0.00616431
0.0699837 9.9946E-05 9.9946E-05 0.799555 0.10014 0.029722 9.9946E-05 9.9946E-05 9.9946E-05 9.9946E-05
0.011605 0.112021 0.0865157 0.276461 9.9955E-05 9.9955E-05 0.512898 9.9955E-05 9.9955E-05 9.9955E-05
0.109786 9.9964E-05 9.9964E-05 0.101966 0.14881 9.9964E-05 0.0454369 9.9964E-05 0.163006 0.430595
0.102957 9.9964E-05 9.9964E-05 0.187184 0.58148 9.9964E-05 0.0312755 9.9964E-05 0.0337216 0.0629824
0.112037 9.9955E-05 9.9955E-05 0.120176 0.392189 0.0382854 9.9955E-05 9.9955E-05 9.9955E-05 0.336814
0.160483 0.0524115 0.0710153 0.170192 0.314265 9.9973E-05 9.9973E-05 9.9973E-05 0.141371 0.0899632
0.0655053 9.9982E-05 0.0602047 0.114735 0.490464 9.9982E-05 0.0901629 0.0389935 0.0499676 0.0897673
0.114325 0.0533985 9.9955E-05 0.302878 9.9955E-05 9.9955E-05 9.9955E-05 9.9955E-05 0.223681 0.305218
9.9973E-05 0.0948462 0.10622 9.9973E-05 0.388934 0.285101 0.0378555 0.0630212 0.0237221 9.9973E-05
9.9973E-05 9.9973E-05 0.106404 9.9973E-05 0.249731 0.159758 0.0901658 0.137027 0.132425 0.124189
9.9973E-05 0.0414101 9.9973E-05 0.00221789 0.126656 0.620155 0.136284 0.00269384 9.9973E-05 0.0702823
9.9973E-05 9.9973E-05 0.058217 0.014863 0.425795 0.159822 0.0881487 0.236877 9.9973E-05 0.0159773
9.9955E-05 9.9955E-05 0.217634 9.9955E-05 9.9955E-05 0.0607511 0.0537911 0.382153 0.28517 9.9955E-05
0.0697848 9.9973E-05 0.120354 0.0350828 0.421384 0.254145 0.00533371 9.9973E-05 0.0936154 9.9973E-05
9.9973E-05 9.9973E-05 0.0141048 0.100173 0.444258 0.0928275 0.100442 0.232456 9.9973E-05 0.0154401
9.9982E-05 0.000491359 0.00618674 0.0775094 0.193474 0.61532 0.0769344 0.0279129 0.001971 9.9982E-05
0.0298514 0.0993652 9.9982E-05 9.9982E-05 0.380483 0.140863 0.163253 0.0426337 0.0110537 0.132297
9.9955E-05 9.9955E-05 0.168879 9.9955E-05 9.9955E-05 0.461392 9.9955E-05 0.0959601 0.163041 0.110228
0.0665085 9.9964E-05 0.0609731 9.9964E-05 0.450271 9.9964E-05 0.122702 0.158778 0.140367 9.9964E-05
0.0580283 0.0184883 0.0868049 0.00450249 0.451934 0.157016 0.156559 9.9991E-05 0.0212677 0.0452991
0.0562251 0.0974323 0.138952 0.00544103 0.214514 0.0721009 0.0323259 9.9991E-05 0.0726488 0.31026
0.0248899 9.9973E-05 9.9973E-05 9.9973E-05 0.273672 0.401709 0.074548 0.17784 0.0192735 0.027767
0.00825042 0.000103195 0.137539 0.0269507 0.401545 0.184374 0.0898565 0.0970765 9.9991E-05 0.0542057
0.106867 0.0086159 0.0983037 9.9991E-05 0.304899 0.212994 0.034528 0.116677 0.0367038 0.0803112
9.9982E-05 0.0440999 0.072413 9.9982E-05 0.531463 0.130311 0.0850489 0.0742189 0.0355405 0.026705
9.9964E-05 9.9964E-05 0.0582375 0.0176524 0.538701 9.9964E-05 0.120245 0.0679964 9.9964E-05 0.196768
0.0200294 9.9973E-05 9.9973E-05 0.0251491 0.456026 0.300963 0.0715551 9.9973E-05 0.0251748 0.100803
0.0365385 9.9982E-05 0.0970072 0.114162 0.398775 0.171556 0.0510186 9.9982E-05 0.0433124 0.0874309
0.102903 9.9937E-05 9.9937E-05 0.762312 0.134085 9.9937E-05 9.9937E-05 9.9937E-05 9.9937E-05 9.9937E-05
0.0285053 0.068023 0.0152267 0.759205 0.100128 9.9973E-05 9.9973E-05 0.0210412 0.00757106 9.9973E-05
9.9964E-05 0.0199609 9.9964E-05 0.744465 0.0802754 0.0591722 9.9964E-05 0.0105876 0.0851393 9.9964E-05
0.00817022 9.9964E-05 0.067566 0.765853 9.9964E-05 9.9964E-05 0.0500219 0.0305889 9.9964E-05 0.0774
9.9937E-05 0.0551659 9.9937E-05 0.783468 0.160666 9.9937E-05 9.9937E-05 9.9937E-05 9.9937E-05 9.9937E-05
0.00322476 9.9964E-05 0.0513094 9.9964E-05 0.00428803 0.654193 0.180704 9.9964E-05 9.9964E-05 0.105881
0.00127971 9.9973E-05 9.9973E-05 0.0297862 0.440571 0.308398 9.9973E-05 0.0923499 0.0310044 0.0963116
9.9982E-05 0.0572055 0.00816334 0.0427988 0.30388 0.0946533 9.9982E-05 0.0566308 0.108698 0.32777
0.0143655 9.9991E-05 0.0495336 0.0126608 0.543301 0.121924 0.0413088 0.0611316 0.0143807 0.141294
9.9964E-05 9.9964E-05 0.141622 0.0581449 0.436704 0.234472 0.0804847 9.9964E-05 9.9964E-05 0.0481724
0.10063 9.9973E-05 9.9973E-05 0.0024221 0.141004 0.369534 0.0858594 0.116204 0.184047 9.9973E-05
9.9955E-05 9.9955E-05 0.0903394 0.100825 9.9955E-05 0.595741 0.139535 9.9955E-05 0.0730596 9.9955E-05
0.0724281 9.9982E-05 0.0943106 9.9982E-05 0.389545 0.221451 0.17637 0.0120213 0.000601912 0.0330725
0.0502735 9.9973E-05 0.0637229 0.0795881 0.0237281 0.533001 0.139687 0.109699 9.9973E-05 9.9973E-05
9.9973E-05 9.9973E-05 0.107707 9.9973E-05 0.29596 0.119815 0.171382 0.10635 0.0938059 0.104681
9.9955E-05 9.9955E-05 9.9955E-05 0.127672 9.9955E-05 0.519746 0.19409 0.11726 9.9955E-05 0.0407324
0.0522004 9.9973E-05 0.00342946 0.125817 0.486149 0.266382 0.0272991 9.9973E-05 9.9973E-05 0.0384218
0.00428705 9.9982E-05 0.00537488 0.08568 0.0861316 0.573287 0.146351 0.0490894 0.0495987 9.9982E-05
0.0382892 9.9991E-05 0.100589 0.0210183 0.221233 0.264745 0.0549204 0.137602 0.0454197 0.116084
0.0151213 0.0679128 0.00332933 9.9982E-05 0.508659 0.140494 0.0423578 0.024103 0.197823 9.9982E-05
9.9964E-05 0.000979466 9.9964E-05 9.9964E-05 0.345691 0.0336142 0.10962 0.141325 0.36837 9.9964E-05
9.9964E-05 0.00454822 9.9964E-05 9.9964E-05 0.550087 0.0988832 0.0792397 9.9964E-05 0.211688 0.0551546
9.9982E-05 0.00464688 0.0290303 0.109677 0.578203 0.0603092 9.9982E-05 0.0605086 0.149314 0.00811122
9.9964E-05 9.9964E-05 0.062269 9.9964E-05 0.341452 0.113058 0.0503011 0.0623301 0.37019 9.9964E-05
0.0945456 0.0796724 0.0960374 0.0396911 0.395788 0.0792321 9.9982E-05 0.116545 0.0982879 9.9982E-05
9.9955E-05 9.9955E-05 0.00242478 9.9955E-05 0.579123 9.9955E-05 9.9955E-05 0.0844017 0.298353 0.035198
9.9964E-05 9.9964E-05 0.06825 9.9964E-05 0.173493 0.0187154 0.127099 0.0950191 0.517024 9.9964E-05
9.9955E-05 9.9955E-05 0.0938235 9.9955E-05 0.3388 9.9955E-05 0.0177946 0.0221414 0.526941 9.9955E-05
9.9955E-05 9.9955E-05 0.00166085 9.9955E-05 0.513666 9.9955E-05 0.0914145 0.0946992 0.298059 9.9955E-05
9.9964E-05 0.0265675 0.177451 9.9964E-05 0.185705 9.9964E-05 0.106781 0.121168 0.381928 9.9964E-05
9.9955E-05 9.9955E-05 0.0829561 9.9955E-05 0.445604 0.0995344 0.0494167 9.9955E-05 0.321989 9.9955E-05
9.9955E-05 9.9955E-05 0.0875395 9.9955E-05 9.9955E-05 0.58095 0.210912 9.9955E-05 0.0272792 0.0928193
0.0156255 9.9973E-05 0.0920831 9.9973E-05 0.171255 0.324012 0.100046 0.276414 9.9973E-05 0.0202635
0.0708879 9.9973E-05 0.0120273 0.0678878 0.228393 0.428441 0.137094 0.054969 9.9973E-05 9.9973E-05
0.016588 0.0169924 9.9973E-05 9.9973E-05 0.45562 0.158196 0.125797 0.0549789 9.9973E-05 0.171527
0.0149738 9.9964E-05 0.0990359 9.9964E-05 0.254911 0.337999 0.24921 0.0434707 9.9964E-05 9.9964E-05
0.039876 0.00751089 9.9991E-05 0.0630797 0.414624 0.109518 0.0801542 0.0793123 0.148113 0.0577127
0.0364645 9.9973E-05 9.9973E-05 0.0842892 0.500939 0.124996 0.12748 9.9973E-05 0.0727974 0.0527341
0.00295805 9.9982E-05 0.0752452 9.9982E-05 0.322742 0.433056 0.0011652 0.00916444 0.0378498 0.11762
0.106667 0.044226 0.00795576 9.9973E-05 0.378254 0.270382 0.0717394 0.120476 9.9973E-05 9.9973E-05
0.111485 9.9964E-05 0.105869 0.0294338 0.318949 0.34592 0.0879445 9.9964E-05 9.9964E-05 9.9964E-05
0.0654219 9.9964E-05 0.051933 9.9964E-05 0.1163 0.573383 0.17152 0.0210427 9.9964E-05 9.9964E-05
9.9964E-05 0.0243425 9.9964E-05 9.9964E-05 0.262151 0.24809 0.292581 0.0298948 9.9964E-05 0.142542
0.00107864 9.9964E-05 9.9964E-05 9.9964E-05 0.489218 0.209778 0.0334586 0.142912 9.9964E-05 0.123156
0.0540459 0.0283783 0.0408416 0.0494832 0.552399 0.215024 9.9973E-05 0.0595277 9.9973E-05 9.9973E-05
9.9982E-05 9.9982E-05 0.0743304 0.0918556 0.318629 0.19126 0.166729 0.0655131 0.0435097 0.0479733
0.0983563 0.0380119 0.0173121 9.9982E-05 0.41074 0.18638 0.0826605 0.156054 0.0102848 9.9982E-05
0.0387232 0.00639469 9.9982E-05 0.0487019 0.31155 0.189211 0.238608 0.0549961 0.111615 9.9982E-05
0.0575702 9.9955E-05 0.0445683 9.9955E-05 0.562804 0.323438 9.9955E-05 0.0111202 9.9955E-05 9.9955E-05
0.00640084 0.037342 0.0106698 0.0185899 0.430359 0.229928 0.133229 0.0306184 9.9991E-05 0.102763
9.9991E-05 0.0167123 0.0693165 0.0763037 0.542503 0.0502532 0.129189 0.061831 0.0127486 0.0410431
0.037292 0.0845457 9.9991E-05 0.210784 0.37031 0.0313087 0.0050653 0.0133057 0.0263575 0.22093
0.0994276 9.9964E-05 0.169009 0.0544327 0.320271 9.9964E-05 9.9964E-05 0.0469361 9.9964E-05 0.309524
0.0630117 0.170424 0.0150042 9.9973E-05 0.367966 0.114804 9.9973E-05 9.9973E-05 0.063546 0.204944
0.000581504 0.0840148 0.0447579 9.9982E-05 0.555788 0.0182337 0.085337 9.9982E-05 0.0296102 0.181477
9.9964E-05 0.0593233 9.9964E-05 0.0485138 0.246105 0.15257 9.9964E-05 0.00609376 9.9964E-05 0.486995
0.0772498 9.9973E-05 0.105972 9.9973E-05 0.342441 0.168961 0.0256253 0.181188 0.0982632 9.9973E-05
9.9982E-05 0.0231308 0.0143351 0.149179 0.46276 9.9982E-05 0.0842264 0.0581665 0.00995072 0.198052
0.0129788 9.9964E-05 0.0650706 0.165912 9.9964E-05 0.0806821 9.9964E-05 9.9964E-05 0.440007 0.234949
0.0132222 0.0531917 0.0255294 9.9982E-05 0.35672 0.204366 0.00049362 9.9982E-05 0.0958318 0.250445
0.1146 9.9982E-05 0.0696367 0.164569 0.457096 9.9982E-05 0.0216278 0.0494027 0.00435888 0.118509
0.151479 0.00774613 0.105746 0.00941725 0.3633 0.0302169 9.9991E-05 0.0941402 0.0262776 0.211576
0.0172385 0.0896885 0.126844 0.0462089 0.1541 0.0687516 0.0512246 0.130891 0.0648035 0.250249
0.00321713 0.0490846 9.9964E-05 0.157708 0.380401 0.0989734 9.9964E-05 9.9964E-05 9.9964E-05 0.310216
0.0494932 9.9973E-05 9.9973E-05 0.0850013 0.457329 0.00567628 9.9973E-05 0.0886978 0.0833393 0.230163
0.0965868 9.9955E-05 9.9955E-05 0.453436 9.9955E-05 9.9955E-05 9.9955E-05 0.0609796 0.29695 0.0915475
0.0835065 9.9973E-05 0.017209 0.159943 0.406068 0.0313752 9.9973E-05 9.9973E-05 0.0871523 0.214445
0.0901032 9.9964E-05 9.9964E-05 0.13841 0.448698 9.9964E-05 9.9964E-05 0.0375224 0.098566 0.1863
0.113726 0.0382946 0.0231625 0.0519733 0.467994 9.9991E-05 0.0288627 0.158213 0.0529795 0.0646945
0.127307 9.9964E-05 9.9964E-05 0.114824 0.528229 0.0121924 9.9964E-05 9.9964E-05 0.0755054 0.141543
9.9973E-05 0.0846581 0.0292256 0.0748907 0.426555 9.9973E-05 0.0795336 0.0753421 9.9973E-05 0.229495
0.0272542 0.00523451 0.0441711 0.119095 0.363487 9.9964E-05 9.9964E-05 0.440358 9.9964E-05 9.9964E-05
0.00802708 9.9991E-05 0.0947022 0.04034 0.33879 0.0128612 0.0151134 0.214941 0.108215 0.16691
9.9955E-05 0.00101673 0.107195 9.9955E-05 9.9955E-05 0.115855 0.02391 0.751524 9.9955E-05 9.9955E-05
9.99459E-05 9.99459E-05 0.0227093 9.99459E-05 9.99459E-05 9.99459E-05 0.0123331 0.927239 0.0371191 9.99459E-05
0.0210901 0.0045234 9.9973E-05 0.0657674 0.413613 0.0880205 9.9973E-05 0.282801 9.9973E-05 0.123885
0.108984 0.0344992 9.9982E-05 0.0473326 0.283634 0.00455429 0.0537425 0.1171 9.9982E-05 0.349953
0.0852777 0.0275796 0.0184501 9.9964E-05 0.0822078 9.9964E-05 9.9964E-05 0.237139 9.9964E-05 0.548945
0.138723 0.0921185 0.00842036 0.11655 0.010516 0.0426205 9.9991E-05 0.154458 0.118443 0.318051
9.9955E-05 9.9955E-05 9.9955E-05 0.0816629 0.167745 0.164847 9.9955E-05 0.0855532 9.9955E-05 0.499692
9.9946E-05 0.0706105 9.9946E-05 9.9946E-05 9.9946E-05 9.9946E-05 9.9946E-05 0.616605 0.159872 0.152312
9.9946E-05 9.9946E-05 9.9946E-05 0.0690853 9.9946E-05 9.9946E-05 9.9946E-05 0.636416 0.032801 0.261098
0.136234 0.0409797 0.0206466 9.9964E-05 0.405915 9.9964E-05 9.9964E-05 0.358325 9.9964E-05 0.0374997
0.0162859 0.0976485 9.9955E-05 9.9955E-05 0.346357 9.9955E-05 9.9955E-05 0.420084 9.9955E-05 0.119125
9.9946E-05 9.9946E-05 9.9946E-05 0.046182 0.0577226 9.9946E-05 9.9946E-05 0.707965 9.9946E-05 0.18753
0.0113921 0.0450539 9.9973E-05 0.000323587 0.400782 0.110923 9.9973E-05 0.291346 9.9973E-05 0.139879
0.135798 0.0319598 9.9964E-05 9.9964E-05 0.448328 9.9964E-05 0.0378307 0.342859 0.00282422 9.9964E-05
0.138564 9.9991E-05 0.0959415 0.0892052 0.391563 0.0340199 0.0733088 0.102495 0.0275365 0.0472667
9.9946E-05 9.9946E-05 0.0223655 9.9946E-05 0.275229 0.121304 9.9946E-05 0.580502 9.9946E-05 9.9946E-05
0.0632315 9.9964E-05 9.9964E-05 9.9964E-05 0.253443 0.118648 0.0157351 0.537585 0.0109579 9.9964E-05
0.0137592 9.9964E-05 0.080013 0.0733803 0.418025 9.9964E-05 0.0248976 0.389525 9.9964E-05 9.9964E-05
9.9955E-05 9.9955E-05 0.0126081 9.9955E-05 0.221894 9.9955E-05 0.147505 0.426182 9.9955E-05 0.191311
9.9991E-05 0.0111116 0.128839 0.0421868 0.291876 0.130976 0.0289205 0.137775 0.0444015 0.183814
9.9955E-05 9.9955E-05 9.9955E-05 9.9955E-05 0.35055 0.0351405 9.9955E-05 0.45813 0.10601 0.0496701
9.9946E-05 9.9946E-05 9.9946E-05 9.9946E-05 0.187661 9.9946E-05 0.0827813 0.705969 0.0229895 9.9946E-05
9.9964E-05 0.0174956 0.043215 0.0326209 0.581938 9.9964E-05 9.9964E-05 0.301109 0.0232222 9.9964E-05
9.9946E-05 9.9946E-05 9.9946E-05 9.9946E-05 0.199597 0.0332856 0.00220103 0.764317 9.9946E-05 9.9946E-05
0.00474546 0.0181924 0.0397478 0.0194706 0.38582 0.0145905 0.028652 0.488581 9.9982E-05 9.9982E-05
0.0209567 0.0014981 9.9973E-05 0.0586083 0.477543 0.131556 9.9973E-05 0.272246 9.9973E-05 0.0372928
9.9946E-05 9.9946E-05 0.0933288 0.0935238 0.483912 9.9946E-05 9.9946E-05 0.328636 9.9946E-05 9.9946E-05
0.0949892 0.0588084 0.0425336 0.119825 0.408496 0.0122214 0.0102115 0.0815112 0.0305436 0.14086
0.171246 0.0282931 0.124401 0.0840935 0.216062 9.9991E-05 0.0609547 0.140615 0.0185997 0.155635
0.21584 9.9991E-05 0.0455171 0.0801703 0.196317 0.124162 0.0222714 0.0468749 0.123847 0.1449
0.339453 0.0861932 9.9982E-05 0.0620818 0.205066 0.0707793 0.106192 0.091778 0.0382563 9.9982E-05
0.128567 0.00175595 0.0466287 0.0695447 0.336545 0.110605 0.0670992 9.9991E-05 0.0495803 0.189573
0.0148189 9.9964E-05 9.9964E-05 0.113308 0.380479 9.9964E-05 9.9964E-05 0.159511 0.0945975 0.236885
0.116282 0.133407 9.9964E-05 0.0939928 9.9964E-05 9.9964E-05 9.9964E-05 0.588173 0.0462845 0.0214604
0.112272 0.0307183 9.9973E-05 0.0503174 0.49955 9.9973E-05 0.0437052 0.0954917 9.9973E-05 0.167645
0.0507384 0.125148 9.9964E-05 0.255251 9.9964E-05 9.9964E-05 9.9964E-05 0.388882 0.15865 0.0209317
0.141443 9.9973E-05 9.9973E-05 0.0473506 0.453282 0.0110485 0.0220699 0.253623 9.9973E-05 0.0708833
9.9937E-05 9.9937E-05 0.103487 9.9937E-05 0.0724826 9.9937E-05 9.9937E-05 0.823331 9.9937E-05 9.9937E-05
9.9937E-05 9.9937E-05 0.0373004 9.9937E-05 9.9937E-05 9.9937E-05 9.9937E-05 0.926211 0.0357892 9.9937E-05
0.00438931 9.9955E-05 0.0175251 9.9955E-05 0.425404 0.123305 9.9955E-05 0.428877 9.9955E-05 9.9955E-05
