0.0594594 9.9964E-05 0.000990923 0.0713557 0.0230973 0.773633 9.9964E-05 9.9964E-05 9.9964E-05 0.0710637
9.9955E-05 0.00716849 9.9955E-05 0.0284272 9.9955E-05 0.907624 0.0306139 0.0256671 9.9955E-05 9.9955E-05
0.0350981 9.9973E-05 9.9973E-05 0.0564126 0.01812 0.725123 9.9973E-05 0.0117587 0.107872 0.0453148
0.0303454 9.9973E-05 0.0633987 0.0588915 0.078271 0.710592 0.0164172 9.9973E-05 0.0417838 9.9973E-05
0.0348273 9.9955E-05 9.9955E-05 9.9955E-05 0.0317812 0.834549 0.0285659 9.9955E-05 0.0697768 9.9955E-05
0.00608743 0.269615 9.9964E-05 9.9964E-05 0.0778534 0.600002 9.9964E-05 0.0307784 0.0152636 9.9964E-05
9.9955E-05 0.216957 0.0179448 0.0474474 0.0193532 0.697798 9.9955E-05 9.9955E-05 9.9955E-05 9.9955E-05
0.00433831 0.160431 0.092808 0.0439483 0.0334999 0.664575 9.9964E-05 9.9964E-05 9.9964E-05 9.9964E-05
0.0270616 9.99639E-05 0.0111265 0.0171032 9.99639E-05 0.765898 9.99639E-05 0.0786403 9.99639E-05 0.0997703
9.9955E-05 0.21818 9.9955E-05 0.0564854 0.107499 0.611736 0.00559984 9.9955E-05 9.9955E-05 9.9955E-05
0.0291997 0.24223 0.0272594 9.9946E-05 9.9946E-05 0.700711 9.9946E-05 9.9946E-05 9.9946E-05 9.9946E-05
9.9955E-05 0.0701779 0.822771 9.9955E-05 0.042355 0.00451143 9.9955E-05 9.9955E-05 0.0596853 9.9955E-05
0.0247775 9.9964E-05 0.439791 0.0403579 9.9964E-05 9.9964E-05 0.0350768 9.9964E-05 0.440656 0.0189408
0.0674733 9.9982E-05 0.627628 0.0126625 0.0430559 0.0302199 0.0184886 9.9982E-05 0.144349 0.0559222
9.9955E-05 9.9955E-05 0.712173 9.9955E-05 0.168712 0.0216701 9.9955E-05 9.9955E-05 0.0857384 0.0112061
9.9982E-05 0.0185789 0.386059 0.0181269 0.14333 0.104549 0.0653873 0.00234291 0.261426 9.9982E-05
9.9964E-05 0.0263196 0.280753 9.9964E-05 0.0958698 0.0540542 9.9964E-05 9.9964E-05 0.527228 0.0153748
0.0517991 0.185593 0.25743 0.0104398 0.110501 9.9973E-05 9.9973E-05 0.0433618 0.340576 9.9973E-05
9.9964E-05 9.9964E-05 0.546971 9.9964E-05 0.056442 0.161844 9.9964E-05 0.0194609 0.197583 0.0172997
0.0322108 0.178018 0.711124 0.0104887 0.00184181 0.0659167 9.9964E-05 9.9964E-05 9.9964E-05 9.9964E-05
9.9964E-05 0.0745874 0.322329 0.0466387 0.122285 9.9964E-05 9.9964E-05 0.160013 0.273747 9.9964E-05
9.9973E-05 0.078412 0.268346 0.008681 0.0226121 9.9973E-05 9.9973E-05 0.0982866 0.398425 0.124937
0.0428752 0.0738366 0.184723 9.9973E-05 9.9973E-05 0.0770672 0.0314516 0.0753383 0.514408 9.9973E-05
9.9964E-05 0.0684263 0.676267 0.00372451 0.173185 9.9964E-05 9.9964E-05 0.0425317 0.0354655 9.9964E-05
9.9964E-05 9.9964E-05 0.229214 9.9964E-05 0.0366331 0.07963 0.0396444 9.9964E-05 0.60051 0.0139686
9.9955E-05 9.9955E-05 0.403774 0.0588797 9.9955E-05 9.9955E-05 0.0271777 9.9955E-05 0.481915 0.0277545
9.9955E-05 0.0401485 0.759482 0.0271496 0.114405 9.9955E-05 9.9955E-05 0.0583148 9.9955E-05 9.9955E-05
9.9928E-05 9.9928E-05 0.787496 9.9928E-05 0.211705 9.9928E-05 9.9928E-05 9.9928E-05 9.9928E-05 9.9928E-05
9.9955E-05 0.0981209 0.748933 9.9955E-05 9.9955E-05 0.0337651 0.0170226 9.9955E-05 0.101659 9.9955E-05
9.99201E-05 9.99201E-05 9.99201E-05 0.999101 9.99201E-05 9.99201E-05 9.99201E-05 9.99201E-05 9.99201E-05 9.99201E-05
9.99201E-05 9.99201E-05 9.99201E-05 0.999101 9.99201E-05 9.99201E-05 9.99201E-05 9.99201E-05 9.99201E-05 9.99201E-05
0.0109435 9.9964E-05 9.9964E-05 0.334072 0.0315962 0.489928 9.9964E-05 0.0450164 0.0880441 9.9964E-05
0.00419413 9.9973E-05 9.9973E-05 0.279647 0.0786572 0.410259 9.9973E-05 0.0701789 0.0373435 0.11942
0.0997822 0.0763289 0.0837341 0.000796638 9.9982E-05 0.0199126 0.0191263 0.154009 0.54611 9.9982E-05
9.9973E-05 0.0554421 0.0248604 0.0205059 0.00659787 0.0107321 9.9973E-05 0.357001 0.524561 9.9973E-05
9.9946E-05 9.9946E-05 9.9946E-05 9.9946E-05 9.9946E-05 0.0177308 0.0169028 0.429976 0.534791 9.9946E-05
0.160806 9.9973E-05 0.525102 0.0324635 9.9973E-05 0.0862531 0.0426442 0.0583989 0.0940328 9.9973E-05
9.9964E-05 9.9964E-05 9.9964E-05 0.00349076 0.078383 0.0128533 0.038391 0.635549 0.230934 9.9964E-05
0.0729008 9.9982E-05 0.186055 9.9982E-05 0.0405968 0.0418182 0.0750129 0.12305 0.448147 0.012219
9.9955E-05 0.131575 9.9955E-05 0.0354676 9.9955E-05 9.9955E-05 9.9955E-05 0.198246 0.609858 0.0243527
0.0684081 0.23695 0.0213464 0.000410398 0.0157353 0.0439159 9.9982E-05 0.0556052 0.557429 9.9982E-05
0.121453 0.141135 9.9973E-05 0.0484037 0.0189977 0.0511847 9.9973E-05 0.0663386 0.552187 9.9973E-05
0.0351045 9.9973E-05 0.143112 0.0117014 0.0110527 9.9973E-05 9.9973E-05 0.682424 0.090408 0.0258977
0.0109018 0.235724 0.0991985 9.9973E-05 0.0165084 0.0357011 9.9973E-05 0.0180169 0.58365 9.9973E-05
0.0348122 0.0712232 9.9973E-05 9.9973E-05 0.0787703 0.0213892 0.110787 0.163704 0.519015 9.9973E-05
9.9964E-05 9.9964E-05 0.0880979 0.0111633 9.9964E-05 0.178999 9.9964E-05 0.0560766 0.619536 0.0457271
9.9946E-05 9.9946E-05 9.9946E-05 9.9946E-05 9.9946E-05 9.9946E-05 0.0229767 0.650272 0.312497 0.0136548
0.0259602 9.9982E-05 0.00883681 0.0269029 0.0162532 0.0278425 0.00825773 0.313047 0.572699 9.9982E-05
0.0230079 0.0609177 0.0690634 0.0108213 0.0596192 0.124373 9.9982E-05 0.279214 0.372783 9.9982E-05
9.9955E-05 0.104707 9.9955E-05 9.9955E-05 9.9955E-05 0.0282073 0.0162689 0.693513 9.9955E-05 0.156804
0.172684 0.128751 0.371957 9.9973E-05 0.0710101 9.9973E-05 9.9973E-05 0.196328 0.055663 0.00330696
9.9955E-05 0.195673 0.43795 9.9955E-05 9.9955E-05 9.9955E-05 0.102684 0.141648 9.9955E-05 0.121546
0.0374047 0.0227341 0.223174 9.9982E-05 0.0397187 0.094892 0.0271643 0.00157693 0.553135 9.9982E-05
9.9964E-05 0.11139 0.0805202 9.9964E-05 0.0431454 0.111378 0.0694858 9.9964E-05 0.583681 9.9964E-05
0.0586878 0.0905285 0.113452 0.0265363 9.9991E-05 0.00287494 0.0230325 0.0948337 0.534987 0.0549668
0.161778 0.0673957 0.30209 9.9982E-05 9.9982E-05 0.109707 0.00455199 0.170231 0.143287 0.0407601
0.183431 0.0406869 0.120619 9.9964E-05 9.9964E-05 9.9964E-05 9.9964E-05 0.0296518 0.563007 0.0622046
0.0652266 0.0496168 0.167759 0.00580535 0.0972908 0.0916928 0.0198546 9.9982E-05 0.502554 9.9982E-05
0.0414336 0.109134 0.299066 0.0210118 9.9982E-05 0.105014 0.0183662 0.109975 0.295799 9.9982E-05
0.0334821 0.07166 0.427463 9.9982E-05 0.0162714 0.169215 9.9982E-05 0.0935871 0.0445578 0.143563
0.0443596 9.9964E-05 0.114782 0.01477 9.9964E-05 9.9964E-05 9.9964E-05 0.169957 0.49939 0.15634
9.9982E-05 9.9982E-05 0.316878 0.00677741 0.00630442 0.0912366 0.0579103 0.0395529 0.391547 0.0895933
0.102969 0.184051 0.56302 0.0781852 9.9964E-05 9.9964E-05 9.9964E-05 0.0703197 9.9964E-05 0.00105522
0.0399489 9.9964E-05 0.400287 0.0118107 9.9964E-05 9.9964E-05 0.0967342 9.9964E-05 0.392508 0.0583116
9.9982E-05 9.9982E-05 0.101263 0.00519062 0.00653485 0.00660188 0.175438 0.0528064 0.535948 0.116016
9.9973E-05 0.0079964 0.325378 0.0419904 0.0321526 9.9973E-05 0.0357729 9.9973E-05 0.467348 0.0890617
9.9991E-05 0.0642716 0.403668 0.0126068 0.0347459 0.00670165 0.041665 0.121126 0.223102 0.0920136
9.9964E-05 0.00976459 0.333317 9.9964E-05 9.9964E-05 9.9964E-05 0.0234733 0.038013 0.438098 0.156935
0.0485465 9.9982E-05 0.089783 0.0743265 0.00356249 9.9982E-05 0.191954 0.0295971 0.544837 0.0171935
0.0751966 0.0546764 0.546591 0.0445198 9.9982E-05 9.9982E-05 0.0537413 0.073462 0.0998227 0.0517899
0.018288 0.020051 0.0893846 9.9964E-05 9.9964E-05 9.9964E-05 0.0154319 0.324955 0.531489 9.9964E-05
9.9955E-05 9.9955E-05 0.151939 0.0232551 9.9955E-05 0.000335201 9.9955E-05 0.62663 0.197341 9.9955E-05
9.9973E-05 0.00120693 0.146344 9.9973E-05 0.105057 9.9973E-05 0.0106123 0.190785 0.484938 0.0607563
9.9946E-05 0.0743237 9.9946E-05 9.9946E-05 9.9946E-05 9.9946E-05 0.0210552 0.85472 9.9946E-05 0.049301
0.0116703 0.0136087 0.129254 9.9973E-05 9.9973E-05 9.9973E-05 0.0788737 0.763003 0.000206998 0.00308413
0.00492827 9.9946E-05 9.9946E-05 9.9946E-05 9.9946E-05 9.9946E-05 0.0421225 0.666192 0.286158 9.9946E-05
0.121068 0.0462839 9.9955E-05 0.00663535 9.9955E-05 9.9955E-05 9.9955E-05 0.413856 0.411658 9.9955E-05
0.0415282 9.9973E-05 9.9973E-05 0.0316639 9.9973E-05 0.151197 0.000667016 0.106472 0.630156 0.0380158
9.9964E-05 9.9964E-05 0.196587 0.010307 0.025382 9.9964E-05 9.9964E-05 0.396826 0.360962 0.00953614
0.120858 9.9964E-05 0.118515 9.9964E-05 0.0745983 0.0304097 9.9964E-05 0.533091 0.122128 9.9964E-05
0.193142 9.9955E-05 0.119815 0.00722783 9.9955E-05 9.9955E-05 9.9955E-05 0.480186 0.199129 9.9955E-05
0.0995196 9.9982E-05 0.147683 0.0090743 0.0262827 0.0811347 0.130518 0.0195608 0.486027 9.9982E-05
9.9964E-05 0.0641148 0.136609 9.9964E-05 0.0550422 9.9964E-05 0.00797879 0.474805 0.26105 9.9964E-05
9.9964E-05 9.9964E-05 0.0625178 0.0333589 0.0219358 0.000911009 9.9964E-05 0.463358 0.417519 9.9964E-05
9.9964E-05 0.0057011 9.9964E-05 0.00596363 9.9964E-05 0.0091783 0.0319355 0.624705 0.322116 9.9964E-05
9.9946E-05 0.057611 9.9946E-05 9.9946E-05 9.9946E-05 9.9946E-05 0.131636 0.718455 9.9946E-05 0.0916989
0.0223831 9.9973E-05 0.0342091 9.9973E-05 0.0115028 9.9973E-05 0.074882 0.227214 0.591789 0.03772
9.9955E-05 9.9955E-05 0.0520042 0.0329235 0.0272759 0.781069 9.9955E-05 9.9955E-05 0.106228 9.9955E-05
9.9937E-05 9.9937E-05 9.9937E-05 0.107416 9.9937E-05 0.781994 9.9937E-05 9.9937E-05 0.10989 9.9937E-05
9.9946E-05 9.9946E-05 9.9946E-05 0.154126 0.0191949 0.7322 9.9946E-05 9.9946E-05 0.0938795 9.9946E-05
9.9946E-05 9.9946E-05 9.9946E-05 0.112483 9.9946E-05 0.727698 9.9946E-05 9.9946E-05 0.0310414 0.128179
9.9946E-05 9.9946E-05 9.9946E-05 0.0947863 9.9946E-05 0.742355 9.9946E-05 9.9946E-05 0.109477 0.0527817
9.9973E-05 9.9973E-05 9.9973E-05 0.0741938 0.00268829 0.727619 0.00772279 0.0202951 0.0483766 0.118805
9.99461E-05 9.99461E-05 9.99461E-05 0.0302836 9.99461E-05 0.838513 9.99461E-05 9.99461E-05 0.086716 0.0438876
0.0683043 0.0361294 9.9982E-05 0.00759779 9.9982E-05 0.114305 0.0975716 0.0980815 0.54927 0.0285402
9.9982E-05 0.0600192 0.0794053 0.0194758 9.9982E-05 0.051306 0.0867774 0.0801413 0.611936 0.0107394
9.9955E-05 9.9955E-05 0.175453 9.9955E-05 9.9955E-05 0.0214671 0.0690215 0.722949 0.0106104 9.9955E-05
0.056484 0.0411716 0.0993675 0.0143547 0.090406 0.0259631 0.0304733 0.131077 0.502147 0.00855556
0.0314905 0.112908 0.089533 0.0296608 9.9973E-05 0.0595085 9.9973E-05 0.325492 0.351108 9.9973E-05
0.0658264 0.00854026 9.9964E-05 0.0199548 9.9964E-05 0.0496199 9.9964E-05 0.314423 0.541236 9.9964E-05
9.9982E-05 0.0869117 0.021084 0.00295235 9.9982E-05 0.0284566 0.0723029 0.23554 0.51905 0.0335021
0.0980173 0.0385146 9.9973E-05 0.00576283 0.0993263 9.9973E-05 0.00201276 0.3155 0.440566 9.9973E-05
0.0372515 9.9946E-05 0.184652 9.9946E-05 9.9946E-05 0.0887655 9.9946E-05 0.688731 9.9946E-05 9.9946E-05
0.0113559 0.0026744 0.0774825 0.00713867 9.9991E-05 0.129559 0.081394 0.0768341 0.52586 0.0876017
0.0137785 0.0604005 0.132141 9.9973E-05 0.00502758 0.036624 9.9973E-05 0.105725 0.646004 9.9973E-05
0.0212096 9.9982E-05 0.166379 0.0724596 0.0315165 9.9982E-05 0.0494245 0.0547412 0.577162 0.0269082
9.9982E-05 0.0564778 0.00573161 0.00880316 0.0201422 9.9982E-05 0.0982182 0.524035 0.212567 0.0738244
9.9964E-05 0.0140532 9.9964E-05 0.0242924 9.9964E-05 0.0317425 0.139268 0.31397 0.476274 9.9964E-05
0.0373347 0.00970096 0.131865 0.0252901 0.00978091 9.9973E-05 9.9973E-05 0.369329 0.416399 9.9973E-05
0.0114193 9.9964E-05 0.00162287 9.9964E-05 0.0933006 9.9964E-05 0.0591078 0.530083 0.304066 9.9964E-05
0.0809305 0.00280987 0.0879226 0.0123724 9.9973E-05 0.0480139 9.9973E-05 0.315518 0.452133 9.9973E-05
0.0578076 9.9973E-05 9.9973E-05 0.00401336 0.0153826 0.132564 0.0579441 0.213713 0.518276 9.9973E-05
0.0440882 9.9982E-05 0.412263 0.0266675 9.9982E-05 0.0018361 0.260828 0.025545 0.100329 0.128243
0.209791 0.0654584 0.237017 0.0380417 0.00418723 0.03387 9.9982E-05 9.9982E-05 0.325691 0.0857444
0.0750345 9.9973E-05 0.15749 9.9973E-05 0.0278026 0.116793 0.0702197 0.0492508 0.50311 9.9973E-05
0.0942314 9.9982E-05 0.0198797 0.0184651 0.0580788 0.0805531 0.031474 0.167624 0.529493 9.9982E-05
0.0147028 0.0033282 0.488196 0.030508 9.9982E-05 0.0575973 0.000516679 9.9982E-05 0.38479 0.0201614
0.0419655 0.0529037 0.267769 9.9982E-05 0.0443581 0.00793465 0.0537708 0.0257637 0.505335 9.9982E-05
0.0784353 9.9964E-05 0.3698 9.9964E-05 9.9964E-05 0.0650287 0.035243 0.0486651 0.402428 9.9964E-05
0.0280454 9.9964E-05 0.216716 0.0038181 9.9964E-05 0.0480528 9.9964E-05 9.9964E-05 0.570983 0.131985
0.0331147 0.0710842 0.139808 9.9973E-05 0.0950853 9.9973E-05 9.9973E-05 0.0702467 0.477053 0.113308
0.00341808 0.115841 0.229236 0.0391648 9.9982E-05 9.9982E-05 0.0190683 0.0366444 0.550182 0.00624586
0.131476 0.0214547 0.307115 9.9973E-05 9.9973E-05 0.00136615 0.0707322 0.0525595 0.414997 9.9973E-05
0.167012 0.0831574 9.9982E-05 0.0381609 0.0843709 9.9982E-05 0.0221879 0.0859239 0.475338 0.0436491
0.0239106 0.0636475 0.153511 9.9982E-05 0.0523021 0.0866443 0.0548025 0.0206277 0.544354 9.9982E-05
0.0734231 9.9964E-05 0.248309 9.9964E-05 0.044192 9.9964E-05 0.15826 9.9964E-05 0.448676 0.0267396
0.117149 0.0765644 0.121295 9.9973E-05 0.0598286 9.9973E-05 9.9973E-05 0.0422335 0.503097 0.0795319
0.0768113 0.045937 0.155884 9.9982E-05 0.0506696 9.9982E-05 0.0375669 0.0571386 0.520516 0.0552768
0.0245453 0.0666393 0.292473 0.0575099 9.9982E-05 0.0769406 0.10592 9.9982E-05 0.300769 0.0750034
0.0885075 0.00974523 0.161726 0.0433864 0.131798 0.00201846 0.0204825 0.0562572 0.485979 9.9991E-05
0.0344417 9.9955E-05 0.22162 9.9955E-05 9.9955E-05 9.9955E-05 0.0482496 9.9955E-05 0.585095 0.110094
0.125211 9.9973E-05 0.397438 9.9973E-05 0.0420788 0.0591074 0.0435976 0.127823 0.204444 9.9973E-05
0.0787503 0.0545789 0.375237 9.9973E-05 9.9973E-05 9.9973E-05 0.170358 0.0755206 0.102306 0.142949
0.0864888 0.139717 0.160692 0.000472729 9.9973E-05 0.0518045 9.9973E-05 0.0475697 0.512955 9.9973E-05
0.135286 9.9973E-05 0.256415 9.9973E-05 0.0111531 9.9973E-05 0.275677 0.201411 0.00176802 0.117989
0.0941811 0.0272601 0.510286 9.9973E-05 9.9973E-05 0.0758957 0.0494739 0.0674309 0.175173 9.9973E-05
0.113703 0.0102489 0.342953 9.9973E-05 9.9973E-05 0.0187597 0.0581835 0.0918366 0.364015 9.9973E-05
0.134512 9.9973E-05 0.351732 0.0395566 9.9973E-05 0.0485721 0.0372207 0.124953 0.263154 9.9973E-05
0.126914 0.000191361 0.52341 9.9982E-05 0.00628364 0.0282139 0.00657293 0.101172 0.207043 9.9982E-05
0.0651355 0.00133547 0.23867 0.0649043 9.9973E-05 0.053245 9.9973E-05 0.0078814 0.568529 9.9973E-05
0.126402 9.9982E-05 0.0489677 9.9982E-05 0.0773987 0.00866338 0.0346123 0.040286 0.527594 0.135876
0.0370725 9.9982E-05 0.176659 0.0331975 0.100113 0.0479327 0.0775976 0.161668 0.365559 9.9982E-05
0.101334 0.120845 0.378244 9.9973E-05 9.9973E-05 9.9973E-05 0.0959495 0.081937 0.0865483 0.134842
0.144828 0.0285876 0.0591937 0.00451681 9.9982E-05 0.183231 0.0802119 0.0418266 0.457404 9.9982E-05
0.018072 0.302998 9.9973E-05 0.00366299 0.0968024 9.9973E-05 9.9973E-05 0.106761 0.430082 0.0413222
0.0663813 0.469153 0.0539825 0.0109494 9.9982E-05 0.050353 0.0875471 0.121681 9.9982E-05 0.139753
9.9955E-05 0.101914 9.9955E-05 9.9955E-05 9.9955E-05 0.135352 0.0540172 0.107818 0.600399 9.9955E-05
0.0575841 0.056168 0.0714277 9.9991E-05 0.00273145 0.0810724 0.10329 0.145311 0.333075 0.149241
0.0151533 0.0891688 0.140826 9.9973E-05 9.9973E-05 0.0871839 0.0433907 9.9973E-05 0.461336 0.162641
0.0985298 0.28946 0.0167522 0.0384505 9.9973E-05 9.9973E-05 9.9973E-05 0.118986 0.230308 0.207214
0.081808 0.374262 0.169574 0.014021 9.9991E-05 0.0250415 0.116039 0.103795 0.0917561 0.0236037
0.122115 0.0774362 0.035094 9.9973E-05 9.9973E-05 9.9973E-05 0.158972 0.0785253 0.451875 0.0756823
0.0579536 0.156335 0.182831 0.00697389 0.0395765 0.0595029 0.04052 9.9991E-05 0.404173 0.0520343
0.00072145 0.120715 0.13545 9.9991E-05 0.0479498 0.0827423 0.105216 0.0428999 0.398557 0.0656478
9.9982E-05 0.289821 0.173324 0.0248891 0.111003 0.0482749 0.0963113 0.213659 9.9982E-05 0.0425171
0.114493 0.00230745 0.0274553 0.0124357 0.0848148 0.150989 0.0466656 0.117778 0.442961 9.9991E-05
9.9955E-05 0.226415 0.183098 9.9955E-05 9.9955E-05 9.9955E-05 9.9955E-05 0.161189 0.346841 0.0819584
0.00887327 0.119422 0.219913 9.9973E-05 9.9973E-05 9.9973E-05 0.0756918 0.123004 0.43465 0.0181462
0.0520332 0.0621135 0.0789631 0.0134615 0.0423201 0.0410152 0.0461652 0.103317 0.51373 0.0468809
9.9973E-05 0.233282 0.0645297 0.0675201 0.183189 0.250664 9.9973E-05 9.9973E-05 0.130385 0.0701304
9.9955E-05 0.200633 9.9955E-05 0.0428639 0.0761631 0.379837 9.9955E-05 9.9955E-05 9.9955E-05 0.300003
9.9955E-05 0.217169 9.9955E-05 0.0475739 0.105905 0.288854 9.9955E-05 9.9955E-05 9.9955E-05 0.339998
9.9973E-05 0.103786 0.0113965 0.0156103 0.198178 0.287361 9.9973E-05 9.9973E-05 0.0908949 0.292474
9.99371E-05 0.282365 9.99371E-05 9.99371E-05 9.99371E-05 9.99371E-05 0.0369116 9.99371E-05 0.680024 9.99371E-05
9.9973E-05 0.0967703 0.143736 0.0253093 0.0361162 0.0914738 0.105952 9.9973E-05 0.500342 9.9973E-05
9.99461E-05 9.99461E-05 0.0468771 0.0344564 0.635654 9.99461E-05 9.99461E-05 9.99461E-05 0.282413 9.99461E-05
0.0921408 9.9982E-05 0.0893425 0.0231367 0.487847 0.0281221 0.0302559 9.9982E-05 0.240491 0.00846346
0.0426154 9.9982E-05 0.0423291 9.9982E-05 0.446012 0.0784964 0.106179 0.0383016 0.21737 0.0284971
9.9973E-05 0.427306 0.0689884 0.0149654 0.00988393 9.9973E-05 0.149767 0.0907984 0.237991 9.9973E-05
0.0177946 0.0923592 0.144779 0.0207819 9.9991E-05 0.0202833 0.0085751 0.0741136 0.505821 0.115393
9.9955E-05 0.564942 0.0157972 9.9955E-05 9.9955E-05 9.9955E-05 0.264768 9.9955E-05 0.132169 0.0218238
0.00137378 0.226498 0.0856855 9.9973E-05 0.00461276 9.9973E-05 0.0952112 9.9973E-05 0.546289 0.0400304
0.0666788 0.233244 0.0623802 9.9982E-05 9.9982E-05 0.0111613 0.200515 0.0102136 0.410726 0.00488163
0.046307 0.241625 9.9982E-05 9.9982E-05 0.0649839 0.00394706 0.0610961 0.028482 0.517149 0.0362095
0.043118 0.405797 0.126379 9.9973E-05 9.9973E-05 9.9973E-05 0.114485 0.0977273 0.122352 0.0898413
0.0172471 0.0469442 9.9982E-05 9.9982E-05 0.0532864 0.0743029 0.0167 0.177761 0.601991 0.0115664
9.9982E-05 0.128309 0.0320164 9.9982E-05 0.117011 0.0717653 0.0616933 0.0605891 0.494584 0.0338315
9.9946E-05 9.9946E-05 0.000270678 9.9946E-05 0.973102 9.9946E-05 0.0105405 0.0154871 9.9946E-05 9.9946E-05
9.9937E-05 9.9937E-05 9.9937E-05 9.9937E-05 0.897554 9.9937E-05 0.0504851 9.9937E-05 0.0512611 9.9937E-05
9.9973E-05 0.0261058 0.110103 0.0197632 0.593898 0.0236827 9.9973E-05 0.0184081 0.207739 9.9973E-05
9.9955E-05 9.9955E-05 9.9955E-05 0.00171321 0.654321 9.9955E-05 9.9955E-05 0.00191316 0.315504 0.0260485
9.9964E-05 0.0197951 9.9964E-05 9.9964E-05 0.741193 0.00333299 9.9964E-05 0.0258897 0.202359 0.00702964
9.99201E-05 9.99201E-05 9.99201E-05 9.99201E-05 0.999101 9.99201E-05 9.99201E-05 9.99201E-05 9.99201E-05 9.99201E-05
0.0616323 9.9928E-05 9.9928E-05 9.9928E-05 0.937568 9.9928E-05 9.9928E-05 9.9928E-05 9.9928E-05 9.9928E-05
9.9937E-05 9.9937E-05 9.9937E-05 9.9937E-05 0.825202 9.9937E-05 0.013667 9.9937E-05 0.160431 9.9937E-05
0.00244964 9.9946E-05 9.9946E-05 0.000495068 0.9959 9.9946E-05 9.9946E-05 0.000555965 9.9946E-05 9.9946E-05
9.99201E-05 9.99201E-05 9.99201E-05 9.99201E-05 0.999101 9.99201E-05 9.99201E-05 9.99201E-05 9.99201E-05 9.99201E-05
9.99201E-05 9.99201E-05 9.99201E-05 9.99201E-05 0.999101 9.99201E-05 9.99201E-05 9.99201E-05 9.99201E-05 9.99201E-05
9.9955E-05 9.9955E-05 0.0913806 0.0336449 0.749027 9.9955E-05 0.0173187 9.9955E-05 0.108129 9.9955E-05
0.0547451 9.9946E-05 0.00814229 9.9946E-05 0.852045 9.9946E-05 9.9946E-05 9.9946E-05 0.0844675 9.9946E-05
9.9937E-05 9.9937E-05 9.9937E-05 0.00992865 0.960412 9.9937E-05 9.9937E-05 0.0289599 9.9937E-05 9.9937E-05
0.00357371 9.9973E-05 0.116022 9.9973E-05 0.418912 0.0506247 0.0287115 0.0799099 0.301946 9.9973E-05
0.0214525 9.9964E-05 9.9964E-05 0.0162646 0.588353 0.0852085 9.9964E-05 0.0212713 0.267051 9.9964E-05
0.0325786 9.9973E-05 9.9973E-05 0.0178642 0.714378 0.0347182 9.9973E-05 0.0103073 0.135372 0.054482
0.0260336 9.9946E-05 0.030177 9.9946E-05 0.848166 9.9946E-05 9.9946E-05 9.9946E-05 0.0950236 9.9946E-05
9.9928E-05 9.9928E-05 9.9928E-05 9.9928E-05 0.987173 9.9928E-05 9.9928E-05 9.9928E-05 9.9928E-05 0.012028
0.00805176 9.9964E-05 9.9964E-05 0.00850229 0.808836 0.0130452 9.9964E-05 9.9964E-05 0.0441584 0.117007
9.9937E-05 0.0108481 9.9937E-05 9.9937E-05 0.986127 0.00232576 9.9937E-05 9.9937E-05 9.9937E-05 9.9937E-05
0.0363085 0.000764937 9.9991E-05 0.0148174 0.568091 0.0634002 0.0167999 0.0104049 0.23696 0.0523538
9.9955E-05 0.0474327 0.060494 9.9955E-05 0.888236 0.000396419 9.9955E-05 9.9955E-05 0.00294125 9.9955E-05
9.9946E-05 0.548708 9.9946E-05 9.9946E-05 9.9946E-05 0.237522 0.025358 9.9946E-05 9.9946E-05 0.187812
0.0471515 0.255194 0.01866 0.00552612 0.0660215 0.122229 9.9982E-05 9.9982E-05 0.381611 0.103407
9.9982E-05 0.299165 0.0125251 0.0311838 0.103757 0.202806 0.0261164 0.0129364 0.31131 9.9982E-05
0.0503796 0.361456 9.9973E-05 0.0512416 0.0484983 0.0528594 9.9973E-05 9.9973E-05 0.160489 0.274777
0.0507243 0.0529544 0.0667987 9.9991E-05 0.0615131 0.189129 0.0236898 0.111375 0.397696 0.0460196
9.9982E-05 0.350418 9.9982E-05 0.0426132 0.0888404 0.180965 0.0340502 0.0885173 0.0991665 0.11523
0.0676312 0.0418843 9.9982E-05 0.0435622 0.0790725 0.0521998 0.159931 9.9982E-05 0.415014 0.140505
9.9964E-05 0.255157 9.9964E-05 0.00422002 0.14266 0.0829737 9.9964E-05 9.9964E-05 0.307658 0.206931
0.0844461 0.137497 9.9991E-05 0.031199 0.150074 0.0195477 0.0315283 0.0459547 0.366286 0.133367
9.9964E-05 0.266787 9.9964E-05 0.0502037 0.186943 0.0375377 9.9964E-05 9.9964E-05 0.306598 0.151531
9.9982E-05 0.128642 9.9982E-05 0.0247596 0.00350627 0.136899 0.023133 0.109018 0.458691 0.115152
0.0510495 0.09088 9.9955E-05 9.9955E-05 0.0145748 0.785322 9.9955E-05 9.9955E-05 0.0576741 9.9955E-05
9.9955E-05 9.9955E-05 9.9955E-05 0.0680052 0.0568018 0.833262 0.0174525 9.9955E-05 9.9955E-05 0.0239792
9.9946E-05 9.9946E-05 0.016657 0.0593303 9.9946E-05 0.871032 9.9946E-05 9.9946E-05 9.9946E-05 0.0523808
0.0151056 9.9955E-05 9.9955E-05 0.0270166 9.9955E-05 0.914175 9.9955E-05 0.0109664 0.0322362 9.9955E-05
9.9964E-05 0.0305209 0.0845704 0.13297 0.00645972 0.739588 9.9964E-05 9.9964E-05 9.9964E-05 0.00549053
9.9964E-05 9.9964E-05 9.9964E-05 0.057931 0.0508032 0.794348 9.9964E-05 0.0198036 0.00664148 0.0700729
9.9955E-05 9.9955E-05 9.9955E-05 0.0454647 0.0399148 0.840112 9.9955E-05 9.9955E-05 0.0576247 0.0163837
9.9955E-05 9.9955E-05 0.0439245 0.0747064 9.9955E-05 0.788184 0.0568193 9.9955E-05 9.9955E-05 0.0358663
9.9946E-05 9.9946E-05 9.9946E-05 0.0256062 9.9946E-05 0.839175 9.9946E-05 9.9946E-05 0.0384703 0.0961486
9.9955E-05 9.9955E-05 9.9955E-05 0.0195983 0.0287025 0.778425 9.9955E-05 9.9955E-05 0.0751059 0.0976688
0.0834897 9.9964E-05 0.167023 0.0348237 9.9964E-05 0.576214 0.0280553 0.109994 9.9964E-05 9.9964E-05
0.187349 9.9955E-05 0.18098 9.9955E-05 9.9955E-05 0.593366 9.9955E-05 0.0299852 9.9955E-05 0.00782007
0.13738 9.9973E-05 0.205183 0.0327347 9.9973E-05 0.454762 0.0219817 0.0533625 9.9973E-05 0.0942957
0.0847737 0.0645769 0.321654 9.9955E-05 9.9955E-05 0.485973 9.9955E-05 0.0425228 9.9955E-05 9.9955E-05
0.031267 9.9973E-05 0.238367 0.0173706 9.9973E-05 0.00899903 9.9973E-05 0.221853 0.460549 0.0212946
0.029475 9.9973E-05 0.00138141 9.9973E-05 0.0157033 0.0573669 0.0828918 0.346239 0.466643 9.9973E-05
0.0947469 0.116831 0.0562796 9.9973E-05 0.0436349 0.0285876 9.9973E-05 0.129022 0.530598 9.9973E-05
0.149917 9.9964E-05 0.264817 9.9964E-05 9.9964E-05 9.9964E-05 0.033671 0.0778712 0.406433 0.0668913
0.242313 0.0168306 0.5015 9.9973E-05 0.0173322 0.00201749 0.111437 9.9973E-05 0.10827 9.9973E-05
0.0258648 0.0158933 0.0684316 9.9982E-05 0.0528988 0.0277437 0.0628108 0.193509 0.552648 9.9982E-05
0.0433762 9.9964E-05 0.0908035 9.9964E-05 9.9964E-05 9.9964E-05 0.0457698 0.182128 0.5881 0.0494224
0.0514385 0.0382953 0.0955798 0.0158904 9.9982E-05 9.9982E-05 0.0148728 0.277618 0.491784 0.014321
0.0157435 0.0542859 9.9964E-05 9.9964E-05 0.0229006 9.9964E-05 0.0703355 0.492084 0.344251 9.9964E-05
0.113701 9.9964E-05 9.9964E-05 9.9964E-05 9.9964E-05 0.0265476 0.0232995 0.0777017 0.654812 0.103538
0.107214 0.021272 0.0765982 9.9964E-05 9.9964E-05 9.9964E-05 0.0583939 0.25781 0.478312 9.9964E-05
0.0264434 9.9955E-05 0.0615549 0.00191159 9.9955E-05 9.9955E-05 0.169945 0.739646 9.9955E-05 9.9955E-05
0.103848 9.9973E-05 0.0756619 0.0656349 9.9973E-05 0.0704565 0.0153752 0.128677 0.540047 9.9973E-05
9.9973E-05 0.0627204 0.0341075 9.9973E-05 0.0152632 9.9973E-05 0.13905 0.536197 0.197392 0.0149689
9.9964E-05 0.00196664 9.9964E-05 9.9964E-05 9.9964E-05 0.00921685 0.0688374 0.396056 0.490774 0.0327493
0.077066 9.9964E-05 0.187956 9.9964E-05 9.9964E-05 0.0304782 0.000568809 0.610223 0.0933088 9.9964E-05
0.746239 0.136814 9.9946E-05 9.9946E-05 9.9946E-05 0.110505 9.9946E-05 9.9946E-05 9.9946E-05 0.00584321
0.788526 0.114496 9.9955E-05 9.9955E-05 0.00458407 0.0473519 9.9955E-05 9.9955E-05 0.0445416 9.9955E-05
0.871853 0.0523273 9.9946E-05 9.9946E-05 9.9946E-05 9.9946E-05 0.0626146 9.9946E-05 0.0126059 9.9946E-05
0.812331 0.0655578 9.9955E-05 9.9955E-05 9.9955E-05 0.0713025 0.0440622 0.00624686 9.9955E-05 9.9955E-05
0.787315 0.0997054 9.9946E-05 9.9946E-05 9.9946E-05 9.9946E-05 9.9946E-05 9.9946E-05 0.0726724 0.0397079
0.82954 9.9955E-05 9.9955E-05 9.9955E-05 0.0494395 9.9955E-05 0.0297691 9.9955E-05 0.0622501 0.0285012
9.9973E-05 9.9973E-05 9.9973E-05 0.0615031 0.0103614 0.778833 0.013762 0.017171 0.0819263 0.0361431
0.00449017 9.9973E-05 0.0500446 0.0267716 0.0132313 0.785053 9.9973E-05 9.9973E-05 0.117268 0.0028416
0.000695655 0.0438731 9.9973E-05 0.0216139 0.107129 0.702109 9.9973E-05 9.9973E-05 0.1217 0.00258044
9.9955E-05 9.9955E-05 0.0810546 0.030038 0.0762509 0.746446 9.9955E-05 9.9955E-05 0.0657111 9.9955E-05
9.9964E-05 0.0275382 9.9964E-05 0.00127933 0.0585507 0.788638 9.9964E-05 9.9964E-05 0.107758 0.015836
0.447693 0.0503277 0.120332 0.0132991 9.9964E-05 0.346344 9.9964E-05 9.9964E-05 9.9964E-05 0.0216038
0.418731 0.0654204 9.9973E-05 0.0238567 9.9973E-05 0.395714 0.0579141 0.0276487 9.9973E-05 0.0104146
0.46261 9.9955E-05 9.9955E-05 0.0278673 9.9955E-05 0.391692 0.116524 0.00080738 9.9955E-05 9.9955E-05
9.99201E-05 9.99201E-05 9.99201E-05 0.999101 9.99201E-05 9.99201E-05 9.99201E-05 9.99201E-05 9.99201E-05 9.99201E-05
0.523457 0.0251118 0.000284114 0.0431874 0.00571616 0.292968 0.0418074 0.0460648 9.9991E-05 0.0213035
0.0288664 9.9964E-05 9.9964E-05 9.9964E-05 0.277535 0.107704 0.00644169 9.9964E-05 0.336444 0.242609
0.0313512 0.00467218 0.019145 9.9991E-05 0.266286 0.0352581 0.0298337 0.0189631 0.507187 0.0872037
9.9955E-05 9.9955E-05 9.9955E-05 9.9955E-05 0.247073 0.166931 9.9955E-05 0.0145563 0.537934 0.0330053
9.9982E-05 0.0465091 0.0526614 0.0241026 0.149893 0.206848 9.9982E-05 0.00347778 0.355091 0.161217
0.0242324 9.9982E-05 0.154424 0.0136034 0.177784 0.0332763 9.9982E-05 0.0817394 0.403721 0.111021
9.9955E-05 0.0944329 9.9955E-05 9.9955E-05 0.273775 0.382572 0.0100229 9.9955E-05 9.9955E-05 0.238697
0.114093 0.0930528 0.36148 9.9964E-05 9.9964E-05 9.9964E-05 0.00167269 0.0856092 0.343693 9.9964E-05
0.143817 0.0436931 0.132245 9.9973E-05 9.9973E-05 9.9973E-05 0.142923 0.0747422 0.344153 0.118128
0.0868863 9.9973E-05 0.586335 0.0304249 9.9973E-05 0.0711464 0.0168895 9.9973E-05 0.199648 0.00836964
0.127184 0.0230459 0.007899 9.9973E-05 9.9973E-05 9.9973E-05 0.290945 0.0301312 0.43173 0.0887649
0.0127701 0.0781061 0.153421 9.9964E-05 9.9964E-05 9.9964E-05 0.357854 0.202109 9.9964E-05 0.19534
0.0733919 0.0449057 0.236203 0.0392171 0.015755 0.0297233 0.0317158 0.000915079 0.47749 0.050683
0.119377 9.9973E-05 0.239263 0.00465107 0.0378011 9.9973E-05 0.182313 9.9973E-05 0.41462 0.00167454
0.115198 9.9973E-05 0.449486 0.0216768 9.9973E-05 0.0293406 9.9973E-05 0.0887018 0.218608 0.0766894
0.0487209 0.0222215 0.171926 0.0126731 0.00127691 0.0542139 0.0085254 0.155174 0.487171 0.0380975
9.9955E-05 0.185818 0.547854 9.9955E-05 9.9955E-05 9.9955E-05 0.0931113 0.0858807 9.9955E-05 0.0868357
0.101198 0.122894 0.0835328 9.9973E-05 9.9973E-05 9.9973E-05 0.158529 0.0112948 0.441539 0.0807125
0.170781 9.9964E-05 0.0894095 0.0298026 9.9964E-05 9.9964E-05 9.9964E-05 0.0363759 0.573519 0.0997125
0.00109709 0.042843 0.126309 0.00255304 0.14418 0.091186 9.9991E-05 0.122444 0.372139 0.0971481
0.0641693 0.0207348 0.396935 9.9964E-05 9.9964E-05 9.9964E-05 0.206143 9.9964E-05 0.270628 0.0409907
0.1371 9.9964E-05 0.2245 0.00145657 9.9964E-05 0.0283846 0.197386 9.9964E-05 0.410773 9.9964E-05
0.0030384 0.0225158 0.198402 9.9982E-05 0.0264856 9.9982E-05 0.160371 0.0398941 0.4626 0.086494
0.119216 0.0425604 0.175325 9.9982E-05 9.9982E-05 0.049524 0.00174757 0.105875 0.50214 0.00341223
0.0389929 0.0363776 0.117048 0.0380532 0.0288227 0.0226517 0.0371098 0.0535136 0.601922 0.0255088
0.0595205 0.00934532 0.216086 0.0195923 0.000222696 0.0978178 0.0438351 0.00436194 0.530479 0.0187389
0.0318361 9.9973E-05 0.109866 9.9973E-05 9.9973E-05 0.0595388 0.0224508 0.0641711 0.598826 0.113011
9.9937E-05 9.9937E-05 9.9937E-05 9.9937E-05 0.0900746 0.75193 9.9937E-05 9.9937E-05 0.157296 9.9937E-05
9.9955E-05 9.9955E-05 9.9955E-05 9.9955E-05 0.0764022 0.797655 0.0274503 0.0249262 0.0730661 9.9955E-05
0.0572293 9.9955E-05 9.9955E-05 9.9955E-05 9.9955E-05 0.728137 0.0178209 9.9955E-05 0.0942654 0.102048
0.0413327 9.9982E-05 9.9982E-05 0.00403906 0.0479634 0.772482 0.0300545 0.0874023 0.0127921 0.00373351
0.0196803 9.9946E-05 9.9946E-05 0.0375066 9.9946E-05 0.772606 9.9946E-05 9.9946E-05 0.169608 9.9946E-05
0.18419 9.9964E-05 0.691902 0.0229349 0.0237268 9.9964E-05 9.9964E-05 9.9964E-05 0.0392401 0.0376072
0.0374224 9.9991E-05 0.104042 0.0147503 0.0612777 0.00956274 0.0127918 0.188974 0.484898 0.0861812
0.0628953 0.142475 9.9982E-05 0.0726337 0.163653 0.13868 9.9982E-05 0.0477591 0.35803 0.0136742
0.054936 9.9973E-05 0.145612 0.0280005 0.102343 9.9973E-05 0.090685 0.00327632 0.574848 9.9973E-05
0.0900783 9.9955E-05 0.262013 9.9955E-05 9.9955E-05 0.111108 9.9955E-05 0.0386391 0.497662 9.9955E-05
0.124305 0.0741818 0.26757 0.012678 0.048607 9.9982E-05 0.186748 9.9982E-05 0.176487 0.109222
0.182457 9.9964E-05 0.524434 0.0473414 9.9964E-05 0.0557208 9.9964E-05 0.0518421 9.9964E-05 0.137805
0.160048 9.9964E-05 0.1904 0.0381351 9.9964E-05 9.9964E-05 0.0714432 0.0818462 0.457728 9.9964E-05
0.222366 0.0558722 0.393314 0.0253207 0.0859783 0.0271598 0.0630639 0.0644998 0.0623255 9.9991E-05
0.0456618 0.0212372 0.220922 9.9991E-05 0.0426762 0.0449882 0.0883397 0.177286 0.320606 0.0381825
0.184698 9.9973E-05 0.495199 0.0122311 0.0375196 0.119059 0.128162 0.0228315 9.9973E-05 9.9973E-05
0.175684 0.0263127 0.115349 0.0213883 0.0143294 0.0695751 9.9982E-05 9.9982E-05 0.517765 0.0593966
0.066394 9.9982E-05 0.651045 0.0113333 0.0355575 0.0541778 0.0887653 9.9982E-05 0.032159 0.0603683
0.0659173 0.177548 0.369371 0.0424272 0.0842189 9.9982E-05 0.0163917 0.0474893 0.196436 9.9982E-05
0.0628012 0.148655 0.0681492 9.9982E-05 0.0350923 9.9982E-05 0.00271388 0.125622 0.475007 0.0817592
0.126012 0.496888 9.9964E-05 9.9964E-05 9.9964E-05 9.9964E-05 0.0923012 0.000749092 0.263659 0.0199901
9.9964E-05 0.367 0.0176808 9.9964E-05 0.0480612 0.077266 9.9964E-05 0.0434029 0.446189 9.9964E-05
9.9973E-05 0.245447 0.131295 9.9973E-05 0.0297278 0.0990373 0.0253827 9.9973E-05 0.453158 0.015653
9.9955E-05 0.570327 0.108588 9.9955E-05 9.9955E-05 9.9955E-05 0.047286 0.0042046 0.269094 9.9955E-05
9.9973E-05 0.122215 0.150252 9.9973E-05 0.0701111 9.9973E-05 0.0929626 0.0856714 0.422999 0.0554899
0.0566569 0.159667 9.9964E-05 0.00908987 9.9964E-05 9.9964E-05 0.156739 9.9964E-05 0.514873 0.102575
0.0412883 0.710645 0.021535 9.9964E-05 9.9964E-05 9.9964E-05 0.133562 0.079564 0.0130058 9.9964E-05
9.9946E-05 0.656334 9.9946E-05 9.9946E-05 9.9946E-05 9.9946E-05 0.0585607 9.9946E-05 0.260834 0.0236713
0.027322 0.272727 0.0392119 9.9964E-05 9.9964E-05 9.9964E-05 0.169552 9.9964E-05 0.449883 0.0409043
0.0901506 0.525021 0.0663489 9.9964E-05 9.9964E-05 9.9964E-05 0.0701535 0.152577 0.0953497 9.9964E-05
0.0160313 0.283927 0.279211 9.9955E-05 9.9955E-05 9.9955E-05 9.9955E-05 9.9955E-05 0.359281 0.0610491
0.125304 9.9973E-05 0.677219 0.00930956 0.0462569 9.9973E-05 9.9973E-05 0.110392 0.00425509 0.0269632
0.0697114 9.9955E-05 0.399344 9.9955E-05 9.9955E-05 9.9955E-05 0.272152 9.9955E-05 0.181525 0.0767673
0.1351 9.9973E-05 0.409641 0.0111058 0.0526136 9.9973E-05 0.0365578 0.0878046 0.266878 9.9973E-05
0.129214 9.9955E-05 0.226545 9.9955E-05 0.0166904 9.9955E-05 9.9955E-05 9.9955E-05 0.601179 0.025872
0.129451 9.9955E-05 0.593168 0.00243147 9.9955E-05 9.9955E-05 9.9955E-05 0.112138 0.162312 9.9955E-05
0.011981 9.9991E-05 0.14034 0.00810101 0.00956804 0.0612584 0.136528 0.00452176 0.5131 0.114502
0.0746932 9.9973E-05 0.271791 0.0132847 0.0311854 9.9973E-05 0.00796081 9.9973E-05 0.4991 0.101684
0.043269 9.9955E-05 0.42478 9.9955E-05 0.0561816 9.9955E-05 9.9955E-05 0.0566947 0.418575 9.9955E-05
0.115413 9.9964E-05 0.339224 0.0493239 0.066693 9.9964E-05 0.0498092 9.9964E-05 0.379138 9.9964E-05
0.1441 9.9973E-05 0.316219 0.0294918 0.0583041 0.0058597 9.9973E-05 0.151648 0.294078 9.9973E-05
0.166403 9.9964E-05 0.495323 9.9964E-05 0.0550303 9.9964E-05 9.9964E-05 0.0740614 0.194458 0.0143244
0.133768 0.00299448 0.383079 9.9973E-05 0.0677963 9.9973E-05 0.102961 0.0838218 0.22528 9.9973E-05
0.11462 9.9973E-05 0.186151 9.9973E-05 0.0169634 9.9973E-05 0.100374 0.046443 0.508427 0.0267215
0.0438746 0.000988809 0.251851 0.0502531 9.9982E-05 9.9982E-05 0.0219338 0.00279893 0.535503 0.0925966
0.134299 0.0644358 0.130598 0.00389508 9.9991E-05 0.0312683 0.120916 0.0584683 0.351867 0.104152
0.14269 9.9973E-05 0.127632 9.9973E-05 0.0327782 9.9973E-05 0.180642 0.0123817 0.459672 0.0439045
0.243993 0.0468826 0.314734 0.0254895 0.0539044 9.9973E-05 9.9973E-05 9.9973E-05 0.262513 0.0521833
0.057626 9.9946E-05 0.297935 9.9946E-05 9.9946E-05 9.9946E-05 9.9946E-05 9.9946E-05 0.563602 0.0802379
0.0960079 0.0130091 0.269309 9.9982E-05 0.050607 0.0427796 0.0535326 9.9982E-05 0.450159 0.024396
0.0433303 0.0413202 0.133166 0.0264374 0.121839 0.0374042 0.126434 9.9982E-05 0.469869 9.9982E-05
9.9973E-05 0.0514821 0.0762919 9.9973E-05 0.0729606 0.363507 9.9973E-05 0.0131345 0.383376 0.0389487
9.9964E-05 9.9964E-05 0.0898418 9.9964E-05 0.122198 0.0735459 0.0841089 9.9964E-05 0.452852 0.177053
9.9973E-05 9.9973E-05 0.140834 0.114892 0.0852802 0.0117174 0.0484924 9.9973E-05 0.446869 0.151615
0.0244775 9.9982E-05 0.0771999 0.0684244 0.121524 9.9982E-05 0.00387213 0.0933291 0.545097 0.0658766
9.9973E-05 9.9973E-05 0.023145 9.9973E-05 0.199486 0.152222 0.107065 0.0656606 0.384629 0.0674928
9.9955E-05 0.125911 0.353666 9.9955E-05 9.9955E-05 9.9955E-05 0.114271 9.9955E-05 0.354172 0.051481
0.0373999 9.9991E-05 0.028321 0.0650895 0.0851429 0.0997624 0.0047892 0.163407 0.44888 0.0671086
9.9973E-05 0.188539 0.167258 9.9973E-05 0.0819855 0.126837 0.0334464 0.115485 9.9973E-05 0.28615
0.0309079 0.0140069 0.203751 0.0431491 0.140703 0.0166525 9.9982E-05 9.9982E-05 0.454738 0.0958919
0.0420661 9.9991E-05 0.0281575 0.00473611 0.0588716 0.1437 0.0780098 0.0346819 0.558424 0.0512524
9.9973E-05 0.00293938 0.0260132 9.9973E-05 0.137001 0.0250944 0.116637 9.9973E-05 0.523274 0.16874
9.9991E-05 0.110197 0.190279 0.0579901 0.0895919 0.0936877 0.0250144 0.10608 0.265625 0.0614339
9.9991E-05 0.0620746 0.101724 0.0472239 0.0731674 0.0349743 0.0565111 0.0378119 0.449524 0.136888
9.9973E-05 9.9973E-05 0.138533 0.0260587 0.0941051 0.105455 0.0784646 9.9973E-05 0.478729 0.078355
9.9973E-05 0.0417424 0.00577817 0.0488217 0.0970969 0.265802 9.9973E-05 0.0139958 9.9973E-05 0.526463
0.0400019 9.9973E-05 0.0680292 0.0701 0.205081 0.0893246 9.9973E-05 9.9973E-05 0.506086 0.0210769
9.9973E-05 9.9973E-05 0.00489916 9.9973E-05 0.20329 0.10513 0.126492 0.00734767 0.444125 0.108417
9.9973E-05 9.9973E-05 0.0104532 0.0100646 0.110147 0.0972624 0.163671 9.9973E-05 0.573392 0.0347089
9.9946E-05 9.9946E-05 9.9946E-05 9.9946E-05 0.0862742 0.145584 9.9946E-05 9.9946E-05 0.571296 0.196246
0.0956902 0.0924857 9.9973E-05 0.0668508 0.0846467 0.0440017 9.9973E-05 9.9973E-05 0.533292 0.0827324
9.9964E-05 0.0243189 9.9964E-05 9.9964E-05 0.0236939 0.0190934 0.430949 0.128799 0.372746 9.9964E-05
9.9964E-05 0.0727208 9.9964E-05 0.0556341 9.9964E-05 0.0825337 0.231605 9.9964E-05 0.503766 0.0533402
9.9946E-05 0.0331178 0.163264 9.9946E-05 9.9946E-05 9.9946E-05 0.703553 0.0994655 9.9946E-05 9.9946E-05
0.0168529 0.0233666 0.0535616 9.9955E-05 9.9955E-05 9.9955E-05 0.852395 0.0533239 9.9955E-05 9.9955E-05
9.9964E-05 9.9964E-05 0.112366 0.00999146 0.0479259 0.0943326 0.271999 9.9964E-05 0.462986 9.9964E-05
9.9973E-05 0.0111815 0.0153052 9.9973E-05 0.220232 0.0267997 0.117606 9.9973E-05 0.454929 0.153646
9.9964E-05 9.9964E-05 9.9964E-05 0.00493139 0.234798 0.0233219 0.175113 9.9964E-05 0.353534 0.207902
9.9991E-05 0.0358744 0.00817004 0.038773 0.241373 0.104635 0.111276 0.0219788 0.204688 0.233132
9.9973E-05 9.9973E-05 0.0487875 0.0424516 0.202783 0.116019 0.142508 9.9973E-05 0.343453 0.103697
9.9955E-05 0.0256352 9.9955E-05 0.0319817 9.9955E-05 9.9955E-05 0.663334 9.9955E-05 0.0684194 0.21013
9.9955E-05 9.9955E-05 9.9955E-05 0.0697023 0.035177 9.9955E-05 0.600965 9.9955E-05 0.118753 0.174903
9.9946E-05 9.9946E-05 9.9946E-05 9.9946E-05 0.15596 9.9946E-05 0.362552 0.011729 0.469159 9.9946E-05
9.9946E-05 9.9946E-05 9.9946E-05 9.9946E-05 0.0619761 0.0517794 0.475224 9.9946E-05 0.410421 9.9946E-05
9.9964E-05 9.9964E-05 9.9964E-05 0.0482914 0.0557853 0.0659303 0.707659 9.9964E-05 0.101095 0.0208392
9.9973E-05 0.000192025 0.109136 9.9973E-05 0.0608108 0.0187394 0.251688 9.9973E-05 0.486815 0.0723195
0.000870525 0.00604142 9.9964E-05 9.9964E-05 0.112816 9.9964E-05 0.385477 9.9964E-05 0.457509 0.0368864
0.0602758 9.9973E-05 0.099162 9.9973E-05 0.0555912 0.0407222 0.223791 9.9973E-05 0.467344 0.0528137
9.9964E-05 0.017318 0.114238 9.9964E-05 9.9964E-05 0.0174552 0.58769 0.0292887 0.23361 9.9964E-05
9.9973E-05 0.0296327 0.096063 0.0357814 0.00568667 9.9973E-05 0.477793 0.0599341 0.294809 9.9973E-05
0.0170251 0.0657564 0.0150888 0.0259312 0.118415 0.000283112 0.28055 0.0541979 0.422652 9.9991E-05
0.0819574 0.0766007 0.0577473 0.0375042 0.0692766 0.0417814 0.377003 9.9982E-05 0.25793 9.9982E-05
0.100591 0.0708834 0.106024 0.00083699 0.125125 9.9991E-05 0.151733 0.0774568 0.323961 0.0432885
9.9955E-05 0.0473572 0.0516979 9.9955E-05 9.9955E-05 9.9955E-05 0.461985 9.9955E-05 0.37014 0.0683204
0.0534772 0.10439 0.00266399 9.9955E-05 9.9955E-05 9.9955E-05 0.693138 9.9955E-05 0.14583 9.9955E-05
9.9964E-05 0.0407039 9.9964E-05 9.9964E-05 0.145856 0.00469763 0.297983 0.141977 0.368382 9.9964E-05
0.0234029 9.99549E-05 0.0819138 9.99549E-05 9.99549E-05 9.99549E-05 0.713471 0.0017959 0.178917 9.99549E-05
0.0207976 0.053049 0.010079 0.0179543 9.9973E-05 0.0380694 0.556833 9.9973E-05 0.302918 9.9973E-05
9.9982E-05 0.0623149 0.0315497 0.0660168 9.9982E-05 0.0142706 0.260911 0.0573003 0.50102 0.00641714
9.9964E-05 0.0394018 0.151736 9.9964E-05 0.0650265 9.9964E-05 0.369919 0.0175809 0.355936 9.9964E-05
9.9964E-05 0.122547 9.9964E-05 0.0519093 0.129611 0.156002 0.125884 9.9964E-05 0.413648 9.9964E-05
0.116615 9.9955E-05 9.9955E-05 9.9955E-05 0.0872941 0.163963 0.22498 9.9955E-05 0.406648 9.9955E-05
0.0527509 0.0990433 0.000481637 0.0155071 0.223143 0.017766 0.0186196 0.0401594 0.314669 0.21786
0.0526918 0.211406 0.0598086 0.059183 0.205317 0.0625949 0.0560707 9.9991E-05 0.26262 0.030209
0.0293119 0.0520561 0.000137451 0.00196306 0.133599 0.194731 0.00580267 0.109136 0.435937 0.0373256
0.0313955 0.141244 9.9982E-05 0.0665405 0.14817 0.0919653 0.115987 9.9982E-05 0.388511 0.0159862
9.9964E-05 0.0332251 9.9964E-05 0.00475909 0.115402 0.139339 0.61084 9.9964E-05 9.9964E-05 0.0960356
0.0794735 0.0274056 9.9973E-05 0.0276285 0.263917 9.9973E-05 0.0754457 9.9973E-05 0.485265 0.0405652
9.9955E-05 0.0501812 9.9955E-05 9.9955E-05 0.049906 0.308848 0.455373 9.9955E-05 9.9955E-05 0.135192
9.9955E-05 9.9955E-05 9.9955E-05 0.00716768 0.157912 0.0668492 0.314615 9.9955E-05 0.452957 9.9955E-05
9.9955E-05 0.0352937 9.9955E-05 9.9955E-05 9.9955E-05 9.9955E-05 0.79757 0.120609 0.0370549 0.00897318
9.9946E-05 9.9946E-05 0.0324971 0.00719067 9.9946E-05 9.9946E-05 0.892109 0.0676036 9.9946E-05 9.9946E-05
9.9946E-05 9.9946E-05 9.9946E-05 0.0125669 9.9946E-05 9.9946E-05 0.484274 0.0857292 0.41683 9.9946E-05
