0.10257 0.588279 0.0469033 0.0285688 0.0578358 9.9991E-05 0.0737168 0.102025
9.9982E-05 0.602381 0.00948985 9.9982E-05 0.124168 0.0906994 0.0194338 0.153628
9.9964E-05 9.9964E-05 0.0275057 9.9964E-05 0.0812834 0.0551737 9.9964E-05 0.835637
0.00812839 0.583441 0.025625 0.232425 9.9982E-05 9.9982E-05 0.0448024 0.105379
0.0977446 0.207848 0.0208182 0.0779847 9.9982E-05 9.9982E-05 0.0208833 0.574522
0.092627 0.543249 0.0811234 0.0330704 0.00268817 0.00320338 0.0500567 0.193982
9.9964E-05 0.203757 0.113585 9.9964E-05 0.112266 9.9964E-05 9.9964E-05 0.569992
9.9964E-05 0.0520009 9.9964E-05 0.0563121 0.124307 9.9964E-05 9.9964E-05 0.766981
9.9955E-05 0.454866 0.0682986 9.9955E-05 9.9955E-05 9.9955E-05 9.9955E-05 0.476335
0.276759 0.340361 9.9991E-05 0.0325377 0.0167793 0.0502667 0.0352801 0.247916
0.0973752 0.189954 0.0322077 0.11466 0.0622316 9.9991E-05 0.216728 0.286744
0.0119253 0.0360031 0.107983 0.0714505 0.236646 0.127704 0.0567896 0.351498
0.141673 0.317245 9.9973E-05 0.270863 9.9973E-05 9.9973E-05 0.0781668 0.191753
9.9955E-05 0.422965 0.0326552 9.9955E-05 9.9955E-05 9.9955E-05 9.9955E-05 0.54388
9.9964E-05 0.544249 0.0510334 9.9964E-05 9.9964E-05 9.9964E-05 0.0114132 0.392905
9.9982E-05 0.594543 9.9982E-05 0.0973185 0.0998311 0.0557748 0.0989367 0.0533964
0.104266 0.220082 9.9964E-05 9.9964E-05 0.624507 9.9964E-05 0.050746 9.9964E-05
9.994E-05 9.994E-05 9.994E-05 9.994E-05 0.9993 9.994E-05 9.994E-05 9.994E-05
9.994E-05 9.994E-05 9.994E-05 9.994E-05 0.9993 9.994E-05 9.994E-05 9.994E-05
0.151263 0.0760916 0.0120077 9.9973E-05 0.648678 9.9973E-05 0.111659 9.9973E-05
9.9955E-05 0.62636 9.9955E-05 9.9955E-05 9.9955E-05 9.9955E-05 0.0422531 0.330887
0.0345793 0.501875 9.9973E-05 0.130075 9.9973E-05 9.9973E-05 0.167987 0.165184
9.9946E-05 0.287625 9.9946E-05 9.9946E-05 9.9946E-05 9.9946E-05 0.711776 9.9946E-05
0.0659302 0.284468 9.9973E-05 9.9973E-05 9.9973E-05 0.02391 0.528765 0.0966268
0.0168992 0.196528 9.9991E-05 0.0241186 0.0268296 0.0740539 0.57027 0.0912006
9.9964E-05 0.197341 0.000706077 9.9964E-05 9.9964E-05 9.9964E-05 0.0661308 0.735422
0.0972904 0.454283 0.00950297 9.9973E-05 9.9973E-05 9.9973E-05 0.137243 0.301381
0.0650724 9.9973E-05 9.9973E-05 9.9973E-05 0.0340646 0.0661841 0.00803009 0.826349
9.9973E-05 0.811843 0.00696229 9.9973E-05 0.0669333 0.00282151 9.9973E-05 0.11114
9.9982E-05 0.549694 0.0019813 0.124172 0.0190027 0.0795767 9.9982E-05 0.225374
9.9964E-05 0.51375 0.0041642 9.9964E-05 9.9964E-05 9.9964E-05 0.0568634 0.424823
9.9982E-05 0.0370474 0.00408372 0.0228376 9.9982E-05 0.0566434 0.0714529 0.807735
9.9964E-05 0.79434 0.0713782 9.9964E-05 9.9964E-05 9.9964E-05 0.0720741 0.0618078
9.9955E-05 0.749027 9.9955E-05 9.9955E-05 0.242975 9.9955E-05 9.9955E-05 0.00749869
9.9973E-05 0.0154855 9.9973E-05 0.000857455 9.9973E-05 0.00892486 0.962671 0.011761
9.9955E-05 0.100527 9.9955E-05 0.0165518 9.9955E-05 9.9955E-05 0.882422 9.9955E-05
0.279252 0.139702 9.9973E-05 0.073111 9.9973E-05 9.9973E-05 0.4623 0.0453355
0.145336 0.205802 9.9955E-05 9.9955E-05 9.9955E-05 9.9955E-05 0.648362 9.9955E-05
0.211018 0.0248325 9.9964E-05 9.9964E-05 9.9964E-05 9.9964E-05 0.732424 0.0313257
9.994E-05 9.994E-05 9.994E-05 9.994E-05 9.994E-05 9.994E-05 0.9993 9.994E-05
9.9946E-05 9.9946E-05 9.9946E-05 9.9946E-05 9.9946E-05 0.0422946 0.957106 9.9946E-05
0.126645 0.0435533 9.9964E-05 0.048139 9.9964E-05 9.9964E-05 0.781263 9.9964E-05
9.994E-05 9.994E-05 9.994E-05 9.994E-05 9.994E-05 9.994E-05 0.9993 9.994E-05
9.994E-05 9.994E-05 9.994E-05 9.994E-05 9.994E-05 9.994E-05 0.9993 9.994E-05
9.994E-05 9.994E-05 9.994E-05 9.994E-05 9.994E-05 9.994E-05 0.9993 9.994E-05
0.0726456 0.0866492 0.0133024 0.0527567 9.9973E-05 9.9973E-05 0.774346 9.9973E-05
0.0126242 0.0277051 0.0923945 0.0768502 9.9973E-05 9.9973E-05 0.790126 9.9973E-05
9.994E-05 9.994E-05 9.994E-05 9.994E-05 9.994E-05 9.994E-05 0.9993 9.994E-05
0.109711 0.363573 0.0449031 9.9982E-05 0.00368913 9.9982E-05 0.439529 0.0383946
0.0321713 0.117252 0.0322947 0.0470695 9.9982E-05 9.9982E-05 0.73241 0.0386021
0.166175 0.0153972 9.9973E-05 0.0354396 9.9973E-05 0.0223692 0.760319 9.9973E-05
0.0239419 0.0819646 0.000686228 9.9982E-05 0.0171526 9.9982E-05 0.863069 0.0129854
0.208872 9.9964E-05 9.9964E-05 0.0216437 0.025907 9.9964E-05 0.743177 9.9964E-05
0.114455 9.9964E-05 0.0524525 9.9964E-05 9.9964E-05 0.00224203 0.830451 9.9964E-05
0.0792723 9.9946E-05 9.9946E-05 9.9946E-05 9.9946E-05 9.9946E-05 0.920128 9.9946E-05
0.114738 0.153311 0.0346722 0.0545161 9.9973E-05 9.9973E-05 0.642463 9.9973E-05
9.9955E-05 0.0757513 9.9955E-05 9.9955E-05 9.9955E-05 0.036647 0.887102 9.9955E-05
9.9964E-05 9.9964E-05 0.200321 9.9964E-05 0.356307 0.079733 9.9964E-05 0.363239
0.106135 0.361175 0.0977007 9.9973E-05 0.189531 9.9973E-05 9.9973E-05 0.245158
9.9973E-05 0.531423 9.9973E-05 0.060684 0.295413 9.9973E-05 0.0429835 0.0691967
0.111966 0.0717442 0.162734 9.9991E-05 0.216988 0.00649308 0.0256696 0.404305
0.189651 0.240257 0.0245935 0.00297917 0.0417241 0.12607 0.166653 0.208072
9.9964E-05 0.207646 9.9964E-05 0.0387354 0.482822 9.9964E-05 9.9964E-05 0.270397
0.0824834 0.407766 0.039201 9.9991E-05 0.101712 0.0627123 0.112036 0.193989
0.149944 0.113748 9.9973E-05 9.9973E-05 0.167131 9.9973E-05 0.174545 0.394333
0.269272 0.397719 0.0565867 9.9973E-05 0.218902 9.9973E-05 9.9973E-05 0.0572201
0.299225 0.184706 0.0400633 9.9982E-05 0.190003 9.9982E-05 0.0223176 0.263486
9.9982E-05 0.404663 0.102359 0.090757 0.130553 9.9982E-05 0.160917 0.110551
0.2 0.382688 9.9973E-05 9.9973E-05 9.9973E-05 0.0455854 0.0472508 0.324176
9.9973E-05 0.25011 9.9973E-05 0.025761 0.0204818 9.9973E-05 0.0470794 0.656268
0.0746052 0.472075 9.9982E-05 0.0198814 0.0407591 9.9982E-05 0.0579696 0.33451
0.0160869 0.87047 0.0549421 9.9973E-05 0.0563505 9.9973E-05 0.00185059 9.9973E-05
0.0687789 0.11369 9.9955E-05 9.9955E-05 9.9955E-05 9.9955E-05 9.9955E-05 0.817032
0.162432 0.363229 0.0299653 0.0164852 9.9991E-05 0.0211569 0.098443 0.308188
9.9964E-05 0.575907 0.0317742 0.117948 9.9964E-05 9.9964E-05 9.9964E-05 0.273971
9.994E-05 9.994E-05 9.994E-05 9.994E-05 9.994E-05 9.994E-05 9.994E-05 0.9993
9.9964E-05 0.123321 0.0263311 0.0364673 9.9964E-05 9.9964E-05 9.9964E-05 0.813481
0.120972 0.297589 9.9964E-05 9.9964E-05 9.9964E-05 9.9964E-05 0.0276596 0.55338
9.9955E-05 0.026834 9.9955E-05 9.9955E-05 9.9955E-05 0.0816467 9.9955E-05 0.891019
0.0987657 0.190766 9.9964E-05 9.9964E-05 9.9964E-05 9.9964E-05 0.0243069 0.685762
9.9946E-05 0.7437 9.9946E-05 9.9946E-05 9.9946E-05 0.2557 9.9946E-05 9.9946E-05
0.0418833 0.697494 0.0522099 9.9982E-05 0.0398838 0.108139 9.9982E-05 0.0601899
9.9955E-05 9.9955E-05 9.9955E-05 0.0040845 9.9955E-05 0.970736 0.0246799 9.9955E-05
9.9946E-05 9.9946E-05 9.9946E-05 9.9946E-05 9.9946E-05 0.965739 9.9946E-05 0.0336611
0.212785 0.476532 9.9955E-05 9.9955E-05 9.9955E-05 0.310183 9.9955E-05 9.9955E-05
0.268646 0.213557 9.9982E-05 0.249955 0.0658045 9.9982E-05 0.168071 0.0337668
0.505208 0.0279141 0.00138598 0.422687 0.0425053 9.9973E-05 9.9973E-05 9.9973E-05
0.277112 0.0255408 0.0572465 0.351964 0.26044 9.9982E-05 0.0274969 9.9982E-05
0.344357 0.124859 9.9973E-05 0.429023 0.0803129 9.9973E-05 0.0211478 9.9973E-05
9.9955E-05 9.9955E-05 9.9955E-05 0.816207 9.9955E-05 0.0591878 9.9955E-05 0.124105
9.994E-05 9.994E-05 9.994E-05 0.9993 9.994E-05 9.994E-05 9.994E-05 9.994E-05
0.0274652 0.351982 9.9964E-05 0.540347 9.9964E-05 9.9964E-05 0.079806 9.9964E-05
9.9955E-05 0.253934 9.9955E-05 0.733966 9.9955E-05 0.0116001 9.9955E-05 9.9955E-05
9.994E-05 9.994E-05 9.994E-05 0.9993 9.994E-05 9.994E-05 9.994E-05 9.994E-05
0.0823498 0.550774 0.00971161 0.356765 9.9964E-05 9.9964E-05 9.9964E-05 9.9964E-05
9.9973E-05 0.561727 9.9973E-05 0.26619 0.034317 0.0786913 0.0587742 9.9973E-05
0.111423 0.475132 0.0499356 0.304275 9.9973E-05 9.9973E-05 0.0589343 9.9973E-05
0.014254 0.348425 0.0245017 9.9964E-05 9.9964E-05 0.61242 9.9964E-05 9.9964E-05
0.0568909 0.442878 9.9973E-05 0.0573739 9.9973E-05 0.436701 9.9973E-05 0.00585717
0.183731 0.335996 9.9982E-05 0.000408272 9.9982E-05 0.289952 0.0745414 0.115171
0.0721332 0.425562 9.9982E-05 0.110394 0.0816254 0.306634 0.00345109 9.9982E-05
0.16468 0.326749 0.0703993 0.0773987 9.9991E-05 0.166357 0.0941464 0.10017
9.9973E-05 0.532102 0.0251942 0.0972309 9.9973E-05 0.23631 9.9973E-05 0.108863
0.0759246 9.9955E-05 9.9955E-05 9.9955E-05 9.9955E-05 0.769823 9.9955E-05 0.153753
9.9973E-05 0.717597 0.00224429 9.9973E-05 0.00402304 0.243406 0.0324303 9.9973E-05
9.9964E-05 0.145158 0.020709 9.9964E-05 9.9964E-05 0.803492 0.0302411 9.9964E-05
0.0943682 0.31979 9.9964E-05 9.9964E-05 9.9964E-05 0.557379 9.9964E-05 0.0280636
9.9973E-05 0.817796 0.0404277 9.9973E-05 0.0796271 0.0482965 0.0135523 9.9973E-05
9.9973E-05 0.637179 9.9973E-05 0.132758 0.0209187 0.194345 9.9973E-05 0.0144992
0.0676556 0.357315 0.0102322 0.0863768 0.107702 9.9991E-05 0.264999 0.10562
0.257688 0.211976 0.0538309 0.0652748 0.0560444 0.168374 0.127938 0.0588739
0.114072 0.412448 0.0262527 0.111009 0.286678 9.9982E-05 0.0493405 9.9982E-05
0.258631 0.227913 9.9982E-05 0.0310313 0.142691 9.9982E-05 0.111472 0.228061
0.128181 0.448853 0.094926 0.0378065 0.0725013 9.9991E-05 0.192263 0.0253697
0.143722 0.419188 0.0376568 0.127287 0.110816 0.00351534 0.157716 9.9991E-05
0.0147356 9.9955E-05 9.9955E-05 9.9955E-05 0.510923 0.473841 9.9955E-05 9.9955E-05
0.293874 0.43595 0.031689 0.0973908 0.0115517 0.068541 0.0491735 0.0118301
9.9955E-05 9.9955E-05 9.9955E-05 0.125562 0.641727 0.232211 9.9955E-05 9.9955E-05
0.160879 0.544192 9.9973E-05 9.9973E-05 0.116864 0.129075 0.0486902 9.9973E-05
9.9964E-05 0.0923723 0.00501989 9.9964E-05 0.00917757 0.89303 9.9964E-05 9.9964E-05
9.994E-05 9.994E-05 9.994E-05 9.994E-05 9.994E-05 0.9993 9.994E-05 9.994E-05
0.0452847 0.553197 9.9955E-05 9.9955E-05 9.9955E-05 0.401019 9.9955E-05 9.9955E-05
0.0377982 0.651311 9.9973E-05 0.0791001 0.0479496 0.183541 9.9973E-05 9.9973E-05
9.9946E-05 0.498586 9.9946E-05 9.9946E-05 9.9946E-05 0.500814 9.9946E-05 9.9946E-05
9.9964E-05 0.606475 0.00844647 0.0428624 9.9964E-05 0.341816 9.9964E-05 9.9964E-05
9.9955E-05 0.618099 9.9955E-05 0.125767 9.9955E-05 0.255634 9.9955E-05 9.9955E-05
0.736666 0.162662 9.9964E-05 9.9964E-05 9.9964E-05 9.9964E-05 0.0508819 0.0493901
0.613245 0.160705 9.9973E-05 0.125003 9.9973E-05 9.9973E-05 0.0893681 0.0113796
0.813055 0.14985 9.9964E-05 0.0201831 9.9964E-05 0.0165125 9.9964E-05 9.9964E-05
0.882457 0.0580641 0.032029 9.9964E-05 9.9964E-05 9.9964E-05 0.0270501 9.9964E-05
0.694238 0.227313 0.021973 9.9973E-05 0.00781246 9.9973E-05 9.9973E-05 0.0483633
0.845992 9.9946E-05 9.9946E-05 9.9946E-05 0.153408 9.9946E-05 9.9946E-05 9.9946E-05
0.873191 9.9964E-05 9.9964E-05 9.9964E-05 0.0319743 0.0899411 9.9964E-05 0.00449399
0.922403 0.00787112 0.0311659 0.0180785 9.9973E-05 9.9973E-05 9.9973E-05 0.0201811
0.741674 0.025454 9.9973E-05 9.9973E-05 0.0599679 0.0669249 0.105679 9.9973E-05
0.618755 0.237386 9.9964E-05 9.9964E-05 0.0383833 9.9964E-05 0.105076 9.9964E-05
0.472424 0.229419 0.0355641 0.00654296 9.9991E-05 0.0493095 0.163316 0.0433243
0.906187 0.0593133 9.9973E-05 9.9973E-05 0.0259815 0.00720011 9.9973E-05 0.00101768
0.48699 0.234976 9.9982E-05 0.0474156 9.9982E-05 0.0267792 0.121354 0.0822853
0.614721 9.9973E-05 0.0488344 0.0568683 9.9973E-05 0.0822434 0.197033 9.9973E-05
0.577336 0.175597 0.014307 0.0998649 9.9982E-05 9.9982E-05 0.112605 0.0200904
0.84927 9.9973E-05 9.9973E-05 0.023076 0.00669709 0.098404 9.9973E-05 0.0222532
0.953822 9.9946E-05 0.0455786 9.9946E-05 9.9946E-05 9.9946E-05 9.9946E-05 9.9946E-05
0.365913 0.421245 9.99728E-05 9.99728E-05 9.99728E-05 0.0561336 0.156308 9.99728E-05
0.739312 9.9991E-05 0.0226721 0.0293006 0.0125252 0.0817476 0.0590371 0.0553056
0.497416 0.114674 0.0670857 0.0432207 0.0448856 0.105929 0.0997086 0.0270802
0.425686 0.198594 0.0220072 0.0972585 0.0839331 0.054422 0.0545551 0.0635436
0.687243 0.0786324 9.9973E-05 9.9973E-05 9.9973E-05 0.0648667 0.111883 0.0570757
0.74047 0.161662 0.00866088 0.00280814 9.9982E-05 0.0575812 0.0286182 9.9982E-05
0.870638 9.9955E-05 0.00245552 9.9955E-05 0.126406 9.9955E-05 9.9955E-05 9.9955E-05
0.160912 0.424858 0.26275 9.9982E-05 0.00989739 9.9982E-05 0.0963969 0.0449861
0.174449 0.575326 0.112924 9.9973E-05 0.0504842 9.9973E-05 0.0865158 9.9973E-05
9.9964E-05 0.00022594 0.818819 9.9964E-05 0.169392 9.9964E-05 0.0111625 9.9964E-05
9.994E-05 9.994E-05 0.9993 9.994E-05 9.994E-05 9.994E-05 9.994E-05 9.994E-05
0.217122 0.0920913 0.312481 0.121986 9.9982E-05 0.0409695 9.9982E-05 0.21515
0.130741 9.9964E-05 0.80559 9.9964E-05 9.9964E-05 9.9964E-05 0.0144281 0.0488404
9.9955E-05 9.9955E-05 0.726078 9.9955E-05 0.208372 9.9955E-05 0.0650503 9.9955E-05
0.134213 0.273993 0.36132 0.0789071 9.9991E-05 0.0316906 0.0407034 0.0790735
0.0794565 0.325095 0.202058 0.0875961 0.168408 9.9991E-05 0.0916174 0.0456692
0.21876 0.165336 0.410649 0.0239166 9.9973E-05 9.9973E-05 9.9973E-05 0.181038
9.9955E-05 0.0768993 0.893911 9.9955E-05 9.9955E-05 9.9955E-05 0.0286896 9.9955E-05
0.0234634 0.466812 0.405124 9.9964E-05 9.9964E-05 9.9964E-05 0.104201 9.9964E-05
9.9973E-05 0.106485 0.690014 9.9973E-05 9.9973E-05 0.0336113 0.0896682 0.0799216
9.994E-05 9.994E-05 0.9993 9.994E-05 9.994E-05 9.994E-05 9.994E-05 9.994E-05
0.208608 0.503067 0.0250137 0.0810117 0.0609678 9.9991E-05 0.114361 0.00687112
0.299548 0.245711 0.416901 0.0262091 9.9973E-05 9.9973E-05 0.0113315 9.9973E-05
