0.13243 0.0735005 0.458852 0.283874 9.9982E-05 0.0180924 0.0330518 9.9982E-05
0.11879 9.9982E-05 0.593589 0.112344 0.0404398 0.100446 0.0341919 9.9982E-05
0.927143 9.9946E-05 9.9946E-05 9.9946E-05 9.9946E-05 0.0722573 9.9946E-05 9.9946E-05
0.00498331 9.9955E-05 0.787952 9.9955E-05 9.9955E-05 0.206565 9.9955E-05 9.9955E-05
0.425171 0.0550898 0.222406 0.0582398 9.9991E-05 0.039888 0.0841869 0.114918
0.137817 9.9973E-05 0.518813 0.210089 0.0077797 9.9973E-05 0.125202 9.9973E-05
0.443347 9.9973E-05 0.319125 9.9973E-05 0.0505078 0.128564 0.0581564 9.9973E-05
0.692356 9.9982E-05 0.160936 0.0018763 0.0572042 0.0481602 0.0392675 9.9982E-05
0.44877 9.9964E-05 0.407241 0.0967105 9.9964E-05 9.9964E-05 9.9964E-05 0.0468794
0.115065 0.0817415 0.494151 0.17651 9.9991E-05 0.0382997 0.0195024 0.0746306
0.144133 9.9973E-05 0.495587 0.125056 9.9973E-05 0.127258 0.107666 9.9973E-05
0.49558 0.0511163 0.00667046 0.124248 0.0689732 0.134135 0.119177 9.9991E-05
0.0149222 0.159416 0.66001 0.0395762 0.0608037 9.9982E-05 0.0650717 9.9982E-05
0.50492 9.9955E-05 0.45531 9.9955E-05 9.9955E-05 9.9955E-05 0.0392699 9.9955E-05
0.292292 9.9955E-05 0.649542 9.9955E-05 9.9955E-05 9.9955E-05 9.9955E-05 0.0576663
0.0341879 0.053337 0.617898 0.0931124 9.9991E-05 0.0255564 0.0519427 0.123866
9.9964E-05 0.0426978 0.217813 0.102251 9.9964E-05 0.636838 9.9964E-05 9.9964E-05
9.994E-05 9.994E-05 9.994E-05 9.994E-05 9.994E-05 0.9993 9.994E-05 9.994E-05
9.994E-05 9.994E-05 9.994E-05 9.994E-05 9.994E-05 0.9993 9.994E-05 9.994E-05
0.0176918 0.095811 9.9964E-05 0.27515 9.9964E-05 0.610947 9.9964E-05 9.9964E-05
0.190748 9.9955E-05 0.785958 9.9955E-05 9.9955E-05 9.9955E-05 0.0227934 9.9955E-05
9.9964E-05 0.0301691 0.758463 9.9964E-05 9.9964E-05 0.149372 9.9964E-05 0.0615957
9.99461E-05 0.743377 0.256023 9.99461E-05 9.99461E-05 9.99461E-05 9.99461E-05 9.99461E-05
9.9973E-05 0.500843 0.341266 9.9973E-05 0.0367711 9.9973E-05 0.077031 0.0437886
0.0084919 0.507038 0.315569 9.9982E-05 0.0396919 9.9982E-05 0.0948231 0.0341859
0.528507 0.0311991 0.304343 9.9973E-05 0.113517 0.0221341 9.9973E-05 9.9973E-05
0.0907957 0.108533 0.640106 0.0340173 0.00644407 0.0741361 0.0196456 0.0263228
0.776825 9.9973E-05 0.125046 0.020803 0.0547229 0.022304 9.9973E-05 9.9973E-05
0.0705065 9.9964E-05 0.814708 9.9964E-05 9.9964E-05 0.0647523 0.0496332 9.9964E-05
0.273482 0.122958 0.46441 9.9982E-05 0.0845753 0.024669 0.029706 9.9982E-05
0.313488 0.0541962 0.482705 0.144325 0.00498532 9.9973E-05 9.9973E-05 9.9973E-05
0.837072 0.0574673 0.0627119 9.9964E-05 9.9964E-05 9.9964E-05 9.9964E-05 0.0423489
0.165929 0.21423 0.604923 9.9964E-05 9.9964E-05 0.0145173 9.9964E-05 9.9964E-05
0.151071 0.02986 0.63034 0.145314 9.9982E-05 9.9982E-05 0.0190361 0.0241788
9.9964E-05 0.918272 0.00113373 0.0218343 9.9964E-05 9.9964E-05 9.9964E-05 0.05836
9.9946E-05 0.911293 0.0881075 9.9946E-05 9.9946E-05 9.9946E-05 9.9946E-05 9.9946E-05
0.0291143 0.584323 0.235217 0.103279 0.0444144 0.00345348 9.9982E-05 9.9982E-05
9.9955E-05 0.680425 0.262562 0.0565133 9.9955E-05 9.9955E-05 9.9955E-05 9.9955E-05
0.0383645 0.742979 0.0194964 0.198761 9.9964E-05 9.9964E-05 9.9964E-05 9.9964E-05
9.9946E-05 0.975593 9.9946E-05 9.9946E-05 9.9946E-05 9.9946E-05 0.0238077 9.9946E-05
9.9955E-05 0.930478 9.9955E-05 9.9955E-05 0.0170775 9.9955E-05 0.0519444 9.9955E-05
9.9955E-05 0.761086 0.128278 0.110136 9.9955E-05 9.9955E-05 9.9955E-05 9.9955E-05
0.0249456 0.974455 9.9946E-05 9.9946E-05 9.9946E-05 9.9946E-05 9.9946E-05 9.9946E-05
9.994E-05 0.9993 9.994E-05 9.994E-05 9.994E-05 9.994E-05 9.994E-05 9.994E-05
9.9946E-05 0.986102 9.9946E-05 9.9946E-05 9.9946E-05 9.9946E-05 0.0132983 9.9946E-05
0.0253861 0.727699 0.10576 0.089092 0.0163796 9.9982E-05 0.0354838 9.9982E-05
9.9955E-05 0.805179 9.9955E-05 0.110773 9.9955E-05 9.9955E-05 0.0835482 9.9955E-05
0.0130144 0.962297 9.9955E-05 9.9955E-05 9.9955E-05 9.9955E-05 9.9955E-05 0.0241886
0.105874 0.517113 0.25952 0.0390496 0.0781428 9.9973E-05 9.9973E-05 9.9973E-05
0.0403963 0.730504 0.077436 0.0533599 9.9982E-05 0.0518738 9.9982E-05 0.0462299
9.9964E-05 0.708345 0.0566074 0.10978 9.9964E-05 9.9964E-05 0.124869 9.9964E-05
9.9964E-05 0.894413 9.9964E-05 0.0004722 9.9964E-05 0.0800727 0.0246422 9.9964E-05
9.9955E-05 0.829779 9.9955E-05 0.147677 9.9955E-05 0.0220435 9.9955E-05 9.9955E-05
9.9973E-05 0.82647 0.0122132 0.10383 9.9973E-05 0.0265799 0.0306065 9.9973E-05
9.9946E-05 0.976335 9.9946E-05 0.0230656 9.9946E-05 9.9946E-05 9.9946E-05 9.9946E-05
0.0602819 0.599634 0.105941 0.185722 0.0243578 0.000639696 0.0233229 9.9991E-05
0.058772 0.919243 9.9964E-05 9.9964E-05 0.0193789 0.00220652 9.9964E-05 9.9964E-05
0.407172 9.9973E-05 9.9973E-05 9.9973E-05 0.0164209 0.502188 0.049411 0.0245086
0.164963 0.000826878 0.447099 0.149834 9.9982E-05 0.220262 9.9982E-05 0.0168152
0.0421359 9.9955E-05 0.638566 9.9955E-05 9.9955E-05 0.318798 9.9955E-05 9.9955E-05
0.236243 9.9973E-05 0.237361 0.0604936 9.9973E-05 0.370357 0.0952462 9.9973E-05
0.0103606 0.0241679 0.477425 0.173126 0.00996339 0.178641 0.0626918 0.0636236
0.154014 9.9964E-05 0.282869 9.9964E-05 9.9964E-05 0.559592 0.00312519 9.9964E-05
0.149693 0.118798 0.449661 0.0560308 0.00878295 0.118069 0.0962098 0.00275498
0.234698 0.066817 0.363028 0.0230981 9.9982E-05 0.305589 9.9982E-05 0.00657001
9.9982E-05 0.0312657 0.549154 0.0904569 9.9982E-05 0.272283 0.00591063 0.0507307
0.144345 0.0305113 0.318124 0.258651 9.9982E-05 0.219667 9.9982E-05 0.0285022
0.269102 0.0436542 0.261241 0.296052 9.9982E-05 0.114489 9.9982E-05 0.0152633
0.244315 0.192495 0.439911 0.0421564 9.9982E-05 0.0618251 9.9982E-05 0.0190979
0.680769 0.0568556 0.193539 9.9973E-05 9.9973E-05 0.0174125 9.9973E-05 0.0511238
0.324624 0.0226774 0.576876 0.0698018 9.9973E-05 9.9973E-05 9.9973E-05 0.00572004
0.356091 0.131054 0.370218 0.142237 9.9964E-05 9.9964E-05 9.9964E-05 9.9964E-05
0.731687 9.9964E-05 0.240759 0.0232715 0.00388274 9.9964E-05 9.9964E-05 9.9964E-05
0.11064 0.0941698 0.682927 0.0601142 0.0518482 9.9973E-05 9.9973E-05 9.9973E-05
0.160129 9.9973E-05 0.739313 9.9973E-05 9.9973E-05 0.00979906 0.03121 0.0592495
0.9993 9.994E-05 9.994E-05 9.994E-05 9.994E-05 9.994E-05 9.994E-05 9.994E-05
0.825669 9.9955E-05 0.167686 9.9955E-05 9.9955E-05 9.9955E-05 9.9955E-05 0.00614503
0.494839 0.032695 0.412773 0.0592935 9.9964E-05 9.9964E-05 9.9964E-05 9.9964E-05
0.916807 0.0338332 0.0488598 9.9955E-05 9.9955E-05 9.9955E-05 9.9955E-05 9.9955E-05
0.326671 9.9955E-05 0.583019 9.9955E-05 9.9955E-05 9.9955E-05 0.0898101 9.9955E-05
9.9964E-05 0.128978 0.413861 9.9964E-05 0.439028 9.9964E-05 0.0177335 9.9964E-05
9.9964E-05 9.9964E-05 0.782901 9.9964E-05 0.0366046 0.111158 9.9964E-05 0.0689364
0.0365499 9.9946E-05 9.9946E-05 9.9946E-05 0.96285 9.9946E-05 9.9946E-05 9.9946E-05
0.0367974 9.9946E-05 9.9946E-05 9.9946E-05 0.962603 9.9946E-05 9.9946E-05 9.9946E-05
0.0122158 0.211794 0.225756 0.158999 0.390935 9.9973E-05 9.9973E-05 9.9973E-05
9.9982E-05 0.204545 0.319071 0.142134 9.9982E-05 0.111951 0.00136269 0.220737
9.9991E-05 0.0344649 0.114188 0.458558 0.00814299 0.0337113 0.0285848 0.32225
0.153971 0.0224802 9.9982E-05 0.394178 9.9982E-05 0.136856 0.088262 0.204052
9.9973E-05 0.0145808 0.168217 0.333864 9.9973E-05 0.102128 9.9973E-05 0.38091
0.182859 9.9955E-05 9.9955E-05 9.9955E-05 0.0679994 9.9955E-05 9.9955E-05 0.748642
9.994E-05 9.994E-05 9.994E-05 9.994E-05 9.994E-05 9.994E-05 9.994E-05 0.9993
9.9955E-05 0.00287354 0.486694 9.9955E-05 9.9955E-05 9.9955E-05 9.9955E-05 0.509933
9.9964E-05 0.00919687 0.38432 9.9964E-05 0.000183535 9.9964E-05 9.9964E-05 0.6059
9.994E-05 9.994E-05 9.994E-05 9.994E-05 9.994E-05 9.994E-05 9.994E-05 0.9993
9.9973E-05 0.0781218 0.497787 0.130521 9.9973E-05 9.9973E-05 0.0448751 0.248395
9.9955E-05 0.0285884 0.534587 9.9955E-05 9.9955E-05 9.9955E-05 9.9955E-05 0.436324
0.00707864 0.110557 0.483028 0.00308596 0.0244943 0.00214036 0.0241276 0.345488
9.9946E-05 9.9946E-05 0.354273 9.9946E-05 0.645128 9.9946E-05 9.9946E-05 9.9946E-05
0.0395978 0.0576669 0.32422 0.00389103 0.464379 9.9982E-05 9.9982E-05 0.110045
9.9973E-05 0.0701601 0.623984 0.0297502 0.209509 0.0662967 9.9973E-05 9.9973E-05
9.9964E-05 0.0775045 0.55389 9.9964E-05 0.257697 0.110508 9.9964E-05 9.9964E-05
0.0741232 9.9982E-05 0.304592 0.359723 0.117645 9.9982E-05 0.0179152 0.125802
0.0884264 0.00225859 0.533394 0.0236325 0.282449 9.9991E-05 0.000894162 0.0688453
0.0950138 9.9964E-05 0.18729 9.9964E-05 0.712844 0.00445296 9.9964E-05 9.9964E-05
9.9964E-05 9.9964E-05 0.511103 0.181631 0.271129 9.9964E-05 9.9964E-05 0.0357365
0.050682 0.0330293 9.9964E-05 0.0670292 0.84886 9.9964E-05 9.9964E-05 9.9964E-05
0.00737803 0.0263424 0.35241 0.0755722 0.490293 9.9982E-05 9.9982E-05 0.0478053
9.9982E-05 0.0576675 0.56314 0.0854135 0.212674 0.0577077 9.9982E-05 0.0231968
0.0991096 0.0369378 0.464127 0.10798 0.0954971 9.9982E-05 9.9982E-05 0.196149
0.0327728 0.0493754 0.380994 0.36208 0.122275 0.03042 0.0145459 0.00753748
0.142789 0.198788 0.0623632 0.321448 0.274312 9.9973E-05 9.9973E-05 9.9973E-05
0.0388936 0.0772366 0.29639 0.275296 9.9991E-05 0.19775 0.0821595 0.0321742
9.9982E-05 0.213954 0.377918 0.0698863 0.100272 0.218538 9.9982E-05 0.0192322
0.114474 0.296742 0.265489 0.143513 9.9991E-05 0.0333851 0.0860225 0.0602742
9.9991E-05 0.188023 0.41382 0.0832874 0.150584 0.0479111 0.0682642 0.0480101
9.9955E-05 0.00879131 9.9955E-05 9.9955E-05 0.525846 0.464863 9.9955E-05 9.9955E-05
9.9973E-05 0.107874 0.537974 0.271388 0.0525065 0.0299572 9.9973E-05 9.9973E-05
9.9955E-05 9.9955E-05 9.9955E-05 9.9955E-05 0.239086 0.621726 9.9955E-05 0.138688
9.9982E-05 0.209476 0.366759 0.105133 0.211774 0.0261153 9.9982E-05 0.0805431
9.9946E-05 9.9946E-05 0.125818 9.9946E-05 0.873583 9.9946E-05 9.9946E-05 9.9946E-05
0.0305187 9.9946E-05 9.9946E-05 9.9946E-05 0.968882 9.9946E-05 9.9946E-05 9.9946E-05
9.9955E-05 9.9955E-05 0.42916 0.0960433 0.474297 9.9955E-05 9.9955E-05 9.9955E-05
9.9982E-05 0.0154412 0.616544 0.0669886 0.216194 0.033874 9.9982E-05 0.0507583
9.9946E-05 9.9946E-05 0.479155 9.9946E-05 0.520246 9.9946E-05 9.9946E-05 9.9946E-05
9.9973E-05 0.00311078 0.589727 9.9973E-05 0.227743 9.9973E-05 0.00607572 0.173043
9.9946E-05 9.9946E-05 0.732787 9.9946E-05 0.266614 9.9946E-05 9.9946E-05 9.9946E-05
9.9973E-05 0.1338 0.194453 0.624405 9.9973E-05 9.9973E-05 0.00186263 0.0451799
0.100225 0.131394 0.0562929 0.668434 9.9982E-05 0.0128784 9.9982E-05 0.0305766
9.9964E-05 0.108868 0.233884 0.637495 9.9964E-05 9.9964E-05 0.0193536 9.9964E-05
9.9964E-05 9.9964E-05 0.0204178 0.800143 9.9964E-05 9.9964E-05 0.100429 0.0786106
0.0773359 9.9955E-05 0.193784 0.72838 9.9955E-05 9.9955E-05 9.9955E-05 9.9955E-05
9.9955E-05 9.9955E-05 9.9955E-05 0.877634 9.9955E-05 0.101148 0.0207186 9.9955E-05
9.9955E-05 9.9955E-05 9.9955E-05 0.888543 9.9955E-05 0.0237 9.9955E-05 0.0872577
9.9973E-05 0.0791034 9.9973E-05 0.844118 0.0432779 9.9973E-05 0.00390676 0.0292939
9.9964E-05 0.162384 0.0595036 0.632654 0.145059 9.9964E-05 9.9964E-05 9.9964E-05
9.9964E-05 0.110955 0.204874 0.65282 9.9964E-05 0.0309517 9.9964E-05 9.9964E-05
0.136746 0.0229191 0.150566 0.620348 0.0317063 9.9982E-05 0.0375137 9.9982E-05
9.9964E-05 0.0359448 0.0112487 0.864817 9.9964E-05 9.9964E-05 9.9964E-05 0.0875897
0.0860524 0.0737146 0.0302307 0.734349 0.0118364 0.0636174 9.9982E-05 9.9982E-05
9.9982E-05 0.0635804 9.9982E-05 0.817614 0.00285256 0.0421021 0.0298292 0.0438222
0.0488288 0.271422 0.233414 0.379959 0.0315428 9.9982E-05 0.034634 9.9982E-05
0.0896156 9.9973E-05 0.0783414 0.737426 0.0611502 9.9973E-05 0.0331669 9.9973E-05
9.9955E-05 9.9955E-05 9.9955E-05 0.957706 9.9955E-05 0.0391926 0.0026015 9.9955E-05
0.0792175 0.223732 0.10535 0.515093 0.00910216 9.9991E-05 0.0351462 0.0322592
0.163644 9.9964E-05 0.0714599 0.756211 9.9964E-05 9.9964E-05 0.00828523 9.9964E-05
0.0682604 9.9982E-05 0.290872 0.504957 9.9982E-05 0.0917548 0.0312609 0.012695
9.9982E-05 0.15591 0.321781 0.133346 9.9982E-05 0.301026 0.0145046 0.0732326
0.168025 0.121714 9.9964E-05 0.691274 9.9964E-05 9.9964E-05 9.9964E-05 0.0185868
9.9955E-05 0.2067 9.9955E-05 0.628461 9.9955E-05 9.9955E-05 9.9955E-05 0.164338
9.9955E-05 9.9955E-05 9.9955E-05 0.902235 9.9955E-05 0.0647421 0.0325231 9.9955E-05
9.9973E-05 0.0216087 0.474451 0.143885 9.9973E-05 0.171946 0.187809 9.9973E-05
9.9973E-05 0.0847616 0.548179 0.172634 9.9973E-05 9.9973E-05 0.170623 0.0235032
9.9955E-05 0.0630673 9.9955E-05 9.9955E-05 9.9955E-05 0.155637 0.780796 9.9955E-05
9.994E-05 9.994E-05 9.994E-05 9.994E-05 9.994E-05 9.994E-05 0.9993 9.994E-05
0.014405 0.0372411 0.436653 9.9973E-05 0.0635926 9.9973E-05 0.447808 9.9973E-05
0.00385672 0.0875333 9.9964E-05 9.9964E-05 9.9964E-05 9.9964E-05 0.849613 0.0585967
9.9955E-05 9.9955E-05 9.9955E-05 0.101502 9.9955E-05 0.335452 0.562547 9.9955E-05
9.9973E-05 0.0414347 0.356139 0.111924 0.0701977 9.9973E-05 0.420005 9.9973E-05
0.0681257 0.123927 0.252415 0.176531 0.0598794 0.115877 0.203144 9.9991E-05
0.17864 0.00498938 0.0793146 0.320218 9.9982E-05 0.01028 0.406358 9.9982E-05
9.9955E-05 0.0248611 0.0913372 9.9955E-05 9.9955E-05 9.9955E-05 0.883302 9.9955E-05
9.9955E-05 9.9955E-05 0.486087 0.184782 9.9955E-05 9.9955E-05 0.328631 9.9955E-05
0.0960797 0.0224718 0.177224 9.9964E-05 9.9964E-05 9.9964E-05 0.703824 9.9964E-05
9.994E-05 9.994E-05 9.994E-05 9.994E-05 9.994E-05 9.994E-05 0.9993 9.994E-05
9.9973E-05 0.184777 0.468031 0.0934368 9.9973E-05 9.9973E-05 0.168315 0.0851398
0.05895 9.9973E-05 0.138153 0.433667 9.9973E-05 9.9973E-05 0.323945 0.0449844
