0.650093 9.9973E-05 9.9973E-05 9.9973E-05 0.155071 0.111458 0.0689667 0.0141107
0.642664 0.132828 0.0269254 9.9982E-05 0.0133146 0.152522 9.9982E-05 0.0315462
9.9955E-05 0.83612 0.0381428 9.9955E-05 0.125237 9.9955E-05 9.9955E-05 9.9955E-05
0.779321 9.9955E-05 9.9955E-05 0.044248 0.175931 9.9955E-05 9.9955E-05 9.9955E-05
0.202128 0.431592 0.0815569 0.0926414 0.0653283 0.0316294 9.9991E-05 0.0950241
0.64277 9.9973E-05 9.9973E-05 9.9973E-05 0.0365036 0.13029 0.0529503 0.137186
0.135505 0.635711 9.9973E-05 0.102514 0.0475458 9.9973E-05 9.9973E-05 0.0784242
0.18086 0.602056 0.0143013 9.9973E-05 0.195911 9.9973E-05 0.00657149 9.9973E-05
0.22206 0.426023 9.9973E-05 9.9973E-05 9.9973E-05 0.22204 0.118867 0.0107098
0.435201 0.227338 9.9982E-05 0.0565348 9.9982E-05 0.141264 0.0897437 0.0497186
0.391695 0.192375 0.0776432 0.0948823 0.122304 0.110675 9.9991E-05 0.0103252
0.0447596 0.311154 9.9973E-05 0.106553 0.353673 9.9973E-05 0.18356 9.9973E-05
0.509822 0.166086 0.00581205 0.0162863 9.9991E-05 0.214986 0.0306366 0.0562707
0.598905 0.395196 9.9955E-05 9.9955E-05 9.9955E-05 9.9955E-05 9.9955E-05 0.00539975
0.58785 0.252497 0.108548 0.0208475 9.9973E-05 9.9973E-05 9.9973E-05 0.0299585
0.616334 0.00333971 9.9982E-05 0.0337804 0.126174 0.181362 9.9982E-05 0.0388097
0.184168 9.9973E-05 9.9973E-05 0.112533 0.606114 0.0758921 0.0209941 9.9973E-05
9.994E-05 9.994E-05 9.994E-05 9.994E-05 0.9993 9.994E-05 9.994E-05 9.994E-05
9.994E-05 9.994E-05 9.994E-05 9.994E-05 0.9993 9.994E-05 9.994E-05 9.994E-05
0.141505 9.9964E-05 9.9964E-05 0.107215 0.689822 0.0610586 9.9964E-05 9.9964E-05
0.769898 0.184962 9.9955E-05 0.0446408 9.9955E-05 9.9955E-05 9.9955E-05 9.9955E-05
0.742468 0.00886459 9.9982E-05 0.0954445 0.048199 0.0462068 0.0586175 9.9982E-05
0.232833 9.9955E-05 0.0127701 0.753898 9.9955E-05 9.9955E-05 9.9955E-05 9.9955E-05
0.376642 9.9973E-05 0.00979735 0.482226 9.9973E-05 0.0833391 0.0476957 9.9973E-05
0.0835962 9.9982E-05 0.22702 0.457649 9.9982E-05 0.150702 0.0402056 0.0406269
0.170518 0.64527 9.9982E-05 0.0708077 9.9982E-05 0.04133 0.0324287 0.0394459
0.599994 0.145462 9.9964E-05 9.9964E-05 0.099638 0.154506 9.9964E-05 9.9964E-05
0.0245735 0.766006 0.00643423 9.9982E-05 0.0773467 0.0938965 0.0315433 9.9982E-05
0.90517 0.0156639 9.9955E-05 9.9955E-05 0.0786662 9.9955E-05 9.9955E-05 9.9955E-05
0.385881 0.384316 0.0863321 0.109495 0.0336761 9.9973E-05 9.9973E-05 9.9973E-05
0.643606 0.205971 9.9955E-05 9.9955E-05 9.9955E-05 0.149924 9.9955E-05 9.9955E-05
9.9955E-05 0.862028 9.9955E-05 0.0768057 9.9955E-05 9.9955E-05 0.0606667 9.9955E-05
0.841677 0.00152245 9.9973E-05 0.0514508 0.0784268 9.9973E-05 9.9973E-05 0.0266235
0.564879 0.126531 0.072714 0.141967 0.00593066 9.9982E-05 9.9982E-05 0.0877781
9.9964E-05 9.9964E-05 0.0460694 0.924897 0.013809 0.014825 9.9964E-05 9.9964E-05
0.0367316 0.00862224 9.9964E-05 0.944966 9.9964E-05 9.9964E-05 9.9964E-05 0.00928008
0.158659 0.0534927 0.0284147 0.5135 9.9982E-05 0.210532 0.0352013 9.9982E-05
0.178181 9.9964E-05 0.0470125 0.719764 9.9964E-05 0.0546426 9.9964E-05 9.9964E-05
9.9955E-05 0.0458932 9.9955E-05 0.925995 9.9955E-05 9.9955E-05 9.9955E-05 0.0276122
9.9955E-05 9.9955E-05 9.9955E-05 0.970084 0.029219 9.9955E-05 9.9955E-05 0.000196856
9.9955E-05 9.9955E-05 0.0315168 0.936855 0.031128 9.9955E-05 9.9955E-05 9.9955E-05
0.0163283 9.9964E-05 0.0276942 0.778321 9.9964E-05 0.177256 9.9964E-05 9.9964E-05
0.00118638 0.00844441 9.9955E-05 0.989869 9.9955E-05 9.9955E-05 9.9955E-05 9.9955E-05
9.9946E-05 9.9946E-05 9.9946E-05 0.92616 0.0732404 9.9946E-05 9.9946E-05 9.9946E-05
9.9946E-05 9.9946E-05 9.9946E-05 0.981387 0.018013 9.9946E-05 9.9946E-05 9.9946E-05
0.0795646 0.0370316 9.9973E-05 0.696696 0.0432006 0.143207 9.9973E-05 9.9973E-05
0.0790173 9.9973E-05 9.9973E-05 0.673993 0.029528 0.131964 9.9973E-05 0.0851978
9.9946E-05 9.9946E-05 9.9946E-05 0.986469 0.012931 9.9946E-05 9.9946E-05 9.9946E-05
0.0475407 0.193425 9.9982E-05 0.595256 9.9982E-05 0.0434567 0.0717747 0.0483471
0.105536 9.9973E-05 9.9973E-05 0.631643 0.0428447 0.15262 9.9973E-05 0.0670552
0.0307824 9.9982E-05 0.0316789 0.784067 0.0368336 0.0726187 9.9982E-05 0.0438191
0.0046436 0.0205443 0.00311555 0.891006 9.9982E-05 0.0456574 9.9982E-05 0.0348328
9.9946E-05 9.9946E-05 9.9946E-05 0.873389 9.9946E-05 0.126012 9.9946E-05 9.9946E-05
9.9964E-05 9.9964E-05 9.9964E-05 0.837083 0.0378729 0.0813763 9.9964E-05 0.0432676
9.9955E-05 9.9955E-05 9.9955E-05 0.950728 0.0478814 0.000890905 9.9955E-05 9.9955E-05
0.106649 9.9973E-05 0.111939 0.584505 9.9973E-05 0.180889 0.015719 9.9973E-05
0.00264144 9.9964E-05 9.9964E-05 0.922056 0.0369074 9.9964E-05 0.0379954 9.9964E-05
9.9964E-05 0.364742 9.9964E-05 9.9964E-05 0.51715 0.00272378 9.9964E-05 0.114984
0.211645 0.245583 9.9973E-05 9.9973E-05 0.050579 0.354521 9.9973E-05 0.137372
0.596552 9.9964E-05 0.0134398 0.0479604 0.341648 9.9964E-05 9.9964E-05 9.9964E-05
0.0479919 0.348535 9.9973E-05 9.9973E-05 0.399713 0.135627 9.9973E-05 0.0678335
0.488697 0.0386842 0.036987 0.00387433 0.118011 0.182069 0.119 0.0126766
0.21688 0.208841 0.000947877 9.9964E-05 0.572932 9.9964E-05 9.9964E-05 9.9964E-05
0.300202 0.153862 9.9991E-05 0.0618974 0.0501854 0.26427 0.0676942 0.101789
0.325198 0.109441 0.12048 0.0845488 0.360032 9.9973E-05 9.9973E-05 9.9973E-05
0.605533 9.9964E-05 9.9964E-05 0.0738351 0.290648 9.9964E-05 9.9964E-05 0.0295837
0.252153 0.206718 0.00677396 0.0685357 0.123973 0.243458 9.9991E-05 0.098288
0.672787 9.9964E-05 9.9964E-05 0.0587134 0.232968 0.0351313 9.9964E-05 9.9964E-05
0.48278 0.204549 9.9982E-05 0.0361965 0.126604 0.0873562 0.0623147 9.9982E-05
0.167894 0.73679 9.9955E-05 0.0948157 9.9955E-05 9.9955E-05 9.9955E-05 9.9955E-05
0.424479 0.380485 9.9973E-05 0.0453777 0.0943522 0.0550063 9.9973E-05 9.9973E-05
0.588167 0.0309286 9.9991E-05 0.0489039 0.106143 0.110546 0.0663293 0.0488823
0.131389 0.749722 9.9955E-05 9.9955E-05 9.9955E-05 0.118389 9.9955E-05 9.9955E-05
0.544045 0.121557 0.143679 0.117823 9.9982E-05 0.0137232 0.0589729 9.9982E-05
0.699968 0.109633 0.0284176 9.9982E-05 0.04302 9.9982E-05 0.0669624 0.0517989
9.994E-05 0.9993 9.994E-05 9.994E-05 9.994E-05 9.994E-05 9.994E-05 9.994E-05
0.0933685 0.816393 0.0403124 0.0249515 9.9973E-05 9.9973E-05 9.9973E-05 0.0246751
0.372865 0.454225 9.9973E-05 0.015334 9.9973E-05 0.0347633 0.122512 9.9973E-05
9.9964E-05 0.878116 9.9964E-05 0.00460313 9.9964E-05 0.0210189 0.0958621 9.9964E-05
0.484606 0.514795 9.9946E-05 9.9946E-05 9.9946E-05 9.9946E-05 9.9946E-05 9.9946E-05
0.430103 9.9964E-05 9.9964E-05 0.12247 9.9964E-05 0.0147196 0.432307 9.9964E-05
0.493055 9.9982E-05 0.281995 0.00194986 0.00785081 0.175082 9.9982E-05 0.0398677
9.9946E-05 9.9946E-05 9.9946E-05 9.9946E-05 9.9946E-05 9.9946E-05 0.98481 0.0145907
9.9946E-05 0.0791744 9.9946E-05 9.9946E-05 9.9946E-05 9.9946E-05 0.920226 9.9946E-05
0.175376 9.9982E-05 0.0660764 0.0669404 0.00284929 0.346779 0.341779 9.9982E-05
0.318186 9.9973E-05 0.144088 0.207774 0.135241 0.194411 9.9973E-05 9.9973E-05
0.0544517 9.9973E-05 0.343963 0.096824 9.9973E-05 0.402507 9.9973E-05 0.101955
0.0614013 9.9982E-05 0.23842 0.0789519 0.250757 0.253813 9.9982E-05 0.116457
0.104225 9.9973E-05 0.375577 9.9973E-05 0.151696 0.355481 9.9973E-05 0.0127206
9.9946E-05 0.07652 0.92288 9.9946E-05 9.9946E-05 9.9946E-05 9.9946E-05 9.9946E-05
9.9946E-05 9.9946E-05 0.956626 9.9946E-05 9.9946E-05 9.9946E-05 9.9946E-05 0.0427748
0.329084 9.9955E-05 0.502323 9.9955E-05 9.9955E-05 0.168093 9.9955E-05 9.9955E-05
0.297818 9.9964E-05 0.672007 0.00676733 9.9964E-05 0.0230074 9.9964E-05 9.9964E-05
9.994E-05 9.994E-05 0.9993 9.994E-05 9.994E-05 9.994E-05 9.994E-05 9.994E-05
0.337272 9.9955E-05 0.472317 9.9955E-05 9.9955E-05 0.189911 9.9955E-05 9.9955E-05
0.469223 9.9955E-05 0.378587 9.9955E-05 9.9955E-05 0.151691 9.9955E-05 9.9955E-05
0.374051 0.0292637 0.359595 0.153205 9.9982E-05 0.0518635 9.9982E-05 0.0318213
0.289074 9.9955E-05 9.9955E-05 9.9955E-05 9.9955E-05 9.9955E-05 0.701066 0.00936015
0.252214 9.9982E-05 0.202848 0.0673085 0.0353121 0.0376493 0.404468 9.9982E-05
0.546899 9.9991E-05 0.122486 0.0733968 0.0145006 0.0294332 0.204462 0.00872255
0.44503 0.0102123 0.116526 0.0555063 0.0439759 9.9991E-05 0.314136 0.0145144
0.271503 0.238584 0.140348 0.0954408 9.9991E-05 0.225928 0.00514196 0.022955
0.480293 0.0708378 0.0942117 9.9973E-05 9.9973E-05 9.9973E-05 0.310271 0.0440865
0.0907515 0.177688 0.111883 9.9973E-05 9.9973E-05 0.0371382 0.582239 9.9973E-05
0.505255 9.9973E-05 0.148067 9.9973E-05 9.9973E-05 0.0970142 0.215036 0.0343279
9.9973E-05 0.109716 0.0415899 0.0335624 9.9973E-05 0.0540736 0.760758 9.9973E-05
0.450223 9.9973E-05 9.9973E-05 0.0383988 9.9973E-05 0.0519643 0.450154 0.00896048
0.664253 9.9973E-05 0.207094 0.0587588 9.9973E-05 9.9973E-05 0.06495 0.00464407
0.608862 9.9964E-05 0.118086 0.0686376 9.9964E-05 9.9964E-05 0.204014 9.9964E-05
0.330942 0.0830341 0.0590521 9.9982E-05 0.0492299 0.452195 9.9982E-05 0.0253469
0.181972 0.0677619 0.0265341 0.175718 0.162906 0.195093 0.141348 0.048666
0.0961956 0.185712 0.111793 0.0464994 0.0920937 0.414213 9.9991E-05 0.0533927
0.10081 0.234366 0.0911228 0.06789 0.11253 0.346047 0.0471338 9.9991E-05
0.332051 0.201146 9.9982E-05 0.140195 0.0415626 0.281735 0.00311073 9.9982E-05
0.307028 9.9991E-05 0.0902427 0.063563 0.00282783 0.361138 0.0887987 0.0863018
9.9946E-05 9.9946E-05 9.9946E-05 9.9946E-05 0.474734 9.9946E-05 0.524666 9.9946E-05
0.593662 9.9973E-05 0.109876 0.0438937 0.00310976 0.249159 9.9973E-05 9.9973E-05
9.9973E-05 9.9973E-05 9.9973E-05 0.0133811 0.572732 0.00120173 0.339477 0.0729085
0.510128 9.9982E-05 0.00300797 0.105286 0.110427 0.128038 0.142912 9.9982E-05
0.0894273 9.9955E-05 9.9955E-05 9.9955E-05 9.9955E-05 9.9955E-05 0.907499 0.0025744
9.9946E-05 0.00816224 9.9946E-05 9.9946E-05 9.9946E-05 9.9946E-05 0.991238 9.9946E-05
0.469139 0.0116582 9.9964E-05 9.9964E-05 9.9964E-05 0.0771698 0.441633 9.9964E-05
0.617884 9.9973E-05 0.0995219 0.0778238 9.9973E-05 0.0237692 0.180701 9.9973E-05
0.435583 9.9946E-05 9.9946E-05 9.9946E-05 9.9946E-05 9.9946E-05 0.563817 9.9946E-05
0.507631 9.9955E-05 0.300815 9.9955E-05 9.9955E-05 9.9955E-05 0.191054 9.9955E-05
0.409586 9.9973E-05 0.198433 0.0191731 9.9973E-05 0.0387156 0.333792 9.9973E-05
0.025129 0.0668868 9.9964E-05 0.0783763 9.9964E-05 0.829208 9.9964E-05 9.9964E-05
0.037219 9.9964E-05 9.9964E-05 9.9964E-05 0.0616852 0.832205 0.0684907 9.9964E-05
0.16541 0.0218186 9.9973E-05 0.096422 9.9973E-05 0.635419 9.9973E-05 0.0806308
0.0661678 9.9964E-05 9.9964E-05 0.0977709 9.9964E-05 0.757346 9.9964E-05 0.0783152
0.197859 9.9964E-05 0.0468279 0.038314 9.9964E-05 0.716599 9.9964E-05 9.9964E-05
9.9946E-05 9.9946E-05 9.9946E-05 9.9946E-05 0.171076 0.828325 9.9946E-05 9.9946E-05
9.9964E-05 0.0851647 0.0474198 9.9964E-05 9.9964E-05 0.852721 0.0142942 9.9964E-05
0.0735577 0.0302209 9.9973E-05 9.9973E-05 9.9973E-05 0.840499 0.00728659 0.048136
0.105233 9.9964E-05 9.9964E-05 0.0546047 0.105076 0.734687 9.9964E-05 9.9964E-05
0.16162 0.0387665 9.9964E-05 0.0186646 9.9964E-05 0.780549 9.9964E-05 9.9964E-05
0.285036 0.086057 9.9973E-05 0.307681 9.9973E-05 0.212505 0.108421 9.9973E-05
9.9955E-05 9.9955E-05 9.9955E-05 9.9955E-05 9.9955E-05 0.941655 0.00779484 0.0500499
0.14062 0.108303 0.0312946 0.111483 9.9973E-05 0.607999 9.9973E-05 9.9973E-05
9.9955E-05 9.9955E-05 9.9955E-05 9.9955E-05 0.102847 0.884956 9.9955E-05 0.0116968
0.132157 9.9982E-05 0.00023031 0.119566 9.9982E-05 0.569522 0.155304 0.0230212
0.0268313 0.139156 0.0154901 0.115067 9.9991E-05 0.638236 0.0459495 0.0191707
9.9955E-05 9.9955E-05 9.9955E-05 0.0141921 0.0665678 0.91874 9.9955E-05 9.9955E-05
0.208965 9.9982E-05 9.9982E-05 0.178919 0.0732516 0.390412 0.109101 0.0391516
9.9955E-05 0.100816 9.9955E-05 9.9955E-05 9.9955E-05 0.765081 0.133602 9.9955E-05
0.172182 0.153656 0.073473 0.0682573 9.9982E-05 0.394675 9.9982E-05 0.137557
0.359357 9.9982E-05 0.0148569 0.0174952 0.313508 0.266265 9.9982E-05 0.0283176
0.156128 0.080307 9.9973E-05 0.216059 0.0772503 0.469956 9.9973E-05 9.9973E-05
0.0646985 9.9973E-05 0.0202936 0.129622 0.0250707 0.760016 9.9973E-05 9.9973E-05
9.9955E-05 9.9955E-05 9.9955E-05 9.9955E-05 0.0664323 0.900171 9.9955E-05 0.0328971
0.42219 9.9973E-05 9.9973E-05 0.0523153 0.0645202 0.164289 9.9973E-05 0.296386
0.17398 0.154066 9.9982E-05 0.103587 9.9982E-05 0.321939 0.111483 0.134746
0.0169558 9.9973E-05 0.00433819 0.000207746 0.000375408 9.9973E-05 9.9973E-05 0.977823
9.994E-05 9.994E-05 9.994E-05 9.994E-05 9.994E-05 9.994E-05 9.994E-05 0.9993
0.299108 0.139938 9.9982E-05 0.0448306 9.9982E-05 0.0599449 0.0435527 0.412426
9.9982E-05 0.0345996 0.00612317 0.0201565 9.9982E-05 0.0995779 0.00900816 0.830335
9.9964E-05 9.9964E-05 9.9964E-05 0.0291128 0.166115 0.0498474 9.9964E-05 0.754525
0.373029 9.9991E-05 0.0257389 0.0917013 0.0577981 0.0499801 0.0762056 0.325447
0.274967 0.0849325 0.0193481 0.207118 0.0433855 0.0249503 9.9991E-05 0.345199
0.168524 0.149726 9.9982E-05 0.0265389 0.0594925 0.178077 9.9982E-05 0.417442
0.0966571 9.9946E-05 9.9946E-05 9.9946E-05 9.9946E-05 9.9946E-05 9.9946E-05 0.902743
0.467885 9.9964E-05 0.0258647 9.9964E-05 9.9964E-05 0.223108 9.9964E-05 0.282742
0.180624 0.110282 9.9964E-05 0.0252991 9.9964E-05 9.9964E-05 9.9964E-05 0.683395
9.9946E-05 9.9946E-05 9.9946E-05 9.9946E-05 0.0291404 9.9946E-05 9.9946E-05 0.97026
0.3705 9.9973E-05 0.0609422 0.122638 9.9973E-05 0.340177 9.9973E-05 0.105443
0.281449 9.9964E-05 9.9964E-05 0.0464454 9.9964E-05 0.248226 9.9964E-05 0.42348
