0.348396 0.569998 0.081606
0.304338 0.582758 0.112904
9.999E-05 0.55645 0.44345
0.420932 0.578968 9.9991E-05
0.184032 0.588478 0.22749
0.334664 0.558265 0.10707
0.0564959 0.573703 0.369801
9.999E-05 0.672729 0.327171
0.177752 0.697995 0.124253
0.387931 0.554728 0.0573409
0.278707 0.476083 0.245209
0.100315 0.457277 0.442408
0.429158 0.545016 0.0258258
0.0447015 0.754253 0.201046
0.156607 0.759431 0.0839621
0.449579 0.550321 9.9991E-05
0.354285 0.173563 0.472152
0.093295 9.9991E-05 0.906605
0.045631 9.9991E-05 0.954269
0.337557 0.0589963 0.603447
0.279279 0.720621 9.9991E-05
0.299455 0.657544 0.043001
0.860003 0.139897 9.9991E-05
0.649418 0.350482 9.9991E-05
0.681403 0.318497 9.9991E-05
0.0915034 0.805892 0.102605
0.377134 0.568761 0.0541057
9.9991E-05 0.755064 0.244836
0.251631 0.691301 0.0570686
0.156232 0.7342 0.109568
0.298011 0.701889 9.9991E-05
0.0181052 0.724029 0.257866
0.442706 0.550288 0.00700642
0.371235 0.571899 0.0568663
0.993487 9.9991E-05 0.0064131
0.972466 0.0274342 9.9991E-05
0.819671 0.169743 0.0105859
0.863495 0.136405 9.9991E-05
0.924379 9.9991E-05 0.0755215
0.96218 9.9991E-05 0.0377197
0.9998 9.999E-05 9.999E-05
0.9998 9.999E-05 9.999E-05
0.9998 9.999E-05 9.999E-05
0.9998 9.999E-05 9.999E-05
0.9998 9.999E-05 9.999E-05
0.903564 0.0898788 0.00655734
0.930056 0.0698436 9.9991E-05
0.9998 9.999E-05 9.999E-05
0.665285 0.273598 0.0611167
0.816106 0.0691805 0.114713
0.883159 0.0381469 0.0786936
0.957981 0.00902619 0.0329927
0.984647 9.9991E-05 0.0152531
0.941931 9.9991E-05 0.0579692
0.9998 9.999E-05 9.999E-05
0.793002 0.206898 9.9991E-05
0.920227 0.0796732 9.9991E-05
9.9991E-05 0.250498 0.749402
0.301147 0.489178 0.209675
0.35603 0.426656 0.217313
0.12648 0.373663 0.499857
0.445355 0.388216 0.166429
0.19046 0.298508 0.511032
0.356716 0.464976 0.178308
0.304503 0.366958 0.328539
0.392597 0.420933 0.18647
0.378005 0.313468 0.308527
0.34691 0.50738 0.14571
0.340722 0.64006 0.0192178
0.0620717 0.707511 0.230417
0.365355 0.511117 0.123528
0.324349 0.614993 0.0606585
0.0314894 0.739835 0.228676
0.381435 0.56797 0.0505959
0.183381 0.71275 0.103869
9.9991E-05 0.773496 0.226404
9.9991E-05 0.752842 0.247058
0.190713 0.738123 0.0711641
9.9991E-05 0.746999 0.252901
0.145086 0.759418 0.0954962
0.245657 0.711543 0.0427998
0.382994 0.566166 0.0508404
9.9991E-05 0.980732 0.0191681
9.9991E-05 0.959067 0.0408327
0.307374 0.692526 9.9991E-05
0.479854 0.402094 0.118052
0.452363 0.392414 0.155222
0.344568 0.330656 0.324776
0.480166 0.357817 0.162017
9.9991E-05 0.714657 0.285243
0.0768815 0.690937 0.232182
0.333571 0.666329 9.9991E-05
0.228194 0.771706 9.9991E-05
0.156497 0.7983 0.045203
0.359765 0.611646 0.0285884
0.33037 0.66953 9.9991E-05
0.375994 0.586993 0.0370122
0.0365088 0.963391 9.9991E-05
0.129538 0.851923 0.0185381
0.243611 0.756289 9.9991E-05
0.27277 0.70283 0.0244002
0.348325 0.519685 0.13199
0.134102 0.756901 0.108997
9.999E-05 0.9998 9.999E-05
0.258093 0.741807 9.9991E-05
0.0213068 0.938098 0.0405957
0.133396 0.866504 9.9991E-05
0.342087 0.657813 9.9991E-05
0.300855 0.699045 9.9991E-05
0.379458 0.462207 0.158335
0.320189 0.474246 0.205565
0.401483 0.381479 0.217038
0.412934 0.450483 0.136583
0.551434 0.357083 0.0914827
0.41965 0.443003 0.137348
0.0916155 0.502799 0.405586
0.49056 0.482966 0.026474
0.106432 0.25861 0.634958
0.454438 0.545462 9.9991E-05
9.9991E-05 0.990045 0.00985457
9.9991E-05 0.957093 0.0428066
0.172942 0.826958 9.9991E-05
0.267395 0.732505 9.9991E-05
0.105439 0.894461 9.9991E-05
0.221742 0.778158 9.9991E-05
0.192338 0.807562 9.9991E-05
0.692387 0.307513 9.9991E-05
0.689677 0.168659 0.141664
0.665342 0.266941 0.067717
0.695929 0.105591 0.19848
0.632948 0.297191 0.0698619
0.674839 9.9991E-05 0.325061
0.682206 0.109783 0.208011
0.689907 0.156395 0.153699
0.636339 0.181462 0.182199
0.75527 0.231527 0.0132034
0.568063 0.384088 0.0478493
0.682191 0.135664 0.182144
0.65875 0.209071 0.132178
0.703724 0.100216 0.19606
0.627069 0.346382 0.0265487
0.57189 0.273409 0.154701
0.736996 9.9991E-05 0.262904
0.584384 0.24958 0.166036
0.541199 0.305639 0.153163
0.475738 0.237594 0.286667
0.46971 0.289467 0.240822
0.681756 0.295855 0.022389
0.728153 0.208994 0.0628531
0.707814 0.0667625 0.225423
0.376556 0.378136 0.245308
0.375175 0.471713 0.153112
0.0171783 9.9991E-05 0.982722
9.999E-05 9.999E-05 0.9998
0.22627 0.374886 0.398844
0.12834 0.0587185 0.812941
0.0905094 9.9991E-05 0.909391
0.240087 0.481388 0.278525
0.362299 0.336928 0.300773
0.164239 0.240573 0.595189
0.0806687 0.0717634 0.847568
0.348899 0.363682 0.287419
0.0708412 0.273305 0.655854
9.999E-05 9.999E-05 0.9998
0.497976 0.406477 0.0955476
0.369528 0.219174 0.411298
