0.366285 0.140352 0.493363
0.29215 0.0552075 0.652642
9.999E-05 0.427325 0.572575
0.33905 0.115528 0.545423
0.165857 0.248956 0.585187
0.362652 0.100945 0.536403
0.0707681 0.37056 0.558672
9.999E-05 0.299193 0.700707
0.141496 0.0930729 0.765432
0.406322 0.0967265 0.496952
0.306038 0.127183 0.566779
0.053926 0.453367 0.492707
0.427806 9.9991E-05 0.572094
0.09802 0.148999 0.752981
0.196529 0.0673824 0.736088
0.477401 0.0209975 0.501602
0.326822 0.45756 0.215618
0.0552923 0.944608 9.9991E-05
0.0396227 0.960277 9.9991E-05
0.386946 0.572711 0.0403426
0.294109 9.9991E-05 0.705791
0.376763 0.107136 0.516101
0.89644 9.9991E-05 0.10346
0.720423 9.9991E-05 0.279477
0.725763 0.0435268 0.230711
0.0957224 0.115005 0.789273
0.399 0.00830623 0.592694
9.9991E-05 0.24838 0.75152
0.271833 0.0536448 0.674523
0.179888 0.0566577 0.763455
0.291117 0.0362772 0.672605
9.9991E-05 0.209196 0.790704
0.465095 0.0256744 0.509231
0.354016 0.0357618 0.610222
0.997905 0.00199489 9.9991E-05
0.975463 9.9991E-05 0.0244366
0.739789 9.9991E-05 0.260111
0.899495 9.9991E-05 0.100405
0.941214 0.0527397 0.00604632
0.98452 0.0153801 9.9991E-05
0.981912 0.0179884 9.9991E-05
0.9998 9.999E-05 9.999E-05
0.99018 0.00971959 9.9991E-05
0.9998 9.999E-05 9.999E-05
0.9998 9.999E-05 9.999E-05
0.873658 0.0323121 0.0940301
0.897096 0.0757449 0.0271588
0.993254 0.00664622 9.9991E-05
0.617481 0.0716687 0.31085
0.825414 0.0178068 0.156779
0.925059 0.0748412 9.9991E-05
0.966667 0.0233676 0.00996524
0.9998 9.999E-05 9.999E-05
0.949217 0.0506827 9.9991E-05
0.9998 9.999E-05 9.999E-05
0.849355 9.9991E-05 0.150545
0.949734 0.0177016 0.032564
9.9991E-05 0.748691 0.251209
0.283921 0.266761 0.449318
0.275837 0.245294 0.478869
0.123009 0.519559 0.357432
0.501104 0.0953956 0.403501
0.163746 0.429974 0.40628
0.3147 0.163072 0.522228
0.283335 0.305909 0.410757
0.391409 0.179553 0.429038
0.439509 0.253269 0.307222
0.363299 0.220708 0.415993
0.307069 0.0319579 0.660973
0.0538564 0.243069 0.703075
0.333488 0.1006 0.565913
0.354388 0.0970289 0.548583
0.0177467 0.168078 0.814176
0.393976 0.0943736 0.51165
0.236111 0.0987404 0.665149
9.9991E-05 0.195325 0.804575
9.9991E-05 0.282948 0.716952
0.157044 0.0690452 0.773911
9.9991E-05 0.278242 0.721658
0.155752 0.104641 0.739607
0.302349 9.9991E-05 0.697551
0.289977 0.0340891 0.675934
9.9991E-05 0.00813378 0.991766
9.9991E-05 0.0128247 0.987075
0.319731 0.0411189 0.63915
0.50092 0.154178 0.344902
0.49393 0.2223 0.28377
0.363378 0.39169 0.244932
0.411315 0.19596 0.392725
0.0308059 0.238172 0.731022
0.10524 0.192037 0.702723
0.372339 9.9991E-05 0.627561
0.283092 0.0105994 0.706308
0.152362 0.107589 0.740049
0.393286 9.9991E-05 0.606614
0.360091 9.9991E-05 0.639809
0.363521 0.124385 0.512093
0.10549 0.0201603 0.87435
0.174872 0.0160957 0.809032
0.269908 0.0431545 0.686938
0.220536 0.0549676 0.724497
0.382722 9.99909E-05 0.617178
0.129576 9.9991E-05 0.870324
9.9991E-05 0.00344953 0.99645
0.276349 9.9991E-05 0.723551
0.031699 0.0284746 0.939826
0.118041 9.9991E-05 0.881859
0.365468 9.9991E-05 0.634432
0.286274 0.0171328 0.696593
0.475887 0.116489 0.407624
0.395144 0.0951298 0.509727
0.46948 0.177956 0.352565
0.473242 0.160544 0.366214
0.471613 0.0920534 0.436333
0.444623 0.154916 0.40046
0.102924 0.338927 0.55815
0.504353 9.9991E-05 0.495547
0.0695622 0.636475 0.293963
0.459424 9.9991E-05 0.540476
9.999E-05 9.999E-05 0.9998
9.9991E-05 0.0278217 0.972078
0.165739 9.9991E-05 0.834161
0.258643 9.9991E-05 0.741257
0.0684677 0.0147077 0.916825
0.267737 9.9991E-05 0.732163
0.221065 9.9991E-05 0.778835
0.702713 0.00937521 0.287912
0.735708 0.0581284 0.206164
0.699398 0.105689 0.194913
0.688789 0.176677 0.134534
0.662966 9.9991E-05 0.336934
0.678341 0.321559 9.9991E-05
0.676689 0.102523 0.220788
0.734198 0.0852361 0.180566
0.645782 0.112092 0.242126
0.716204 0.0725142 0.211281
0.569862 0.047192 0.382946
0.739041 0.0728229 0.188136
0.561083 0.1582 0.280718
0.711064 0.145247 0.143689
0.675254 0.0308392 0.293906
0.62147 0.10963 0.268901
0.749618 0.237516 0.012866
0.599733 0.0642879 0.33598
0.613832 0.0954393 0.290729
0.476358 0.182266 0.341376
0.490492 0.259379 0.250129
0.645983 0.0907247 0.263292
0.766508 0.0296924 0.203799
0.74633 0.224674 0.0289964
0.421149 0.263442 0.315408
0.357006 0.157875 0.485119
0.0665877 0.933312 9.9991E-05
9.999E-05 0.9998 9.999E-05
0.196348 0.430678 0.372974
0.109125 0.867993 0.0228814
0.0894623 0.910438 9.9991E-05
0.333765 0.311825 0.35441
0.326924 0.354989 0.318087
0.254557 0.471051 0.274393
0.0939026 0.845589 0.0605084
0.406012 0.247602 0.346385
0.0735059 0.626631 0.299863
9.999E-05 0.9998 9.999E-05
0.482148 0.154826 0.363025
0.398026 0.380936 0.221038
