0.377667 0.11819 0.504142
0.305503 0.115283 0.579214
9.999E-05 0.551091 0.448809
0.364135 0.0129495 0.622915
0.122669 0.25824 0.619091
0.25938 0.171801 0.568819
0.0152504 0.368968 0.615782
9.999E-05 0.381773 0.618127
0.136747 0.109629 0.753624
0.317998 0.107832 0.574171
0.254004 0.213364 0.532633
0.0851246 0.446869 0.468007
0.318047 0.0644858 0.617467
0.00973019 0.171894 0.818375
0.189957 0.068537 0.741506
0.348548 0.134435 0.517017
0.353181 0.495297 0.151522
0.0688396 0.93106 9.9991E-05
0.0733826 0.926517 9.9991E-05
0.386341 0.613559 9.9991E-05
0.297881 0.0464316 0.655687
0.379538 0.0640247 0.556437
0.881389 9.9991E-05 0.118511
0.687669 9.9991E-05 0.312231
0.671066 0.0664436 0.26249
0.0616725 0.167109 0.771219
0.407936 0.0213844 0.57068
9.9991E-05 0.306783 0.693117
0.24302 0.0760807 0.680899
0.240411 0.0524889 0.7071
0.284497 0.061934 0.653569
9.9991E-05 0.278526 0.721374
0.332083 0.111045 0.556872
0.275275 0.160293 0.564433
0.993886 0.00601366 9.9991E-05
0.957938 9.9991E-05 0.0419615
0.779196 9.9991E-05 0.220704
0.845739 9.9991E-05 0.154161
0.87784 9.9991E-05 0.12206
0.953444 0.0464558 9.9991E-05
0.970598 0.0293025 9.9991E-05
0.960071 9.9991E-05 0.0398285
0.9998 9.999E-05 9.999E-05
0.9998 9.999E-05 9.999E-05
0.9998 9.999E-05 9.999E-05
0.882953 9.9991E-05 0.116947
0.891692 0.0753432 0.0329647
0.9998 9.999E-05 9.999E-05
0.679987 0.0397235 0.280289
0.827429 0.0281556 0.144415
0.922308 0.0378186 0.0398734
0.958425 0.0414753 9.9991E-05
0.9998 9.999E-05 9.999E-05
0.98161 0.0182895 9.9991E-05
0.9998 9.999E-05 9.999E-05
0.784416 0.0631401 0.152444
0.970673 0.0292265 9.9991E-05
9.9991E-05 0.747167 0.252733
0.272606 0.327977 0.399417
0.306415 0.257725 0.435861
0.134444 0.542682 0.322874
0.443645 0.104122 0.452233
0.182103 0.521656 0.296241
0.368886 0.249804 0.38131
0.339467 0.303118 0.357415
0.307375 0.124367 0.568259
0.328811 0.344591 0.326598
0.338149 0.278661 0.38319
0.345075 0.137869 0.517057
0.0564105 0.240171 0.703419
0.292306 0.0782458 0.629449
0.345225 0.153774 0.501001
0.0143071 0.242083 0.74361
0.329328 0.0755874 0.595084
0.20742 0.0873809 0.705199
9.9991E-05 0.288459 0.711441
9.9991E-05 0.296902 0.702998
0.169335 0.0515964 0.779069
9.9991E-05 0.301258 0.698642
0.170664 0.134806 0.69453
0.297141 0.00147592 0.701383
0.286371 0.0282928 0.685337
9.9991E-05 0.0687541 0.931146
9.9991E-05 0.0562347 0.943665
0.33106 9.9991E-05 0.66884
0.502415 0.196202 0.301382
0.483846 0.155214 0.36094
0.353465 0.386214 0.260322
0.431654 0.170862 0.397484
0.0524725 0.313315 0.634212
0.0600735 0.252735 0.687191
0.318219 9.9991E-05 0.681681
0.27351 9.9991E-05 0.72639
0.112529 0.132532 0.754939
0.32306 9.9991E-05 0.67684
0.364842 9.9991E-05 0.635058
0.423725 0.0257495 0.550525
0.0705875 9.9991E-05 0.929313
0.107621 0.0334031 0.858976
0.227523 9.9991E-05 0.772377
0.236068 9.9991E-05 0.763832
0.324799 0.114257 0.560945
0.150061 9.9991E-05 0.849839
9.9991E-05 0.0483399 0.95156
0.217105 9.9991E-05 0.782795
0.015072 0.0391056 0.945822
0.151759 9.9991E-05 0.848141
0.290738 9.9991E-05 0.709162
0.249073 0.0148748 0.736053
0.486787 0.0405678 0.472645
0.370457 0.183937 0.445606
0.425464 0.244337 0.330199
0.379612 0.147748 0.472641
0.550957 0.0853685 0.363674
0.457231 0.0604794 0.482289
0.0947705 0.428617 0.476613
0.512262 9.9991E-05 0.487638
0.116444 0.618338 0.265217
0.40896 9.9991E-05 0.59094
9.9991E-05 0.0610697 0.93883
9.9991E-05 0.0374649 0.962435
0.130918 9.9991E-05 0.868982
0.220443 9.9991E-05 0.779457
0.0143419 9.9991E-05 0.985558
0.224736 9.9991E-05 0.775164
0.165123 9.9991E-05 0.834777
0.686484 0.0195333 0.293983
0.652527 0.080702 0.266771
0.685949 0.129666 0.184386
0.668986 0.200628 0.130386
0.635721 0.0716419 0.292637
0.699594 0.300306 9.9991E-05
0.663788 0.138081 0.198131
0.695758 0.165875 0.138368
0.624773 0.121679 0.253549
0.710016 0.0427785 0.247206
0.660673 0.0177622 0.321565
0.660143 0.134258 0.205598
0.587638 0.109674 0.302688
0.728764 0.198223 0.0730128
0.6299 0.0530641 0.317036
0.674359 0.0403673 0.285273
0.758653 0.20599 0.0353563
0.573066 0.158734 0.268201
0.512255 0.14977 0.337975
0.520265 0.155195 0.32454
0.466726 0.178149 0.355126
0.623879 0.182236 0.193885
0.720745 0.0728315 0.206424
0.709315 0.277067 0.0136182
0.311247 0.35404 0.334713
0.28925 0.165433 0.545317
0.0611346 0.938765 9.9991E-05
9.999E-05 0.9998 9.999E-05
0.172423 0.458196 0.369381
0.102711 0.844021 0.0532672
0.0775854 0.922315 9.9991E-05
0.211224 0.314069 0.474707
0.375747 0.261818 0.362435
0.244244 0.52671 0.229046
0.109167 0.890733 9.9991E-05
0.363908 0.248023 0.388069
0.0944857 0.686906 0.218608
9.999E-05 0.9998 9.999E-05
0.492811 0.0615395 0.44565
0.385805 0.372309 0.241886
