0.0507347 0.449114 0.370181 0.0515481 0.0784224
0.0595905 0.521932 0.292178 0.119296 0.00700387
0.434646 0.502215 9.9982E-05 0.0629395 9.9982E-05
0.0106568 0.51881 0.322027 0.148406 9.9991E-05
0.197461 0.654923 0.0914737 0.0211094 0.0350328
9.999E-05 0.417861 0.228956 0.252643 0.10044
0.291036 0.597519 0.0222913 9.9991E-05 0.0890536
0.248684 0.728098 9.9982E-05 0.0230182 9.9982E-05
0.0646597 0.641796 0.10766 0.0817862 0.104099
0.0774156 0.528661 0.262248 0.0556906 0.0759847
0.0933038 0.470004 0.198783 0.126921 0.110989
0.460771 0.317888 0.0150507 0.150531 0.0557595
0.00268413 0.401981 0.321852 0.233585 0.0398971
9.9982E-05 0.932433 0.030497 9.9982E-05 0.0368699
9.999E-05 0.688346 0.169349 0.0634573 0.0787483
0.121207 0.349117 0.395758 0.114544 0.0193735
0.573452 0.0584465 0.285722 0.0529817 0.0293977
0.9996 9.997E-05 9.997E-05 9.997E-05 9.997E-05
0.9996 9.997E-05 9.997E-05 9.997E-05 9.997E-05
0.604691 0.0451431 0.304904 9.9991E-05 0.0451621
9.9973E-05 0.740706 0.258995 9.9973E-05 9.9973E-05
9.9982E-05 0.623404 0.355666 0.0207302 9.9982E-05
9.9982E-05 0.0372919 0.859204 0.103305 9.9982E-05
9.999E-05 0.110674 0.684132 0.173022 0.0320727
9.9982E-05 0.233448 0.658038 0.108314 9.9982E-05
0.0789066 0.800585 0.0280986 0.0358397 0.0565699
9.9991E-05 0.431405 0.445928 0.0950375 0.02753
0.234927 0.702535 9.9982E-05 0.0623381 9.9982E-05
9.9991E-05 0.765402 0.208804 0.0177738 0.00792027
9.9982E-05 0.782928 0.148521 0.0683507 9.9982E-05
9.9991E-05 0.71367 0.227174 0.0167465 0.0423096
0.168822 0.769619 9.9982E-05 9.9982E-05 0.0613598
9.9973E-05 0.646976 0.352724 9.9973E-05 9.9973E-05
9.9982E-05 0.666778 0.303867 9.9982E-05 0.0291546
0.0472556 9.9982E-05 0.948921 0.00362377 9.9982E-05
9.9982E-05 0.0689456 0.91296 0.0178941 9.9982E-05
9.9982E-05 0.184893 0.736374 0.078533 9.9982E-05
9.9991E-05 0.140507 0.823803 0.0264807 0.00910943
0.0664604 0.0102835 0.923056 9.9982E-05 9.9982E-05
0.0613008 9.9973E-05 0.938399 9.9973E-05 9.9973E-05
0.0575971 9.9973E-05 0.942103 9.9973E-05 9.9973E-05
9.9973E-05 0.0435914 0.956109 9.9973E-05 9.9973E-05
0.00159855 9.9973E-05 0.998102 9.9973E-05 9.9973E-05
0.0398191 9.9973E-05 0.959881 9.9973E-05 9.9973E-05
0.0400328 9.9973E-05 0.959667 9.9973E-05 9.9973E-05
0.0432191 0.128676 0.823595 0.00441014 9.9991E-05
9.9982E-05 9.9982E-05 0.885821 0.0406906 0.0732887
0.0264923 9.9973E-05 0.973208 9.9973E-05 9.9973E-05
9.9982E-05 0.302448 0.654441 9.9982E-05 0.0429111
9.9991E-05 0.129372 0.782971 0.0460296 0.0415272
9.9982E-05 9.9982E-05 0.835001 0.123243 0.0415557
0.0393145 9.9982E-05 0.932188 9.9982E-05 0.028298
0.0259987 9.9982E-05 0.971721 9.9982E-05 0.0020804
9.9982E-05 9.9982E-05 0.919459 0.0050254 0.0753153
0.0530386 9.9973E-05 0.946662 9.9973E-05 9.9973E-05
9.9991E-05 0.0319279 0.762631 0.149465 0.0558761
0.0565865 9.9991E-05 0.918969 0.0191947 0.00514989
0.665043 0.219614 9.9982E-05 9.9982E-05 0.115143
0.231925 0.449032 0.234314 9.9991E-05 0.0846286
0.17573 0.507669 0.263784 0.0527174 9.9991E-05
0.397425 0.396673 0.0717352 9.9991E-05 0.134067
0.0534232 0.452637 0.323481 0.123063 0.0473949
0.452967 0.421623 0.0705845 9.9991E-05 0.0547254
0.0830866 0.350362 0.272894 0.131764 0.161894
0.355046 0.391129 0.253625 9.9982E-05 9.9982E-05
0.133793 0.404427 0.346203 0.0143607 0.101217
0.173935 0.355085 0.34125 0.0200145 0.109715
0.112372 0.381571 0.326339 0.141444 0.0382741
9.9982E-05 0.623699 0.242686 9.9982E-05 0.133415
0.187794 0.79878 9.9982E-05 9.9982E-05 0.0132256
0.175104 0.578498 0.246198 9.9982E-05 9.9982E-05
0.153421 0.52489 0.32149 9.9982E-05 9.9982E-05
0.158256 0.841444 9.9973E-05 9.9973E-05 9.9973E-05
9.9991E-05 0.498607 0.345469 0.108002 0.0478215
9.9991E-05 0.764882 0.119464 0.0998545 0.0157002
0.175266 0.824434 9.9973E-05 9.9973E-05 9.9973E-05
0.101846 0.829619 9.9982E-05 9.9982E-05 0.0683348
9.9982E-05 0.861261 0.130441 9.9982E-05 0.0080975
0.173911 0.789008 9.9991E-05 0.0309594 0.0060224
9.9982E-05 0.919878 0.0317435 9.9982E-05 0.0481789
9.9982E-05 0.312808 0.241037 0.445954 9.9982E-05
9.9991E-05 0.290874 0.353407 0.315487 0.0401329
0.0655228 9.9973E-05 9.9973E-05 0.934177 9.9973E-05
0.100772 9.9973E-05 9.9973E-05 0.898929 9.9973E-05
9.9982E-05 0.239501 0.328443 0.431855 9.9982E-05
0.110013 0.294928 0.488404 0.0668821 0.0397728
0.0679477 0.0193911 0.43375 0.337173 0.141738
0.305913 0.0731229 0.33479 0.172636 0.113539
0.238127 0.0969909 0.392553 0.25569 0.0166394
0.363309 9.9982E-05 9.9982E-05 0.60476 0.0317303
0.121352 9.9991E-05 0.0600617 0.690797 0.127689
9.9991E-05 0.17515 0.309635 0.480541 0.034575
9.9982E-05 0.0409968 0.226115 0.732689 9.9982E-05
0.0419885 9.9991E-05 0.0992494 0.769305 0.0893576
9.9991E-05 0.193056 0.297065 0.459022 0.0507568
9.9991E-05 0.155391 0.327462 0.484713 0.0323333
0.00517953 0.293779 0.345935 0.274745 0.0803621
9.9982E-05 0.217866 0.0874898 0.694444 9.9982E-05
0.0729997 0.0960448 0.140013 0.63398 0.0569621
9.9991E-05 0.376498 0.264064 0.351158 0.00818008
0.0149098 0.342618 0.188891 0.453482 9.9991E-05
9.9991E-05 0.458115 0.2541 0.133897 0.153789
9.9982E-05 0.381905 0.130106 0.487789 9.9982E-05
0.00977609 0.15768 9.9982E-05 0.832344 9.9982E-05
9.9982E-05 0.233282 0.256893 0.509624 9.9982E-05
0.0676642 9.9982E-05 0.0231902 0.908946 9.9982E-05
9.9982E-05 0.219896 0.178374 0.60153 9.9982E-05
9.9982E-05 0.216252 0.283072 0.500476 9.9982E-05
9.9991E-05 0.137425 0.244922 0.552973 0.0645794
0.154957 0.279293 0.385147 0.120023 0.0605791
0.114176 0.199447 0.324213 0.31539 0.0467728
0.199044 0.220017 0.376544 0.16051 0.0438857
0.195173 0.327162 0.326521 0.151044 9.9991E-05
0.0592677 0.295074 0.463268 0.182291 9.9991E-05
9.9991E-05 0.131109 0.422597 0.320629 0.125564
0.545774 9.9973E-05 9.9973E-05 0.453926 9.9973E-05
0.0541308 0.214596 0.534801 0.196372 9.9991E-05
0.583718 9.9991E-05 0.0252708 0.328368 0.0625428
9.9982E-05 0.188215 0.399035 0.41255 9.9982E-05
0.00436173 9.9982E-05 9.9982E-05 0.961292 0.0341465
0.0394202 9.9973E-05 9.9973E-05 0.96028 9.9973E-05
9.9982E-05 0.212769 0.156247 0.630784 9.9982E-05
9.9982E-05 0.330332 0.248054 0.421414 9.9982E-05
9.9982E-05 0.209744 0.06583 0.724226 9.9982E-05
9.9991E-05 0.0420003 0.174489 0.757711 0.0256999
9.9982E-05 0.252009 0.162966 0.584825 9.9982E-05
9.9991E-05 0.160191 0.691984 0.116774 0.0309501
0.00856252 0.211163 0.593681 0.047095 0.139499
9.9991E-05 0.199025 0.616407 0.128213 0.0562542
9.9982E-05 0.224244 0.620941 9.9982E-05 0.154615
0.0598944 0.257694 0.576038 0.0564898 0.0498833
0.234861 9.9982E-05 0.669791 9.9982E-05 0.0951487
0.121398 0.112598 0.63881 0.127094 9.9991E-05
0.000166469 0.0813258 0.65006 0.0730495 0.195398
0.0940206 0.053624 0.627611 0.110521 0.114223
9.9991E-05 0.187499 0.741204 0.0453918 0.0258055
9.9991E-05 0.175601 0.600842 0.176801 0.0466567
0.00170941 0.147413 0.655623 0.0210699 0.174184
9.9991E-05 0.217881 0.595117 0.0835975 0.103304
0.0526357 9.9991E-05 0.691205 0.15994 0.0961186
0.0179058 0.225588 0.657527 0.0988789 9.9991E-05
0.0944554 0.0463506 0.613651 0.185101 0.0604426
0.107177 0.0172801 0.710253 0.00568864 0.159601
0.015013 0.0979317 0.540211 0.242795 0.104049
0.048908 0.179899 0.618449 0.110906 0.0418379
0.0777486 0.169453 0.42885 0.160964 0.162985
0.153625 0.193644 0.437426 0.0966595 0.118645
0.0480362 0.240381 0.588966 0.0330837 0.0895325
9.9991E-05 0.0933255 0.652694 0.181873 0.0720076
0.0639911 0.0676885 0.652858 9.9991E-05 0.215362
0.169283 0.351871 0.327585 0.0136284 0.137633
9.9991E-05 0.30262 0.40877 0.135447 0.153062
0.212373 9.9973E-05 9.9973E-05 9.9973E-05 0.787327
9.997E-05 9.997E-05 9.997E-05 9.997E-05 0.9996
9.9991E-05 0.317656 0.15238 0.0653722 0.464492
0.0620587 0.0019593 0.0717322 0.0132106 0.851039
0.330943 9.9982E-05 0.0419257 9.9982E-05 0.626932
9.9991E-05 0.177234 0.212235 0.148974 0.461458
0.0614769 0.301053 0.275565 0.0885795 0.273326
0.0850245 0.277318 0.180019 9.9991E-05 0.457538
9.9982E-05 0.0334951 0.0130461 9.9982E-05 0.953259
9.9991E-05 0.313784 0.279525 0.0154721 0.39112
9.9991E-05 0.118494 0.0718314 0.07053 0.739044
9.997E-05 9.997E-05 9.997E-05 9.997E-05 0.9996
9.9991E-05 0.316265 0.407843 0.142845 0.132948
0.00113366 0.161335 0.363072 0.0396768 0.434782
