0.155881 0.460357 9.9991E-05 0.103614 0.280048
0.0537676 0.419662 0.0505902 0.0829373 0.393043
0.00827476 9.9982E-05 9.9982E-05 0.276462 0.715063
0.163736 0.416807 0.0487743 9.9991E-05 0.370583
0.140233 0.177654 0.0642885 0.168832 0.448992
0.191735 0.288387 0.0896512 0.0605778 0.369649
0.0360179 0.0336193 0.0282562 0.175986 0.726121
0.0168983 0.0115178 9.9991E-05 0.132658 0.838826
0.0867211 0.290362 9.9982E-05 9.9982E-05 0.622717
9.999E-05 0.240443 0.197694 0.00951599 0.552247
0.0993726 0.184642 0.178999 0.115947 0.421039
0.100469 9.9991E-05 0.127938 0.288402 0.483091
0.0145099 0.557157 0.0364713 9.9991E-05 0.391762
9.9973E-05 0.0709063 9.9973E-05 9.9973E-05 0.928794
0.0916625 0.224252 0.0384274 9.9991E-05 0.645558
0.0651387 0.469944 0.133717 9.9991E-05 0.3311
0.000558398 0.0948539 0.240134 0.408239 0.256215
9.9982E-05 9.9982E-05 0.0893871 0.904884 0.00552924
9.9982E-05 9.9982E-05 0.0934534 0.897038 0.00930883
9.999E-05 0.236033 0.155819 0.569064 0.0389846
9.9982E-05 0.267544 0.0354569 9.9982E-05 0.696799
0.099906 0.436338 0.0856525 9.9991E-05 0.378003
0.0978488 0.153515 0.742258 9.9991E-05 0.00627791
0.177994 0.325622 0.443279 9.9991E-05 0.0530052
0.109477 0.342004 0.405715 0.0960074 0.0467965
0.128627 9.9991E-05 0.0709162 0.00337203 0.796985
0.12923 0.495625 0.00644806 9.9991E-05 0.368598
0.0497078 9.9982E-05 9.9982E-05 0.0816834 0.868409
9.9973E-05 0.46043 9.9973E-05 9.9973E-05 0.53927
0.210984 9.9991E-05 0.192715 0.0513906 0.544811
9.9982E-05 0.326886 0.0468928 9.9982E-05 0.626021
0.000926407 9.9991E-05 0.0156719 0.0514791 0.931823
9.9982E-05 0.576917 0.018236 9.9982E-05 0.404647
0.067364 0.585633 9.9982E-05 9.9982E-05 0.346803
0.0245052 0.049562 0.925733 9.9982E-05 9.9982E-05
0.0520962 0.00763314 0.939867 9.9991E-05 0.000303256
0.0276246 0.416143 0.486318 9.9991E-05 0.0698152
0.0431399 0.253012 0.623941 9.9991E-05 0.0798071
9.9991E-05 0.156657 0.810398 0.00977243 0.0230723
9.9973E-05 9.9973E-05 0.997212 0.0024878 9.9973E-05
0.0327355 9.9982E-05 0.953564 0.0135005 9.9982E-05
0.0376314 0.267235 0.694934 9.9982E-05 9.9982E-05
9.997E-05 9.997E-05 0.9996 9.997E-05 9.997E-05
9.997E-05 9.997E-05 0.9996 9.997E-05 9.997E-05
9.997E-05 9.997E-05 0.9996 9.997E-05 9.997E-05
9.9991E-05 0.227246 0.684635 0.0193299 0.0686892
0.00479872 0.173077 0.764507 0.0575176 9.9991E-05
9.997E-05 9.997E-05 0.9996 9.997E-05 9.997E-05
0.0133198 0.214669 0.470154 9.9991E-05 0.301757
9.9982E-05 0.141896 0.71254 9.9982E-05 0.145364
9.9982E-05 0.192192 0.753841 0.0537678 9.9982E-05
9.9991E-05 0.0962718 0.860388 0.00250674 0.0407332
9.9982E-05 0.0917596 0.893066 0.0149746 9.9982E-05
0.000995527 0.15994 0.781983 0.0569813 9.9991E-05
9.997E-05 9.997E-05 0.9996 9.997E-05 9.997E-05
0.0465151 0.294072 0.590153 9.9991E-05 0.0691597
0.049026 0.0340681 0.915676 0.00113025 9.9991E-05
0.0255064 9.9991E-05 0.0115455 0.626232 0.336616
9.9991E-05 0.32559 0.0225909 0.184077 0.467642
0.0991759 0.381576 0.0198132 0.17029 0.329144
9.9982E-05 9.9982E-05 0.102156 0.420764 0.47688
0.124969 0.54213 0.0319196 0.11396 0.187022
9.9991E-05 0.0282996 0.0813144 0.414369 0.475917
0.0840308 0.310538 0.109947 0.139428 0.356056
9.9991E-05 0.26331 0.072711 0.313139 0.35074
9.9991E-05 0.362263 0.115764 0.109719 0.412154
9.9991E-05 0.229749 0.149224 0.21491 0.406018
9.9991E-05 0.41835 0.126634 0.0496981 0.405218
0.115935 0.181657 0.177466 9.9991E-05 0.524842
0.0234706 9.9991E-05 0.0797672 0.0725129 0.824149
0.0367528 0.278787 0.104742 0.00916678 0.570552
0.0369303 0.534612 9.9991E-05 0.101945 0.326412
9.9982E-05 0.0720327 9.9982E-05 0.0203931 0.907374
0.164169 0.253762 0.206532 0.0308579 0.34468
0.179766 0.290236 9.9982E-05 9.9982E-05 0.529798
9.997E-05 9.997E-05 9.997E-05 9.997E-05 0.9996
9.9973E-05 9.9973E-05 9.9973E-05 0.0705202 0.92918
9.9973E-05 0.279239 9.9973E-05 9.9973E-05 0.720461
0.113034 9.9982E-05 9.9982E-05 0.0624232 0.824342
9.9973E-05 0.173071 9.9973E-05 9.9973E-05 0.826629
0.393693 0.334659 0.0558686 9.9991E-05 0.215679
0.266926 0.490981 0.0103782 9.9991E-05 0.231614
0.998066 9.9973E-05 0.0016338 9.9973E-05 9.9973E-05
0.9912 9.9973E-05 9.9973E-05 0.00850051 9.9973E-05
0.487072 0.375671 0.103637 9.9991E-05 0.03352
0.154359 0.618534 0.0802225 0.0731322 0.0737526
0.173032 0.6326 9.9982E-05 0.194168 9.9982E-05
0.0490386 0.464445 0.0657281 0.371909 0.0488792
0.0984585 0.648982 9.9991E-05 0.20781 0.0446494
0.6962 0.0383007 0.041796 0.204252 0.0194519
0.682769 0.178478 9.9982E-05 0.138553 9.9982E-05
0.338315 0.444195 0.0281283 9.9991E-05 0.189261
0.571645 0.426176 9.9982E-05 9.9982E-05 0.00197869
0.755364 0.169498 9.9982E-05 0.0749378 9.9982E-05
0.286433 0.626024 9.9982E-05 9.9982E-05 0.0873429
0.422159 0.439202 0.0651436 9.9991E-05 0.0733959
0.285847 0.216652 0.190309 9.9991E-05 0.307092
0.634153 0.158868 9.9982E-05 9.9982E-05 0.206779
0.641532 0.205069 0.058146 9.9991E-05 0.0951526
0.299498 0.513871 9.9982E-05 9.9982E-05 0.186431
0.351004 0.393588 0.023033 9.9991E-05 0.232274
0.130962 0.484734 0.0674894 9.9991E-05 0.316715
0.411011 0.271596 9.9991E-05 0.000316948 0.316976
0.786802 0.0384781 9.9982E-05 9.9982E-05 0.17452
0.444089 0.496712 9.9982E-05 9.9982E-05 0.0589995
0.860498 9.9991E-05 0.058626 0.0264017 0.0543745
0.53883 0.238794 0.000831527 9.9991E-05 0.221445
0.330222 0.33464 0.0676054 0.00489343 0.262639
0.346994 0.39298 0.0674076 9.9991E-05 0.192519
0.0936675 0.369457 0.224405 0.0307576 0.281713
0.373416 0.262468 0.246167 0.117849 9.9991E-05
0.0956233 0.440324 0.0858758 0.189737 0.188439
0.109448 0.489724 0.0547701 0.155607 0.19045
0.0243021 0.512621 0.102628 0.142675 0.217773
0.226618 0.579749 0.027133 0.1664 9.9991E-05
0.606966 9.9982E-05 0.0539649 0.338869 9.9982E-05
0.132734 0.60417 0.098742 9.9991E-05 0.164254
0.409743 9.9982E-05 0.0604904 0.529567 9.9982E-05
0.358885 0.522292 0.0661877 0.0525355 9.9991E-05
0.959472 9.9973E-05 9.9973E-05 9.9973E-05 0.0402285
0.9996 9.997E-05 9.997E-05 9.997E-05 9.997E-05
0.526867 0.280959 9.9982E-05 9.9982E-05 0.191975
0.385106 0.417177 9.9982E-05 9.9982E-05 0.197517
0.625031 0.180044 9.9982E-05 9.9982E-05 0.194725
0.673411 0.216728 0.0900196 9.9991E-05 0.0197408
0.469412 0.417895 9.9982E-05 9.9982E-05 0.112493
9.9982E-05 0.955624 0.00503932 9.9982E-05 0.0391368
9.9991E-05 0.723511 0.179059 0.0791917 0.0181386
9.9991E-05 0.759435 0.0922567 0.0193775 0.128831
9.9982E-05 0.79236 0.052984 0.154456 9.9982E-05
0.0229429 0.722286 0.106079 0.0525725 0.0961194
9.9982E-05 0.619424 0.155291 0.225085 9.9982E-05
9.9982E-05 0.849429 0.0258843 0.124487 9.9982E-05
9.9982E-05 0.766429 0.126847 0.106524 9.9982E-05
9.9982E-05 0.892844 0.00628 0.100676 9.9982E-05
9.9991E-05 0.831415 0.143974 0.0232273 0.00128395
0.222471 0.629597 0.0880571 0.0432666 0.0166089
9.9982E-05 0.751696 0.123948 0.124156 9.9982E-05
0.110995 0.692826 0.0875591 0.10852 9.9991E-05
9.9982E-05 0.84552 0.00976681 0.144514 9.9982E-05
0.0853695 0.746213 0.142354 0.0259632 9.9991E-05
9.9991E-05 0.752523 0.0176496 0.148311 0.0814161
9.9982E-05 0.760021 0.0907174 0.149061 9.9982E-05
9.9991E-05 0.520053 0.162253 0.143507 0.174087
0.016786 0.804568 0.0329713 0.0923796 0.0532947
0.026933 0.515481 0.0832158 0.149747 0.224624
0.0668896 0.596613 0.0229727 0.250832 0.0626925
9.9991E-05 0.471712 0.271603 0.063649 0.192936
0.0173464 0.769143 0.103137 0.110273 9.9991E-05
9.9982E-05 0.730919 0.0533666 0.215514 9.9982E-05
0.0377982 0.455368 0.0889429 0.160403 0.257487
0.106959 0.409501 0.104514 0.130715 0.248312
9.9982E-05 0.00663638 9.9982E-05 0.974827 0.0183367
0.00529817 9.9973E-05 9.9973E-05 0.994402 9.9973E-05
0.0839806 0.23982 0.0542242 0.465877 0.156098
9.9991E-05 0.0933577 0.02667 0.754349 0.125523
9.9982E-05 0.0623135 0.00148698 0.936 9.9982E-05
0.148318 0.229786 0.120488 0.265405 0.236003
0.139434 0.413105 0.00140305 0.323882 0.122176
9.9982E-05 0.338269 9.9982E-05 0.507017 0.154514
9.9982E-05 0.0929574 9.9982E-05 0.789784 0.117059
9.9982E-05 0.556298 9.9982E-05 0.221202 0.2223
0.074555 0.108018 0.0110479 0.611623 0.194756
9.997E-05 9.997E-05 9.997E-05 0.9996 9.997E-05
0.059113 0.293052 0.294499 0.0798346 0.273501
9.9982E-05 0.56615 9.9982E-05 0.311642 0.122007
