0.107926 0.338689 0.0750824 0.420207 0.058095
0.102609 0.109769 0.144612 0.58534 0.05767
0.0316332 9.9982E-05 9.9982E-05 0.638682 0.329485
0.0454095 0.134032 0.235014 0.555908 0.0296374
0.0773833 0.103895 0.104422 0.530793 0.183506
0.187065 0.277124 0.0946864 0.432906 0.0082181
0.0020054 0.00303961 9.9991E-05 0.741924 0.252931
0.15611 9.9982E-05 9.9982E-05 0.650938 0.192752
9.9982E-05 0.199568 9.9982E-05 0.777574 0.0226587
0.117794 0.277852 0.0808083 0.496648 0.0268976
0.102424 0.279486 0.016434 0.432803 0.168853
0.131818 9.9991E-05 0.118016 0.386569 0.363497
0.121879 0.333035 0.128787 0.390455 0.0258439
9.9982E-05 9.9982E-05 0.0476276 0.928998 0.0231742
9.9973E-05 9.9973E-05 0.173355 0.826345 9.9973E-05
0.0463498 0.378916 0.145275 0.408659 0.0208009
0.0471916 0.0974946 0.267472 0.120768 0.467074
9.9982E-05 0.0143415 0.0917169 9.9982E-05 0.893742
9.9973E-05 9.9973E-05 0.110736 9.9973E-05 0.888964
9.999E-05 0.324425 0.139262 0.0380257 0.498188
9.9982E-05 0.161602 0.0738076 0.764391 9.9982E-05
0.128459 0.0629362 0.305516 0.502989 9.9991E-05
9.9982E-05 0.245262 0.679952 0.0745857 9.9982E-05
0.0998521 0.14296 0.54979 0.207298 9.9991E-05
0.0709359 0.215968 0.509849 0.191502 0.0117454
0.0694623 9.9991E-05 0.0750713 0.798861 0.0565051
0.0382622 0.468738 9.9991E-05 0.478292 0.0146075
0.0773233 9.9982E-05 9.9982E-05 0.746769 0.175708
0.102808 0.319134 0.000274372 0.577684 9.9991E-05
0.139866 0.178517 0.0103479 0.642883 0.0283861
9.9982E-05 0.139136 0.106627 0.754037 9.9982E-05
9.9973E-05 9.9973E-05 9.9973E-05 0.8922 0.1075
9.9982E-05 0.185686 0.234504 0.57961 9.9982E-05
0.080405 0.25708 0.159082 0.503333 9.9991E-05
0.0394418 0.0415508 0.90403 9.9991E-05 0.0148778
0.0124415 0.00157399 0.97338 0.0125047 9.9991E-05
0.0801914 0.305277 0.506413 0.0689055 0.0392132
0.00113483 0.275142 0.683593 0.0400302 9.9991E-05
0.0173724 0.183697 0.766929 0.0319024 9.9991E-05
9.9973E-05 9.9973E-05 0.970229 9.9973E-05 0.0294707
0.0037662 9.9982E-05 0.960272 9.9982E-05 0.0357623
0.00436847 0.163035 0.824209 0.00828735 9.9991E-05
9.997E-05 9.997E-05 0.9996 9.997E-05 9.997E-05
9.997E-05 9.997E-05 0.9996 9.997E-05 9.997E-05
9.9973E-05 9.9973E-05 0.953163 9.9973E-05 0.046537
0.00929994 0.00499801 0.802816 0.182786 9.9991E-05
9.9991E-05 0.154658 0.723343 0.0516471 0.0702512
0.00926258 9.9982E-05 0.981968 0.00856942 9.9982E-05
0.0696849 0.329815 0.394229 0.206171 9.9991E-05
0.0342031 0.190822 0.623953 0.124512 0.0265106
0.090828 0.190966 0.697675 9.9991E-05 0.0204309
9.9982E-05 0.181949 0.785106 9.9982E-05 0.0327446
9.9973E-05 0.175354 0.824346 9.9973E-05 9.9973E-05
9.9982E-05 0.138756 0.783453 9.9982E-05 0.0775907
9.9973E-05 0.0473345 0.952366 9.9973E-05 9.9973E-05
0.0796582 0.351294 0.517227 9.9991E-05 0.0517201
0.0473666 0.0312043 0.885907 0.0354223 9.9991E-05
0.0259452 9.9982E-05 9.9982E-05 0.334986 0.638869
9.9991E-05 0.15175 0.101419 0.549557 0.197174
0.0646373 0.0914153 0.194264 0.441894 0.207789
9.9982E-05 0.166075 9.9982E-05 0.434706 0.399019
0.100389 0.555351 0.00985859 0.294286 0.0401151
0.0633464 9.9991E-05 0.146829 0.363182 0.426543
0.156413 0.2392 0.187307 0.332154 0.0849258
9.9991E-05 0.189423 0.145436 0.47654 0.188501
9.9991E-05 0.277822 0.202178 0.431168 0.0887311
0.00675465 0.165575 0.175084 0.433218 0.219368
0.0688159 0.274322 0.116508 0.415297 0.125056
0.193245 0.370117 0.0343478 0.377382 0.024909
9.9982E-05 9.9982E-05 0.0122677 0.825896 0.161637
9.9982E-05 0.185134 0.113741 0.700925 9.9982E-05
0.0398363 0.302823 0.125524 0.471197 0.0606204
9.9982E-05 0.0160052 9.9982E-05 0.909759 0.0740362
0.115707 9.9991E-05 0.245086 0.570129 0.0689774
0.159311 0.337285 9.9982E-05 0.503204 9.9982E-05
0.0169472 9.9982E-05 9.9982E-05 0.913636 0.0692166
9.9973E-05 9.9973E-05 9.9973E-05 0.873075 0.126625
9.9973E-05 0.219096 9.9973E-05 0.780604 9.9973E-05
0.0220369 9.9982E-05 9.9982E-05 0.869766 0.107997
9.9991E-05 0.0567311 0.0045652 0.909204 0.0294
0.428766 0.14635 0.15793 0.266853 9.9991E-05
0.3273 0.289268 0.0959414 0.283593 0.00389739
0.960854 9.9973E-05 9.9973E-05 9.9973E-05 0.038846
0.947562 9.9982E-05 9.9982E-05 0.00111503 0.0511228
0.344379 0.352521 0.0700567 0.220054 0.0129891
0.187236 0.440426 0.189059 0.0677919 0.115487
0.256696 0.648386 0.00596205 9.9991E-05 0.0888556
0.130252 0.432366 0.0334055 0.0750736 0.328903
0.226483 0.579097 0.0223951 0.0444707 0.127554
0.650599 9.9973E-05 9.9973E-05 9.9973E-05 0.349101
0.672026 0.139691 9.9982E-05 9.9982E-05 0.188083
0.490033 0.192473 0.154737 0.162657 9.9991E-05
0.646021 0.236054 0.117725 9.9982E-05 9.9982E-05
0.75847 0.182309 9.9982E-05 9.9982E-05 0.0590204
0.353148 0.395416 0.0418093 0.153613 0.0560133
0.497529 0.279063 0.128906 0.094402 9.9991E-05
0.271368 0.283914 0.143955 0.272187 0.0285753
0.725666 0.0812476 9.9991E-05 0.187298 0.00568805
0.560615 0.118947 0.0596122 0.203299 0.0575264
0.420143 0.29236 0.0359278 0.25147 9.9991E-05
0.549594 0.142177 0.0899228 0.218206 9.9991E-05
0.150217 0.229739 0.125464 0.450929 0.0436515
0.468201 0.129338 9.9991E-05 0.394975 0.00738533
0.828624 9.9973E-05 9.9973E-05 0.171076 9.9973E-05
0.482135 0.286586 0.0154963 0.215683 9.9991E-05
0.901036 9.9991E-05 0.0276777 0.0143366 0.0568497
0.487263 0.0690188 0.100281 0.343337 9.9991E-05
0.377241 0.259652 0.0808452 0.258825 0.0234368
0.412541 0.228503 0.0711412 0.287715 9.9991E-05
0.135914 0.399849 0.10015 0.294882 0.0692051
0.277128 0.274248 0.123889 0.203325 0.12141
0.0710466 0.512595 0.0469192 0.147422 0.222017
0.106926 0.316048 0.150263 0.232657 0.194106
0.16175 0.544481 0.0500138 0.195354 0.0484014
0.256525 0.282567 0.157172 0.205655 0.0980807
0.598156 9.9982E-05 0.00707622 9.9982E-05 0.394568
0.223359 0.459698 0.126199 0.190644 9.9991E-05
0.360258 0.0473861 0.0580363 9.9991E-05 0.53422
0.453473 0.371778 0.15967 0.0149787 9.9991E-05
0.878313 9.9982E-05 9.9982E-05 0.0903749 0.0311121
0.979754 9.9973E-05 9.9973E-05 9.9973E-05 0.0199457
0.678545 0.21079 9.9982E-05 0.110465 9.9982E-05
0.437534 0.244226 0.0932165 0.224923 9.9991E-05
0.650825 0.0306471 0.0163478 0.30208 9.9991E-05
0.592156 0.0611569 0.132281 0.214306 9.9991E-05
0.567555 0.257844 0.0352247 0.139276 9.9991E-05
9.9982E-05 0.674469 0.167891 0.15744 9.9982E-05
0.00701082 0.735382 0.0731622 0.087232 0.0972134
9.9991E-05 0.832976 0.0430435 0.109141 0.0147397
0.0191892 0.829518 9.9991E-05 0.0465546 0.104638
0.00761957 0.751508 0.0424195 0.198352 9.9991E-05
9.9973E-05 0.813749 9.9973E-05 9.9973E-05 0.185951
0.0190678 0.873014 9.9982E-05 9.9982E-05 0.107718
9.9973E-05 0.843394 9.9973E-05 9.9973E-05 0.156306
9.9991E-05 0.766906 0.0624911 0.133854 0.0366489
9.9982E-05 0.792399 0.150235 0.0571664 9.9982E-05
0.0269142 0.474467 0.227912 0.270607 9.9991E-05
0.0310962 0.831677 0.0210841 9.9991E-05 0.116043
9.9982E-05 0.783715 9.9982E-05 0.214166 0.00191893
9.9982E-05 0.819764 0.0988732 9.9982E-05 0.081163
0.0832916 0.577289 0.189948 0.149371 9.9991E-05
0.0140588 0.806437 0.00635573 0.120645 0.052503
9.9973E-05 0.88927 9.9973E-05 9.9973E-05 0.11043
0.111456 0.60792 0.130528 0.0488795 0.101217
0.0608862 0.726358 9.9991E-05 0.106982 0.105675
0.0135116 0.616822 9.9991E-05 0.226502 0.143064
0.224669 0.357053 0.142899 0.0465591 0.228819
0.00379226 0.619166 0.253911 0.123031 9.9991E-05
0.0213995 0.871579 0.0488371 9.9991E-05 0.0580841
9.9973E-05 0.879714 9.9973E-05 9.9973E-05 0.119986
9.9991E-05 0.370498 0.123263 0.333197 0.172942
0.126983 0.250379 0.160123 0.272164 0.19035
9.9973E-05 9.9973E-05 0.100322 9.9973E-05 0.899378
9.997E-05 9.997E-05 9.997E-05 9.997E-05 0.9996
0.0817497 0.00610645 0.174469 0.379895 0.357779
0.00401016 0.103779 0.0363768 0.0870311 0.768803
9.9982E-05 0.0467853 0.0875277 9.9982E-05 0.865487
0.195902 0.310109 9.9991E-05 0.173043 0.320846
0.212909 0.370732 0.074257 0.0993979 0.242704
9.9982E-05 0.330123 9.9982E-05 0.261709 0.407968
9.9982E-05 0.179094 9.9982E-05 0.052209 0.768497
0.102401 0.298746 0.116087 0.343171 0.139595
0.0473084 9.9991E-05 0.0891051 0.261938 0.601549
9.997E-05 9.997E-05 9.997E-05 9.997E-05 0.9996
0.0687133 0.29201 0.260153 0.355539 0.0235842
9.9991E-05 0.438958 0.0255618 0.205648 0.329732
