0.871281 9.9991E-05 0.128619
0.910848 9.9991E-05 0.0890523
0.803378 9.99966E-05 0.196522
0.798909 9.9991E-05 0.200991
0.863049 9.9991E-05 0.136851
0.638265 0.204098 0.157637
0.85511 0.0719365 0.0729535
0.770908 0.170886 0.0582066
0.901179 0.098721 9.9991E-05
0.681682 0.131858 0.18646
0.819528 0.155903 0.0245693
0.0874559 0.766266 0.146278
0.00145471 0.608437 0.390109
0.118023 0.713005 0.168972
0.12327 0.580126 0.296605
0.163442 0.535191 0.301367
0.00802782 0.537181 0.454791
0.0354728 0.659453 0.305074
0.175397 0.633838 0.190765
0.254324 0.745576 9.9991E-05
0.0868289 0.636769 0.276402
0.0673064 0.68109 0.251603
0.00589554 0.647809 0.346295
0.0749447 0.734835 0.190221
0.0614958 0.579687 0.358817
0.0153664 0.611069 0.373564
0.15005 0.709184 0.140766
0.102591 0.61424 0.283169
0.11511 0.809183 0.075707
0.795005 9.9991E-05 0.204895
0.810797 9.9991E-05 0.189103
0.768293 0.0174164 0.21429
0.699912 0.0153062 0.284782
9.9991E-05 0.678084 0.321816
0.114564 0.539307 0.346129
9.9991E-05 0.666511 0.333389
0.240168 0.7552 0.00463224
0.0108826 0.828009 0.161109
0.0392102 0.674826 0.285964
9.9991E-05 0.561159 0.438741
0.0431182 0.565088 0.391794
0.0382031 0.544946 0.41685
0.102666 0.897225 0.000109348
9.9991E-05 0.535716 0.464184
0.00456826 0.575362 0.42007
0.0532058 0.529543 0.417251
9.9991E-05 0.866977 0.132923
9.9991E-05 0.555388 0.444512
0.0851942 0.551175 0.363631
0.163047 0.836853 9.9991E-05
0.0637018 0.931473 0.00482566
0.157828 0.842072 9.9991E-05
0.0647322 0.576715 0.358552
0.0273049 0.510534 0.462161
0.0393949 0.551033 0.409572
0.195842 0.764119 0.0400393
0.000152675 0.649051 0.350796
0.0561712 0.569093 0.374736
0.120725 0.676543 0.202732
0.34215 0.584938 0.0729117
0.0792917 0.625512 0.295196
0.126324 0.625315 0.248361
0.182585 0.817315 9.9991E-05
9.9991E-05 0.699649 0.300251
9.9991E-05 0.573574 0.426326
0.0221224 0.600495 0.377382
0.11908 0.706286 0.174634
0.0124931 0.672819 0.314688
0.0648003 0.628744 0.306455
0.118698 0.869178 0.0121238
9.9991E-05 0.733737 0.266163
0.0209578 0.917261 0.0617814
0.055866 0.566863 0.377271
0.0564687 0.943431 9.9991E-05
0.0278782 0.972022 9.9991E-05
9.9991E-05 0.88395 0.11595
9.9991E-05 0.76469 0.23521
0.15261 0.424639 0.422752
9.9991E-05 0.756724 0.243176
0.0855463 0.815132 0.099322
0.0616796 0.843705 0.0946152
0.00260739 0.627988 0.369404
0.0210594 0.791603 0.187338
9.9991E-05 0.753154 0.246746
9.9991E-05 0.814018 0.185882
0.0655034 0.934397 9.9991E-05
9.9991E-05 0.551231 0.448669
0.779593 0.00046703 0.21994
0.869445 9.9991E-05 0.130455
0.815687 9.9991E-05 0.184213
0.885633 9.9991E-05 0.114267
0.848761 9.9991E-05 0.151139
0.85617 9.9991E-05 0.14373
0.855897 9.9991E-05 0.144003
0.0498928 0.521935 0.428173
0.0373235 0.580444 0.382232
0.0728325 0.927067 9.9991E-05
0.0569293 0.52359 0.419481
9.9991E-05 0.738528 0.261372
0.00811384 0.589092 0.402794
9.9991E-05 0.683359 0.316541
9.9991E-05 0.639488 0.360412
0.0903454 0.909555 9.9991E-05
0.0950597 0.57342 0.331521
0.0745919 0.567604 0.357804
9.9991E-05 0.578542 0.421358
0.00394926 0.805588 0.190463
9.9991E-05 0.694039 0.305861
0.00572165 0.71648 0.277798
9.9991E-05 0.760915 0.238985
0.0178141 0.724654 0.257532
0.0190984 0.61757 0.363331
0.169149 0.760155 0.0706961
0.148695 0.539045 0.31226
0.112714 0.539954 0.347332
0.0523944 0.579017 0.368589
0.0500837 0.662308 0.287608
0.0204095 0.681134 0.298457
0.0800853 0.669582 0.250333
0.0514634 0.643111 0.305426
0.105239 0.483669 0.411092
0.00133176 0.680896 0.317773
0.0331338 0.717007 0.249859
0.0253863 0.576602 0.398011
9.9991E-05 0.601134 0.398766
9.9991E-05 0.618038 0.381862
0.0448082 0.558836 0.396355
9.9991E-05 0.598698 0.401202
0.184221 0.621885 0.193894
0.0256249 0.619361 0.355014
9.9991E-05 0.571689 0.428211
0.146628 0.7083 0.145072
0.20094 0.750516 0.0485438
0.0252532 0.616234 0.358513
0.09482 0.895336 0.00984443
0.172521 0.734111 0.0933679
0.00349983 0.775467 0.221033
0.157037 0.743674 0.0992887
0.0642878 0.816562 0.11915
9.9991E-05 0.635302 0.364598
0.0378601 0.550312 0.411828
9.9991E-05 0.631813 0.368087
0.100516 0.80159 0.0978944
0.172015 0.537277 0.290707
0.0119673 0.654684 0.333349
0.315694 0.684206 9.9991E-05
0.0363509 0.536442 0.427207
0.153472 0.651826 0.194703
0.0824242 0.506311 0.411265
0.16542 0.664287 0.170293
0.18217 0.81773 9.9991E-05
0.0832413 0.703864 0.212895
0.0549015 0.607663 0.337435
0.124736 0.632847 0.242417
0.237983 0.64762 0.114397
9.9991E-05 0.64326 0.35664
0.00933299 0.85556 0.135107
0.000552286 0.748618 0.25083
0.164167 0.526972 0.30886
0.39678 0.241959 0.361261
0.780188 0.0358685 0.183944
0.690884 0.167098 0.142018
0.445489 0.130625 0.423886
9.9991E-05 0.622834 0.377066
0.0274212 0.599489 0.373089
0.0218745 0.111398 0.866727
0.0341803 0.348666 0.617154
0.0891434 0.238664 0.672192
0.0523411 0.784737 0.162922
0.0393515 0.644762 0.315887
0.105986 0.800241 0.0937722
9.9991E-05 0.661282 0.338618
0.0954231 0.687023 0.217553
9.9991E-05 0.61807 0.38183
0.124469 0.820723 0.0548075
9.9991E-05 0.577011 0.422889
0.0313426 0.585208 0.383449
0.0219818 9.9991E-05 0.977918
0.0191433 0.00704819 0.973809
0.0273715 0.170559 0.80207
0.0118324 0.105097 0.883071
0.063448 0.0246818 0.91187
0.0199982 9.9991E-05 0.979902
0.0696707 9.9991E-05 0.930229
9.9991E-05 0.00604816 0.993852
0.0212485 9.9991E-05 0.978652
0.0222589 9.9991E-05 0.977641
0.0394481 9.9991E-05 0.960452
0.0546535 0.0249362 0.92041
0.0806067 9.9991E-05 0.919293
0.0485454 9.9991E-05 0.951355
0.0397935 0.386345 0.573861
0.101724 0.120593 0.777684
0.0930703 9.9991E-05 0.90683
0.0726486 9.9991E-05 0.927251
0.011623 9.9991E-05 0.988277
0.104136 9.9991E-05 0.895764
0.0450303 9.9991E-05 0.95487
0.0424833 0.214229 0.743287
0.104478 9.9991E-05 0.895422
0.556077 0.412612 0.0313113
0.225546 0.415195 0.359258
0.19658 0.494866 0.308554
0.323472 0.481154 0.195374
0.0955551 0.476566 0.427878
0.355204 0.415322 0.229474
0.162795 0.471679 0.365526
0.191426 0.444665 0.363908
0.188224 0.35768 0.454096
0.171998 0.417233 0.410769
0.158666 0.427733 0.413601
0.823821 0.072663 0.103516
0.915004 9.9991E-05 0.084896
0.968529 9.9991E-05 0.0313708
0.950843 9.9991E-05 0.0490571
0.910926 9.9991E-05 0.088974
0.861501 9.9991E-05 0.138399
0.826577 9.9991E-05 0.173323
0.90631 0.00147922 0.0922103
0.897709 9.9991E-05 0.102191
0.85744 9.9991E-05 0.14246
0.711857 0.288043 9.9991E-05
0.720624 0.279276 9.9991E-05
0.660173 0.339727 9.9991E-05
0.579673 0.420227 9.9991E-05
0.0178325 0.689195 0.292973
9.9991E-05 0.703697 0.296203
9.9991E-05 0.646074 0.353826
0.0745792 0.769974 0.155447
0.134209 0.825101 0.0406899
0.0377309 0.571629 0.39064
9.9991E-05 0.678044 0.321856
9.9991E-05 0.7414 0.2585
9.9991E-05 0.787614 0.212286
9.9991E-05 0.696136 0.303764
0.0180412 0.807419 0.174539
0.0526079 0.947292 9.9991E-05
0.0635158 0.586334 0.35015
0.0299854 0.83302 0.136995
9.9991E-05 0.680301 0.319599
0.0955092 0.898783 0.00570779
0.335455 0.664445 9.9991E-05
0.323949 0.675951 9.9991E-05
0.264102 0.735798 9.9991E-05
0.336509 0.663391 9.9991E-05
0.202781 0.797119 9.9991E-05
0.305561 0.677599 0.0168391
0.858065 9.9991E-05 0.141835
0.82642 0.0217641 0.151816
0.714197 9.9991E-05 0.285703
0.790532 9.9991E-05 0.209368
0.82634 0.00448973 0.16917
0.521661 0.478239 9.9991E-05
0.594226 0.405674 9.9991E-05
0.577496 0.422404 9.9991E-05
0.812683 9.9991E-05 0.187217
0.525225 0.474675 9.9991E-05
0.264102 0.179592 0.556305
0.0604691 0.376664 0.562867
0.151867 0.150905 0.697228
0.248703 0.298811 0.452486
0.130969 0.390713 0.478319
0.556346 0.0612619 0.382392
0.0233026 0.755693 0.221005
0.0471092 0.797964 0.154926
0.196913 0.700119 0.102968
9.9991E-05 0.738841 0.261059
0.104499 0.895401 9.9991E-05
0.0723791 0.60363 0.323991
0.0133937 0.675807 0.3108
0.103601 0.783694 0.112705
0.0490661 0.606413 0.344521
0.0827312 0.917169 9.9991E-05
9.9991E-05 0.677578 0.322322
9.9991E-05 0.64731 0.35259
0.134468 0.472401 0.393131
9.9991E-05 0.787235 0.212665
0.00117731 0.766419 0.232404
9.9991E-05 0.685806 0.314094
9.9991E-05 0.676356 0.323544
9.9991E-05 0.523177 0.476723
0.0261798 0.628293 0.345527
0.0335249 0.630251 0.336224
0.723264 9.9991E-05 0.276636
0.802994 0.0104174 0.186588
0.778732 0.122248 0.0990196
0.827639 0.0443516 0.128009
0.792419 9.9991E-05 0.207481
0.175941 0.78539 0.0386682
0.0385097 0.6425 0.31899
0.166906 0.382176 0.450919
9.9991E-05 0.554192 0.445708
0.0363531 0.658413 0.305233
0.0635225 0.702344 0.234133
0.296532 0.703368 9.9991E-05
0.0408591 0.662766 0.296375
0.230752 0.730879 0.0383688
0.0600815 0.709946 0.229972
0.30576 0.69414 9.9991E-05
0.0479392 0.544048 0.408013
0.217414 0.734938 0.0476482
0.0845154 0.717318 0.198167
0.0122678 0.700885 0.286847
0.108392 0.76145 0.130158
0.0306405 0.658688 0.310672
0.0672371 0.6021 0.330663
0.062488 0.797713 0.139799
0.0907514 0.621641 0.287607
0.0530108 0.60547 0.341519
0.0457412 0.954159 9.9991E-05
0.0517218 0.850158 0.0981203
0.042631 0.694794 0.262575
0.118484 0.881416 9.9991E-05
0.0362745 0.776725 0.187
0.177668 0.812029 0.0103034
9.9991E-05 0.934368 0.0655321
0.134577 0.630675 0.234748
9.9991E-05 0.584653 0.415247
0.051245 0.910986 0.037769
0.0871918 0.538972 0.373836
0.0536822 0.610528 0.33579
0.0494058 0.632441 0.318153
0.0476155 0.617069 0.335316
0.019315 0.686585 0.2941
0.0656547 0.832821 0.101525
0.0832124 0.696725 0.220063
9.9991E-05 0.585164 0.414736
9.9991E-05 0.620091 0.379809
0.0867351 0.681905 0.231359
9.9991E-05 0.664236 0.335664
0.110794 0.677986 0.21122
9.9991E-05 0.664753 0.335147
9.9991E-05 0.608856 0.391044
0.0707793 0.463717 0.465503
0.319388 0.238692 0.44192
0.117676 0.345851 0.536473
0.0965191 0.451144 0.452337
0.0199646 0.482208 0.497828
0.135392 0.33144 0.533168
9.9991E-05 0.737355 0.262545
0.0574038 0.443837 0.498759
0.364227 0.479443 0.156329
0.0474243 0.460486 0.49209
0.0346705 0.490217 0.475113
0.0837834 0.339006 0.577211
0.208466 0.488422 0.303112
0.156802 0.364557 0.478641
0.0905795 0.385411 0.524009
0.657527 0.149219 0.193254
0.139158 0.33172 0.529122
0.12907 0.315462 0.555468
0.0705282 0.457244 0.472228
0.148197 0.265342 0.586461
0.14272 0.435135 0.422145
0.0247493 0.621577 0.353674
0.0120849 0.586169 0.401746
0.0329574 0.966943 9.9991E-05
0.121199 0.878701 9.9991E-05
0.0475793 0.601175 0.351246
0.109869 0.325681 0.564449
0.0798763 0.332735 0.587389
0.244352 0.334769 0.420878
0.151936 0.335785 0.512279
0.182262 0.672138 0.1456
0.186265 0.601976 0.211758
9.9991E-05 0.601208 0.398692
0.0125934 0.573459 0.413948
0.122209 0.630485 0.247306
0.0114035 0.527706 0.46089
0.00809835 0.6004 0.391502
0.0524895 0.514661 0.43285
9.9991E-05 0.880443 0.119457
9.9991E-05 0.794323 0.205577
0.0447159 0.618136 0.337148
0.0498266 0.686801 0.263373
0.0358243 0.522942 0.441234
9.9991E-05 0.752341 0.247559
0.0233144 0.913418 0.0632678
9.9991E-05 0.640947 0.358953
0.0466467 0.845925 0.107429
9.9991E-05 0.770145 0.229755
0.0254136 0.610883 0.363704
0.018571 0.702154 0.279275
0.0716812 0.405222 0.523097
0.127435 0.451848 0.420718
0.182115 0.32067 0.497215
0.217941 0.315921 0.466138
0.234716 0.300054 0.46523
0.158212 0.368245 0.473543
0.342884 0.551608 0.105508
0.0511171 0.356796 0.592087
0.555645 0.296403 0.147951
0.0488639 0.400007 0.551129
0.0609491 0.938951 9.9991E-05
0.150687 0.849213 9.9991E-05
9.9991E-05 0.747474 0.252426
9.9991E-05 0.631483 0.368417
9.9991E-05 0.825853 0.174047
9.9991E-05 0.713515 0.286385
9.9991E-05 0.660201 0.339699
0.80689 9.9991E-05 0.19301
0.756106 0.100785 0.143109
0.883397 9.9991E-05 0.116503
0.895941 9.9991E-05 0.103959
9.9991E-05 0.678814 0.321086
9.9991E-05 0.661835 0.338065
9.9991E-05 0.726396 0.273504
0.0337681 0.634726 0.331506
9.9991E-05 0.683188 0.316712
0.0724442 0.886349 0.0412072
9.9991E-05 0.639467 0.360433
9.9991E-05 0.900569 0.0993309
0.234726 0.255057 0.510217
9.9991E-05 0.680178 0.319722
9.9991E-05 0.870972 0.128928
9.9991E-05 0.696337 0.303563
9.9991E-05 0.777733 0.222167
9.9991E-05 0.681051 0.318849
9.9991E-05 0.620958 0.378942
9.999E-05 0.9998 9.999E-05
0.0247166 0.855322 0.119961
9.9991E-05 0.852787 0.147113
0.0351134 0.964787 9.9991E-05
0.0353783 0.689765 0.274856
0.045163 0.909268 0.0455691
0.102334 0.897566 9.9991E-05
9.9991E-05 0.618422 0.381478
0.0259884 0.843529 0.130482
9.9991E-05 0.706439 0.293461
0.0156675 0.496366 0.487966
9.9991E-05 0.694966 0.304934
9.9991E-05 0.767904 0.231996
9.9991E-05 0.701054 0.298846
9.9991E-05 0.679996 0.319904
9.9991E-05 0.836535 0.163365
0.0381864 0.652568 0.309246
0.728506 0.271394 9.9991E-05
0.779691 0.153955 0.0663548
0.878867 0.121033 9.9991E-05
0.899793 0.100107 9.9991E-05
0.805583 0.15998 0.034437
0.0993319 0.876354 0.0243142
0.109718 0.890182 9.9991E-05
9.9991E-05 0.925663 0.0742366
0.0892199 0.501061 0.409719
0.0794027 0.507495 0.413102
9.9991E-05 0.796409 0.203491
9.9991E-05 0.610411 0.389489
9.9991E-05 0.72618 0.27372
9.9991E-05 0.702636 0.297264
9.9991E-05 0.551031 0.448869
9.9991E-05 0.86648 0.13342
9.9991E-05 0.830292 0.169608
9.9991E-05 0.832702 0.167198
0.0146534 0.577571 0.407776
9.9991E-05 0.800944 0.198956
9.9991E-05 0.732519 0.267381
0.114927 0.167968 0.717106
0.129547 0.164611 0.705842
0.0579165 0.154805 0.787279
0.174586 0.15483 0.670584
0.0689432 0.301481 0.629576
9.9991E-05 0.702319 0.297581
0.308699 9.9991E-05 0.691201
0.1174 0.138882 0.743717
0.15177 0.424999 0.423231
0.0812593 0.523672 0.395069
0.125618 0.569186 0.305197
0.124289 0.540519 0.335192
0.0149592 0.606802 0.378239
0.204108 0.0658971 0.729995
0.155613 0.198533 0.645854
0.0868941 0.122933 0.790173
0.099778 0.305825 0.594397
0.137196 0.122981 0.739822
0.133565 0.296553 0.569881
0.188828 0.0642604 0.746912
0.0511408 0.23858 0.710279
9.9991E-05 0.644342 0.355558
0.170924 0.249785 0.579291
0.187479 0.046107 0.766414
0.0750341 0.353229 0.571737
0.224113 0.697388 0.0784995
0.0177899 0.543676 0.438534
0.107859 0.289052 0.603088
0.0853953 0.523463 0.391142
0.143883 0.555127 0.30099
0.193078 0.415124 0.391798
0.251233 0.217459 0.531308
0.0130795 0.51295 0.47397
0.0764119 0.262805 0.660783
0.0865006 0.142785 0.770714
0.248083 9.9991E-05 0.751817
0.0634501 0.523302 0.413248
0.103378 0.703115 0.193507
0.260892 0.635216 0.103893
0.0358489 0.522247 0.441904
0.124923 0.636829 0.238248
0.143951 0.414177 0.441873
0.0883983 0.514175 0.397426
0.514914 0.326325 0.158761
0.508306 0.37161 0.120084
0.228903 0.505565 0.265532
0.441519 0.329343 0.229138
0.551948 0.170632 0.27742
0.145889 0.47714 0.376971
0.223216 0.338825 0.43796
0.381159 0.31394 0.304901
0.431835 0.344476 0.223688
0.103595 0.506639 0.389765
0.332426 0.466238 0.201336
0.656682 0.27213 0.0711887
0.0930425 0.444766 0.462191
0.191009 0.375746 0.433244
0.264338 0.270684 0.464979
0.0998801 0.288504 0.611615
0.120299 0.383239 0.496462
0.10619 0.307888 0.585922
0.315088 0.216137 0.468775
0.124982 0.363006 0.512012
0.184418 0.219766 0.595815
0.274509 0.266444 0.459048
0.190131 0.509013 0.300856
0.0560612 0.431327 0.512612
0.106242 0.408262 0.485496
0.0876249 0.478797 0.433578
0.247901 0.159567 0.592532
0.153775 0.341713 0.504513
0.388542 0.218227 0.393231
0.15306 0.357573 0.489368
0.271543 0.202719 0.525738
0.83579 0.124776 0.0394338
0.337367 0.662533 9.9991E-05
0.291341 0.708559 9.9991E-05
0.290017 0.709883 9.9991E-05
0.224314 0.775586 9.9991E-05
0.242048 0.757852 9.9991E-05
0.200223 0.799677 9.9991E-05
0.259414 0.740486 9.9991E-05
0.432728 0.567172 9.9991E-05
0.877294 9.9991E-05 0.122606
0.820627 0.0811023 0.098271
0.865194 9.9991E-05 0.134706
0.858967 0.109023 0.0320105
0.889443 9.9991E-05 0.110457
0.900798 0.0127706 0.0864316
0.770073 9.9991E-05 0.229827
0.823187 9.9991E-05 0.176713
0.759917 0.098163 0.14192
0.868338 9.9991E-05 0.131562
0.965602 9.9991E-05 0.0342983
0.841308 0.027512 0.13118
0.890975 9.9991E-05 0.108925
0.87137 9.9991E-05 0.12853
0.841167 9.9991E-05 0.158733
0.790639 9.9991E-05 0.209261
0.709493 9.9991E-05 0.290407
0.707046 9.9991E-05 0.292854
0.765791 9.9991E-05 0.234109
0.169983 0.590305 0.239712
0.00726932 0.563045 0.429686
0.00885927 0.535271 0.45587
0.202487 0.776939 0.0205739
0.122164 0.561601 0.316235
0.294712 0.62377 0.0815178
0.0209973 0.557079 0.421924
0.103055 0.726986 0.169959
0.118867 0.651178 0.229955
9.9991E-05 0.696881 0.303019
0.132677 0.652597 0.214726
0.0345191 0.595551 0.36993
0.0322119 0.622829 0.344959
0.163688 0.836212 9.9991E-05
0.213199 0.786701 9.9991E-05
0.245483 0.714917 0.0396001
0.0645162 0.496728 0.438755
0.0615051 0.590204 0.348291
0.135675 0.569493 0.294832
9.9991E-05 0.52523 0.47467
0.130243 0.357412 0.512345
0.113537 0.315923 0.57054
0.454737 0.295205 0.250059
0.0497986 0.52255 0.427651
0.204415 0.372418 0.423167
0.614642 0.232722 0.152636
0.27434 0.299865 0.425795
0.358999 0.323462 0.317539
0.274144 0.363396 0.36246
0.0745881 0.401126 0.524286
0.185107 0.309758 0.505135
0.0634511 0.380005 0.556544
0.137894 0.461866 0.400241
0.449501 0.171667 0.378832
