9.9991E-05 0.0774308 0.922469
9.999E-05 0.0461348 0.953765
0.00601664 0.181229 0.812754
0.0103241 0.155855 0.833821
9.9991E-05 0.132077 0.867823
0.159859 0.123423 0.716718
0.0601616 0.0297765 0.910062
0.133102 0.0408405 0.826057
0.0489382 9.9991E-05 0.950962
0.146493 0.135622 0.717885
0.160721 0.00922802 0.830051
0.72693 0.179818 0.0932521
0.577826 0.422074 9.9991E-05
0.680038 0.165749 0.154213
0.591394 0.296278 0.112328
0.470546 0.351716 0.177738
0.47004 0.52986 9.9991E-05
0.68027 0.310582 0.00914834
0.554055 0.239631 0.206314
0.778149 9.9991E-05 0.221751
0.663713 0.291999 0.0442873
0.615753 0.371058 0.0131896
0.602575 0.378981 0.0184442
0.721257 0.20488 0.0738635
0.516529 0.483371 9.9991E-05
0.547784 0.433119 0.0190971
0.682952 0.122115 0.194933
0.624041 0.23884 0.137118
0.78169 0.106728 0.111582
9.9991E-05 0.175572 0.824328
9.9991E-05 0.155792 0.844108
0.0186797 0.180722 0.800599
0.0097603 0.224928 0.765312
0.634205 0.365695 9.9991E-05
0.604608 0.392518 0.00287451
0.633786 0.366114 9.9991E-05
0.76935 0.0385478 0.192102
0.75284 0.24706 9.9991E-05
0.605002 0.292963 0.102035
0.503262 0.496638 9.9991E-05
0.564063 0.352838 0.083099
0.540537 0.425658 0.0338043
0.858289 0.0672432 0.0744682
0.556937 0.442963 9.9991E-05
0.593984 0.405916 9.9991E-05
0.5391 0.410389 0.050511
0.818168 0.181732 9.9991E-05
0.566702 0.433199 9.9991E-05
0.507209 0.45578 0.0370115
0.851304 9.9991E-05 0.148596
0.871731 0.0500467 0.0782228
0.80129 0.071711 0.126999
0.508631 0.442891 0.0484787
0.504904 0.428999 0.0660972
0.50765 0.465832 0.0265183
0.757502 0.0498705 0.192627
0.643909 0.355991 9.9991E-05
0.560837 0.396084 0.0430783
0.599212 0.210625 0.190163
0.621059 0.0327494 0.346191
0.546054 0.438506 0.0154407
0.591105 0.273449 0.135446
0.795185 9.9991E-05 0.204715
0.654914 0.344986 9.9991E-05
0.53507 0.46483 9.9991E-05
0.516523 0.436429 0.0470479
0.704981 0.191904 0.103116
0.624948 0.345701 0.0293512
0.582357 0.358917 0.058726
0.828166 0.0377402 0.134094
0.747259 0.252641 9.9991E-05
0.881233 0.118667 9.9991E-05
0.625892 0.370497 0.0036109
0.980005 9.9991E-05 0.0198946
0.9998 9.999E-05 9.999E-05
0.833582 0.166318 9.9991E-05
0.693393 0.298596 0.00801144
0.525532 0.42806 0.0464081
0.674315 0.325585 9.9991E-05
0.84731 0.0830422 0.0696475
0.833502 0.0966293 0.0698688
0.653016 0.303209 0.0437752
0.757603 0.169833 0.0725646
0.70136 0.29854 9.9991E-05
0.791566 0.208334 9.9991E-05
0.928648 9.9991E-05 0.0712516
0.626825 0.373075 9.9991E-05
0.0374256 0.153958 0.808616
9.9991E-05 0.11779 0.88211
9.9991E-05 0.169268 0.830632
9.9991E-05 0.102714 0.897186
9.9991E-05 0.150879 0.849021
9.9991E-05 0.106 0.8939
9.9991E-05 0.0981776 0.901722
0.620716 0.299969 0.0793148
0.559901 0.439999 9.9991E-05
0.940049 0.0162847 0.0436664
0.597545 0.324236 0.0782191
0.724875 0.275025 9.9991E-05
0.546332 0.453568 9.9991E-05
0.564746 0.435154 9.9991E-05
0.659672 0.340228 9.9991E-05
0.89769 9.9991E-05 0.10221
0.571229 0.366885 0.0618859
0.483482 0.497259 0.0192589
0.467911 0.475306 0.0567829
0.770918 0.213788 0.0152935
0.662953 0.336947 9.9991E-05
0.702095 0.297805 9.9991E-05
0.715561 0.284339 9.9991E-05
0.76963 0.23027 9.9991E-05
0.549371 0.40425 0.0463791
0.688416 0.110204 0.20138
0.591476 0.281566 0.126959
0.602643 0.308374 0.088983
0.521262 0.412002 0.0667355
0.66399 0.225966 0.110043
0.605751 0.394149 9.9991E-05
0.680283 0.27635 0.0433674
0.570316 0.40374 0.0259442
0.489102 0.474406 0.0364921
0.604597 0.389919 0.00548389
0.68243 0.281708 0.0358614
0.562898 0.436453 0.000649117
0.480112 0.41899 0.100898
0.589261 0.410639 9.9991E-05
0.522322 0.47341 0.00426768
0.590219 0.409681 9.9991E-05
0.602176 0.243493 0.154331
0.580611 0.419289 9.9991E-05
0.523231 0.467811 0.00895789
0.73858 0.149121 0.112299
0.807863 0.074421 0.117716
0.614598 0.35262 0.032782
0.884058 0.0540164 0.0619255
0.788627 0.0809452 0.130428
0.753252 0.246648 9.9991E-05
0.829752 0.074727 0.0955214
0.753291 0.179167 0.0675415
0.553975 0.413719 0.0323059
0.539884 0.386405 0.0737112
0.624689 0.367685 0.00762556
0.800392 0.105632 0.0939758
0.526237 0.314854 0.158908
0.653086 0.336383 0.0105307
0.716642 9.9991E-05 0.283258
0.490594 0.430727 0.0786782
0.61268 0.230394 0.156926
0.471179 0.371856 0.156965
0.666695 0.123019 0.210286
0.737926 0.0709701 0.191104
0.707544 0.24431 0.0481459
0.530104 0.382835 0.0870615
0.539884 0.342275 0.11784
0.674876 0.123751 0.201373
0.533681 0.395559 0.0707601
0.820936 0.178964 9.9991E-05
0.718591 0.273325 0.00808372
0.627096 0.337028 0.035876
0.237461 0.336517 0.426022
0.0884979 0.154647 0.756855
0.168303 0.111552 0.720145
0.127398 0.37268 0.499921
0.614867 0.385033 9.9991E-05
0.570923 0.394368 0.0347088
0.0308292 0.969071 9.9991E-05
0.292474 0.633486 0.0740405
0.300161 0.630576 0.0692635
0.741939 0.195808 0.0622523
0.534094 0.360982 0.104924
0.777234 0.134554 0.0882125
0.606431 0.393469 9.9991E-05
0.688522 0.30675 0.00472823
0.638898 0.361002 9.9991E-05
0.844318 0.109555 0.0461278
0.472879 0.496729 0.0303929
0.557295 0.37918 0.0635242
9.9991E-05 0.954125 0.0457747
9.9991E-05 0.924358 0.0755421
0.108832 0.805677 0.0854911
0.0432909 0.905143 0.0515664
0.00739147 0.898171 0.0944376
9.9991E-05 0.940635 0.0592652
9.9991E-05 0.888376 0.111524
9.9991E-05 0.989834 0.0100665
9.9991E-05 0.943187 0.0567134
9.9991E-05 0.946626 0.0532739
9.9991E-05 0.957557 0.0423433
9.9991E-05 0.89849 0.10141
9.9991E-05 0.864767 0.135133
9.9991E-05 0.915033 0.0848672
0.322061 0.557957 0.119982
0.100831 0.787205 0.111964
9.9991E-05 0.825538 0.174362
9.9991E-05 0.921816 0.0780839
9.9991E-05 0.936042 0.0638584
9.9991E-05 0.906718 0.0931819
9.9991E-05 0.939201 0.0606985
0.103953 0.782469 0.113579
9.9991E-05 0.876347 0.123553
0.449802 0.0353542 0.514844
0.475571 0.303909 0.220521
0.432226 0.343557 0.224216
0.481599 0.172963 0.345438
0.429479 0.395456 0.175065
0.432798 0.197252 0.36995
0.413075 0.376697 0.210229
0.374908 0.430478 0.194614
0.421825 0.444583 0.133593
0.384209 0.423102 0.192689
0.46525 0.356226 0.178524
0.066622 0.0490827 0.884295
9.9991E-05 0.0910617 0.908838
9.9991E-05 0.0128078 0.987092
9.9991E-05 0.0416646 0.958235
9.9991E-05 0.0945173 0.905383
9.9991E-05 0.0925145 0.907385
9.9991E-05 0.104727 0.895173
9.9991E-05 0.0737097 0.92619
9.9991E-05 0.118281 0.881619
9.9991E-05 0.1442 0.8557
0.278645 9.9991E-05 0.721255
0.290323 9.9991E-05 0.709577
0.353188 9.9991E-05 0.646712
0.415599 9.9991E-05 0.584301
0.699247 0.300653 9.9991E-05
0.67722 0.315978 0.00680195
0.674889 0.325011 9.9991E-05
0.780643 0.216555 0.00280261
0.857131 0.00423251 0.138637
0.602191 0.397709 9.9991E-05
0.628791 0.371109 9.9991E-05
0.651108 0.348792 9.9991E-05
0.710364 0.289536 9.9991E-05
0.596615 0.403285 9.9991E-05
0.748851 0.251049 9.9991E-05
0.962712 9.9991E-05 0.0371877
0.693454 0.306446 9.9991E-05
0.832682 0.144631 0.0226878
0.680047 0.319853 9.9991E-05
0.892953 0.00566806 0.101379
0.685545 9.9991E-05 0.314355
0.695533 9.9991E-05 0.304367
0.75914 9.9991E-05 0.24076
0.676524 9.9991E-05 0.323376
0.776866 9.9991E-05 0.223034
0.714051 0.0168497 0.269099
9.9991E-05 0.155057 0.844843
9.9991E-05 0.1718 0.8281
9.9991E-05 0.253618 0.746282
9.9991E-05 0.174091 0.825809
9.9991E-05 0.180502 0.819398
0.449022 9.9991E-05 0.550878
0.351807 9.9991E-05 0.648093
0.439812 9.9991E-05 0.560088
9.9991E-05 0.17471 0.82519
0.45039 9.9991E-05 0.54951
0.182797 0.54321 0.273993
0.311681 0.581153 0.107166
0.145937 0.74364 0.110423
0.292531 0.461289 0.246181
0.328273 0.55581 0.115917
0.0555738 0.36159 0.582836
0.764403 0.207546 0.0280504
0.763495 0.177396 0.0591089
0.712551 0.111637 0.175812
0.744288 0.244045 0.0116671
0.898073 9.9991E-05 0.101827
0.522174 0.404806 0.0730205
0.68444 0.305274 0.0102859
0.80168 0.125563 0.072757
0.560433 0.360961 0.0786055
0.867561 0.00681183 0.125627
0.620282 0.363045 0.0166738
0.643403 0.356497 9.9991E-05
0.395211 0.42752 0.177269
0.753304 0.238347 0.00834896
0.66118 0.26878 0.07004
0.622361 0.377539 9.9991E-05
0.687813 0.312087 9.9991E-05
0.592574 0.407326 9.9991E-05
0.558131 0.344119 0.0977497
0.470589 0.436526 0.0928851
9.9991E-05 0.203147 0.796753
0.000941345 0.162969 0.83609
0.0798735 0.0749856 0.845141
0.0656698 0.106536 0.827794
0.00257284 0.15232 0.845107
0.754295 0.0759225 0.169782
0.619427 0.365691 0.0148818
0.381279 0.412689 0.206031
0.52265 0.47725 9.9991E-05
0.636232 0.330389 0.0333791
0.645011 0.241828 0.113161
0.714021 9.9991E-05 0.285879
0.635955 0.344731 0.0193143
0.714927 0.0691329 0.21594
0.629762 0.282976 0.0872622
0.714339 0.0190944 0.266566
0.514005 0.470946 0.0150483
0.719363 0.0773981 0.203238
0.61818 0.247789 0.134031
0.652332 0.299021 0.0486474
0.738363 0.171911 0.0897256
0.634643 0.365257 9.9991E-05
0.599427 0.348464 0.0521091
0.777455 0.188856 0.0336894
0.674342 0.308062 0.0175966
0.684672 0.291697 0.0236312
0.936318 9.9991E-05 0.0635821
0.837122 0.14164 0.0212378
0.700074 0.284905 0.0150211
0.864425 0.0326307 0.102945
0.761928 0.232397 0.00567486
0.802088 0.053194 0.144718
0.876738 0.123162 9.9991E-05
0.691273 0.19291 0.115817
0.490044 0.509856 9.9991E-05
0.88057 0.0623405 0.0570897
0.559225 0.371327 0.0694485
0.53145 0.419587 0.0489632
0.642578 0.317282 0.0401403
0.641744 0.351639 0.00661691
0.626654 0.324223 0.0491229
0.745644 0.186966 0.0673903
0.695086 0.219946 0.0849682
0.598901 0.400999 9.9991E-05
0.594732 0.353608 0.0516597
0.682233 0.238989 0.0787781
0.591185 0.408715 9.9991E-05
0.64507 0.208867 0.146063
0.59557 0.389387 0.0150428
0.557136 0.370409 0.0724543
0.5757 0.382815 0.0414843
0.192541 0.434758 0.372701
0.356123 0.497613 0.146264
0.394552 0.386489 0.218959
0.421031 0.537229 0.0417397
0.271291 0.53959 0.189119
0.712853 0.287047 9.9991E-05
0.390695 0.480525 0.12878
0.448083 0.134347 0.41757
0.388173 0.538899 0.0729285
0.424462 0.54337 0.0321676
0.373888 0.600482 0.0256302
0.386104 0.342876 0.27102
0.312352 0.530239 0.157409
0.269221 0.534306 0.196473
0.186757 0.12566 0.687584
0.329287 0.533396 0.137317
0.327419 0.521899 0.150682
0.401133 0.511633 0.0872332
0.291522 0.552183 0.156295
0.395429 0.50133 0.103241
0.638773 0.361127 9.9991E-05
0.634552 0.30872 0.0567276
0.96985 9.9991E-05 0.0300503
0.921576 9.9991E-05 0.0783235
0.636899 0.331986 0.0311147
0.263109 0.598829 0.138061
0.313974 0.572276 0.11375
0.290435 0.477103 0.232462
0.331082 0.488703 0.180215
0.666441 0.167004 0.166555
0.601874 0.234941 0.163184
0.514436 0.473727 0.0118369
0.546265 0.414587 0.0391477
0.617056 0.264579 0.118364
0.542725 0.452984 0.00429166
0.513632 0.452949 0.033419
0.476723 0.386003 0.137274
0.806481 0.181348 0.0121703
0.738601 0.261299 9.9991E-05
0.611345 0.363672 0.024983
0.65847 0.267178 0.0743528
0.553982 0.397001 0.0490176
0.674998 0.301529 0.0234734
0.897521 0.0992793 0.00319993
0.578891 0.382842 0.0382676
0.810325 0.149471 0.0402034
0.698616 0.296391 0.00499328
0.528244 0.402584 0.0691723
0.688871 0.297927 0.0132017
0.363045 0.477593 0.159362
0.353189 0.476837 0.169974
0.326498 0.474902 0.198601
0.365395 0.459912 0.174693
0.382698 0.447396 0.169905
0.402298 0.447747 0.149955
0.487998 0.166279 0.345723
0.336419 0.592837 0.0707447
0.323682 0.171002 0.505316
0.408602 0.549698 0.0417003
0.944294 0.0432403 0.0124656
0.918624 9.9991E-05 0.0812762
0.731288 0.268612 9.9991E-05
0.632552 0.367348 9.9991E-05
0.769601 0.230299 9.9991E-05
0.682273 0.317627 9.9991E-05
0.670968 0.328932 9.9991E-05
9.9991E-05 0.170791 0.829109
0.0328982 0.175493 0.791609
9.9991E-05 0.109501 0.890399
9.9991E-05 0.0720927 0.927807
0.66001 0.330393 0.00959707
0.575048 0.355062 0.069889
0.735256 0.264644 9.9991E-05
0.589709 0.394885 0.0154063
0.560163 0.388938 0.0508986
0.807983 0.147334 0.0446825
0.637328 0.362572 9.9991E-05
0.782345 0.217555 9.9991E-05
0.33395 0.454918 0.211132
0.694364 0.305536 9.9991E-05
0.809805 0.190095 9.9991E-05
0.603709 0.396191 9.9991E-05
0.796114 0.203786 9.9991E-05
0.640015 0.359885 9.9991E-05
0.591879 0.405549 0.00257232
0.971794 0.0281056 9.9991E-05
0.803835 0.184842 0.011323
0.762112 0.191839 0.0460488
0.984404 9.9991E-05 0.0154957
0.750895 0.247127 0.00197755
0.883707 0.0878278 0.0284652
0.935261 9.9991E-05 0.0646393
0.561491 0.437071 0.00143798
0.846965 0.0804134 0.0726219
0.688592 0.311308 9.9991E-05
0.504232 0.443703 0.0520645
0.668082 0.331818 9.9991E-05
0.74491 0.25499 9.9991E-05
0.650856 0.349044 9.9991E-05
0.680588 0.315664 0.00374771
0.852466 0.147434 9.9991E-05
0.609408 0.342972 0.0476199
0.270194 9.9991E-05 0.729706
0.182322 0.0272227 0.790455
0.0857832 9.9991E-05 0.914117
0.116411 9.9991E-05 0.883489
0.18022 0.0113553 0.808425
0.844921 0.0548587 0.10022
0.892778 0.053596 0.0536257
0.878109 0.121791 9.9991E-05
0.474492 0.45614 0.0693676
0.573965 0.38 0.0460347
0.825941 0.17339 0.000669084
0.59264 0.40726 9.9991E-05
0.674312 0.325588 9.9991E-05
0.650933 0.348968 9.9991E-05
0.596055 0.391728 0.0122175
0.852503 0.145242 0.00225509
0.811745 0.188155 9.9991E-05
0.820295 0.179605 9.9991E-05
0.565086 0.363864 0.0710504
0.77997 0.21993 9.9991E-05
0.682122 0.317778 9.9991E-05
0.262118 0.684639 0.0532428
0.244161 0.720147 0.0356916
0.082018 0.751318 0.166664
0.11274 0.733521 0.153739
0.245034 0.597433 0.157534
0.624812 0.375088 9.9991E-05
9.9991E-05 0.632175 0.367725
0.113477 0.688383 0.19814
0.425474 0.401589 0.172937
0.541898 0.369509 0.0885926
0.623916 0.239134 0.13695
0.54311 0.424686 0.032204
0.54431 0.427001 0.0286884
9.9991E-05 0.750824 0.249076
0.286512 0.591995 0.121493
0.131774 0.816577 0.0516492
0.292238 0.619433 0.088329
0.146674 0.689014 0.164313
0.244937 0.615755 0.139308
0.102159 0.735064 0.162777
0.26735 0.650156 0.0824941
0.531853 0.448353 0.0197935
0.254026 0.604428 0.141547
9.9991E-05 0.776739 0.223161
0.280584 0.570439 0.148978
0.682508 0.0668638 0.250628
0.56748 0.43242 9.9991E-05
0.279857 0.515969 0.204174
0.541616 0.382082 0.0763026
0.527194 0.346985 0.125821
0.335302 0.466899 0.197799
0.243739 0.508788 0.247473
0.51584 0.42332 0.0608397
0.27488 0.627307 0.0978137
0.129001 0.734693 0.136307
0.0434801 0.699542 0.256977
0.56736 0.42992 0.00271979
0.623019 0.265964 0.111017
0.629116 0.141338 0.229546
0.523315 0.43796 0.0387245
0.559895 0.28823 0.151876
0.370572 0.387095 0.242334
0.493407 0.357552 0.149041
0.32256 0.188544 0.488896
0.329379 0.155765 0.514856
0.495832 0.263209 0.240959
0.288727 0.22674 0.484533
0.126355 0.277683 0.595961
0.485673 0.339573 0.174754
0.36415 0.403657 0.232193
0.300393 0.296154 0.403453
0.35881 0.222807 0.418384
0.510659 0.419837 0.0695046
0.464736 0.261633 0.273631
0.256502 0.0519825 0.691516
0.336984 0.484372 0.178644
0.375665 0.395586 0.22875
0.235593 0.51052 0.253888
0.188538 0.6408 0.170662
0.286515 0.561565 0.15192
0.247992 0.570349 0.18166
0.184192 0.455236 0.360572
0.250853 0.565018 0.184129
0.196927 0.557765 0.245308
0.301356 0.450352 0.248292
0.463938 0.354999 0.181062
0.402437 0.412996 0.184568
0.332127 0.543491 0.124382
0.439302 0.560598 9.9991E-05
0.182675 0.508462 0.308863
0.323236 0.566404 0.11036
0.186267 0.361717 0.452016
0.395503 0.498249 0.106248
0.213758 0.496243 0.289999
0.149531 0.01934 0.831129
0.737377 9.9991E-05 0.262523
0.762934 9.9991E-05 0.236966
0.734373 9.9991E-05 0.265527
0.778984 9.9991E-05 0.220916
0.733119 9.9991E-05 0.266781
0.831188 9.9991E-05 0.168712
0.717099 9.9991E-05 0.282801
0.550498 9.9991E-05 0.449402
9.9991E-05 0.0762981 0.923602
0.0800767 0.0610788 0.858844
9.9991E-05 0.10625 0.89365
0.0910584 0.0274501 0.881492
9.9991E-05 0.0881175 0.911782
0.0106884 0.0325145 0.956797
9.9991E-05 0.228062 0.771838
9.9991E-05 0.115049 0.884851
0.146222 0.0948755 0.758903
9.9991E-05 0.0899292 0.909971
9.9991E-05 0.0199105 0.97999
0.00634559 0.116454 0.8772
9.9991E-05 0.0156762 0.984224
9.9991E-05 0.0932622 0.906638
9.9991E-05 0.160614 0.839286
9.9991E-05 0.158411 0.841489
9.9991E-05 0.23175 0.76815
9.9991E-05 0.216043 0.783857
9.9991E-05 0.194403 0.805497
0.562344 0.280789 0.156868
0.503303 0.470268 0.0264296
0.511574 0.450032 0.0383937
0.731402 0.0878952 0.180703
0.639055 0.276968 0.0839772
0.644544 0.0683659 0.28709
0.484344 0.460291 0.055365
0.655346 0.254307 0.0903472
0.623346 0.306952 0.0697024
0.733782 0.266118 9.9991E-05
0.60023 0.263793 0.135976
0.523956 0.475944 9.9991E-05
0.59449 0.359527 0.0459834
0.872588 0.0119925 0.115419
0.776666 9.9991E-05 0.223234
0.710958 0.0823156 0.206727
0.449825 0.449296 0.100879
0.529214 0.391921 0.0788646
0.584771 0.2676 0.14763
0.521225 0.478675 9.9991E-05
0.314053 0.537456 0.148491
0.316946 0.565731 0.117323
0.304553 0.236648 0.458799
0.512555 0.42677 0.0606749
0.399901 0.408819 0.19128
0.22877 0.138156 0.633073
0.28508 0.454504 0.260416
0.252788 0.382272 0.36494
0.383838 0.32015 0.296013
0.362947 0.513012 0.12404
0.32312 0.519332 0.157548
0.355892 0.621484 0.0226241
0.368359 0.437725 0.193916
0.146916 0.380138 0.472947
