0.180639 0.0397299 0.0786793 9.9955E-05 9.9955E-05 9.9955E-05 0.581283 0.119169 9.9955E-05 9.9955E-05
0.10663 9.9973E-05 0.0878128 9.9973E-05 0.353061 0.0120389 0.0680933 0.0790182 0.293046 9.9973E-05
9.99201E-05 9.99201E-05 9.99201E-05 9.99201E-05 9.99201E-05 9.99201E-05 9.99201E-05 9.99201E-05 0.999101 9.99201E-05
0.348166 0.0927765 9.9946E-05 9.9946E-05 0.50036 9.9946E-05 9.9946E-05 0.058098 9.9946E-05 9.9946E-05
0.219438 0.10029 0.0163719 9.9991E-05 0.145716 0.0435201 0.152225 0.0393392 0.238375 0.0446245
0.171082 0.0184494 0.250062 0.0181455 0.290089 0.0670379 0.0266862 9.9991E-05 0.0823356 0.076012
0.413519 0.0109455 9.9955E-05 9.9955E-05 9.9955E-05 9.9955E-05 0.0980089 9.9955E-05 0.30851 0.168517
9.9946E-05 9.9946E-05 0.0462181 9.9946E-05 0.0417947 0.0113805 9.9946E-05 9.9946E-05 0.900007 9.9946E-05
0.232227 9.9973E-05 0.135292 0.0710477 0.128678 0.0210034 9.9973E-05 0.00612339 0.405329 9.9973E-05
0.120905 0.0449907 0.0994624 0.0287045 9.9991E-05 0.04077 0.539492 0.0614838 0.0252965 0.0387959
9.99459E-05 9.99459E-05 9.99459E-05 9.99459E-05 9.99459E-05 9.99459E-05 0.503774 0.110038 0.321512 0.0640758
9.9964E-05 0.0996624 0.0830641 0.117001 9.9964E-05 9.9964E-05 9.9964E-05 0.128113 0.561638 0.0101215
0.264026 9.9964E-05 0.0080447 9.9964E-05 0.499839 0.0564634 9.9964E-05 0.132659 9.9964E-05 0.038569
0.255012 9.9946E-05 9.9946E-05 9.9946E-05 0.415518 9.9946E-05 9.9946E-05 9.9946E-05 0.273891 0.0549794
0.0317425 9.99549E-05 9.99549E-05 9.99549E-05 0.259364 9.99549E-05 0.336526 9.99549E-05 0.302273 0.0695945
0.13092 9.9964E-05 0.165941 9.9964E-05 0.265529 9.9964E-05 0.235239 0.105164 9.9964E-05 0.0968069
0.00928178 0.617136 0.0256325 9.9964E-05 0.133841 9.9964E-05 0.103648 0.11006 9.9964E-05 9.9964E-05
9.99201E-05 0.999101 9.99201E-05 9.99201E-05 9.99201E-05 9.99201E-05 9.99201E-05 9.99201E-05 9.99201E-05 9.99201E-05
9.99201E-05 0.999101 9.99201E-05 9.99201E-05 9.99201E-05 9.99201E-05 9.99201E-05 9.99201E-05 9.99201E-05 9.99201E-05
9.9955E-05 0.697549 0.0690459 9.9955E-05 0.0806723 9.9955E-05 9.9955E-05 0.12519 9.9955E-05 0.027043
0.894147 9.9946E-05 0.0283 9.9946E-05 9.9946E-05 9.9946E-05 0.0364843 0.0404688 9.9946E-05 9.9946E-05
0.0429765 9.9964E-05 0.000101337 9.9964E-05 0.403396 9.9964E-05 0.193894 0.217128 0.142105 9.9964E-05
0.0412609 9.9937E-05 9.9937E-05 9.9937E-05 0.161141 9.9937E-05 9.9937E-05 0.796899 9.9937E-05 9.9937E-05
9.9955E-05 9.9955E-05 0.0193646 9.9955E-05 0.282336 0.0129447 0.139474 0.545381 9.9955E-05 9.9955E-05
0.0525595 9.9982E-05 9.9982E-05 0.0367293 0.193103 0.0541824 0.105664 0.48874 0.0367215 0.0321004
0.732667 9.9946E-05 9.9946E-05 0.118478 9.9946E-05 9.9946E-05 9.9946E-05 0.00145153 0.146803 9.9946E-05
0.262729 0.0472052 0.0543265 9.9973E-05 0.453535 0.0142002 0.0866032 0.0811009 9.9973E-05 9.9973E-05
0.590624 0.117545 9.9946E-05 0.192294 9.9946E-05 9.9946E-05 9.9946E-05 9.9946E-05 0.0989369 9.9946E-05
0.458471 0.0168542 0.0266821 9.9946E-05 0.497393 9.9946E-05 9.9946E-05 9.9946E-05 9.9946E-05 9.9946E-05
0.72078 9.9964E-05 0.0034869 0.0486226 0.0776191 9.9964E-05 9.9964E-05 0.0781357 0.0709562 9.9964E-05
0.313008 9.9964E-05 0.112845 9.9964E-05 0.171938 9.9964E-05 0.257952 0.0303225 0.113535 9.9964E-05
0.316826 9.9946E-05 9.9946E-05 0.00725596 9.9946E-05 0.011313 9.9946E-05 9.9946E-05 0.664006 9.9946E-05
0.549481 9.9946E-05 0.0224773 9.9946E-05 0.242498 9.9946E-05 9.9946E-05 0.184944 9.9946E-05 9.9946E-05
0.758043 9.9964E-05 0.135134 0.0176403 0.0535787 9.9964E-05 9.9964E-05 0.0344664 9.9964E-05 0.000737838
9.9937E-05 9.9937E-05 0.0413532 9.9937E-05 9.9937E-05 9.9937E-05 0.0993774 0.85857 9.9937E-05 9.9937E-05
9.9937E-05 9.9937E-05 0.0345288 9.9937E-05 9.9937E-05 9.9937E-05 0.0819025 0.882869 9.9937E-05 9.9937E-05
0.191243 0.00139119 0.11703 0.0228652 0.075723 0.0468885 0.0170474 0.527612 9.9982E-05 9.9982E-05
0.0130131 9.9964E-05 0.296463 9.9964E-05 0.0624174 0.000703265 0.10446 0.522544 9.9964E-05 9.9964E-05
0.0212414 9.9955E-05 0.121917 0.0214985 0.0724176 9.9955E-05 9.9955E-05 0.762425 9.9955E-05 9.9955E-05
9.9937E-05 9.9937E-05 9.9937E-05 9.9937E-05 9.9937E-05 0.0299807 9.9937E-05 0.939217 9.9937E-05 0.0301025
9.9937E-05 0.0475661 9.9937E-05 9.9937E-05 0.0275557 9.9937E-05 9.9937E-05 0.924179 9.9937E-05 9.9937E-05
0.0178541 9.9955E-05 0.0182246 9.9955E-05 0.0254932 9.9955E-05 0.0465069 0.891421 9.9955E-05 9.9955E-05
9.9937E-05 9.9937E-05 9.9937E-05 9.9937E-05 0.0366979 9.9937E-05 9.9937E-05 0.948283 0.0143195 9.9937E-05
9.9937E-05 0.0413009 9.9937E-05 9.9937E-05 0.00641292 9.9937E-05 9.9937E-05 0.951587 9.9937E-05 9.9937E-05
9.99281E-05 9.99281E-05 9.99281E-05 9.99281E-05 9.99281E-05 9.99281E-05 9.99281E-05 0.98673 9.99281E-05 0.0124709
0.00486088 9.9964E-05 0.0408484 9.9964E-05 0.134745 9.9964E-05 0.0314947 0.780079 0.00757248 9.9964E-05
0.00423108 9.9955E-05 0.124312 9.9955E-05 0.0997283 9.9955E-05 9.9955E-05 0.693339 9.9955E-05 0.0778896
9.99201E-05 9.99201E-05 9.99201E-05 9.99201E-05 9.99201E-05 9.99201E-05 9.99201E-05 0.999101 9.99201E-05 9.99201E-05
0.189261 9.9964E-05 0.0674033 9.9964E-05 9.9964E-05 0.00379731 0.298232 0.406734 9.9964E-05 0.0341728
9.9955E-05 9.9955E-05 0.121318 9.9955E-05 0.0693788 9.9955E-05 0.124756 0.638844 0.0452026 9.9955E-05
0.0330602 9.9964E-05 0.176084 9.9964E-05 9.9964E-05 0.0592446 0.000776624 0.6875 0.0429346 9.9964E-05
0.0152549 0.00554588 0.037467 0.0188747 9.9973E-05 9.9973E-05 0.00164912 0.91481 0.00609857 9.9973E-05
9.9937E-05 9.9937E-05 0.227477 9.9937E-05 9.9937E-05 9.9937E-05 0.0289355 0.742888 9.9937E-05 9.9937E-05
9.9946E-05 0.060641 0.0582702 9.9946E-05 9.9946E-05 9.9946E-05 0.0793311 0.801158 9.9946E-05 9.9946E-05
9.9937E-05 0.0170165 9.9937E-05 9.9937E-05 9.9937E-05 9.9937E-05 9.9937E-05 0.974365 0.00791944 9.9937E-05
9.9973E-05 9.9973E-05 0.197646 0.0606295 0.0831025 0.00986187 0.0860775 0.548131 0.0142519 9.9973E-05
9.9928E-05 9.9928E-05 9.9928E-05 0.0720477 9.9928E-05 9.9928E-05 9.9928E-05 0.927153 9.9928E-05 9.9928E-05
9.9946E-05 0.557458 9.9946E-05 0.0541465 9.9946E-05 9.9946E-05 9.9946E-05 9.9946E-05 0.33395 0.0538454
9.9964E-05 0.124257 0.0981631 9.9964E-05 0.267429 0.166413 9.9964E-05 0.00210024 0.341237 9.9964E-05
0.0380042 0.400629 0.0879529 9.9964E-05 0.368101 9.9964E-05 9.9964E-05 0.0456372 0.0592762 9.9964E-05
9.996E-05 0.263051 0.0588858 9.996E-05 0.0777304 9.996E-05 0.1822 9.996E-05 0.294646 0.123087
0.168207 0.0898629 0.15331 9.9973E-05 0.265012 9.9973E-05 0.175513 0.0418161 9.9973E-05 0.105979
0.414322 0.561729 0.00262766 0.0207226 9.9946E-05 9.9946E-05 9.9946E-05 9.9946E-05 9.9946E-05 9.9946E-05
0.0289331 0.126146 0.217121 9.9964E-05 9.9964E-05 9.9964E-05 0.488547 0.0336688 0.105184 9.9964E-05
0.111941 0.361244 9.9946E-05 9.9946E-05 9.9946E-05 9.9946E-05 0.477367 0.0488484 9.9946E-05 9.9946E-05
0.30245 0.202979 0.0438596 9.9973E-05 0.21256 0.105217 0.00328899 0.129346 9.9973E-05 9.9973E-05
0.239789 0.303981 0.234549 9.9964E-05 9.9964E-05 9.9964E-05 0.134589 0.0787312 0.00796134 9.9964E-05
0.0769742 0.153885 0.0966529 9.9973E-05 0.419817 9.9973E-05 9.9973E-05 0.125717 0.0976952 0.0289586
0.607609 9.9964E-05 0.124992 0.0245988 9.9964E-05 9.9964E-05 0.113077 0.0683176 9.9964E-05 0.061006
0.533399 0.0659766 9.9964E-05 0.0272626 9.9964E-05 9.9964E-05 0.0845204 9.9964E-05 0.287873 0.000568055
0.0512351 9.9946E-05 9.9946E-05 9.9946E-05 9.9946E-05 9.9946E-05 0.542277 0.0771316 0.328757 9.9946E-05
0.110347 9.9964E-05 0.203599 9.9964E-05 0.302281 9.9964E-05 0.142517 9.9964E-05 0.176483 0.064373
0.371013 9.9946E-05 0.0114194 9.9946E-05 0.0748206 9.9946E-05 9.9946E-05 9.9946E-05 0.542148 9.9946E-05
0.194915 9.9964E-05 0.0557467 9.9964E-05 0.224342 9.9964E-05 0.147398 0.10649 0.270708 9.9964E-05
0.604241 9.9928E-05 9.9928E-05 9.9928E-05 9.9928E-05 9.9928E-05 0.39496 9.9928E-05 9.9928E-05 9.9928E-05
0.149475 9.9937E-05 9.9937E-05 0.0800626 9.9937E-05 9.9937E-05 9.9937E-05 9.9937E-05 0.769763 9.9937E-05
0.593279 9.9946E-05 9.9946E-05 0.00231632 9.9946E-05 9.9946E-05 9.9946E-05 9.9946E-05 0.321802 0.0820024
0.723518 9.9973E-05 9.9973E-05 0.0513709 0.104104 0.0461986 9.9973E-05 0.0425728 0.0232789 0.0086567
0.397647 9.9946E-05 9.9946E-05 0.00610383 9.9946E-05 9.9946E-05 9.9946E-05 9.9946E-05 0.584093 0.0115558
0.948769 0.0161454 9.9946E-05 9.9946E-05 9.9946E-05 0.0329662 9.9946E-05 9.9946E-05 9.9946E-05 0.00151988
9.9955E-05 0.00412986 9.9955E-05 0.155157 0.741971 0.0981192 9.9955E-05 0.000122629 9.9955E-05 9.9955E-05
9.9964E-05 9.9964E-05 0.156523 9.9964E-05 0.379005 0.0180552 0.366668 9.9964E-05 0.0790763 0.000272567
9.9928E-05 9.9928E-05 9.9928E-05 0.959794 9.9928E-05 9.9928E-05 9.9928E-05 9.9928E-05 9.9928E-05 0.0394068
9.99279E-05 9.99279E-05 9.99279E-05 0.935321 9.99279E-05 9.99279E-05 9.99279E-05 9.99279E-05 0.0638794 9.99279E-05
9.9973E-05 9.9973E-05 0.0858553 0.112325 0.183353 0.00324575 0.456241 0.096861 0.06182 9.9973E-05
0.0697687 9.9955E-05 0.0610887 9.9955E-05 0.193718 0.456237 9.9955E-05 0.218687 9.9955E-05 9.9955E-05
9.9946E-05 9.9946E-05 0.104862 9.9946E-05 0.0228734 0.856317 9.9946E-05 0.0153485 9.9946E-05 9.9946E-05
9.99369E-05 9.99369E-05 9.99369E-05 9.99369E-05 9.99369E-05 0.903612 9.99369E-05 9.99369E-05 0.0449835 0.0507045
9.9937E-05 9.9937E-05 9.9937E-05 9.9937E-05 0.0768101 0.912354 9.9937E-05 0.0101362 9.9937E-05 9.9937E-05
9.9955E-05 0.0206006 9.9955E-05 0.464836 9.9955E-05 0.427552 9.9955E-05 9.9955E-05 0.0739617 0.0125499
9.9946E-05 9.9946E-05 9.9946E-05 0.275319 9.9946E-05 0.489831 0.233799 9.9946E-05 9.9946E-05 0.000450854
9.9928E-05 9.9928E-05 9.9928E-05 9.9928E-05 9.9928E-05 0.122829 0.876372 9.9928E-05 9.9928E-05 9.9928E-05
9.9928E-05 9.9928E-05 9.9928E-05 9.9928E-05 9.9928E-05 0.103203 0.895997 9.9928E-05 9.9928E-05 9.9928E-05
9.9937E-05 9.9937E-05 9.9937E-05 0.381931 9.9937E-05 0.568285 0.0490841 9.9937E-05 9.9937E-05 9.9937E-05
9.9946E-05 9.9946E-05 0.0881563 9.9946E-05 0.210153 0.0742504 0.626841 9.9946E-05 9.9946E-05 9.9946E-05
0.066946 9.9964E-05 9.9964E-05 0.0554191 0.372495 0.105795 0.288449 0.110497 9.9964E-05 9.9964E-05
0.159321 0.0129227 9.9955E-05 0.119851 9.9955E-05 9.9955E-05 0.420487 0.286918 9.9955E-05 9.9955E-05
0.0403046 9.9946E-05 9.9946E-05 0.48471 0.473975 9.9946E-05 9.9946E-05 9.9946E-05 0.000410393 9.9946E-05
0.0034927 0.0161907 9.9964E-05 0.328697 0.505642 0.104632 9.9964E-05 0.0409454 9.9964E-05 9.9964E-05
0.135368 9.9973E-05 0.000419958 0.057232 0.291966 0.0407184 0.377836 0.0961596 9.9973E-05 9.9973E-05
9.9964E-05 0.0644008 0.148278 0.295546 0.424452 9.9964E-05 0.0589112 0.00801289 9.9964E-05 9.9964E-05
0.0880468 9.9973E-05 0.314207 0.19859 0.083433 9.9973E-05 0.178991 0.057079 0.0793536 9.9973E-05
9.9946E-05 9.9946E-05 9.9946E-05 0.094462 0.574268 9.9946E-05 0.22444 9.9946E-05 0.10623 9.9946E-05
9.9946E-05 9.9946E-05 0.00294237 0.648254 9.9946E-05 9.9946E-05 0.303588 9.9946E-05 0.0446162 9.9946E-05
9.9946E-05 0.0381283 9.9946E-05 0.0903657 0.393959 9.9946E-05 0.476947 9.9946E-05 9.9946E-05 9.9946E-05
9.9946E-05 9.9946E-05 9.9946E-05 0.637252 0.328141 9.9946E-05 9.9946E-05 0.0101609 9.9946E-05 0.0238462
9.9946E-05 9.9946E-05 9.9946E-05 0.292231 0.56801 9.9946E-05 0.0823741 9.9946E-05 9.9946E-05 0.0567855
9.9928E-05 0.010932 9.9928E-05 9.9928E-05 0.988269 9.9928E-05 9.9928E-05 9.9928E-05 9.9928E-05 9.9928E-05
9.9946E-05 9.9946E-05 9.9946E-05 0.102522 0.428403 9.9946E-05 0.461449 0.00702692 9.9946E-05 9.9946E-05
9.9964E-05 9.9964E-05 0.099155 0.037657 0.540111 0.121829 9.9964E-05 0.105982 9.9964E-05 0.0948664
0.00694873 0.000649892 0.10491 9.9982E-05 0.246827 9.9982E-05 0.338807 0.124066 0.0872931 0.0902983
0.0557095 0.124227 0.134953 9.9973E-05 0.155332 0.280864 0.119164 0.129449 9.9973E-05 9.9973E-05
9.9955E-05 0.115525 0.140974 9.9955E-05 9.9955E-05 9.9955E-05 0.474255 0.120744 0.148002 9.9955E-05
0.0294156 0.00718236 0.358701 9.9982E-05 0.309549 0.0719169 0.00215514 0.0889271 0.131953 9.9982E-05
9.9964E-05 0.130623 0.219331 0.0493297 0.0547391 0.137465 0.408113 9.9964E-05 9.9964E-05 9.9964E-05
9.9946E-05 0.464922 9.9946E-05 0.484593 0.000193463 0.0496919 9.9946E-05 9.9946E-05 9.9946E-05 9.9946E-05
9.9946E-05 9.9946E-05 0.302003 9.9946E-05 0.595528 0.0985904 9.9946E-05 0.00327856 9.9946E-05 9.9946E-05
9.9937E-05 0.530644 9.9937E-05 0.156497 9.9937E-05 0.31216 9.9937E-05 9.9937E-05 9.9937E-05 9.9937E-05
9.9964E-05 0.000865653 0.20815 0.0427417 0.624484 0.0688318 9.9964E-05 0.0545264 9.9964E-05 9.9964E-05
9.9937E-05 9.9937E-05 9.9937E-05 0.693066 0.280017 9.9937E-05 9.9937E-05 9.9937E-05 9.9937E-05 0.0262175
9.99201E-05 9.99201E-05 9.99201E-05 0.999101 9.99201E-05 9.99201E-05 9.99201E-05 9.99201E-05 9.99201E-05 9.99201E-05
9.9946E-05 9.9946E-05 9.9946E-05 0.339416 0.400415 9.9946E-05 0.244995 0.0145749 9.9946E-05 9.9946E-05
9.9955E-05 0.0179335 9.9955E-05 0.151045 0.411441 0.00151477 0.417566 9.9955E-05 9.9955E-05 9.9955E-05
0.0666043 9.994E-05 9.994E-05 0.380496 0.277906 9.994E-05 0.274395 9.994E-05 9.994E-05 9.994E-05
9.9946E-05 9.9946E-05 9.9946E-05 0.303052 0.455439 9.9946E-05 0.219387 0.0215217 9.9946E-05 9.9946E-05
9.9937E-05 9.9937E-05 9.9937E-05 0.0987517 0.798767 9.9937E-05 0.101782 9.9937E-05 9.9937E-05 9.9937E-05
0.15163 9.9955E-05 0.568621 9.9955E-05 0.050298 0.0873473 9.9955E-05 0.141604 9.9955E-05 9.9955E-05
0.0579289 9.9955E-05 0.463276 9.9955E-05 9.9955E-05 0.120126 0.177338 0.180831 9.9955E-05 9.9955E-05
0.103042 9.9964E-05 0.740721 9.9964E-05 0.00846687 0.0432834 0.103785 9.9964E-05 9.9964E-05 0.000301926
0.0155301 9.9973E-05 0.705876 9.9973E-05 9.9973E-05 0.060305 0.060812 0.0972722 0.0432241 0.0166805
9.9955E-05 9.9955E-05 0.564568 9.9955E-05 0.028238 9.9955E-05 0.267105 0.105771 9.9955E-05 0.0338184
9.9937E-05 0.0658593 0.845461 9.9937E-05 9.9937E-05 0.0879798 9.9937E-05 9.9937E-05 9.9937E-05 9.9937E-05
9.9964E-05 0.00813486 0.871857 0.0615357 9.9964E-05 0.0173998 0.0168565 9.9964E-05 0.0238162 9.9964E-05
9.9937E-05 0.0597622 0.854731 9.9937E-05 0.0848073 9.9937E-05 9.9937E-05 9.9937E-05 9.9937E-05 9.9937E-05
9.9946E-05 9.9946E-05 0.589628 9.9946E-05 0.272394 9.9946E-05 9.9946E-05 0.117604 9.9946E-05 0.0197748
9.9937E-05 9.9937E-05 0.779948 9.9937E-05 0.200298 9.9937E-05 9.9937E-05 0.0190543 9.9937E-05 9.9937E-05
0.0862948 9.9964E-05 0.446442 9.9964E-05 0.28552 0.0738351 9.9964E-05 0.0988305 9.9964E-05 0.00867864
9.9973E-05 0.00616151 0.821054 0.014823 9.9973E-05 9.9973E-05 0.0120816 0.0358709 0.0599099 0.0497995
9.9964E-05 9.9964E-05 0.663452 0.0608459 0.175279 0.0653368 9.9964E-05 9.9964E-05 0.0130265 0.0216608
9.9937E-05 9.9937E-05 0.72185 9.9937E-05 9.9937E-05 0.190374 9.9937E-05 0.087077 9.9937E-05 9.9937E-05
0.00313946 9.99461E-05 0.793157 9.99461E-05 0.199347 9.99461E-05 9.99461E-05 0.00375664 9.99461E-05 9.99461E-05
9.9946E-05 9.9946E-05 0.68242 9.9946E-05 0.134507 0.146489 9.9946E-05 9.9946E-05 9.9946E-05 0.0359848
9.9946E-05 0.0518107 0.883746 0.0340136 9.9946E-05 9.9946E-05 9.9946E-05 9.9946E-05 9.9946E-05 0.0298302
0.268568 9.9955E-05 0.503304 0.0309523 9.9955E-05 0.00885922 9.9955E-05 0.187816 9.9955E-05 9.9955E-05
0.144852 9.9946E-05 0.571252 9.9946E-05 9.9946E-05 0.0917232 9.9946E-05 9.9946E-05 0.191573 9.9946E-05
0.18702 0.0592242 0.395167 9.9964E-05 0.226363 9.9964E-05 9.9964E-05 0.0449409 9.9964E-05 0.0868847
0.0164867 0.208026 0.419124 0.0344381 0.0072696 9.9973E-05 0.292019 0.0223369 9.9973E-05 9.9973E-05
0.00659156 0.0711403 0.577034 9.9973E-05 0.137223 9.9973E-05 9.9973E-05 0.0908038 0.0690231 0.0478843
9.994E-05 9.994E-05 0.725166 9.994E-05 0.195874 9.994E-05 0.026583 0.0517771 9.994E-05 9.994E-05
9.9937E-05 0.093143 0.90017 9.9937E-05 9.9937E-05 9.9937E-05 9.9937E-05 9.9937E-05 9.9937E-05 0.00598777
9.9955E-05 0.137124 0.0791548 9.9955E-05 9.9955E-05 9.9955E-05 0.584908 0.120671 9.9955E-05 0.0776432
9.9964E-05 0.02535 0.173249 9.9964E-05 0.602124 9.9964E-05 0.0202899 9.9964E-05 0.119298 0.0592888
0.0480937 0.133741 9.9946E-05 9.9946E-05 9.9946E-05 9.9946E-05 9.9946E-05 0.0180772 9.9946E-05 0.799489
9.99201E-05 9.99201E-05 9.99201E-05 9.99201E-05 9.99201E-05 9.99201E-05 9.99201E-05 9.99201E-05 9.99201E-05 0.999101
9.9964E-05 9.9964E-05 0.0152036 0.0135491 9.9964E-05 9.9964E-05 0.399532 0.0913065 0.0833339 0.396675
9.9964E-05 0.0313982 0.0204132 0.060527 9.9964E-05 9.9964E-05 0.0232328 0.0653202 9.9964E-05 0.798709
9.9937E-05 0.173006 0.110806 9.9937E-05 9.9937E-05 9.9937E-05 9.9937E-05 9.9937E-05 9.9937E-05 0.715488
0.0169902 0.0412603 9.9973E-05 0.0400153 0.513845 9.9973E-05 9.9973E-05 0.0793209 0.0224685 0.2858
0.0320215 0.0583919 9.9973E-05 9.9973E-05 0.0349921 0.107873 0.491202 0.0988844 9.9973E-05 0.176336
0.124442 0.078224 0.263546 9.996E-05 9.996E-05 9.996E-05 0.147695 9.996E-05 0.0598611 0.325832
9.9937E-05 9.9937E-05 9.9937E-05 9.9937E-05 0.10396 9.9937E-05 9.9937E-05 0.0434512 9.9937E-05 0.851889
0.0292963 9.9964E-05 9.9964E-05 9.9964E-05 0.400079 0.0417975 0.0923465 0.106956 9.9964E-05 0.329124
0.0445661 9.9973E-05 9.9973E-05 0.0343963 9.9973E-05 0.0183224 0.113002 0.0537868 0.0589947 0.676632
9.99201E-05 9.99201E-05 9.99201E-05 9.99201E-05 9.99201E-05 9.99201E-05 9.99201E-05 9.99201E-05 9.99201E-05 0.999101
9.9964E-05 9.9964E-05 0.135149 9.9964E-05 0.0505283 9.9964E-05 0.528849 0.159503 0.0702455 0.0553258
9.9964E-05 9.9964E-05 0.286336 9.9964E-05 0.0920988 0.0186395 0.208545 0.0503452 9.9964E-05 0.343636
