0.0717976 9.9964E-05 0.00439663 0.153266 0.0944002 0.547136 0.128604 9.9964E-05 9.9964E-05 9.9964E-05
9.9955E-05 9.9955E-05 0.124112 9.9955E-05 0.289667 0.473793 0.0948299 0.017099 9.9955E-05 9.9955E-05
9.99201E-05 9.99201E-05 9.99201E-05 9.99201E-05 0.999101 9.99201E-05 9.99201E-05 9.99201E-05 9.99201E-05 9.99201E-05
9.9946E-05 9.9946E-05 0.0592533 0.0679343 9.9946E-05 0.760628 0.111585 9.9946E-05 9.9946E-05 9.9946E-05
0.0828287 9.9946E-05 9.9946E-05 9.9946E-05 0.452995 0.409503 9.9946E-05 9.9946E-05 0.0540736 9.9946E-05
9.999E-05 0.00777226 0.0346375 0.000787659 0.06694 0.679649 0.0548749 0.00755876 0.138643 0.00903689
9.9964E-05 0.00464359 9.9964E-05 0.139802 0.370024 0.321644 9.9964E-05 0.162728 0.000757164 9.9964E-05
9.99201E-05 9.99201E-05 9.99201E-05 9.99201E-05 0.999101 9.99201E-05 9.99201E-05 9.99201E-05 9.99201E-05 9.99201E-05
0.0448146 9.9964E-05 0.0186983 9.9964E-05 0.226596 0.315617 0.140626 0.253249 9.9964E-05 9.9964E-05
0.188403 0.0104144 0.0454074 0.0130779 0.0433927 0.425868 0.0907682 0.113872 0.0686961 9.9991E-05
0.0521816 0.0502135 0.0299354 0.020838 0.156221 0.518975 9.9991E-05 0.0101464 0.141587 0.019802
9.9964E-05 0.052022 0.0819705 0.117212 0.61014 9.9964E-05 0.119703 9.9964E-05 0.0185521 9.9964E-05
9.9973E-05 0.0767485 0.141814 0.0410215 0.0187878 0.607181 9.9973E-05 0.0759214 0.038226 9.9973E-05
9.9937E-05 9.9937E-05 9.9937E-05 9.9937E-05 0.385482 0.512855 9.9937E-05 0.100963 9.9937E-05 9.9937E-05
9.9937E-05 0.0203209 9.9937E-05 9.9937E-05 0.400909 0.57807 9.9937E-05 9.9937E-05 9.9937E-05 9.9937E-05
9.995E-05 0.157337 0.169721 9.995E-05 0.0664892 0.495251 9.995E-05 9.995E-05 9.995E-05 0.110702
0.105879 9.9955E-05 0.0528548 0.560161 9.9955E-05 0.247874 0.0327311 9.9955E-05 9.9955E-05 9.9955E-05
9.99201E-05 9.99201E-05 9.99201E-05 0.999101 9.99201E-05 9.99201E-05 9.99201E-05 9.99201E-05 9.99201E-05 9.99201E-05
9.99201E-05 9.99201E-05 9.99201E-05 0.999101 9.99201E-05 9.99201E-05 9.99201E-05 9.99201E-05 9.99201E-05 9.99201E-05
0.25994 9.9964E-05 0.108361 0.387148 0.0884598 0.0417722 9.9964E-05 9.9964E-05 0.113919 9.9964E-05
9.99281E-05 9.99281E-05 9.99281E-05 9.99281E-05 9.99281E-05 0.718539 9.99281E-05 0.280662 9.99281E-05 9.99281E-05
9.9973E-05 9.9973E-05 0.0789061 9.9973E-05 0.0154736 0.68597 0.0606278 0.0886639 0.0355896 0.0344693
9.99281E-05 9.99281E-05 0.709462 9.99281E-05 9.99281E-05 0.289739 9.99281E-05 9.99281E-05 9.99281E-05 9.99281E-05
9.9946E-05 0.02477 0.329333 9.9946E-05 9.9946E-05 0.626987 9.9946E-05 9.9946E-05 0.0183098 9.9946E-05
0.0778199 9.9973E-05 0.4096 0.0131261 9.9973E-05 0.401873 9.9973E-05 0.074193 0.00221451 0.0208738
9.9946E-05 0.0863223 0.0950836 9.9946E-05 9.9946E-05 0.0399606 9.9946E-05 0.778034 9.9946E-05 9.9946E-05
9.9973E-05 9.9973E-05 0.218346 0.0303483 0.21873 0.403124 0.0813883 9.9973E-05 0.0225162 0.0252478
0.00635062 0.0500388 9.9964E-05 0.0960596 0.014313 9.9964E-05 0.000339117 0.832499 9.9964E-05 9.9964E-05
9.99281E-05 9.99281E-05 9.99281E-05 9.99281E-05 9.99281E-05 0.863794 9.99281E-05 0.135406 9.99281E-05 9.99281E-05
9.9964E-05 0.102664 0.118655 9.9964E-05 9.9964E-05 0.335281 0.00322119 0.426912 0.0128672 9.9964E-05
9.9946E-05 9.9946E-05 0.0501083 9.9946E-05 0.0957707 0.651315 9.9946E-05 0.202206 9.9946E-05 9.9946E-05
9.9964E-05 9.9964E-05 0.0313208 0.0103407 0.0547328 9.9964E-05 0.00566731 0.855005 0.0425338 9.9964E-05
9.9964E-05 0.0171855 0.178822 0.0335416 0.00456602 0.624154 9.9964E-05 0.141331 9.9964E-05 9.9964E-05
0.184962 0.0396516 0.103226 9.9964E-05 9.9964E-05 0.388393 0.064414 0.218954 9.9964E-05 9.9964E-05
0.121803 0.024584 0.845445 0.0075684 9.9946E-05 9.9946E-05 9.9946E-05 9.9946E-05 9.9946E-05 9.9946E-05
0.0350214 9.9955E-05 0.889861 9.9955E-05 9.9955E-05 0.0425952 0.0295785 0.00244428 9.9955E-05 9.9955E-05
0.185249 9.9964E-05 0.556577 9.9964E-05 9.9964E-05 0.0174965 0.179272 0.0464423 9.9964E-05 0.0145634
0.0421989 9.9955E-05 0.675971 9.9955E-05 0.0530931 0.129762 9.9955E-05 9.9955E-05 9.9955E-05 0.0984748
0.166662 9.9946E-05 0.726412 9.9946E-05 9.9946E-05 0.0180843 9.9946E-05 0.0882419 9.9946E-05 9.9946E-05
9.9928E-05 9.9928E-05 0.979326 0.0198748 9.9928E-05 9.9928E-05 9.9928E-05 9.9928E-05 9.9928E-05 9.9928E-05
9.9937E-05 0.0392458 0.954069 9.9937E-05 9.9937E-05 9.9937E-05 9.9937E-05 9.9937E-05 0.00598554 9.9937E-05
0.0775343 9.9937E-05 0.764957 9.9937E-05 9.9937E-05 0.156809 9.9937E-05 9.9937E-05 9.9937E-05 9.9937E-05
9.9928E-05 9.9928E-05 0.957124 9.9928E-05 9.9928E-05 9.9928E-05 9.9928E-05 0.0420762 9.9928E-05 9.9928E-05
9.9928E-05 9.9928E-05 0.981848 0.017353 9.9928E-05 9.9928E-05 9.9928E-05 9.9928E-05 9.9928E-05 9.9928E-05
9.9928E-05 9.9928E-05 0.950117 0.0490832 9.9928E-05 9.9928E-05 9.9928E-05 9.9928E-05 9.9928E-05 9.9928E-05
0.0837921 9.9955E-05 0.680694 9.9955E-05 9.9955E-05 0.128368 9.9955E-05 0.080337 9.9955E-05 0.026309
0.126434 9.9955E-05 0.754156 9.9955E-05 9.9955E-05 0.0240632 0.0379598 9.9955E-05 0.0568864 9.9955E-05
9.99281E-05 9.99281E-05 0.988368 9.99281E-05 0.0108326 9.99281E-05 9.99281E-05 9.99281E-05 9.99281E-05 9.99281E-05
0.20394 9.9955E-05 0.414495 9.9955E-05 9.9955E-05 0.188195 0.035105 0.157766 9.9955E-05 9.9955E-05
0.106723 0.00733598 0.686759 0.0105653 9.9964E-05 0.175439 9.9964E-05 9.9964E-05 0.0127784 9.9964E-05
0.206926 0.103631 0.662709 9.9946E-05 9.9946E-05 0.026134 9.9946E-05 9.9946E-05 9.9946E-05 9.9946E-05
0.0879363 0.00889984 0.854641 9.9946E-05 9.9946E-05 9.9946E-05 9.9946E-05 9.9946E-05 9.9946E-05 0.0479233
0.272576 9.9937E-05 0.72485 0.00187482 9.9937E-05 9.9937E-05 9.9937E-05 9.9937E-05 9.9937E-05 9.9937E-05
0.147333 9.9955E-05 0.787167 0.000660921 9.9955E-05 0.0583692 9.9955E-05 9.9955E-05 0.00597001 9.9955E-05
0.0183803 9.9937E-05 0.954469 0.0264509 9.9937E-05 9.9937E-05 9.9937E-05 9.9937E-05 9.9937E-05 9.9937E-05
9.9973E-05 0.00422787 0.688527 9.9973E-05 0.0248354 0.18096 0.0212786 9.9973E-05 0.0272904 0.0525809
9.9946E-05 9.9946E-05 0.883965 9.9946E-05 0.0187388 9.9946E-05 0.0812699 9.9946E-05 0.0154264 9.9946E-05
9.9937E-05 9.9937E-05 9.9937E-05 0.493757 9.9937E-05 9.9937E-05 9.9937E-05 0.419422 0.0861211 9.9937E-05
9.9973E-05 0.0195835 0.0955758 0.100378 0.236839 0.463413 9.9973E-05 0.0335302 0.0503802 9.9973E-05
9.995E-05 9.995E-05 0.0495886 0.253635 0.135994 0.51046 9.995E-05 9.995E-05 9.995E-05 0.0498235
0.043584 9.9964E-05 9.9964E-05 0.250251 0.216879 0.194367 9.9964E-05 0.164459 0.130059 9.9964E-05
0.115261 9.9955E-05 9.9955E-05 0.201035 9.9955E-05 0.648076 0.00746478 9.9955E-05 0.0276625 9.9955E-05
9.9937E-05 9.9937E-05 9.9937E-05 0.539739 9.9937E-05 0.276514 9.9937E-05 0.183047 9.9937E-05 9.9937E-05
0.131367 0.205005 0.123529 0.113256 9.9964E-05 0.399078 9.9964E-05 9.9964E-05 0.0273636 9.9964E-05
9.9946E-05 9.9946E-05 0.099425 0.391384 9.9946E-05 0.32966 9.9946E-05 0.178931 9.9946E-05 9.9946E-05
0.224895 9.9964E-05 0.0208797 0.161267 9.9964E-05 0.407401 0.0799802 0.105178 9.9964E-05 9.9964E-05
0.0636515 9.9973E-05 0.0322701 0.313359 9.9973E-05 0.473031 0.00783806 0.0757614 0.0337889 9.9973E-05
0.166077 0.0229962 0.0753307 0.0420677 0.210407 0.396789 9.9973E-05 0.0860335 9.9973E-05 9.9973E-05
0.120581 0.0373437 0.0659977 0.00606324 0.123417 0.297336 0.00895849 0.340103 9.9982E-05 9.9982E-05
9.9937E-05 9.9937E-05 0.0611288 0.0512049 9.9937E-05 9.9937E-05 9.9937E-05 0.886967 9.9937E-05 9.9937E-05
9.9955E-05 0.0145828 0.0787698 0.0166785 9.9955E-05 0.51018 9.9955E-05 0.379289 9.9955E-05 9.9955E-05
0.139906 9.9973E-05 0.162519 9.9973E-05 0.0853772 0.209246 0.141023 0.231693 0.0299359 9.9973E-05
9.9955E-05 0.0697909 9.9955E-05 0.00183022 0.216195 0.185448 9.9955E-05 0.526236 9.9955E-05 9.9955E-05
9.9964E-05 0.0255927 0.170171 0.0231181 0.0494245 0.67306 9.9964E-05 0.0582342 9.9964E-05 9.9964E-05
9.9946E-05 9.9946E-05 9.9946E-05 9.9946E-05 9.9946E-05 0.629478 0.0785419 0.26145 0.0299307 9.9946E-05
9.99201E-05 9.99201E-05 9.99201E-05 9.99201E-05 9.99201E-05 9.99201E-05 9.99201E-05 0.999101 9.99201E-05 9.99201E-05
9.9937E-05 9.9937E-05 9.9937E-05 9.9937E-05 9.9937E-05 9.9937E-05 0.0121229 0.961868 9.9937E-05 0.0253093
9.9937E-05 9.9937E-05 0.00864377 9.9937E-05 9.9937E-05 0.348365 9.9937E-05 0.642292 9.9937E-05 9.9937E-05
9.9946E-05 0.19993 9.9946E-05 9.9946E-05 0.133979 9.9946E-05 9.9946E-05 0.661338 0.00415317 9.9946E-05
9.9937E-05 9.9937E-05 9.9937E-05 9.9937E-05 0.0667276 0.364468 9.9937E-05 0.568105 9.9937E-05 9.9937E-05
9.9964E-05 0.16623 0.154486 0.00974896 9.9964E-05 0.204733 0.36615 0.0982516 9.9964E-05 9.9964E-05
0.144745 9.9964E-05 0.0944119 9.9964E-05 9.9964E-05 0.108646 0.442833 0.103209 9.9964E-05 0.105755
9.99201E-05 0.999101 9.99201E-05 9.99201E-05 9.99201E-05 9.99201E-05 9.99201E-05 9.99201E-05 9.99201E-05 9.99201E-05
9.9928E-05 0.984953 9.9928E-05 9.9928E-05 0.0142473 9.9928E-05 9.9928E-05 9.9928E-05 9.9928E-05 9.9928E-05
0.196219 0.522219 0.0411493 9.9955E-05 0.00763903 0.232273 9.9955E-05 9.9955E-05 9.9955E-05 9.9955E-05
0.269623 9.9973E-05 0.0193161 0.0854597 0.0310218 0.470237 9.9973E-05 9.9973E-05 0.0102225 0.11382
0.333152 9.9964E-05 0.0890022 9.9964E-05 9.9964E-05 0.077937 0.00655419 9.9964E-05 0.0108125 0.482142
0.0673264 9.9964E-05 0.164751 0.0765343 0.0281289 9.9964E-05 9.9964E-05 9.9964E-05 0.043356 0.619504
0.234124 9.9946E-05 9.9946E-05 0.0904613 9.9946E-05 0.376592 9.9946E-05 9.9946E-05 9.9946E-05 0.298223
9.9946E-05 0.199271 9.9946E-05 0.00230311 0.0587964 9.9946E-05 9.9946E-05 9.9946E-05 9.9946E-05 0.73903
9.99201E-05 9.99201E-05 9.99201E-05 9.99201E-05 9.99201E-05 9.99201E-05 9.99201E-05 9.99201E-05 9.99201E-05 0.999101
0.056751 0.0666557 9.9955E-05 9.9955E-05 9.9955E-05 0.50789 0.0139922 9.9955E-05 9.9955E-05 0.354211
9.9937E-05 0.0297341 9.9937E-05 9.9937E-05 9.9937E-05 0.329632 9.9937E-05 9.9937E-05 9.9937E-05 0.639935
9.99201E-05 9.99201E-05 9.99201E-05 9.99201E-05 9.99201E-05 9.99201E-05 9.99201E-05 9.99201E-05 9.99201E-05 0.999101
0.0870836 9.9964E-05 0.0150588 9.9964E-05 9.9964E-05 0.540884 0.0973255 9.9964E-05 0.0142558 0.244992
9.9955E-05 0.126882 0.0964306 9.9955E-05 9.9955E-05 0.496774 0.0360952 9.9955E-05 9.9955E-05 0.243319
0.00956714 0.133002 0.264195 9.9973E-05 9.9973E-05 0.114938 9.9973E-05 0.14981 0.0140245 0.314164
0.0105618 0.255637 9.9964E-05 0.0205202 9.9964E-05 0.159466 0.541232 0.0121833 9.9964E-05 9.9964E-05
9.9973E-05 0.178739 0.0447751 9.9973E-05 0.0428567 0.20737 0.478761 0.0108315 9.9973E-05 0.0363661
0.0291298 0.247635 9.9964E-05 9.9964E-05 9.9964E-05 0.588772 0.0609999 9.9964E-05 0.0423735 0.03069
0.0480419 0.113482 0.035388 0.0992298 9.9973E-05 0.272531 0.408871 9.9973E-05 9.9973E-05 0.0221568
0.181072 0.102779 0.151132 9.9982E-05 0.0209551 0.0157839 0.0670478 0.315013 9.9982E-05 0.146017
0.0562654 0.0689714 9.9982E-05 9.9982E-05 0.000695702 0.163651 0.385455 0.206831 0.0448339 0.0730965
9.9946E-05 0.855003 9.9946E-05 0.00991507 9.9946E-05 0.132511 9.9946E-05 0.00197061 9.9946E-05 9.9946E-05
0.0692478 0.078702 9.9955E-05 9.9955E-05 9.9955E-05 0.530668 0.31662 9.9955E-05 0.00426334 9.9955E-05
9.9928E-05 0.904783 9.9928E-05 9.9928E-05 9.9928E-05 0.0944174 9.9928E-05 9.9928E-05 9.9928E-05 9.9928E-05
9.9946E-05 0.549682 9.9946E-05 9.9946E-05 9.9946E-05 0.356167 0.0837401 0.00981106 9.9946E-05 9.9946E-05
0.0839638 0.14817 9.9964E-05 9.9964E-05 0.00857178 0.590641 0.0651823 9.9964E-05 9.9964E-05 0.103071
9.9946E-05 0.413135 0.0167359 9.9946E-05 9.9946E-05 0.486801 9.9946E-05 9.9946E-05 9.9946E-05 0.0827289
0.213379 0.0202938 0.270499 0.0101079 9.9991E-05 0.0907251 0.0852274 0.237669 0.0517067 0.020292
0.192493 0.0980595 0.138312 0.0801353 9.9982E-05 0.16576 0.240121 0.0708065 0.0141119 9.9982E-05
0.26582 0.0403145 0.0191591 0.191298 9.9973E-05 0.320333 9.9973E-05 9.9973E-05 0.0532159 0.109559
0.245381 0.00955315 0.0255439 0.201266 9.9982E-05 0.333153 0.0359667 0.087375 9.9982E-05 0.0615609
0.418049 0.106494 0.0834425 0.0737273 0.00787929 0.310007 9.9964E-05 9.9964E-05 9.9964E-05 9.9964E-05
0.191072 0.0356985 0.0658284 0.100927 9.9973E-05 0.346929 0.0644559 9.9973E-05 9.9973E-05 0.194789
0.00285059 0.177578 9.9955E-05 0.544096 9.9955E-05 9.9955E-05 0.265619 9.9955E-05 9.9955E-05 0.00935687
0.228738 9.9982E-05 0.20041 0.0065554 0.0353263 0.318504 0.19147 9.9982E-05 0.0101141 0.00868203
9.9937E-05 9.9937E-05 9.9937E-05 0.470268 9.9937E-05 9.9937E-05 9.9937E-05 9.9937E-05 0.055283 0.473749
0.191367 9.9964E-05 0.0434593 0.096722 9.9964E-05 0.382026 0.170158 9.9964E-05 9.9964E-05 0.115868
9.99201E-05 9.99201E-05 9.99201E-05 9.99201E-05 9.99201E-05 9.99201E-05 0.999101 9.99201E-05 9.99201E-05 9.99201E-05
9.9937E-05 0.437377 9.9937E-05 9.9937E-05 0.0920607 9.9937E-05 0.469863 9.9937E-05 9.9937E-05 9.9937E-05
9.9928E-05 9.9928E-05 9.9928E-05 9.9928E-05 9.9928E-05 0.345289 0.653912 9.9928E-05 9.9928E-05 9.9928E-05
0.178539 9.9946E-05 0.00402999 9.9946E-05 9.9946E-05 0.236177 0.580654 9.9946E-05 9.9946E-05 9.9946E-05
9.99279E-05 9.99279E-05 9.99279E-05 9.99279E-05 9.99279E-05 0.011989 0.987212 9.99279E-05 9.99279E-05 9.99279E-05
9.9955E-05 0.113992 0.0615613 9.9955E-05 9.9955E-05 0.331195 0.468533 9.9955E-05 9.9955E-05 0.0242189
9.9946E-05 0.0379465 9.9946E-05 9.9946E-05 9.9946E-05 0.36129 0.541657 9.9946E-05 9.9946E-05 0.0585071
0.652274 9.9964E-05 0.133739 9.9964E-05 0.0502576 0.053678 0.052865 0.0567869 9.9964E-05 9.9964E-05
0.677935 0.026451 0.116479 9.9973E-05 0.079554 0.0301443 0.0498589 0.0192774 9.9973E-05 9.9973E-05
0.734648 9.9964E-05 0.0672931 9.9964E-05 9.9964E-05 0.113338 0.0366257 0.0291133 0.0185817 9.9964E-05
0.85129 9.9955E-05 9.9955E-05 9.9955E-05 0.0506493 0.0267963 0.0239036 9.9955E-05 0.0468611 9.9955E-05
0.523324 9.9946E-05 9.9946E-05 9.9946E-05 9.9946E-05 0.425933 0.0165852 9.9946E-05 0.0335586 9.9946E-05
0.896723 9.9928E-05 9.9928E-05 0.102477 9.9928E-05 9.9928E-05 9.9928E-05 9.9928E-05 9.9928E-05 9.9928E-05
0.83768 0.0702678 9.9946E-05 0.0441239 0.0473289 9.9946E-05 9.9946E-05 9.9946E-05 9.9946E-05 9.9946E-05
0.814859 9.9964E-05 0.0640029 9.9964E-05 0.0179444 9.9964E-05 0.0304226 9.9964E-05 0.0246634 0.0477082
0.655889 0.00810179 0.0157277 9.9973E-05 9.9973E-05 0.161239 0.00944749 0.0954329 9.9973E-05 0.0538627
0.824539 9.9955E-05 0.03326 0.0101843 9.9955E-05 0.102241 0.0292757 9.9955E-05 9.9955E-05 9.9955E-05
0.352998 9.997E-05 0.0431693 9.997E-05 9.997E-05 0.411845 0.0846446 0.0590452 0.0256009 0.0223968
0.938716 0.0225258 9.9955E-05 9.9955E-05 9.9955E-05 9.9955E-05 0.0195824 0.000471564 0.018204 9.9955E-05
0.691054 9.9955E-05 0.11861 9.9955E-05 0.113194 0.0526356 0.0240073 9.9955E-05 9.9955E-05 9.9955E-05
0.880161 9.9955E-05 9.9955E-05 9.9955E-05 9.9955E-05 9.9955E-05 0.021127 0.0407811 0.0218386 0.0355924
0.399526 0.0838514 0.217271 9.9964E-05 9.9964E-05 0.293193 9.9964E-05 9.9964E-05 0.00156254 0.00419658
0.726315 0.0790252 9.995E-05 9.995E-05 0.0239231 0.0619288 9.995E-05 0.108308 9.995E-05 9.995E-05
0.868332 0.0232608 0.0290572 0.0266012 9.9955E-05 9.9955E-05 9.9955E-05 9.9955E-05 0.0522491 9.9955E-05
0.504028 0.0285821 0.231944 9.9973E-05 0.0789941 0.12802 0.0210324 9.9973E-05 0.00710027 9.9973E-05
0.698313 0.130107 0.0246385 9.9955E-05 0.0484333 9.9955E-05 9.9955E-05 0.0980087 9.9955E-05 9.9955E-05
0.399761 9.9973E-05 0.0189337 0.135076 9.9973E-05 0.227417 0.049069 0.150705 9.9973E-05 0.0187392
0.320243 0.0308549 0.0858912 0.188908 9.9973E-05 0.282962 9.9973E-05 9.9973E-05 0.00164567 0.0891964
0.538346 9.9973E-05 0.137557 9.9973E-05 9.9973E-05 0.134539 0.0620461 0.0584558 0.00699851 0.0617581
0.619306 9.9946E-05 0.209618 9.9946E-05 9.9946E-05 0.137825 9.9946E-05 9.9946E-05 9.9946E-05 0.03265
0.878165 9.9937E-05 9.9937E-05 0.0977062 9.9937E-05 9.9937E-05 9.9937E-05 9.9937E-05 0.0234289 9.9937E-05
0.0328468 9.9955E-05 0.0253066 0.180293 9.9955E-05 0.672763 9.9955E-05 9.9955E-05 0.0882914 9.9955E-05
0.0168939 9.995E-05 0.138334 9.995E-05 9.995E-05 0.5301 9.995E-05 9.995E-05 0.289551 0.0246214
9.9937E-05 9.9937E-05 0.0302249 0.155318 9.9937E-05 9.9937E-05 9.9937E-05 9.9937E-05 0.813758 9.9937E-05
9.9928E-05 9.9928E-05 9.9928E-05 9.9928E-05 9.9928E-05 9.9928E-05 9.9928E-05 0.00207282 0.997128 9.9928E-05
9.9946E-05 0.120986 0.0670686 9.9946E-05 9.9946E-05 0.393134 9.9946E-05 9.9946E-05 0.418212 9.9946E-05
0.0302537 9.9955E-05 0.0534615 9.9955E-05 9.9955E-05 9.9955E-05 9.9955E-05 0.109538 0.760232 0.0460154
0.0622077 9.9946E-05 0.0177347 0.292714 9.9946E-05 9.9946E-05 9.9946E-05 9.9946E-05 0.626744 9.9946E-05
0.0852724 9.9955E-05 9.9955E-05 9.9955E-05 0.0178137 0.3757 0.137173 9.9955E-05 0.383541 9.9955E-05
0.0949849 9.9973E-05 0.0694427 0.0319052 0.026742 0.357446 9.9973E-05 9.9973E-05 0.291465 0.127714
0.238115 9.9973E-05 0.0103061 0.0544982 0.0227747 0.178185 9.9973E-05 0.118263 0.377558 9.9973E-05
0.0436493 9.9946E-05 9.9946E-05 9.9946E-05 9.9946E-05 0.0340093 0.0192174 9.9946E-05 0.902524 9.9946E-05
0.070687 9.9964E-05 0.134745 9.9964E-05 9.9964E-05 0.396829 0.0529916 9.9964E-05 0.276236 0.0681116
9.9955E-05 9.9955E-05 0.00726384 9.9955E-05 0.120739 0.231972 9.9955E-05 9.9955E-05 0.612212 0.0273135
9.99201E-05 9.99201E-05 9.99201E-05 9.99201E-05 9.99201E-05 9.99201E-05 9.99201E-05 9.99201E-05 0.999101 9.99201E-05
0.304818 9.998E-05 0.0740919 9.998E-05 0.0132417 0.304942 0.0640566 0.0642813 0.143708 0.0306602
0.340122 9.9964E-05 9.9964E-05 9.9964E-05 0.0726604 0.22798 0.0318556 9.9964E-05 0.317398 0.00958426
