9.9955E-05 0.0849984 9.9955E-05 9.9955E-05 0.752414 9.9955E-05 0.0249198 0.107779 0.0293887 9.9955E-05
0.0607244 9.9955E-05 0.0508731 9.9955E-05 0.778645 9.9955E-05 0.0444724 0.0647853 9.9955E-05 9.9955E-05
0.999101 9.99201E-05 9.99201E-05 9.99201E-05 9.99201E-05 9.99201E-05 9.99201E-05 9.99201E-05 9.99201E-05 9.99201E-05
0.132305 0.0384414 9.9946E-05 9.9946E-05 0.669874 9.9946E-05 9.9946E-05 0.15878 9.9946E-05 9.9946E-05
0.256111 0.00936302 0.0387965 9.9973E-05 0.602097 9.9973E-05 0.0617601 0.00918942 0.0223835 9.9973E-05
9.9946E-05 9.9946E-05 0.0405043 0.064764 0.777379 9.9946E-05 9.9946E-05 9.9946E-05 0.116753 9.9946E-05
0.645595 9.99549E-05 9.99549E-05 9.99549E-05 0.187046 0.0583351 0.0956878 9.99549E-05 0.0128367 9.99549E-05
0.999101 9.99201E-05 9.99201E-05 9.99201E-05 9.99201E-05 9.99201E-05 9.99201E-05 9.99201E-05 9.99201E-05 9.99201E-05
0.35967 0.014053 0.0557698 0.00492536 0.236425 0.267031 9.9973E-05 9.9973E-05 9.9973E-05 0.0618259
9.9964E-05 0.0374223 9.9964E-05 0.217445 0.393777 0.200993 9.9964E-05 0.0537808 9.9964E-05 0.0961822
0.393524 9.9973E-05 9.9973E-05 0.0327855 0.27085 0.193562 9.9973E-05 0.0591152 0.0148915 0.0349727
0.43865 0.0858473 0.0134969 9.9973E-05 9.9973E-05 0.0609499 0.20155 0.0684043 9.9973E-05 0.130802
0.0873262 9.9955E-05 9.9955E-05 9.9955E-05 9.9955E-05 0.734958 9.9955E-05 0.0897545 0.0710267 0.016435
0.620363 9.9937E-05 9.9937E-05 9.9937E-05 0.0734277 0.30551 9.9937E-05 9.9937E-05 9.9937E-05 9.9937E-05
0.309693 9.9946E-05 0.0248721 9.9946E-05 0.331806 0.333029 9.9946E-05 9.9946E-05 9.9946E-05 9.9946E-05
0.0819057 9.9964E-05 9.9964E-05 0.090192 0.50611 0.135282 9.9964E-05 0.0845618 0.101548 9.9964E-05
9.9955E-05 9.9955E-05 9.9955E-05 0.000315585 0.297538 9.9955E-05 0.544796 0.134305 0.022545 9.9955E-05
9.99201E-05 9.99201E-05 9.99201E-05 9.99201E-05 9.99201E-05 9.99201E-05 0.999101 9.99201E-05 9.99201E-05 9.99201E-05
9.99201E-05 9.99201E-05 9.99201E-05 9.99201E-05 9.99201E-05 9.99201E-05 0.999101 9.99201E-05 9.99201E-05 9.99201E-05
0.100546 9.9955E-05 9.9955E-05 0.352468 9.9955E-05 9.9955E-05 0.414142 0.0530276 0.0793157 9.9955E-05
9.9937E-05 9.9937E-05 9.9937E-05 9.9937E-05 0.096535 0.477783 9.9937E-05 9.9937E-05 9.9937E-05 0.424982
9.9946E-05 9.9946E-05 9.9946E-05 9.9946E-05 0.853254 0.098225 0.0222947 0.0256269 9.9946E-05 9.9946E-05
9.9928E-05 9.9928E-05 9.9928E-05 9.9928E-05 9.9928E-05 0.297526 9.9928E-05 0.701674 9.9928E-05 9.9928E-05
9.9946E-05 0.0905789 9.9946E-05 9.9946E-05 0.182298 0.272383 9.9946E-05 0.454141 9.9946E-05 9.9946E-05
9.997E-05 0.0204673 9.997E-05 0.0324427 0.0674599 0.285221 0.0435764 0.483354 9.997E-05 0.0671784
9.9955E-05 9.9955E-05 0.0435733 9.9955E-05 0.175591 0.00155216 9.9955E-05 0.0973102 9.9955E-05 0.681474
0.0653991 0.134553 9.9973E-05 9.9973E-05 0.485127 0.160241 9.9973E-05 0.041697 0.069393 0.0432897
9.9946E-05 9.9946E-05 0.056003 0.0301347 9.9946E-05 9.9946E-05 0.0761116 9.9946E-05 9.9946E-05 0.837151
0.0220455 9.9955E-05 9.9955E-05 9.9955E-05 0.039113 0.689132 9.9955E-05 9.9955E-05 0.0142497 0.23496
0.0324093 9.9973E-05 0.115017 9.9973E-05 9.9973E-05 0.330646 0.0434371 0.074852 0.0295825 0.373756
9.9946E-05 9.9946E-05 9.9946E-05 0.0637898 0.522468 0.162992 9.9946E-05 9.9946E-05 9.9946E-05 0.25015
9.9937E-05 0.0570058 9.9937E-05 9.9937E-05 9.9937E-05 9.9937E-05 9.9937E-05 9.9937E-05 0.0207047 0.92159
9.9937E-05 9.9937E-05 9.9937E-05 9.9937E-05 0.816185 9.9937E-05 9.9937E-05 0.116735 9.9937E-05 0.0663799
9.9955E-05 9.9955E-05 9.9955E-05 0.0972699 0.847993 9.9955E-05 0.0239518 0.00481705 9.9955E-05 0.0254682
0.0107055 0.058969 9.9955E-05 0.0159308 9.9955E-05 9.9955E-05 0.0066956 0.907199 9.9955E-05 9.9955E-05
9.9937E-05 9.9937E-05 9.9937E-05 9.9937E-05 0.0477988 0.0362896 9.9937E-05 0.915212 9.9937E-05 9.9937E-05
9.9964E-05 9.9964E-05 0.0893756 0.132653 0.0437355 0.138114 9.9964E-05 0.584 9.9964E-05 0.0117211
9.9955E-05 9.9955E-05 0.0388304 0.160386 0.0248811 0.121728 9.9955E-05 0.653675 9.9955E-05 9.9955E-05
9.9937E-05 9.9937E-05 9.9937E-05 0.143156 0.0979067 9.9937E-05 9.9937E-05 0.758238 9.9937E-05 9.9937E-05
9.99281E-05 9.99281E-05 9.99281E-05 9.99281E-05 9.99281E-05 9.99281E-05 9.99281E-05 0.992113 0.00708774 9.99281E-05
9.99371E-05 9.99371E-05 0.0508636 9.99371E-05 9.99371E-05 9.99371E-05 9.99371E-05 0.931668 0.0167687 9.99371E-05
9.9946E-05 0.00678754 9.9946E-05 0.0479168 9.9946E-05 0.0866854 9.9946E-05 0.858011 9.9946E-05 9.9946E-05
9.99201E-05 9.99201E-05 9.99201E-05 9.99201E-05 9.99201E-05 9.99201E-05 9.99201E-05 0.999101 9.99201E-05 9.99201E-05
9.9928E-05 9.9928E-05 9.9928E-05 9.9928E-05 9.9928E-05 9.9928E-05 0.0117798 0.987421 9.9928E-05 9.9928E-05
9.9937E-05 9.9937E-05 9.9937E-05 0.00404589 9.9937E-05 9.9937E-05 9.9937E-05 0.983145 0.0121092 9.9937E-05
9.9946E-05 9.9946E-05 9.9946E-05 0.136784 0.163793 9.9946E-05 9.9946E-05 0.66249 9.9946E-05 0.0363339
9.9982E-05 0.0425071 0.00220001 0.0771736 0.0389763 0.00905788 9.9982E-05 0.79182 0.00524734 0.0328173
0.00694614 9.9937E-05 9.9937E-05 9.9937E-05 0.0201707 9.9937E-05 9.9937E-05 0.972184 9.9937E-05 9.9937E-05
0.0810243 9.9964E-05 9.9964E-05 9.9964E-05 9.9964E-05 0.28094 0.0130212 0.499416 0.057553 0.0676461
9.9982E-05 0.0394477 9.9982E-05 0.246628 0.116196 0.0227256 0.0676062 0.492208 0.00555383 0.00943554
9.9964E-05 9.9964E-05 9.9964E-05 0.176869 0.00454883 0.0803806 0.0374876 0.625777 0.0745377 9.9964E-05
0.018452 9.9955E-05 9.9955E-05 9.9955E-05 9.9955E-05 0.0645626 0.00960035 0.906505 0.00038016 9.9955E-05
0.00178594 9.9937E-05 9.9937E-05 0.179331 9.9937E-05 9.9937E-05 9.9937E-05 0.818183 9.9937E-05 9.9937E-05
9.9955E-05 0.0685948 9.9955E-05 0.0615069 0.09023 9.9955E-05 9.9955E-05 0.743481 0.0356873 9.9955E-05
9.9928E-05 9.9928E-05 0.0281995 9.9928E-05 9.9928E-05 9.9928E-05 9.9928E-05 0.971001 9.9928E-05 9.9928E-05
0.0117647 9.9982E-05 0.0541307 0.231395 0.160042 0.0167746 9.9982E-05 0.481255 0.0376896 0.00674867
0.0659368 9.9937E-05 9.9937E-05 9.9937E-05 9.9937E-05 0.0446223 9.9937E-05 0.888741 9.9937E-05 9.9937E-05
0.0903956 9.9955E-05 0.040548 9.9955E-05 9.9955E-05 9.9955E-05 0.661298 9.9955E-05 0.048185 0.159074
0.0971852 9.9964E-05 0.0597754 0.264089 0.34929 9.9964E-05 0.204175 9.9964E-05 9.9964E-05 0.0250859
9.9937E-05 9.9937E-05 9.9937E-05 9.9937E-05 0.444977 0.234403 0.31992 9.9937E-05 9.9937E-05 9.9937E-05
0.131466 0.00709096 9.9955E-05 9.9955E-05 0.303976 9.9955E-05 0.473896 9.9955E-05 9.9955E-05 0.0830708
9.9973E-05 0.0246401 0.0250264 0.0364086 0.562658 0.120524 0.195742 0.0347014 9.9973E-05 9.9973E-05
9.9946E-05 9.9946E-05 0.0107042 9.9946E-05 0.402557 9.9946E-05 0.481143 9.9946E-05 9.9946E-05 0.104996
9.9955E-05 9.9955E-05 9.9955E-05 0.0761957 9.9955E-05 0.547152 0.254933 9.9955E-05 0.00540759 0.115812
0.00389556 9.9964E-05 9.9964E-05 9.9964E-05 0.0427757 0.360693 0.405171 0.0429857 9.9964E-05 0.14408
0.0299665 9.9982E-05 9.9982E-05 0.0830069 0.0336334 0.367345 0.149996 0.124677 0.0270191 0.184155
0.0109838 9.9964E-05 9.9964E-05 0.0538434 9.9964E-05 0.506053 0.342264 0.0555577 9.9964E-05 0.0308986
0.120652 0.0682164 9.9973E-05 9.9973E-05 0.446181 0.122205 0.170593 0.0609646 9.9973E-05 0.010889
9.9964E-05 9.9964E-05 9.9964E-05 9.9964E-05 0.445053 0.253994 0.0498531 0.0556493 0.00407841 0.190972
9.994E-05 9.994E-05 9.994E-05 9.994E-05 9.994E-05 0.091398 0.0639445 0.0475549 9.994E-05 0.796503
9.9946E-05 9.9946E-05 9.9946E-05 9.9946E-05 0.630564 9.9946E-05 0.0527165 0.0216862 9.9946E-05 0.294433
9.9973E-05 0.0679379 0.0456558 0.13471 0.263603 0.20635 9.9973E-05 0.0794492 9.9973E-05 0.201994
0.192981 0.0125203 9.9946E-05 9.9946E-05 0.272722 9.9946E-05 9.9946E-05 9.9946E-05 9.9946E-05 0.521177
0.0745012 0.0838886 9.9982E-05 0.104465 0.190749 0.269051 9.9982E-05 0.0762278 0.0261913 0.174726
9.9928E-05 9.9928E-05 0.0437 9.9928E-05 0.955501 9.9928E-05 9.9928E-05 9.9928E-05 9.9928E-05 9.9928E-05
0.0945344 9.9928E-05 9.9928E-05 9.9928E-05 9.9928E-05 9.9928E-05 9.9928E-05 9.9928E-05 9.9928E-05 0.904666
9.9937E-05 0.036778 9.9937E-05 9.9937E-05 9.9937E-05 9.9937E-05 9.9937E-05 9.9937E-05 0.0291871 0.933335
9.9946E-05 9.9946E-05 9.9946E-05 0.0328171 9.9946E-05 0.31893 9.9946E-05 0.0385723 9.9946E-05 0.609081
0.256618 9.9946E-05 0.0734284 9.9946E-05 9.9946E-05 9.9946E-05 9.9946E-05 9.9946E-05 0.000453364 0.668901
9.9928E-05 9.9928E-05 9.9928E-05 9.9928E-05 0.602493 9.9928E-05 9.9928E-05 9.9928E-05 9.9928E-05 0.396707
9.9955E-05 9.9955E-05 0.282109 0.0591874 9.9955E-05 0.47954 9.9955E-05 0.108044 9.9955E-05 0.0706207
9.9955E-05 0.121613 9.9955E-05 0.15455 9.9955E-05 0.614659 9.9955E-05 0.0161292 9.9955E-05 0.0925497
9.9928E-05 9.9928E-05 0.963403 9.9928E-05 0.0357979 9.9928E-05 9.9928E-05 9.9928E-05 9.9928E-05 9.9928E-05
9.9937E-05 9.9937E-05 0.948849 9.9937E-05 9.9937E-05 9.9937E-05 9.9937E-05 9.9937E-05 0.0245741 0.0258774
0.0440279 9.9964E-05 0.283671 0.237074 0.192139 0.214816 9.9964E-05 0.027872 9.9964E-05 9.9964E-05
0.0370275 0.280086 9.9964E-05 0.271299 0.0562717 0.290115 9.9964E-05 0.0648012 9.9964E-05 9.9964E-05
9.9955E-05 0.572373 9.9955E-05 0.200636 9.9955E-05 0.0807662 9.9955E-05 0.133948 0.0117774 9.9955E-05
9.9955E-05 0.696706 9.9955E-05 9.9955E-05 0.000999273 9.9955E-05 0.0351815 0.18953 0.0770837 9.9955E-05
9.9955E-05 0.556771 9.9955E-05 0.255234 9.9955E-05 0.135511 0.0217729 0.0302109 9.9955E-05 9.9955E-05
9.9937E-05 0.798011 0.124732 9.9937E-05 9.9937E-05 9.9937E-05 9.9937E-05 9.9937E-05 9.9937E-05 0.0765571
9.9928E-05 0.910103 0.0890979 9.9928E-05 9.9928E-05 9.9928E-05 9.9928E-05 9.9928E-05 9.9928E-05 9.9928E-05
0.0573382 0.241083 9.9946E-05 9.9946E-05 0.108315 0.592665 9.9946E-05 9.9946E-05 9.9946E-05 9.9946E-05
9.9946E-05 0.458722 0.0186048 9.9946E-05 0.0239998 0.498074 9.9946E-05 9.9946E-05 9.9946E-05 9.9946E-05
9.9928E-05 0.789124 0.210077 9.9928E-05 9.9928E-05 9.9928E-05 9.9928E-05 9.9928E-05 9.9928E-05 9.9928E-05
9.9928E-05 0.286588 9.9928E-05 9.9928E-05 9.9928E-05 0.712612 9.9928E-05 9.9928E-05 9.9928E-05 9.9928E-05
9.9946E-05 0.307808 9.9946E-05 9.9946E-05 9.9946E-05 0.628916 9.9946E-05 0.0420006 0.0206751 9.9946E-05
9.9946E-05 0.302023 9.9946E-05 0.040465 0.594888 9.9946E-05 9.9946E-05 0.0620247 9.9946E-05 9.9946E-05
9.9937E-05 9.9937E-05 0.615366 0.0326124 0.351322 9.9937E-05 9.9937E-05 9.9937E-05 9.9937E-05 9.9937E-05
0.105117 0.116077 0.383048 9.9955E-05 9.9955E-05 0.384813 9.9955E-05 0.0104452 9.9955E-05 9.9955E-05
9.9955E-05 9.9955E-05 0.223538 0.057663 0.63082 0.0083403 9.9955E-05 0.0791389 9.9955E-05 9.9955E-05
9.9946E-05 9.9946E-05 0.201934 0.0673486 9.9946E-05 0.663797 0.0663206 9.9946E-05 9.9946E-05 9.9946E-05
0.0538127 0.0295003 0.209415 0.318582 0.200413 0.0926346 9.9991E-05 0.0142563 0.0109437 0.0703425
9.9946E-05 9.9946E-05 0.220713 9.9946E-05 9.9946E-05 0.572057 9.9946E-05 9.9946E-05 0.105165 0.101465
9.9946E-05 0.104835 0.566713 9.9946E-05 9.9946E-05 0.0586352 9.9946E-05 9.9946E-05 9.9946E-05 0.269217
9.9937E-05 9.9937E-05 0.1964 9.9937E-05 9.9937E-05 0.785711 0.01719 9.9937E-05 9.9937E-05 9.9937E-05
9.9973E-05 0.135541 0.575576 9.9973E-05 0.0188108 0.0533627 9.9973E-05 0.0798715 0.0151725 0.121365
9.9946E-05 9.9946E-05 0.331154 9.9946E-05 0.00670903 0.51171 9.9946E-05 9.9946E-05 9.9946E-05 0.149828
9.9946E-05 0.0586584 0.0574026 9.9946E-05 9.9946E-05 0.823075 0.0602649 9.9946E-05 9.9946E-05 9.9946E-05
9.9946E-05 9.9946E-05 0.0713816 9.9946E-05 0.000337553 0.807573 0.120108 9.9946E-05 9.9946E-05 9.9946E-05
9.9973E-05 9.9973E-05 9.9973E-05 0.071909 0.0849539 0.461542 0.0356864 0.196464 0.0283363 0.120808
9.9991E-05 0.215791 0.0238797 0.072478 0.0976588 0.159709 0.0253737 0.144261 0.0797806 0.180968
0.171274 0.20901 9.9973E-05 0.114289 9.9973E-05 0.292903 0.0495959 0.158453 0.00417541 9.9973E-05
0.0807506 0.101144 0.00124575 0.129698 0.23404 0.114394 0.146554 0.133718 9.9991E-05 0.0583558
9.9964E-05 9.9964E-05 9.9964E-05 0.1542 0.182424 0.245172 0.135469 0.147034 9.9964E-05 0.135302
0.0132197 0.280454 9.99867E-05 0.253593 0.0311647 0.261595 9.99867E-05 0.121944 0.0101769 0.027653
9.9928E-05 9.9928E-05 0.500878 9.9928E-05 9.9928E-05 9.9928E-05 0.498322 9.9928E-05 9.9928E-05 9.9928E-05
9.9955E-05 0.0736227 9.9955E-05 0.051379 0.199014 0.466057 9.9955E-05 0.209428 9.9955E-05 9.9955E-05
9.9946E-05 0.628364 0.0236814 9.9946E-05 9.9946E-05 9.9946E-05 0.263251 9.9946E-05 0.084104 9.9946E-05
9.9973E-05 0.0893516 0.0619545 0.132396 0.0164242 0.541216 0.0812593 0.0770985 9.9973E-05 9.9973E-05
9.9937E-05 9.9937E-05 0.817066 9.9937E-05 0.143446 0.0387886 9.9937E-05 9.9937E-05 9.9937E-05 9.9937E-05
0.0157091 9.9928E-05 0.983491 9.9928E-05 9.9928E-05 9.9928E-05 9.9928E-05 9.9928E-05 9.9928E-05 9.9928E-05
9.9964E-05 9.9964E-05 0.388709 0.0339519 0.0182456 0.492915 9.9964E-05 0.00665822 9.9964E-05 0.0591205
9.9937E-05 9.9937E-05 0.0680214 9.9937E-05 9.9937E-05 0.876554 0.0547255 9.9937E-05 9.9937E-05 9.9937E-05
9.9946E-05 9.9946E-05 0.393101 9.9946E-05 0.0561915 0.50513 9.9946E-05 9.9946E-05 9.9946E-05 0.044978
9.9928E-05 9.9928E-05 0.34283 9.9928E-05 9.9928E-05 0.65637 9.9928E-05 9.9928E-05 9.9928E-05 9.9928E-05
0.0234831 9.9946E-05 0.345743 9.9946E-05 0.0904962 0.539678 9.9946E-05 9.9946E-05 9.9946E-05 9.9946E-05
0.0147251 9.9955E-05 9.9955E-05 0.575523 0.143792 0.254654 9.9955E-05 9.9955E-05 9.9955E-05 0.0108057
9.9955E-05 9.9955E-05 0.0573368 0.514931 0.115322 0.160037 9.9955E-05 0.151873 9.9955E-05 9.9955E-05
9.9946E-05 9.9946E-05 9.9946E-05 0.717908 0.194467 0.0204193 9.9946E-05 0.0666064 9.9946E-05 9.9946E-05
0.112802 9.9955E-05 9.9955E-05 0.822966 0.0150124 0.0335972 9.9955E-05 9.9955E-05 0.0151222 9.9955E-05
0.122349 9.9955E-05 9.9955E-05 0.487052 9.9955E-05 0.290023 9.9955E-05 0.0777321 9.9955E-05 0.0223435
9.9928E-05 9.9928E-05 9.9928E-05 0.916645 9.9928E-05 9.9928E-05 0.0825557 9.9928E-05 9.9928E-05 9.9928E-05
9.9955E-05 0.00409374 0.00641643 0.823396 0.131773 9.9955E-05 0.033821 9.9955E-05 9.9955E-05 9.9955E-05
0.00375077 0.0370114 9.9973E-05 0.707906 9.9973E-05 0.0353136 0.0506184 0.116226 9.9973E-05 0.0488737
9.9955E-05 0.135033 9.9955E-05 0.664291 9.9955E-05 0.0697709 9.9955E-05 0.0564924 9.9955E-05 0.0739134
9.9955E-05 9.9955E-05 9.9955E-05 0.622664 0.0623525 0.193714 0.050351 0.0704183 9.9955E-05 9.9955E-05
9.9964E-05 9.9964E-05 9.9964E-05 0.473967 0.271714 0.0166401 9.9964E-05 0.108447 0.0470441 0.0817875
9.9955E-05 9.9955E-05 0.0486957 0.825249 9.9955E-05 9.9955E-05 9.9955E-05 0.0786814 0.0339175 0.0129564
0.0515329 0.115655 9.9964E-05 0.487469 0.132976 0.128278 9.9964E-05 0.0836879 9.9964E-05 9.9964E-05
9.9955E-05 0.015097 0.0159709 0.898633 0.0414299 9.9955E-05 9.9955E-05 0.0283693 9.9955E-05 9.9955E-05
0.0228259 9.9955E-05 9.9955E-05 0.298992 9.9955E-05 0.410657 9.9955E-05 0.215943 0.0510832 9.9955E-05
9.9946E-05 9.9946E-05 9.9946E-05 0.642048 0.268295 0.0843406 0.00471735 9.9946E-05 9.9946E-05 9.9946E-05
9.9928E-05 9.9928E-05 9.9928E-05 0.928868 9.9928E-05 9.9928E-05 0.0703326 9.9928E-05 9.9928E-05 9.9928E-05
9.9946E-05 0.0222909 0.0343875 0.627966 9.9946E-05 0.314756 9.9946E-05 9.9946E-05 9.9946E-05 9.9946E-05
0.0792406 0.0189532 0.0416181 0.714488 9.9964E-05 0.0720498 9.9964E-05 9.9964E-05 0.0732505 9.9964E-05
9.9964E-05 9.9964E-05 9.9964E-05 0.367327 0.149619 0.184215 0.0758202 9.9964E-05 0.189683 0.0329364
9.9946E-05 0.0802265 9.9946E-05 0.319633 9.9946E-05 0.385979 0.213561 9.9946E-05 9.9946E-05 9.9946E-05
0.0122449 9.9973E-05 9.9973E-05 0.296961 9.9973E-05 0.286512 0.0748803 0.299245 0.0157914 0.0140661
9.9928E-05 9.9928E-05 9.9928E-05 0.88114 9.9928E-05 0.11806 9.9928E-05 9.9928E-05 9.9928E-05 9.9928E-05
9.9937E-05 9.9937E-05 9.9937E-05 0.901582 9.9937E-05 9.9937E-05 0.0508823 9.9937E-05 9.9937E-05 0.0468359
0.0789519 9.9982E-05 9.9982E-05 0.122634 0.105668 0.377644 0.00964224 0.101028 0.190091 0.0141408
0.0390716 0.0292519 9.9964E-05 0.062192 9.9964E-05 0.551944 9.9964E-05 0.0892225 0.227918 9.9964E-05
9.9937E-05 9.9937E-05 9.9937E-05 9.9937E-05 9.9937E-05 9.9937E-05 0.158861 0.0466638 0.793776 9.9937E-05
9.99201E-05 9.99201E-05 9.99201E-05 9.99201E-05 9.99201E-05 9.99201E-05 9.99201E-05 9.99201E-05 0.999101 9.99201E-05
9.9955E-05 0.0339109 9.9955E-05 9.9955E-05 0.385242 9.9955E-05 9.9955E-05 0.0545333 0.451997 0.0738172
0.088984 9.9955E-05 9.9955E-05 0.0813595 9.9955E-05 9.9955E-05 0.0452781 0.0690012 0.714878 9.9955E-05
9.9946E-05 9.9946E-05 9.9946E-05 0.0347263 9.9946E-05 9.9946E-05 0.446052 0.00989796 0.508724 9.9946E-05
0.0388556 9.9973E-05 0.129736 0.0829886 0.0570019 0.362499 9.9973E-05 0.00758899 0.32103 9.9973E-05
9.9946E-05 0.215867 9.9946E-05 9.9946E-05 0.413447 9.9946E-05 9.9946E-05 0.158024 0.212063 9.9946E-05
9.9964E-05 9.9964E-05 0.0387935 0.278665 0.0502228 9.9964E-05 0.0593837 9.9964E-05 0.347812 0.224722
0.0441933 9.9946E-05 9.9946E-05 9.9946E-05 9.9946E-05 0.0410118 9.9946E-05 0.0277922 0.886403 9.9946E-05
0.00957913 0.0223511 9.9982E-05 9.9982E-05 0.562103 0.0907595 0.0080541 0.0511344 0.253214 0.00260446
0.0678777 0.00587689 9.9955E-05 9.9955E-05 0.252116 9.9955E-05 9.9955E-05 0.0178445 0.655785 9.9955E-05
9.99201E-05 9.99201E-05 9.99201E-05 9.99201E-05 9.99201E-05 9.99201E-05 9.99201E-05 9.99201E-05 0.999101 9.99201E-05
9.9982E-05 0.0222952 0.0158232 0.139121 9.9982E-05 0.366884 0.0166197 0.214334 0.0997274 0.124996
9.995E-05 9.995E-05 9.995E-05 0.224611 0.102464 0.282273 9.995E-05 0.0353288 0.354824 9.995E-05
