0.403011 0.0494998 0.2807 0.105591 0.0430886 0.11811
0.62371 0.182445 0.0488874 0.0219933 0.1059 0.0170642
0.442335 9.9982E-05 9.9982E-05 0.00863785 0.428998 0.119829
0.478142 0.179233 0.219221 9.9982E-05 9.9982E-05 0.123204
0.472037 0.0668797 0.122055 0.0996602 0.0777967 0.161572
0.527469 0.03224 0.293412 0.065174 0.00399443 0.0777107
0.609938 9.9982E-05 0.113197 0.1389 0.137765 9.9982E-05
0.664131 9.9973E-05 9.9973E-05 9.9973E-05 0.298645 0.0369241
0.719591 9.9982E-05 0.152861 9.9982E-05 0.098471 0.0288769
0.532844 0.232706 0.164729 9.9991E-05 0.0487448 0.0208754
0.36053 0.0447077 0.288933 9.9991E-05 0.190961 0.114768
0.312976 0.0183091 9.9991E-05 0.0466399 0.460534 0.161441
0.456699 0.126759 0.298096 9.9982E-05 9.9982E-05 0.118246
0.878934 0.00183091 9.9973E-05 0.118936 9.9973E-05 9.9973E-05
0.689115 0.107459 0.0876557 0.0412222 9.9991E-05 0.0744482
0.411941 0.0986663 0.362561 0.00510562 9.9991E-05 0.121627
0.131625 0.143332 0.216919 0.0442938 0.463731 9.9991E-05
9.996E-05 9.996E-05 9.996E-05 9.996E-05 0.9995 9.996E-05
9.9964E-05 9.9964E-05 9.9964E-05 0.00804585 0.991554 9.9964E-05
0.0288568 0.0580026 0.335222 0.0770158 0.500803 9.9991E-05
0.748583 0.0670207 0.171677 9.9982E-05 9.9982E-05 0.012519
0.416373 0.191931 0.226975 0.127563 9.9991E-05 0.0370575
0.127771 0.760059 0.11187 9.9973E-05 9.9973E-05 9.9973E-05
0.196408 0.488778 0.235615 0.020837 9.9991E-05 0.0582624
0.214744 0.403028 0.241889 9.9991E-05 0.0146927 0.125545
0.720206 0.0486941 9.9991E-05 0.00264106 0.08536 0.142999
0.592465 0.198059 0.189648 0.0196278 9.9982E-05 9.9982E-05
0.645056 9.9973E-05 9.9973E-05 9.9973E-05 0.229876 0.124768
0.678364 9.9973E-05 0.259848 0.0614876 9.9973E-05 9.9973E-05
0.52508 0.187762 9.9982E-05 0.0215705 9.9982E-05 0.265388
0.705818 0.160372 0.13351 9.9973E-05 9.9973E-05 9.9973E-05
0.784095 9.9982E-05 9.9982E-05 0.0644769 0.133721 0.0175069
0.624926 0.207771 0.161092 9.9982E-05 9.9982E-05 0.00601191
0.495319 0.096006 0.252123 0.0213686 9.9991E-05 0.135084
9.9973E-05 0.932994 0.0468845 9.9973E-05 0.0198212 9.9973E-05
0.0422329 0.946211 0.0112561 9.9973E-05 9.9973E-05 9.9973E-05
0.217738 0.606515 0.173516 0.00203174 9.9982E-05 9.9982E-05
0.0964324 0.662619 0.22871 9.9982E-05 9.9982E-05 0.012039
0.104473 0.716142 0.175901 0.00328417 9.9982E-05 9.9982E-05
9.9973E-05 0.985068 9.9973E-05 0.0105633 0.00406881 9.9973E-05
9.9973E-05 0.949279 9.9973E-05 0.0441775 9.9973E-05 0.00624361
9.9973E-05 0.803712 0.175827 9.9973E-05 9.9973E-05 0.0201617
0.0121013 0.987499 9.9964E-05 9.9964E-05 9.9964E-05 9.9964E-05
9.996E-05 0.9995 9.996E-05 9.996E-05 9.996E-05 9.996E-05
9.9964E-05 0.991001 9.9964E-05 9.9964E-05 0.00859882 9.9964E-05
0.149187 0.758949 0.0894569 9.9982E-05 0.00220745 9.9982E-05
0.0537129 0.864838 0.00151484 0.0797342 9.9982E-05 9.9982E-05
9.9964E-05 0.972176 9.9964E-05 9.9964E-05 0.0274241 9.9964E-05
0.211893 0.421997 0.192783 0.0770775 9.9991E-05 0.0961495
0.113543 0.65667 0.155861 0.0316917 0.042134 9.9991E-05
9.9982E-05 0.691746 0.216956 0.0742355 9.9982E-05 0.0168627
0.000589794 0.889821 0.0520535 0.021688 0.0333083 0.00253938
9.9973E-05 0.770324 0.214987 9.9973E-05 0.014389 9.9973E-05
9.9982E-05 0.835794 0.086832 0.0216722 0.0555021 9.9982E-05
9.996E-05 0.9995 9.996E-05 9.996E-05 9.996E-05 9.996E-05
0.0914318 0.574665 0.206575 0.0683851 9.9991E-05 0.0588432
9.9991E-05 0.832344 0.0654937 0.0402337 0.00735521 0.0544734
0.192672 9.9964E-05 9.9964E-05 9.9964E-05 0.806928 9.9964E-05
0.437526 0.0409335 0.219002 0.0881457 0.214292 9.9991E-05
0.433997 0.089487 0.196169 9.9982E-05 0.280147 9.9982E-05
0.393262 9.9982E-05 0.0752833 0.0763293 0.454925 9.9982E-05
0.357577 9.9982E-05 0.357521 9.9982E-05 0.218926 0.065777
0.351633 0.0251431 0.0583287 9.9982E-05 0.564695 9.9982E-05
0.277905 0.204041 0.181965 0.0561816 0.12055 0.159358
0.43033 0.0748978 0.234756 9.9982E-05 0.259817 9.9982E-05
0.429718 0.133597 0.262049 9.9982E-05 0.174435 9.9982E-05
0.264437 0.0553778 0.331141 9.9982E-05 0.348845 9.9982E-05
0.407565 0.175358 0.153271 0.0667186 0.149052 0.0480354
0.57401 0.151486 0.112665 0.0296589 9.9991E-05 0.132081
0.775368 9.9973E-05 9.9973E-05 0.0458059 0.178526 9.9973E-05
0.627509 0.16676 0.137453 9.9982E-05 0.068078 9.9982E-05
0.665275 0.179061 0.109956 0.0455082 9.9982E-05 9.9982E-05
0.82448 9.99748E-05 0.000128323 9.99748E-05 0.175092 9.99748E-05
0.542378 0.256961 9.9982E-05 9.9982E-05 0.0542338 0.146227
0.678163 0.0115787 0.170548 0.0139811 9.9991E-05 0.12563
0.811965 9.9964E-05 9.9964E-05 9.9964E-05 0.187635 9.9964E-05
0.803565 9.9973E-05 9.9973E-05 0.130578 0.0655569 9.9973E-05
0.790645 9.9973E-05 0.174934 0.0341203 9.9973E-05 9.9973E-05
0.828296 9.9982E-05 9.9982E-05 0.0452893 0.120689 0.00552583
0.86946 9.9973E-05 0.0671251 0.0631149 9.9973E-05 9.9973E-05
0.166693 0.041786 0.239948 9.9991E-05 0.0124884 0.538985
0.272755 9.9982E-05 0.333862 0.00915366 9.9982E-05 0.38403
9.9973E-05 9.9973E-05 9.9973E-05 0.0117074 0.0190154 0.968977
9.9973E-05 9.9973E-05 9.9973E-05 0.00804481 0.0134142 0.978241
0.103875 0.147447 0.186217 0.0362137 9.9991E-05 0.526147
0.202666 0.106124 0.461911 0.171933 0.00992772 0.0474377
9.9982E-05 9.9982E-05 0.636334 0.0261599 0.121448 0.215858
0.0683638 9.9991E-05 0.438134 0.0206863 0.371702 0.101014
0.0711238 9.9991E-05 0.622472 0.0691604 0.0343697 0.202774
9.9973E-05 9.9973E-05 9.9973E-05 0.0944573 0.215634 0.689609
9.9982E-05 9.9982E-05 0.142185 0.173771 0.0518354 0.632009
0.188777 0.108247 0.270771 9.9982E-05 9.9982E-05 0.432005
9.9973E-05 0.0367413 0.285505 9.9973E-05 9.9973E-05 0.677454
9.9982E-05 0.0469415 0.110755 0.0781487 9.9982E-05 0.763955
0.157938 0.0805129 0.331101 0.111888 9.9991E-05 0.31846
0.277537 0.158508 0.222175 0.0282063 9.9991E-05 0.313474
0.24456 0.14417 0.426298 0.0246484 9.9991E-05 0.160223
0.216192 9.9973E-05 0.0957421 9.9973E-05 9.9973E-05 0.687766
0.177613 0.0301877 0.153965 0.0213383 9.9991E-05 0.616796
0.317536 0.0850675 0.254934 9.9982E-05 9.9982E-05 0.342262
0.204076 0.149184 0.16174 9.9991E-05 0.0126725 0.472228
0.435598 0.252514 0.12064 0.0266699 9.9991E-05 0.164477
0.309795 9.9982E-05 0.126427 0.0966631 9.9982E-05 0.466914
0.137789 9.9973E-05 9.9973E-05 9.9973E-05 0.0244733 0.837437
0.132784 0.0421396 0.316282 0.0198697 9.9991E-05 0.488824
9.9982E-05 0.0416291 9.9982E-05 0.000198862 0.0479456 0.910027
0.273794 0.123514 0.00750168 9.9982E-05 9.9982E-05 0.594991
0.212563 0.0883771 0.303125 0.0203836 9.9991E-05 0.375451
0.214432 9.9973E-05 0.345762 9.9973E-05 9.9973E-05 0.439506
0.172389 0.0321044 0.535333 9.9991E-05 0.18495 0.0751238
0.232704 0.314952 0.106535 0.0758181 0.071517 0.198474
0.141523 0.154412 0.309012 0.0255758 0.220096 0.14938
0.341016 0.242142 0.145178 0.0525605 0.133277 0.0858256
0.430001 0.282146 0.234646 0.0200708 0.033036 9.9991E-05
0.134226 9.9982E-05 0.498562 9.9982E-05 0.14911 0.217903
9.9973E-05 9.9973E-05 0.0260372 9.9973E-05 0.513245 0.460418
0.296882 0.186106 0.375665 9.9982E-05 9.9982E-05 0.141147
9.9973E-05 9.9973E-05 9.9973E-05 0.00947485 0.758298 0.231927
0.12591 9.9982E-05 0.519303 9.9982E-05 0.0314615 0.323125
0.0346428 9.9973E-05 9.9973E-05 9.9973E-05 0.0702542 0.894803
9.9964E-05 9.9964E-05 9.9964E-05 0.0241107 9.9964E-05 0.975489
0.231008 0.0203949 0.166184 9.9982E-05 9.9982E-05 0.582213
0.130098 0.0662214 0.312426 9.9982E-05 9.9982E-05 0.491055
0.282515 9.9973E-05 0.137447 9.9973E-05 9.9973E-05 0.579738
0.162463 0.130001 0.0963031 9.9982E-05 9.9982E-05 0.611033
0.278113 0.0680255 0.171753 9.9982E-05 9.9982E-05 0.481908
0.220386 9.9964E-05 0.779214 9.9964E-05 9.9964E-05 9.9964E-05
0.215397 0.169211 0.591257 9.9991E-05 0.0229416 0.00109325
0.169863 0.0067423 0.807166 0.0160285 9.9982E-05 9.9982E-05
0.00613571 0.0193577 0.843296 0.0889641 9.9991E-05 0.0421469
0.103917 0.0411844 0.781593 0.0731055 9.9982E-05 9.9982E-05
9.9973E-05 9.9973E-05 0.803576 0.0399798 0.156144 9.9973E-05
9.9973E-05 9.9973E-05 0.883052 0.00147371 0.115174 9.9973E-05
0.00901957 0.0428315 0.777661 9.9991E-05 0.160901 0.0094866
9.9982E-05 0.153451 0.665248 0.0593321 9.9982E-05 0.121769
0.195592 0.118991 0.652738 0.0271326 0.00544592 9.9991E-05
0.292875 0.149413 0.475747 9.9982E-05 9.9982E-05 0.0817649
9.9991E-05 0.0502224 0.788346 0.0495411 0.0393287 0.0724617
0.0471915 0.126394 0.645256 0.100058 9.9991E-05 0.0809998
9.9973E-05 0.0346582 0.900286 9.9973E-05 0.0647559 9.9973E-05
0.0607271 0.302286 0.416391 0.041727 9.9991E-05 0.178769
0.0503239 0.0936957 0.616673 0.132972 0.00421924 0.102116
9.9973E-05 9.9973E-05 0.86536 0.0526804 0.0816595 9.9973E-05
0.0332792 0.205459 0.511092 9.9991E-05 0.0805095 0.16956
0.121526 9.9982E-05 0.777024 0.100091 0.00115897 9.9982E-05
0.109111 9.9991E-05 0.597279 0.133589 0.103507 0.0564144
0.0691047 0.113758 0.423154 0.06619 0.144305 0.183488
0.0336772 0.18805 0.578701 0.0252647 0.0584733 0.115834
0.0703283 0.236232 0.651197 9.9982E-05 9.9982E-05 0.042043
9.9973E-05 9.9973E-05 0.868648 0.00192977 0.129122 9.9973E-05
0.279893 0.258246 0.134973 0.177895 0.0480212 0.100972
0.33895 9.9982E-05 0.362753 0.188407 9.9982E-05 0.10969
9.9973E-05 0.034014 9.9973E-05 0.776288 0.189398 9.9973E-05
9.996E-05 9.996E-05 9.996E-05 0.9995 9.996E-05 9.996E-05
0.288814 0.0678925 0.124063 0.460881 9.9991E-05 0.0582497
0.0462691 0.0849343 0.0702318 0.798365 9.9982E-05 9.9982E-05
9.9973E-05 0.112353 9.9973E-05 0.559793 0.327554 9.9973E-05
0.122406 0.036261 0.27597 0.362811 9.9991E-05 0.202452
0.268079 0.12846 0.198117 0.183884 0.0705626 0.150898
0.236985 9.9982E-05 0.254987 0.38044 0.127388 9.9982E-05
0.0450924 9.9973E-05 0.0394854 0.915122 9.9973E-05 9.9973E-05
0.338765 0.165188 0.217631 0.268375 9.9991E-05 0.00994217
0.190706 0.0556061 0.0538559 0.676098 9.9991E-05 0.0236335
9.996E-05 9.996E-05 9.996E-05 0.9995 9.996E-05 9.996E-05
0.213152 0.116531 0.446356 0.100444 9.9991E-05 0.123417
0.14142 9.9982E-05 0.478819 0.334284 9.9982E-05 0.0452763
