0.0867085 0.374618 0.298176 0.109476 0.095028 0.035994
0.0997261 0.536841 0.277651 0.0446655 9.9991E-05 0.0410156
9.9964E-05 0.591528 9.9964E-05 9.9964E-05 9.9964E-05 0.408072
0.121681 0.387045 0.325474 9.9991E-05 0.131654 0.0340467
0.0817564 0.543669 0.119815 0.0973515 0.073832 0.0835759
0.112574 0.375875 0.32117 0.0998834 0.0903974 9.9991E-05
9.9982E-05 0.728234 0.0675327 0.082702 9.9982E-05 0.121331
9.9982E-05 0.720438 9.9982E-05 0.0185344 0.0423676 0.21846
9.9982E-05 0.647881 0.193454 0.0410723 0.117393 9.9982E-05
0.222209 0.437654 0.168427 9.9991E-05 0.0859801 0.0856299
0.351595 0.456644 0.024414 0.107271 0.0554446 0.00463184
0.0697929 0.336514 9.9982E-05 9.9982E-05 0.136008 0.457485
0.163577 0.353659 0.299609 9.9982E-05 0.182956 9.9982E-05
0.0333365 0.825407 0.0885868 0.0524693 9.9982E-05 9.9982E-05
0.0368313 0.595662 0.258892 0.0216052 0.0869095 9.9991E-05
0.1853 0.306299 0.2731 0.0548934 0.180308 9.9991E-05
0.133876 0.15015 0.139888 9.9982E-05 9.9982E-05 0.575886
9.996E-05 9.996E-05 9.996E-05 9.996E-05 9.996E-05 0.9995
9.9964E-05 9.9964E-05 9.9964E-05 0.00054216 9.9964E-05 0.999058
0.176137 0.0243457 0.183235 0.0239117 9.9991E-05 0.592271
0.0221718 0.690537 0.286991 9.9973E-05 9.9973E-05 9.9973E-05
0.068249 0.422213 0.414379 9.9991E-05 0.0632352 0.0318233
0.75267 0.00587335 0.128176 9.9982E-05 0.113081 9.9982E-05
0.623988 0.0891361 0.0616897 9.9982E-05 0.224986 9.9982E-05
0.543682 0.197983 0.0877434 0.0290476 0.0240567 0.117488
0.0847743 0.740321 9.9982E-05 9.9982E-05 0.134225 0.0404804
0.061451 0.417111 0.375081 0.0640056 0.0822504 9.9991E-05
9.9973E-05 0.723071 9.9973E-05 9.9973E-05 0.07786 0.198769
9.9982E-05 0.428266 0.42962 0.0122419 0.129672 9.9982E-05
0.081084 0.55013 0.210339 0.00749958 0.150848 9.9991E-05
9.9973E-05 0.605261 0.345584 9.9973E-05 0.0488549 9.9973E-05
0.00833181 0.849977 9.9982E-05 0.0300014 9.9982E-05 0.11149
0.17294 0.426485 0.352509 9.9982E-05 0.0478654 9.9982E-05
0.166553 0.408553 0.255166 0.0437765 0.125852 9.9991E-05
0.884945 9.9973E-05 0.0457825 9.9973E-05 9.9973E-05 0.0689723
0.841453 0.0426613 0.115585 9.9973E-05 9.9973E-05 9.9973E-05
0.586896 0.10374 0.124508 9.9991E-05 0.132591 0.0521647
0.602371 9.9982E-05 0.286539 0.00890756 0.101982 9.9982E-05
0.818254 0.0703976 0.093022 9.9982E-05 9.9982E-05 0.0181267
0.921766 9.9973E-05 9.9973E-05 0.0534899 9.9973E-05 0.0244442
0.975072 9.9964E-05 9.9964E-05 0.0245284 9.9964E-05 9.9964E-05
0.76881 9.9973E-05 0.229103 9.9973E-05 0.0017871 9.9973E-05
0.997745 0.00185465 9.9964E-05 9.9964E-05 9.9964E-05 9.9964E-05
0.964484 9.9964E-05 9.9964E-05 9.9964E-05 9.9964E-05 0.0351166
0.968672 9.9973E-05 9.9973E-05 0.00907037 9.9973E-05 0.021958
0.681175 0.0210798 0.241246 9.9982E-05 0.0562996 9.9982E-05
0.748832 9.9982E-05 0.140229 0.0713127 0.0394265 9.9982E-05
0.966993 0.0239061 9.9973E-05 9.9973E-05 9.9973E-05 0.00880144
0.324478 0.133413 0.360185 0.0500033 0.131821 9.9991E-05
0.566256 0.000128982 0.31722 0.0648675 0.051428 9.9991E-05
0.546033 0.0132442 0.365991 0.074531 9.9982E-05 9.9982E-05
0.858832 9.9991E-05 0.0993255 0.0172867 0.00363242 0.0208236
0.81315 9.9973E-05 0.171124 9.9973E-05 9.9973E-05 0.0154262
0.777069 9.9991E-05 0.173585 0.0332392 0.0073334 0.00867409
0.991612 9.9964E-05 9.9964E-05 9.9964E-05 9.9964E-05 0.00798858
0.613783 0.138052 0.245986 0.00197849 9.9982E-05 9.9982E-05
0.920804 9.9991E-05 0.00518778 0.000701723 0.0454277 0.0277783
9.9973E-05 0.254648 9.9973E-05 0.0757887 9.9973E-05 0.669264
0.0217706 0.444611 0.274284 0.0736694 0.0691272 0.116538
0.0655199 0.41275 0.229841 9.9991E-05 0.0563127 0.235476
9.9982E-05 0.418458 0.103022 0.0709286 9.9982E-05 0.407391
0.0724867 0.171832 0.368522 0.0492036 0.130753 0.207203
0.062357 0.400646 0.0928475 9.9982E-05 9.9982E-05 0.443949
0.0356311 0.15676 0.445069 0.0813917 0.207508 0.0736401
0.183986 0.439107 0.112283 0.00476682 9.9991E-05 0.259758
0.144923 0.307023 0.3016 0.0460054 0.0877057 0.112743
0.137027 0.32978 0.261362 9.9982E-05 9.9982E-05 0.271631
0.0290704 0.353373 0.449487 0.110859 9.9991E-05 0.0571107
0.103 0.544871 0.3015 0.0503755 0.000153518 9.9991E-05
0.067313 0.801045 9.9982E-05 9.9982E-05 0.0197595 0.111682
9.9964E-05 0.637708 0.361892 9.9964E-05 9.9964E-05 9.9964E-05
0.0445453 0.399179 0.426529 0.0466197 0.0830271 9.9991E-05
9.9973E-05 0.903788 0.0184499 9.9973E-05 9.9973E-05 0.0774622
0.109496 0.359197 0.268752 0.093444 0.16901 9.9991E-05
9.9982E-05 0.600805 0.336985 0.0422157 0.0197945 9.9982E-05
9.9964E-05 0.917358 9.9964E-05 9.9964E-05 9.9964E-05 0.082242
9.9973E-05 0.874414 9.9973E-05 0.0807092 9.9973E-05 0.0445766
0.0284361 0.750545 0.220719 9.9973E-05 9.9973E-05 9.9973E-05
9.9973E-05 0.849049 9.9973E-05 0.00968463 9.9973E-05 0.140967
9.9964E-05 0.821814 0.177786 9.9964E-05 9.9964E-05 9.9964E-05
0.19731 0.225863 0.0642104 9.9982E-05 0.512417 9.9982E-05
9.9973E-05 0.197285 0.394806 9.9973E-05 0.407609 9.9973E-05
9.9973E-05 9.9973E-05 9.9973E-05 0.0047889 0.952799 0.0421117
9.9964E-05 9.9964E-05 9.9964E-05 9.9964E-05 0.979702 0.0198986
0.124083 0.0809259 0.251243 9.9991E-05 0.476546 0.0671022
0.0689397 0.116858 0.600609 0.051262 0.118086 0.0442447
9.9982E-05 9.9982E-05 0.649454 0.0645765 0.188355 0.0974145
0.0515654 0.0308245 0.373546 0.195865 0.11495 0.233249
9.9982E-05 0.0354243 0.566162 9.9982E-05 0.115337 0.282877
9.9964E-05 9.9964E-05 9.9964E-05 9.9964E-05 0.638593 0.361007
9.9982E-05 9.9982E-05 0.116843 0.0523676 0.701665 0.128924
0.105434 0.149998 0.328066 9.9982E-05 0.416302 9.9982E-05
0.162345 0.144852 0.174911 0.00803401 0.509757 9.9991E-05
9.9982E-05 9.9982E-05 0.144612 0.0926783 0.7258 0.0367098
9.9982E-05 0.0289541 0.469214 0.0376086 0.464023 9.9982E-05
0.0237902 0.235074 0.403249 9.9982E-05 0.337687 9.9982E-05
0.153279 0.234109 0.331717 9.9982E-05 0.280695 9.9982E-05
9.9973E-05 0.0999506 0.104761 9.9973E-05 0.794989 9.9973E-05
0.0752238 0.0823204 0.0774124 0.0173182 0.741473 0.00625196
0.101467 0.174805 0.208195 9.9982E-05 0.515333 9.9982E-05
9.9991E-05 0.11467 0.250645 0.0114597 0.543572 0.079553
9.9982E-05 0.3849 0.43106 0.0552827 0.128556 9.9982E-05
0.000782121 0.263487 0.217687 0.0443445 0.473599 9.9991E-05
9.9973E-05 0.123914 9.9973E-05 9.9973E-05 0.819657 0.0561297
9.9973E-05 0.111979 0.358351 9.9973E-05 0.52937 9.9973E-05
0.0651089 9.9982E-05 9.9982E-05 0.00721006 0.855099 0.0723825
0.10754 0.193328 0.0729644 9.9982E-05 0.625969 9.9982E-05
0.0293976 0.130698 0.421613 9.9991E-05 0.409913 0.00827905
0.119889 0.163898 0.271704 9.9982E-05 0.444308 9.9982E-05
0.0975131 0.119032 0.492362 0.0300418 0.226831 0.0342194
0.209504 0.0774029 0.223911 0.149876 0.339206 9.9991E-05
0.102117 0.119096 0.407939 0.0396101 0.126033 0.205206
0.0744281 0.351773 0.397688 9.9982E-05 9.9982E-05 0.175912
0.0439925 0.176128 0.475851 0.067179 0.0997979 0.137052
0.0530379 0.113883 0.435079 0.0865665 0.177063 0.13437
9.9964E-05 9.9964E-05 9.9964E-05 9.9964E-05 0.452137 0.547463
0.080531 0.101992 0.573295 0.0146955 0.201371 0.0281159
0.0230573 9.9982E-05 9.9982E-05 0.143517 0.32658 0.506646
0.0136461 0.00354171 0.6024 9.9991E-05 0.316657 0.0636554
9.9964E-05 9.9964E-05 9.9964E-05 0.0542062 0.945394 9.9964E-05
9.9964E-05 9.9964E-05 9.9964E-05 9.9964E-05 0.996046 0.0035541
9.9973E-05 0.131602 0.244149 9.9973E-05 0.623949 9.9973E-05
9.9964E-05 9.9964E-05 0.462566 9.9964E-05 0.537034 9.9964E-05
9.9973E-05 0.197438 0.120876 9.9973E-05 0.681386 9.9973E-05
0.0278438 0.00436147 0.24522 9.9982E-05 0.722375 9.9982E-05
9.9973E-05 0.0712018 0.281156 9.9973E-05 0.647342 9.9973E-05
0.0874263 0.131118 0.758941 9.9982E-05 9.9982E-05 0.0223152
0.163525 0.132823 0.652481 0.0125116 0.000958457 0.0377014
0.0394367 0.0332041 0.836727 0.0904321 9.9982E-05 9.9982E-05
9.9973E-05 9.9973E-05 0.885039 0.105101 9.9973E-05 0.0095602
0.0224271 0.136752 0.802811 0.0378101 9.9982E-05 9.9982E-05
9.9964E-05 9.9964E-05 0.723799 9.9964E-05 9.9964E-05 0.275801
9.9964E-05 9.9964E-05 0.893064 9.9964E-05 9.9964E-05 0.106537
0.0106506 9.9982E-05 0.839265 0.0262719 9.9982E-05 0.123613
0.0264359 0.00410873 0.836518 0.0480351 0.0287326 0.0561696
0.00919446 0.0578786 0.880283 9.9982E-05 9.9982E-05 0.0524439
0.0407349 0.149065 0.608893 0.117255 0.0839522 9.9991E-05
0.0204904 9.9982E-05 0.809938 0.0570503 9.9982E-05 0.112321
9.9991E-05 0.0388274 0.830207 0.00848686 0.106238 0.0161413
0.00105774 9.9973E-05 0.918596 9.9973E-05 9.9973E-05 0.0800462
0.269546 0.122072 0.480076 0.0328197 0.095386 9.9991E-05
0.0757385 0.203919 0.70168 0.0184634 9.9982E-05 9.9982E-05
0.0498594 9.9973E-05 0.778326 9.9973E-05 9.9973E-05 0.171515
0.0824755 0.0789794 0.611405 0.0740523 0.135204 0.0178837
0.0404232 0.190899 0.700953 0.0479186 9.9991E-05 0.0197065
0.085874 0.108594 0.504542 0.215534 0.0849033 0.000553457
9.9991E-05 0.0386899 0.59087 0.0102493 0.105834 0.254257
0.143961 0.155922 0.581433 9.9991E-05 0.046782 0.0718018
0.0798689 9.9982E-05 0.843129 9.9982E-05 0.0394848 0.0373169
0.0323722 9.9982E-05 0.773029 0.0144813 9.9982E-05 0.179917
0.0776084 0.1682 0.412572 0.182057 0.12628 0.0332821
0.111913 0.193064 0.362825 0.162332 0.147053 0.0228143
9.9964E-05 9.9964E-05 9.9964E-05 0.89306 9.9964E-05 0.10654
9.996E-05 9.996E-05 9.996E-05 0.9995 9.996E-05 9.996E-05
0.125437 0.346733 0.0335891 0.478644 0.0154965 9.9991E-05
0.111211 0.0555242 9.9982E-05 0.736759 9.9982E-05 0.0963058
9.9973E-05 9.9973E-05 0.066951 0.682358 9.9973E-05 0.250392
0.023346 0.136902 0.308702 0.29153 0.239419 9.9991E-05
0.126451 0.126396 0.292169 0.302556 0.152328 9.9991E-05
9.9982E-05 0.235414 0.319991 0.349965 9.9982E-05 0.0944304
0.0455736 9.9982E-05 0.0460334 0.892569 0.0156241 9.9982E-05
0.0497909 0.241076 0.384461 0.296309 0.0282634 9.9991E-05
0.0415348 0.218683 0.0413905 0.697177 0.00111534 9.9991E-05
9.996E-05 9.996E-05 9.996E-05 0.9995 9.996E-05 9.996E-05
0.281641 0.0901711 0.321138 0.132875 0.174074 9.9991E-05
9.9982E-05 0.0960219 0.474077 0.41116 0.0185415 9.9982E-05
