0.0550307 9.9991E-05 0.0312862 0.723532 0.12324 0.066811
0.00311806 0.215735 0.08707 0.595235 0.0412594 0.0575825
9.996E-05 0.9995 9.996E-05 9.996E-05 9.996E-05 9.996E-05
0.0415383 0.118428 0.0130869 0.74877 9.9991E-05 0.078077
0.00368387 0.449689 0.170156 0.376272 9.9982E-05 9.9982E-05
0.0730014 0.0938506 0.226467 0.531707 0.0748737 9.9991E-05
0.167902 0.371791 9.9982E-05 0.405939 0.0541679 9.9982E-05
0.0360918 0.662268 9.9982E-05 0.222076 0.079364 9.9982E-05
9.9973E-05 0.38701 9.9973E-05 0.587418 0.025272 9.9973E-05
9.999E-05 0.193932 0.210134 0.480735 0.0781689 0.0369297
0.0846422 0.266936 0.0598192 0.415192 0.0426327 0.130778
0.0831294 0.605445 0.153383 9.9991E-05 0.0538489 0.104094
0.0428662 0.101657 0.143878 0.595059 9.9991E-05 0.116439
9.9964E-05 0.464534 9.9964E-05 0.535067 9.9964E-05 9.9964E-05
0.0141234 0.290535 9.9991E-05 0.648071 0.0355529 0.011617
0.0927184 9.9991E-05 0.0137072 0.666713 0.0756313 0.15113
0.211688 0.291951 0.352324 9.9982E-05 9.9982E-05 0.143837
0.553462 0.212328 0.23391 9.9973E-05 9.9973E-05 9.9973E-05
0.668275 0.221051 9.9973E-05 9.9973E-05 9.9973E-05 0.110374
0.302306 0.13941 0.487706 9.9982E-05 9.9982E-05 0.0703783
9.9964E-05 0.111065 9.9964E-05 0.888536 9.9964E-05 9.9964E-05
0.045663 0.0579331 9.9991E-05 0.723072 0.0769378 0.0962945
9.9964E-05 9.9964E-05 9.9964E-05 0.267942 9.9964E-05 0.731659
9.9973E-05 9.9973E-05 9.9973E-05 0.473801 0.0300873 0.495812
0.0174432 0.0625927 0.071073 0.223406 0.0835894 0.541896
9.9982E-05 0.495452 9.9982E-05 0.36897 0.116746 0.0186327
0.0764761 0.078577 0.244551 0.600196 9.9982E-05 9.9982E-05
9.9973E-05 0.724806 9.9973E-05 0.234954 0.0399403 9.9973E-05
0.0324135 0.177757 0.0325602 0.757069 9.9982E-05 9.9982E-05
0.0194049 0.229848 9.9991E-05 0.610461 0.128882 0.011303
9.9982E-05 0.212404 0.0563993 0.709625 9.9982E-05 0.0213718
9.9964E-05 0.767578 9.9964E-05 0.232022 9.9964E-05 9.9964E-05
9.9973E-05 0.131079 9.9973E-05 0.709027 9.9973E-05 0.159594
0.0413291 0.158421 0.0997651 0.533067 0.0555777 0.111839
9.9973E-05 9.9973E-05 0.00821901 0.0791804 9.9973E-05 0.912301
9.9973E-05 9.9973E-05 0.134392 0.0388694 9.9973E-05 0.826438
9.9973E-05 9.9973E-05 0.185486 0.290752 9.9973E-05 0.523463
9.9973E-05 9.9973E-05 0.0529173 0.331139 9.9973E-05 0.615644
9.9973E-05 9.9973E-05 0.0624711 0.133569 9.9973E-05 0.80366
0.0526381 9.9964E-05 9.9964E-05 9.9964E-05 9.9964E-05 0.946962
0.0735719 9.9982E-05 0.0115958 9.9982E-05 0.0241965 0.890436
9.9973E-05 9.9973E-05 0.0778847 0.0764846 9.9973E-05 0.845331
9.9982E-05 0.00279629 9.9982E-05 0.0194674 0.00726494 0.970271
9.996E-05 9.996E-05 9.996E-05 9.996E-05 9.996E-05 0.9995
0.0141696 9.9964E-05 9.9964E-05 9.9964E-05 9.9964E-05 0.985431
9.9973E-05 0.00724977 9.9973E-05 0.215001 9.9973E-05 0.777449
0.0704693 9.9991E-05 0.15356 0.0749783 0.0121681 0.688724
9.9964E-05 0.000483769 9.9964E-05 9.9964E-05 9.9964E-05 0.999116
9.9991E-05 0.0392195 0.27572 0.220259 0.0896483 0.375054
9.9982E-05 0.0668224 0.180487 0.0646553 9.9982E-05 0.687835
0.0494356 0.00707017 0.172006 0.125882 9.9991E-05 0.645506
0.00397228 9.9982E-05 0.0240192 0.119285 9.9982E-05 0.852523
9.9964E-05 9.9964E-05 0.211652 9.9964E-05 9.9964E-05 0.787948
0.0501161 9.9973E-05 0.120791 9.9973E-05 9.9973E-05 0.828793
9.9964E-05 0.0107339 9.9964E-05 9.9964E-05 9.9964E-05 0.988866
9.9991E-05 0.0430522 0.316784 0.154953 0.000411206 0.4847
0.00423534 0.0432081 0.00281464 9.9991E-05 0.0287532 0.920889
0.280274 0.655938 9.9973E-05 9.9973E-05 9.9973E-05 0.0634888
0.156447 0.28852 0.201777 0.353056 9.9982E-05 9.9982E-05
0.0415174 0.234721 0.406176 0.289196 0.0166987 0.0116909
0.116186 0.536889 0.342145 0.00458032 9.9982E-05 9.9982E-05
9.9991E-05 0.152365 0.142507 0.507102 0.089926 0.108
0.219715 0.437781 0.170714 0.072256 0.0354767 0.0640569
0.0533172 0.207405 0.210006 0.426994 0.0104107 0.0918668
0.18683 0.241621 0.204452 0.289725 9.9991E-05 0.0772718
0.0889997 0.192407 0.342541 0.367361 9.9991E-05 0.00859054
0.0566632 0.291482 0.283116 0.243392 9.9991E-05 0.125247
0.00498962 0.230453 0.270785 0.476288 9.9991E-05 0.0173835
0.0147328 0.146863 0.223705 0.614499 9.9982E-05 9.9982E-05
9.9973E-05 0.637638 9.9973E-05 0.341272 9.9973E-05 0.0207893
9.9982E-05 0.267476 0.00133927 0.644324 9.9982E-05 0.0866613
9.9982E-05 0.175458 9.9982E-05 0.7619 0.0187371 0.0437045
9.9964E-05 0.589126 9.9964E-05 0.410474 9.9964E-05 9.9964E-05
0.0354777 0.188157 9.9991E-05 0.489166 0.0889563 0.198143
0.0699492 0.0729644 9.9982E-05 0.81627 0.0406162 9.9982E-05
9.9973E-05 0.889997 9.9973E-05 0.0768229 0.03288 9.9973E-05
0.0357749 0.616514 9.9973E-05 0.347411 9.9973E-05 9.9973E-05
9.9964E-05 0.412121 9.9964E-05 0.58748 9.9964E-05 9.9964E-05
9.9973E-05 0.819204 9.9973E-05 0.14825 0.0322464 9.9973E-05
9.9964E-05 0.340565 9.9964E-05 0.659035 9.9964E-05 9.9964E-05
9.9973E-05 9.9973E-05 9.9973E-05 0.433739 0.442403 0.123558
0.0372507 9.9991E-05 0.167563 0.445384 0.224952 0.124751
9.9964E-05 9.9964E-05 9.9964E-05 0.0213604 0.97824 9.9964E-05
9.9964E-05 0.0838824 9.9964E-05 9.9964E-05 0.915718 9.9964E-05
9.9991E-05 0.0031312 0.161132 0.320378 0.383566 0.131693
0.0470299 0.0650615 0.391767 0.351917 0.0595728 0.0846519
0.0474931 9.9991E-05 0.546604 0.178535 0.204242 0.0230261
0.149746 0.0759057 0.562044 0.0114228 0.154884 0.0459966
0.115177 9.9982E-05 0.479195 0.379814 0.0256139 9.9982E-05
0.10182 0.12884 0.1069 9.9991E-05 0.609292 0.0530464
0.124816 9.9973E-05 0.20987 9.9973E-05 0.665013 9.9973E-05
9.9982E-05 9.9982E-05 0.0998583 0.541799 0.299315 0.0588281
9.9982E-05 9.9982E-05 0.065209 0.324864 0.461496 0.148231
9.9964E-05 9.9964E-05 0.258574 9.9964E-05 0.741026 9.9964E-05
9.9982E-05 9.9982E-05 0.231295 0.480559 0.231475 0.0564713
9.9973E-05 9.9973E-05 9.9973E-05 0.550799 0.276688 0.172212
0.0481526 0.0829866 0.0336947 0.445331 0.139907 0.249928
0.0125447 0.00532145 9.9982E-05 0.385276 0.596658 9.9982E-05
9.9991E-05 0.049741 0.0534888 0.327703 0.525212 0.0437552
9.9982E-05 9.9982E-05 0.0903706 0.596124 0.267299 0.0460066
9.9982E-05 9.9982E-05 0.155079 0.400807 0.428916 0.0149976
0.00287274 0.18447 0.162936 0.305567 0.190398 0.153756
9.9982E-05 0.159638 0.0937067 0.432736 0.313719 9.9982E-05
9.9973E-05 0.146309 9.9973E-05 0.186557 0.666835 9.9973E-05
9.9973E-05 9.9973E-05 0.138536 0.543844 0.317321 9.9973E-05
0.00591265 9.9982E-05 9.9982E-05 0.12826 0.798574 0.0670542
0.00771364 9.9982E-05 9.9982E-05 0.413531 0.536203 0.0423521
0.00630799 9.9982E-05 0.151647 0.558938 0.282906 9.9982E-05
9.9982E-05 0.0681332 9.9982E-05 0.564351 0.261617 0.105699
9.9991E-05 0.0703818 0.317776 0.439077 0.0559649 0.1167
0.128896 9.9991E-05 0.245915 0.323291 0.170418 0.13138
0.125282 0.0627105 0.365279 0.395318 0.0513109 9.9991E-05
9.9991E-05 0.270429 0.525757 0.0175294 0.151709 0.0344747
9.9982E-05 0.171988 0.32201 0.39575 9.9982E-05 0.110052
0.0304329 9.9982E-05 0.492819 0.269053 0.207495 9.9982E-05
0.115801 0.0191248 0.225113 9.9982E-05 0.639762 9.9982E-05
9.9982E-05 9.9982E-05 0.217981 0.477603 0.164641 0.139575
0.446414 9.9982E-05 0.112045 9.9982E-05 0.405559 0.0357822
9.9982E-05 9.9982E-05 0.406337 0.370014 0.204711 0.0187379
0.00469611 0.0281305 9.9982E-05 0.13396 0.833013 9.9982E-05
9.9964E-05 0.0964538 9.9964E-05 9.9964E-05 0.903146 9.9964E-05
0.00257955 9.9973E-05 9.9973E-05 0.619753 0.377367 9.9973E-05
9.9973E-05 9.9973E-05 0.0741876 0.638557 0.286955 9.9973E-05
9.9964E-05 9.9964E-05 9.9964E-05 0.456412 0.543188 9.9964E-05
9.9973E-05 9.9973E-05 9.9973E-05 0.486487 0.473424 0.0397891
9.9964E-05 9.9964E-05 9.9964E-05 0.601806 0.397794 9.9964E-05
0.0116653 9.9982E-05 0.475723 0.407018 9.9982E-05 0.105394
9.9982E-05 9.9982E-05 0.690532 0.148667 0.0161213 0.144479
9.9973E-05 9.9973E-05 0.643516 0.248235 9.9973E-05 0.10795
0.0609282 0.0226446 0.644605 0.178774 9.9991E-05 0.0929481
0.0295045 9.9982E-05 0.694723 0.257349 9.9982E-05 0.0182244
9.996E-05 9.996E-05 0.9995 9.996E-05 9.996E-05 9.996E-05
9.9973E-05 9.9973E-05 0.870437 0.0976651 0.0315978 9.9973E-05
9.9982E-05 9.9982E-05 0.811508 0.0692713 0.0499748 0.0690457
9.9973E-05 9.9973E-05 0.820187 0.163414 9.9973E-05 0.0160993
9.9973E-05 9.9973E-05 0.721392 0.216658 9.9973E-05 0.0616501
9.9973E-05 9.9973E-05 0.452861 0.338974 9.9973E-05 0.207865
9.9982E-05 9.9982E-05 0.870129 0.058439 0.0475842 0.0236479
9.9982E-05 9.9982E-05 0.507804 0.365756 0.00802077 0.118219
9.9964E-05 9.9964E-05 0.977405 9.9964E-05 9.9964E-05 0.0221948
9.9982E-05 0.0284614 0.65133 0.202686 9.9982E-05 0.117323
9.9973E-05 9.9973E-05 0.687074 0.256957 0.0556693 9.9973E-05
0.000503892 9.9973E-05 0.879494 9.9973E-05 9.9973E-05 0.119702
0.0173068 9.9991E-05 0.524981 0.25105 0.0952827 0.11128
9.9991E-05 0.128281 0.63304 0.0376552 0.103238 0.0976861
0.122618 9.9982E-05 0.447031 0.419879 9.9982E-05 0.010272
0.0990474 0.0279255 0.546691 0.178508 0.119164 0.0286629
9.9991E-05 0.0212536 0.614895 0.140944 0.0768578 0.14595
9.9973E-05 9.9973E-05 0.702269 0.261203 9.9973E-05 0.0362278
0.00152372 0.00085931 0.997317 9.9973E-05 9.9973E-05 9.9973E-05
0.329691 9.9982E-05 0.020774 0.532641 9.9982E-05 0.116694
0.186467 9.9982E-05 0.101801 0.609255 9.9982E-05 0.102277
0.92172 9.9973E-05 9.9973E-05 0.0683525 9.9973E-05 0.00962748
0.9995 9.996E-05 9.996E-05 9.996E-05 9.996E-05 9.996E-05
0.38555 0.131952 9.9991E-05 0.37689 0.0343449 0.0711626
0.805618 9.9982E-05 0.0164023 0.133575 0.0442046 9.9982E-05
0.908821 9.9973E-05 0.0870175 9.9973E-05 9.9973E-05 0.00386155
0.337341 9.9991E-05 0.116269 0.437691 0.085507 0.023092
0.358657 9.9982E-05 0.1441 0.453043 9.9982E-05 0.0440002
0.418599 0.0599388 0.183273 0.337989 9.9982E-05 9.9982E-05
0.85061 9.9964E-05 9.9964E-05 0.14899 9.9964E-05 9.9964E-05
0.318041 9.9973E-05 9.9973E-05 0.645884 9.9973E-05 0.0357751
0.642909 9.9964E-05 9.9964E-05 0.356691 9.9964E-05 9.9964E-05
0.9995 9.996E-05 9.996E-05 9.996E-05 9.996E-05 9.996E-05
0.0308852 0.0815755 0.222869 0.415532 0.0340559 0.215082
0.338319 9.9973E-05 0.194503 0.466877 9.9973E-05 9.9973E-05
