0.00055794 0.951751 9.9991E-05 0.0475908
0.033646 0.966154 9.9982E-05 9.9982E-05
9.999E-05 0.85667 0.0927279 0.0505021
0.0337899 0.834295 0.0435469 0.0883679
9.999E-05 0.886612 0.066086 0.0472016
0.157842 0.661894 0.121027 0.0592371
0.0453367 0.890137 0.0340999 0.0304267
0.170831 0.75267 9.9991E-05 0.0763992
0.156503 0.843297 9.9982E-05 9.9982E-05
0.0614454 0.733406 0.119085 0.0860636
0.142848 0.789336 0.0677159 9.9991E-05
0.543935 0.0160999 0.319132 0.120833
0.167703 0.0825801 0.726559 0.0231578
0.440566 0.131961 0.362042 0.06543
0.363298 0.0592081 0.373947 0.203547
0.269049 0.124515 0.419424 0.187012
0.138707 0.097255 0.637448 0.12659
0.368978 0.0455159 0.458014 0.127492
0.324907 0.189095 0.47521 0.0107873
0.701401 0.144268 0.123392 0.0309391
0.429896 0.0162682 0.372059 0.181776
0.273745 0.11768 0.533341 0.0752338
0.176749 0.0847224 0.647393 0.091135
0.428307 0.0598813 0.411719 0.100092
0.0466264 0.0933391 0.748247 0.111788
0.159793 0.0241521 0.738785 0.0772698
0.574108 0.0754203 0.242152 0.10832
0.47431 0.0855577 0.251136 0.188996
0.596799 0.0539353 0.320807 0.0284589
9.9991E-05 0.836011 0.0306933 0.133196
9.9991E-05 0.876597 0.102729 0.0205746
9.9991E-05 0.786938 0.156982 0.0559805
9.9991E-05 0.716425 0.157752 0.125724
0.304488 0.0400709 0.655341 9.9991E-05
0.191471 0.0948664 0.676044 0.0376189
0.150229 0.0762114 0.768046 0.0055141
0.505215 0.166418 0.328266 9.9991E-05
0.412861 9.9982E-05 0.586939 9.9982E-05
0.198696 0.118852 0.669046 0.0134055
0.0644607 9.9991E-05 0.821853 0.113586
0.101149 0.133374 0.765378 9.9991E-05
0.0603571 0.102372 0.818167 0.019104
0.562756 0.0401165 0.397027 9.9991E-05
0.152417 0.0495767 0.689292 0.108714
0.186453 0.0634537 0.583664 0.16643
0.0128037 0.124353 0.762456 0.100388
0.383268 9.9982E-05 0.616532 9.9982E-05
0.0328453 0.0318859 0.77501 0.160259
0.0899987 0.166971 0.603717 0.139313
0.828515 0.0812121 0.0901731 9.9991E-05
0.624256 0.0517025 0.323941 9.9991E-05
0.716738 0.0567854 0.179713 0.0467633
0.134975 0.0387155 0.749146 0.0771628
0.0640912 0.131703 0.637369 0.166836
0.100846 0.0809759 0.70709 0.111088
0.557889 0.153579 0.288432 9.9991E-05
0.241729 0.0470348 0.639926 0.0713098
0.126542 0.114324 0.666779 0.0923551
0.271689 0.205886 0.49914 0.023284
0.550081 0.241419 0.167036 0.0414637
0.282361 0.08465 0.552633 0.0803559
0.264335 0.150053 0.524211 0.0614009
0.704964 0.124726 0.17021 9.9991E-05
0.287528 0.0305126 0.64982 0.0321399
0.21478 0.0556307 0.694814 0.0347752
0.221904 0.112529 0.630036 0.0355308
0.423254 0.116181 0.420775 0.0397898
0.332718 0.00306189 0.624803 0.039417
0.13937 0.121778 0.630903 0.107949
0.601561 0.0776177 0.320721 9.9991E-05
0.267334 9.9982E-05 0.732466 9.9982E-05
0.465592 0.022163 0.512145 9.9991E-05
0.184613 0.0489186 0.741246 0.0252221
0.696579 9.9982E-05 0.303221 9.9982E-05
0.710557 9.9982E-05 0.289243 9.9982E-05
0.428577 9.9982E-05 0.571223 9.9982E-05
0.309615 0.0128696 0.677415 9.9991E-05
0.0974694 0.0912984 0.774264 0.0369685
0.302054 0.00672738 0.637617 0.0536019
0.466792 0.0806065 0.452501 9.9991E-05
0.479076 0.0442226 0.476602 9.9991E-05
0.0925581 0.0891137 0.723675 0.0946535
0.329741 0.106315 0.563844 9.9991E-05
0.293666 0.0390604 0.667174 9.9991E-05
0.365522 9.9982E-05 0.634278 9.9982E-05
0.732363 9.9991E-05 0.249675 0.0178625
0.157639 0.102841 0.73942 9.9991E-05
9.9982E-05 0.849947 0.149853 9.9982E-05
9.9982E-05 0.932926 0.0668744 9.9982E-05
9.9991E-05 0.87142 0.103608 0.0248726
9.9991E-05 0.910459 0.0579475 0.0314938
9.9991E-05 0.873159 0.0873214 0.0394201
0.0396144 0.895954 0.0616169 0.00281451
9.9982E-05 0.975259 0.0245407 9.9982E-05
0.144285 0.10105 0.608424 0.14624
0.118626 0.102867 0.737613 0.0408952
0.660118 9.9982E-05 0.339682 9.9982E-05
0.129663 0.0788194 0.636925 0.154593
0.321987 0.0116363 0.666276 9.9991E-05
0.0344803 0.0528001 0.8782 0.0345198
0.166362 0.06736 0.727661 0.0386169
0.264432 9.9991E-05 0.629457 0.106011
0.699569 0.0548795 0.245452 9.9991E-05
0.120058 0.154279 0.611216 0.114447
0.0715806 0.12335 0.745605 0.0594647
0.174793 0.14367 0.585253 0.0962841
0.366732 9.9982E-05 0.633068 9.9982E-05
0.236158 0.00353462 0.74752 0.0127869
0.283618 0.0698926 0.646389 9.9991E-05
0.400412 9.9991E-05 0.476033 0.123455
0.285235 0.0684643 0.6462 9.9991E-05
0.126933 0.179199 0.63789 0.0559775
0.528349 0.0658389 0.372318 0.0334949
0.243674 0.19408 0.494434 0.0678116
0.124909 0.146004 0.728987 9.9991E-05
0.0759169 0.134225 0.76036 0.0294981
0.233931 0.120713 0.645256 9.9991E-05
0.198166 0.0955041 0.692886 0.0134433
0.267556 0.0881637 0.64418 9.9991E-05
0.189305 0.211304 0.573497 0.0258938
0.165104 0.0975787 0.653171 0.0841458
0.208662 0.0653706 0.711598 0.0143701
0.27359 0.0334041 0.692906 9.9991E-05
0.137456 0.0400666 0.599792 0.222685
0.127228 0.110567 0.625333 0.136872
0.246791 9.9991E-05 0.65897 0.094139
0.221459 0.0854189 0.630056 0.0630665
0.239313 0.0350097 0.545351 0.180327
0.325354 0.205279 0.469267 9.9991E-05
0.158444 0.0275497 0.693245 0.120761
0.043766 0.0915961 0.789833 0.0748053
0.556777 0.0459911 0.297008 0.100224
0.650698 0.0330842 0.263726 0.0524924
0.221325 0.0244541 0.631622 0.122599
0.717751 9.9991E-05 0.209132 0.0730162
0.540543 0.0611063 0.398251 9.9991E-05
0.408077 0.0363138 0.555509 9.9991E-05
0.379177 0.0888943 0.531829 9.9991E-05
0.493208 0.0462294 0.426196 0.034367
0.111084 0.137393 0.66493 0.0865939
0.119544 0.0783159 0.725168 0.0769722
0.247314 0.0676652 0.597697 0.0873241
0.656458 0.0180574 0.194549 0.130936
0.156909 0.155913 0.578031 0.109147
0.265818 0.0352873 0.554047 0.144848
0.675517 0.184574 0.0644931 0.0754157
0.0205115 0.167779 0.742111 0.069599
0.395431 0.105784 0.43796 0.0608247
0.242263 0.0849883 0.592509 0.0802398
0.473045 0.144022 0.307319 0.075615
0.535137 0.147242 0.317521 9.9991E-05
0.338375 0.0939169 0.548216 0.0194926
0.230019 0.102725 0.476465 0.190792
0.367549 0.107552 0.44079 0.0841082
0.680424 0.0558621 0.00431366 0.2594
0.198833 0.0675534 0.690493 0.04312
0.439137 9.9982E-05 0.560663 9.9982E-05
0.338644 9.9991E-05 0.647573 0.0136831
0.0571455 0.208184 0.724203 0.0104669
0.199678 0.348964 0.140241 0.311117
0.182049 0.623387 9.9991E-05 0.194464
0.283275 0.480016 9.9991E-05 0.236609
0.119889 0.414625 0.0460387 0.419447
0.150613 0.0180232 0.77872 0.0526435
0.204509 0.133056 0.510821 0.151613
9.9982E-05 9.9982E-05 0.275893 0.723907
0.0312854 0.0467809 0.399266 0.522668
0.0158243 0.0919638 0.484285 0.407927
0.469612 0.012738 0.423597 0.0940534
0.20561 0.0836745 0.565097 0.145619
0.639837 9.9991E-05 0.214505 0.145558
0.23724 0.0246393 0.63433 0.10379
0.381687 0.0362952 0.504611 0.0774067
0.249077 0.027761 0.550142 0.17302
0.642422 0.0081033 0.238707 0.110768
0.144211 0.0693172 0.636906 0.149565
0.227949 0.102095 0.521992 0.147964
9.998E-05 9.998E-05 9.998E-05 0.9997
9.9982E-05 9.9982E-05 0.0660239 0.933776
0.0610976 0.0426227 0.277405 0.618875
9.9991E-05 0.0286192 0.241051 0.73023
9.9982E-05 9.9982E-05 0.169138 0.830662
9.998E-05 9.998E-05 9.998E-05 0.9997
9.998E-05 9.998E-05 9.998E-05 0.9997
9.9982E-05 9.9982E-05 0.134839 0.864961
9.9982E-05 9.9982E-05 0.0393627 0.960437
9.998E-05 9.998E-05 9.998E-05 0.9997
9.998E-05 9.998E-05 9.998E-05 0.9997
9.9982E-05 9.9982E-05 0.177986 0.821814
9.9991E-05 0.0368392 0.150828 0.812233
9.9982E-05 0.0107355 9.9982E-05 0.989065
0.109753 0.0681488 0.298755 0.523343
9.9991E-05 0.0436432 0.276213 0.680044
0.0129105 0.00972504 0.179753 0.797611
9.9991E-05 0.0521805 0.0486932 0.899026
9.998E-05 9.998E-05 9.998E-05 0.9997
0.0604409 0.0194583 0.0203695 0.899731
9.998E-05 9.998E-05 9.998E-05 0.9997
0.0187575 0.0442299 0.249716 0.687297
0.0160546 0.0114403 0.0717095 0.900796
0.50612 0.359093 9.9991E-05 0.134686
0.208443 0.118108 0.460442 0.213007
0.188377 0.271498 0.408912 0.131213
0.393237 0.227274 0.144162 0.235327
0.113447 0.178 0.534741 0.173812
0.342418 0.270287 0.201358 0.185937
0.0901433 0.288048 0.510959 0.11085
0.199962 0.165013 0.415061 0.219965
0.118322 0.194714 0.496322 0.190642
0.151119 0.215249 0.351518 0.282113
0.15297 0.178807 0.496112 0.172111
0.0724458 0.881633 0.0458211 9.9991E-05
0.00147666 0.914653 9.9991E-05 0.0837702
0.0400403 0.95976 9.9982E-05 9.9982E-05
9.9982E-05 0.979211 0.020589 9.9982E-05
0.0380197 0.919147 9.9991E-05 0.0427336
9.9982E-05 0.907859 9.9982E-05 0.0919406
9.9991E-05 0.911952 0.00477216 0.0831763
0.0297362 0.921575 0.0485886 9.9991E-05
0.014982 0.94246 0.042458 9.9991E-05
9.9991E-05 0.891796 0.0187619 0.0893422
0.355447 0.644353 9.9982E-05 9.9982E-05
0.332408 0.658517 9.9991E-05 0.00897433
0.40512 0.59468 9.9982E-05 9.9982E-05
0.43372 0.563828 0.00235233 9.9991E-05
0.199975 0.0768969 0.723028 9.9991E-05
0.363004 9.9991E-05 0.514446 0.12245
0.249351 9.9991E-05 0.649777 0.100772
0.356576 0.104666 0.538658 9.9991E-05
0.612292 0.0820316 0.305576 9.9991E-05
0.105378 0.0375226 0.728862 0.128237
0.228968 9.9991E-05 0.738342 0.0325892
0.362294 9.9991E-05 0.616248 0.0213578
0.346196 9.9991E-05 0.630414 0.02329
0.153102 0.0404326 0.704448 0.102018
0.343594 0.0105982 0.645708 9.9991E-05
0.85403 9.9991E-05 0.132952 0.0129183
0.19556 0.103214 0.667894 0.033332
0.542465 9.9991E-05 0.430419 0.0270153
0.227185 0.0235691 0.723017 0.0262293
0.62334 0.0191654 0.357394 9.9991E-05
0.677857 0.250641 0.071402 9.9991E-05
0.679235 0.240089 0.0805758 9.9991E-05
0.759259 0.20492 0.0357204 9.9991E-05
0.740819 0.222685 0.0363962 9.9991E-05
0.732172 0.137409 0.113438 0.0169807
0.641394 0.172112 0.147925 0.0385687
9.9991E-05 0.878454 0.100033 0.0214134
9.9991E-05 0.876533 0.0791733 0.0441933
9.9991E-05 0.819874 0.071319 0.108707
0.00995372 0.80345 0.0567768 0.129819
0.00825156 0.825962 0.0843545 0.0814323
0.53937 0.46043 9.9982E-05 9.9982E-05
0.465312 0.534488 9.9982E-05 9.9982E-05
0.426459 0.536716 0.0367253 9.9991E-05
9.9991E-05 0.846723 0.104742 0.0484348
0.51464 0.48516 9.9982E-05 9.9982E-05
0.0584538 0.224039 0.280324 0.437183
9.9991E-05 0.146239 0.550251 0.30341
9.9991E-05 0.199044 0.478336 0.322521
0.0959818 0.273533 0.374745 0.25574
0.119421 0.150588 0.480345 0.249646
0.144372 0.49508 9.9991E-05 0.360448
0.398744 0.0758964 0.52526 9.9991E-05
0.427536 0.0391182 0.533246 9.9991E-05
0.430417 0.157014 0.41247 9.9991E-05
0.362449 9.9991E-05 0.636431 0.00101986
0.9997 9.998E-05 9.998E-05 9.998E-05
0.244616 0.0826206 0.551384 0.12138
0.318235 0.0650591 0.565149 0.0515567
0.378778 0.139236 0.481885 9.9991E-05
0.142404 0.142885 0.631557 0.0831536
0.72726 0.00932191 0.217973 0.0454443
0.32822 9.9991E-05 0.57108 0.1006
0.283579 0.100088 0.600901 0.015432
0.230398 0.0841635 0.423369 0.262069
0.479257 9.9991E-05 0.446344 0.074299
0.407945 0.0294759 0.533094 0.0294852
0.335166 0.0112039 0.541712 0.111918
0.25677 0.0915656 0.651564 9.9991E-05
0.114758 0.0482042 0.684438 0.1526
0.141287 0.135369 0.63072 0.0926244
0.205888 0.11383 0.571894 0.108388
9.9991E-05 0.789 0.115091 0.0958092
0.000463837 0.89141 0.0853378 0.0227884
0.0980231 0.807959 0.0547541 0.0392633
0.0879123 0.8455 0.0526825 0.0139055
9.9982E-05 0.860107 0.139694 9.9982E-05
0.560519 0.11859 0.303994 0.0168969
0.267335 0.0694397 0.573073 0.0901524
0.0450184 0.233822 0.384513 0.336647
0.135773 0.058525 0.673485 0.132217
0.254155 0.0917436 0.654002 9.9991E-05
0.4779 0.0837648 0.3578 0.0805352
0.663649 0.224612 0.111639 9.9991E-05
0.255915 0.0815538 0.609153 0.0533782
0.536829 0.140096 0.254422 0.0686533
0.314462 0.0604444 0.520081 0.105013
0.555162 0.193602 0.221132 0.0301044
0.157013 0.155513 0.62154 0.0659342
0.534036 0.142472 0.321975 0.00151708
0.432422 0.0784543 0.380675 0.108449
0.305585 0.0702823 0.522492 0.101641
0.492079 0.060071 0.357505 0.0903448
0.161206 0.138386 0.670168 0.0302401
0.214571 0.0965082 0.4981 0.190821
0.477534 0.0139832 0.490715 0.0177681
0.278884 0.0826878 0.544493 0.0939353
0.324865 0.0284522 0.585036 0.061647
0.786037 9.9982E-05 0.213763 9.9982E-05
0.57623 0.0146477 0.380471 0.0286511
0.370532 0.0503382 0.479063 0.100067
0.655648 0.0395329 0.304719 9.9991E-05
0.391919 0.0557565 0.529046 0.0232789
0.589028 0.115211 0.291688 0.00407207
0.623611 9.9991E-05 0.325219 0.0510701
0.366457 0.0724523 0.482661 0.0784298
0.145115 0.0642496 0.741494 0.0491406
0.517527 0.0323266 0.450047 9.9991E-05
0.181782 0.0486609 0.584792 0.184766
0.136516 0.0834551 0.670401 0.109628
0.261877 9.9991E-05 0.618145 0.119878
0.158257 0.0879186 0.662705 0.0911196
0.323128 0.0491632 0.565037 0.0626714
0.541668 9.9991E-05 0.359056 0.0991757
0.406642 0.0374516 0.423517 0.132389
0.266231 9.9991E-05 0.677048 0.0566211
0.17695 0.0279435 0.698841 0.0962651
0.344248 0.127636 0.475528 0.0525873
0.27765 9.9991E-05 0.592289 0.129961
0.381838 0.13052 0.413997 0.0736444
0.216981 0.0525734 0.730346 9.9991E-05
0.279559 0.0109159 0.635525 0.0740003
0.19279 0.149472 0.473501 0.184238
0.0238066 0.311453 0.470991 0.193749
0.126876 0.0757861 0.419676 0.377662
0.0210763 0.176956 0.595739 0.206229
0.122228 0.082324 0.591992 0.203456
0.00650977 0.238665 0.548805 0.20602
0.351251 9.9991E-05 0.59792 0.0507281
9.9991E-05 0.25508 0.612218 0.132602
0.484156 0.277624 0.0387778 0.199442
0.121241 0.14261 0.50859 0.227559
0.0655444 0.110358 0.627977 0.196121
0.115513 0.051085 0.536266 0.297136
0.184848 0.250426 0.376028 0.188698
0.0639574 0.248042 0.528226 0.159775
0.120813 0.120379 0.485469 0.273338
0.240083 0.559697 9.9991E-05 0.20012
9.9991E-05 0.239248 0.548993 0.211659
0.00842637 0.158635 0.606996 0.225943
0.161092 0.0957996 0.555967 0.187142
9.9991E-05 0.27662 0.497577 0.225703
0.0740705 0.190229 0.542807 0.192893
0.285631 0.0143319 0.626414 0.0736231
0.158356 0.138033 0.665705 0.0379059
0.810916 9.9991E-05 0.151192 0.0377922
0.827977 9.9991E-05 0.135967 0.0359557
0.132203 0.0657912 0.664052 0.137953
0.0735611 0.107967 0.467999 0.350473
0.16286 0.0831542 0.299855 0.454131
0.170068 0.199454 0.194651 0.435827
0.0817778 0.1662 0.382578 0.369445
0.643586 0.0551135 0.0887846 0.212516
0.418792 0.116316 0.284786 0.180106
0.181371 0.0578333 0.578631 0.182164
0.275279 0.010843 0.474721 0.239157
0.516806 0.0346741 0.235699 0.212821
0.172384 0.11376 0.571365 0.14249
0.204634 9.9991E-05 0.597482 0.197784
0.203281 0.08965 0.419465 0.287604
0.451777 0.0576528 0.49047 9.9991E-05
0.458899 0.043314 0.402525 0.0952625
0.295479 0.0295179 0.585363 0.0896399
0.346445 0.0675678 0.493149 0.0928381
0.229828 0.113149 0.53656 0.120464
0.373212 9.9991E-05 0.60567 0.0210187
0.616399 9.9991E-05 0.339061 0.04444
0.209236 0.0373516 0.686497 0.066915
0.608148 9.9982E-05 0.391652 9.9982E-05
0.384335 0.00781216 0.499629 0.108224
0.159859 0.123596 0.676259 0.0402863
0.284743 9.9991E-05 0.637928 0.0772291
0.0874728 0.130338 0.563745 0.218445
0.224849 0.176667 0.38614 0.212343
0.142048 0.177741 0.426222 0.253989
0.226214 0.200002 0.322073 0.251711
0.141673 0.152187 0.460999 0.245141
0.217122 0.130052 0.454686 0.198141
0.569136 0.175347 9.9991E-05 0.255418
9.9991E-05 0.105532 0.595394 0.298974
0.374287 0.401363 9.9991E-05 0.22425
0.139443 0.00644233 0.543276 0.310838
0.667444 9.9991E-05 0.327248 0.00520804
0.873466 9.9991E-05 0.109728 0.0167056
0.346499 9.9991E-05 0.609129 0.0442725
0.127565 0.0803354 0.77588 0.0162191
0.383428 9.9982E-05 0.616372 9.9982E-05
0.234004 0.0304881 0.735408 9.9991E-05
0.260344 9.9991E-05 0.666971 0.0725857
0.0263129 0.815501 0.0834617 0.0747243
0.107467 0.778306 9.9991E-05 0.114127
9.9982E-05 0.936218 9.9982E-05 0.0635824
9.9982E-05 0.955157 0.0446427 9.9982E-05
0.235636 0.100454 0.656102 0.00780835
0.110462 0.0895715 0.734455 0.0655113
0.180403 0.0459857 0.773512 9.9991E-05
0.174509 0.0847631 0.677841 0.062887
0.225612 0.107437 0.647907 0.0190441
0.468454 0.0013028 0.523955 0.00628743
0.124271 9.9991E-05 0.779014 0.0966149
0.429328 9.9982E-05 0.570472 9.9982E-05
0.0537264 0.213841 0.489635 0.242798
0.368943 9.9991E-05 0.565089 0.0658679
0.406277 0.00256139 0.591062 9.9991E-05
0.210477 9.9982E-05 0.789323 9.9982E-05
0.359851 9.9982E-05 0.63995 9.9982E-05
0.160017 0.000844852 0.832978 0.00615998
0.142198 0.0948069 0.762895 9.9991E-05
0.539591 9.9982E-05 0.460209 9.9982E-05
0.415448 9.9982E-05 0.584352 9.9982E-05
0.459833 9.9982E-05 0.539967 9.9982E-05
0.85548 9.9982E-05 0.14432 9.9982E-05
0.313422 0.0057287 0.591124 0.0897251
0.595519 9.9982E-05 0.404281 9.9982E-05
0.804324 9.9982E-05 0.195476 9.9982E-05
0.148002 0.00959196 0.789221 0.0531846
0.465451 0.0356575 0.498791 9.9991E-05
0.314325 0.0516935 0.513101 0.12088
0.0387659 0.118404 0.79395 0.0488805
0.214066 0.0243362 0.748162 0.0134358
0.452891 9.9991E-05 0.448162 0.0988465
0.133651 0.0591541 0.807095 9.9991E-05
0.185922 0.0896153 0.724362 9.9991E-05
0.461992 9.9982E-05 0.537808 9.9982E-05
0.108224 0.126724 0.667774 0.0972779
0.279948 0.712684 9.9991E-05 0.00726808
0.131928 0.7796 0.0883729 9.9991E-05
0.124465 0.875335 9.9982E-05 9.9982E-05
0.143427 0.856373 9.9982E-05 9.9982E-05
0.129904 0.797481 0.0725156 9.9991E-05
0.55462 0.0274473 0.417832 9.9991E-05
0.554015 0.0768006 0.369084 9.9991E-05
0.5358 9.9982E-05 0.464 9.9982E-05
0.0894208 0.134172 0.619689 0.156719
0.182397 0.0861769 0.646416 0.08501
0.356558 0.043518 0.599824 9.9991E-05
0.18221 9.9991E-05 0.671852 0.145838
0.263286 0.0574507 0.673792 0.00547152
0.159858 0.068816 0.771226 9.9991E-05
0.149458 0.0445563 0.759965 0.0460208
0.474293 9.9982E-05 0.525508 9.9982E-05
0.350197 9.9982E-05 0.649603 9.9982E-05
0.393747 9.9982E-05 0.606053 9.9982E-05
0.12799 0.142238 0.666665 0.0631065
0.282992 0.056308 0.6606 9.9991E-05
0.318065 0.0252635 0.616977 0.0396949
0.0421294 0.0611151 0.47742 0.419335
0.0559469 0.130819 0.345667 0.467568
9.9991E-05 0.095134 0.419406 0.48536
9.9991E-05 0.104297 0.34821 0.547393
9.9991E-05 0.151829 0.542874 0.305196
0.241578 0.0523583 0.643213 0.0628509
9.9991E-05 0.303408 0.0170859 0.679406
9.9991E-05 0.155863 0.259472 0.584566
0.194632 0.116185 0.512664 0.176519
0.14829 0.17039 0.646837 0.0344827
0.278802 0.130724 0.517349 0.0731249
0.106528 0.113579 0.618402 0.161492
0.153812 0.113275 0.690687 0.0422265
9.9991E-05 0.179963 0.342142 0.477795
0.0272708 0.136434 0.478507 0.357789
9.9991E-05 0.0600098 0.398693 0.541198
0.0824106 0.121337 0.467028 0.329224
0.0121962 0.130294 0.261527 0.595982
0.0555297 0.151259 0.340966 0.452245
0.00328181 0.131025 0.271758 0.593936
0.0109292 0.0886049 0.477268 0.423197
0.219378 0.100089 0.592588 0.0879446
0.0695561 0.180547 0.426854 0.323043
0.0104559 0.14066 0.146714 0.70217
0.0629806 0.160192 0.391315 0.385513
0.440229 0.258397 0.301275 9.9991E-05
0.155526 0.00150498 0.724969 0.118
0.08796 0.164521 0.462297 0.285222
0.174597 0.158025 0.591829 0.0755488
0.177407 0.223851 0.568051 0.0306905
0.119743 0.220432 0.398629 0.261196
0.0885998 0.210728 0.395716 0.304957
0.149217 0.0778091 0.643633 0.12934
0.00440118 0.143984 0.46167 0.389944
9.9991E-05 0.0979173 0.376611 0.525372
0.00864205 0.202629 0.101414 0.687316
0.146492 0.0896765 0.667286 0.0965455
0.197919 0.207819 0.594162 9.9991E-05
0.531077 0.151828 0.216589 0.100506
0.0495283 0.1761 0.662552 0.11182
0.299034 0.145777 0.452747 0.102443
0.0998845 0.15674 0.454747 0.288629
0.200512 0.104198 0.56949 0.1258
0.341235 0.387085 9.9991E-05 0.27158
0.428345 0.348963 9.9991E-05 0.222592
0.337186 0.228657 0.312389 0.121767
0.351179 0.358905 9.9991E-05 0.289817
0.207153 0.47295 9.9991E-05 0.319797
0.268345 0.165401 0.38702 0.179233
0.137839 0.293986 0.368281 0.199893
0.2685 0.289297 0.185539 0.256664
0.34546 0.373905 0.090419 0.190215
0.0738578 0.183061 0.577736 0.165345
0.393592 0.234901 0.180371 0.191136
0.329964 0.529289 9.9991E-05 0.140647
0.0781252 0.185131 0.424879 0.311864
0.12229 0.218041 0.385622 0.274047
9.9991E-05 0.323854 0.414752 0.261294
9.9991E-05 0.211318 0.488323 0.300259
0.0376108 0.199941 0.512559 0.249889
0.0661202 0.189975 0.47935 0.264555
9.9991E-05 0.42481 0.40986 0.16523
0.00955371 0.242871 0.602876 0.144699
0.0210749 0.197248 0.461569 0.320108
0.115386 0.260115 0.344012 0.280486
0.26479 0.172999 0.384008 0.178203
0.084689 0.206214 0.559987 0.14911
0.0137192 0.194433 0.597836 0.194012
0.0833139 0.0891211 0.690247 0.137318
0.0457845 0.296615 0.343589 0.314011
0.0577582 0.184577 0.533265 0.2244
0.162387 0.396016 0.165256 0.276341
9.9991E-05 0.181567 0.57053 0.247803
0.127752 0.297921 0.182377 0.391951
0.164147 0.825316 0.0104367 9.9991E-05
0.609744 0.219993 0.170163 9.9991E-05
0.806313 0.187034 0.00655305 9.9991E-05
0.763125 0.193627 0.0431481 9.9991E-05
0.776892 0.120372 0.102636 9.9991E-05
0.680515 0.187802 0.131583 9.9991E-05
0.700171 0.13123 0.168499 9.9991E-05
0.750598 0.235158 0.0141438 9.9991E-05
0.574624 0.340541 0.0847352 9.9991E-05
9.9991E-05 0.947534 0.0522077 0.0001587
0.0351672 0.87065 0.0940829 9.9991E-05
0.0292792 0.898539 0.00183778 0.0703437
0.0972208 0.851471 0.0512079 9.9991E-05
9.9982E-05 0.943415 9.9982E-05 0.056385
0.0866535 0.90152 9.9991E-05 0.0117265
0.0649887 0.716395 9.9991E-05 0.218517
9.9991E-05 0.892566 0.0443498 0.0629846
0.161707 0.717415 0.0130534 0.107825
9.9982E-05 0.926431 9.9982E-05 0.0733694
0.0042909 0.995509 9.9982E-05 9.9982E-05
0.0485639 0.882329 0.0205323 0.0485747
9.9982E-05 0.967991 9.9982E-05 0.0318092
9.9991E-05 0.926854 0.0177925 0.055254
9.9991E-05 0.889329 0.080257 0.0303144
9.9991E-05 0.871194 0.0901775 0.0385282
9.9991E-05 0.794831 0.0176867 0.187383
9.9991E-05 0.769807 0.107346 0.122747
9.9991E-05 0.828744 0.0955879 0.0755685
0.24753 0.14395 0.492624 0.115896
0.0623737 0.114968 0.822559 9.9991E-05
0.130158 0.155198 0.593964 0.12068
0.619428 0.120139 0.213249 0.0471848
0.170403 0.143935 0.639994 0.0456686
0.567961 0.198053 0.105437 0.128549
0.0668828 0.15458 0.715406 0.0631312
0.283125 0.119755 0.59702 9.9991E-05
0.176136 0.128986 0.674957 0.0199211
0.183358 0.0576513 0.758891 9.9991E-05
0.194949 0.17601 0.62894 9.9991E-05
0.117374 0.115556 0.76697 9.9991E-05
0.134769 0.134089 0.731042 9.9991E-05
0.819213 0.00380714 0.0433841 0.133596
0.808017 0.103353 0.0647968 0.0238336
0.587194 0.126767 0.178245 0.107793
0.0836524 0.0601012 0.725168 0.131078
0.172235 0.214357 0.565781 0.0476265
0.182791 0.117389 0.660591 0.0392294
0.128068 0.128738 0.651599 0.0915952
0.0381458 0.168821 0.535771 0.257262
0.016627 0.204846 0.6322 0.146327
0.25899 0.445189 0.0946678 0.201153
0.0751353 0.195132 0.623897 0.105835
0.154524 0.207938 0.404862 0.232677
0.341218 0.423784 9.9991E-05 0.234898
0.122716 0.283959 0.281445 0.31188
0.0850651 0.356377 0.372897 0.185661
0.016832 0.384286 0.502663 0.096219
0.102588 0.130566 0.478409 0.288437
0.0118248 0.200082 0.635575 0.152518
9.9991E-05 0.191583 0.643381 0.164936
0.19243 0.153079 0.405387 0.249104
0.055983 0.467741 0.312118 0.164158
