0.0608135 0.897739 0.0413474 9.9991E-05
0.0136406 0.960988 0.0131848 0.012187
0.182992 0.790388 0.0265202 9.9991E-05
0.124924 0.743189 0.131786 9.9991E-05
0.105547 0.894253 9.9982E-05 9.9982E-05
0.122421 0.634884 0.128989 0.113705
0.0128482 0.858988 0.0863853 0.0417788
0.0491827 0.7902 0.160518 9.9991E-05
9.9982E-05 0.895131 0.104669 9.9982E-05
0.156168 0.753922 0.0477647 0.0421449
9.9991E-05 0.802355 0.151077 0.0464682
0.172223 0.00812904 0.48263 0.337018
0.342468 9.9991E-05 0.340273 0.317159
0.253243 0.0448183 0.426996 0.274943
0.320104 0.01411 0.379051 0.286735
0.357006 0.116304 0.21977 0.306919
0.436028 0.00953582 0.123903 0.430533
0.324207 0.0343256 0.21758 0.423887
0.266481 0.109687 0.387116 0.236716
9.9991E-05 0.110118 0.658514 0.231268
0.276203 9.9991E-05 0.341279 0.382418
0.28493 0.0714585 0.194493 0.449118
0.349142 9.9991E-05 0.239693 0.411066
0.237562 0.0195157 0.347518 0.395405
0.411449 0.0278844 0.204423 0.356243
0.375333 0.0673505 0.160706 0.39661
0.216904 0.000913268 0.507523 0.27466
0.29195 0.0830674 0.397388 0.227595
0.141215 0.0234489 0.439137 0.396199
0.174822 0.824978 9.9982E-05 9.9982E-05
0.176947 0.802817 0.0201358 9.9991E-05
0.152963 0.802823 0.0101656 0.0340483
0.190251 0.738525 0.000911841 0.0703123
0.248936 0.00762671 0.0964492 0.646988
0.307141 0.0417055 0.17132 0.479834
0.289908 9.9982E-05 9.9982E-05 0.709892
0.0513905 0.108475 0.632832 0.207302
0.172744 0.0278913 0.0241692 0.775196
0.25116 0.0603818 0.164972 0.523486
0.408499 9.9982E-05 9.9982E-05 0.591301
0.287492 0.111159 0.0673327 0.534016
0.374877 0.0397656 0.129585 0.455772
0.0241325 0.0663187 0.226056 0.683492
0.379306 0.0193736 0.120708 0.480612
0.395878 0.0243156 9.9991E-05 0.579706
0.384305 0.0905664 0.10596 0.419168
0.100451 9.9982E-05 9.9982E-05 0.899349
0.394449 0.0238318 9.9991E-05 0.58162
0.397417 0.0321249 0.12978 0.440678
9.9982E-05 0.176323 9.9982E-05 0.823477
0.0477799 9.9991E-05 0.494393 0.457727
9.9991E-05 0.142756 0.256747 0.600397
0.336142 0.0481444 0.22173 0.393983
0.384819 0.0189915 0.197834 0.398355
0.437399 9.9991E-05 0.219136 0.343365
0.0169819 0.122459 0.416271 0.444288
0.338332 9.9991E-05 0.271603 0.389966
0.392126 9.9991E-05 0.208574 0.3992
0.21104 0.116704 0.209175 0.463081
0.0781101 0.228124 0.393193 0.300574
0.283657 0.0210374 0.163724 0.531581
0.257345 0.0874716 0.257921 0.397262
9.9991E-05 0.0766322 0.586656 0.336612
0.306265 9.9991E-05 0.222092 0.471543
0.459621 9.9991E-05 0.0863156 0.453963
0.429189 0.0198579 0.196253 0.3547
0.126559 0.0406053 0.33764 0.495195
0.277194 9.9991E-05 0.175016 0.54769
0.295538 0.050699 0.231204 0.422558
0.0689408 0.0812534 0.401107 0.448698
0.276882 9.9991E-05 0.0562267 0.666791
0.0558891 0.0201985 0.183533 0.740379
0.332088 0.0843435 0.0716699 0.511899
9.9991E-05 0.0771521 0.0212664 0.901481
9.9991E-05 0.0196422 0.0852998 0.894958
0.0775899 9.9991E-05 0.0409866 0.881323
0.174246 9.9991E-05 0.129213 0.696441
0.352155 0.0277783 0.186716 0.43335
0.254962 9.9991E-05 0.125648 0.61929
0.124355 9.9991E-05 0.264764 0.610782
0.125168 9.9991E-05 0.382023 0.49271
0.406407 0.0640324 0.0997196 0.429841
0.164307 9.9991E-05 0.131382 0.704211
0.192849 0.0381989 0.0939529 0.674999
0.136742 9.9982E-05 9.9982E-05 0.863058
9.9991E-05 0.111226 0.0333787 0.855296
0.378388 9.9991E-05 0.0346222 0.58689
0.120404 0.822163 0.0573332 9.9991E-05
0.0894048 0.910395 9.9982E-05 9.9982E-05
0.1521 0.8477 9.9982E-05 9.9982E-05
0.0753356 0.900525 9.9991E-05 0.0240398
0.0950091 0.881706 9.9991E-05 0.0231852
0.0978491 0.901951 9.9982E-05 9.9982E-05
0.0887687 0.911031 9.9982E-05 9.9982E-05
0.379898 0.0227287 0.185268 0.412105
0.384264 0.0345458 0.130091 0.451099
9.9991E-05 0.0440635 0.103455 0.852382
0.315619 0.0893234 0.136717 0.45834
0.214048 9.9991E-05 0.111098 0.674754
0.323162 0.00736842 0.00699187 0.662478
0.270859 9.9991E-05 0.0409027 0.688138
0.286707 9.9991E-05 0.0638662 0.649327
9.9991E-05 0.115174 0.271291 0.613435
0.252723 0.163287 0.0746897 0.509301
0.32923 0.0366715 9.9991E-05 0.633998
0.414726 0.00743879 0.17536 0.402475
0.105364 0.0409232 9.9991E-05 0.853613
0.238287 9.9982E-05 9.9982E-05 0.761514
0.221882 9.9991E-05 0.161993 0.616025
0.159556 9.9991E-05 0.0378211 0.802523
0.201174 0.0469583 0.109504 0.642364
0.306061 0.0384708 0.0899289 0.56554
0.103657 0.0575335 0.372876 0.465933
0.286527 0.134046 0.319403 0.260024
0.339398 0.0901291 0.120833 0.44964
0.419438 0.064197 0.208539 0.307826
0.240517 9.9991E-05 0.383929 0.375454
0.350903 9.9991E-05 0.261717 0.38728
0.253315 9.9991E-05 0.459015 0.28757
0.267859 0.0728577 0.253241 0.406043
0.375125 0.0440478 0.100383 0.480444
0.304668 9.9991E-05 0.208835 0.486398
0.25907 9.9991E-05 0.369314 0.371516
0.400068 9.9991E-05 0.128913 0.470919
0.425028 0.0925775 0.107362 0.375032
0.383465 9.9991E-05 0.34422 0.272215
0.31675 0.0512596 0.166584 0.465406
0.390129 9.9991E-05 0.257716 0.352055
0.235615 0.106452 0.268892 0.38904
0.383615 9.9991E-05 0.265621 0.350664
0.377503 9.9991E-05 0.23658 0.385817
0.184252 0.0197037 0.452494 0.34355
0.0619698 0.0996648 0.318907 0.519458
0.358503 9.9991E-05 0.239808 0.401589
0.0446245 0.00558313 0.426431 0.523361
0.0861888 0.0582411 0.441988 0.413582
0.18291 9.9991E-05 0.363797 0.453193
0.14138 9.9991E-05 0.520547 0.337973
0.16083 0.00158935 0.47455 0.363031
0.413296 0.00322561 0.138328 0.445151
0.380745 0.0466557 0.23822 0.334379
0.309479 9.9991E-05 0.230992 0.459429
0.0770423 0.0382087 0.35821 0.526539
0.366686 0.123578 0.134718 0.375017
0.325365 0.0161496 0.137225 0.521261
9.9991E-05 0.222819 0.215643 0.561437
0.368975 0.0945091 0.0443736 0.492143
0.197067 0.153685 9.9991E-05 0.649148
0.327444 0.0879797 0.0810556 0.503521
0.0954275 0.211182 0.0994866 0.593904
0.00423182 0.178154 0.156188 0.661426
0.237624 0.0641022 0.16507 0.533203
0.331976 0.0667337 0.117727 0.483563
0.203955 0.186643 0.130418 0.478984
0.0463932 0.22987 0.0627767 0.66096
0.330299 0.0857804 0.114291 0.46963
0.127404 9.9991E-05 0.0873402 0.785155
0.197973 9.9991E-05 0.178844 0.623083
0.388296 0.116033 0.096294 0.399376
0.326792 0.392297 0.0103459 0.270566
0.101656 0.765281 9.9991E-05 0.132964
0.0965854 0.697853 9.9991E-05 0.205461
0.402067 0.456748 0.0860274 0.0551578
0.334119 9.9982E-05 9.9982E-05 0.665681
0.311061 0.0823176 0.16343 0.443191
0.897789 9.9991E-05 0.0299113 0.0722
0.639678 9.9991E-05 0.156855 0.203367
0.620818 0.0550458 0.175192 0.148944
0.111523 0.111476 9.9991E-05 0.776901
0.351244 0.0316434 0.200693 0.416419
0.0326469 0.15259 9.9991E-05 0.814663
0.286506 0.0508689 0.0242169 0.638408
0.20267 0.0363151 0.123769 0.637246
0.316524 0.0255857 0.108699 0.549191
0.0225915 0.0881661 0.110923 0.778319
0.465601 0.00518993 0.0847011 0.444508
0.370338 0.122697 0.0170622 0.489903
0.916606 0.0831945 9.9982E-05 9.9982E-05
0.946619 0.0363804 9.9991E-05 0.0169003
0.695871 0.13027 0.0526307 0.121229
0.885433 0.0337876 0.0229281 0.0578516
0.884813 0.103812 0.0112755 9.9991E-05
0.899712 0.100088 9.9982E-05 9.9982E-05
0.912966 0.0868337 9.9982E-05 9.9982E-05
0.970037 0.0297628 9.9982E-05 9.9982E-05
0.95524 0.0250166 0.0196432 9.9991E-05
0.948876 0.0509241 9.9982E-05 9.9982E-05
0.926135 0.0736647 9.9982E-05 9.9982E-05
0.857 0.137503 0.00413767 0.00135959
0.833799 0.138807 0.0272942 9.9991E-05
0.936512 0.0632879 9.9982E-05 9.9982E-05
0.602361 0.0629113 0.122855 0.211873
0.770514 0.0988592 0.024406 0.106221
0.857119 0.101766 9.9991E-05 0.0410147
0.899458 0.100342 9.9982E-05 9.9982E-05
0.9472 0.0526005 9.9982E-05 9.9982E-05
0.86229 0.13751 9.9982E-05 9.9982E-05
0.934026 0.0657737 9.9982E-05 9.9982E-05
0.814215 0.106376 0.060146 0.0192636
0.87316 0.12664 9.9982E-05 9.9982E-05
9.9982E-05 0.530542 9.9982E-05 0.469258
0.318256 0.207374 0.14076 0.33361
0.307599 0.210739 0.132184 0.349478
0.162335 0.349499 0.0356793 0.452486
0.432418 0.0901791 0.102405 0.374998
0.131932 0.409538 9.9991E-05 0.45843
0.323718 0.184185 0.100122 0.391974
0.339697 0.220731 9.9991E-05 0.439472
0.405517 0.166649 0.0752656 0.352568
0.336302 0.27346 9.9991E-05 0.390139
0.294273 0.236013 9.9991E-05 0.469615
0.0280908 0.875869 0.0457668 0.0502737
0.0754244 0.924376 9.9982E-05 9.9982E-05
0.0127212 0.960501 0.0266782 9.9991E-05
9.9982E-05 0.973739 0.026061 9.9982E-05
0.0549555 0.912607 0.0323379 9.9991E-05
0.0843607 0.915439 9.9982E-05 9.9982E-05
0.122182 0.877618 9.9982E-05 9.9982E-05
0.00867635 0.948067 9.9991E-05 0.043157
0.078361 0.919346 0.0021927 9.9991E-05
0.121173 0.878627 9.9982E-05 9.9982E-05
9.9991E-05 0.657763 0.256165 0.085972
0.00754135 0.632752 0.359607 9.9991E-05
9.9991E-05 0.554938 0.340891 0.104071
9.9991E-05 0.563836 0.309936 0.126127
0.305832 9.9991E-05 0.221249 0.472819
0.248873 9.9991E-05 0.165154 0.585874
0.337732 9.9991E-05 0.215799 0.446369
0.181074 9.9991E-05 0.345388 0.473438
0.0775594 9.9991E-05 0.683031 0.23931
0.34604 9.9991E-05 0.0362517 0.617609
0.277167 9.9991E-05 0.0827711 0.639962
0.251996 9.9991E-05 0.0521016 0.695803
0.200367 9.9991E-05 0.0162215 0.783311
0.38358 0.00522567 0.117508 0.493686
0.157139 9.9991E-05 0.192367 0.650394
9.9991E-05 0.0363728 0.122126 0.841401
0.306914 0.0649305 0.176205 0.45195
0.0390656 0.0622664 0.0183636 0.880304
0.230807 9.9991E-05 0.0492213 0.719872
9.9991E-05 0.0581852 0.257768 0.683947
9.9982E-05 0.164092 0.835708 9.9982E-05
9.9991E-05 0.143879 0.814691 0.0413292
9.9991E-05 0.0402905 0.93954 0.0200699
9.9991E-05 0.136563 0.82714 0.0361971
0.0251906 0.0447522 0.880422 0.0496353
0.069421 0.0849484 0.832354 0.0132766
0.110716 0.868377 0.00325272 0.0176537
0.130394 0.806151 0.0633553 9.9991E-05
0.230934 0.768866 9.9982E-05 9.9982E-05
0.155366 0.749766 0.0947683 9.9991E-05
0.133254 0.830852 0.0357941 9.9991E-05
9.9982E-05 0.399353 0.600447 9.9982E-05
9.9991E-05 0.524312 0.424781 0.0508067
9.9991E-05 0.453563 0.508401 0.037936
0.14891 0.779533 0.0714563 9.9991E-05
9.9982E-05 0.416973 0.582827 9.9982E-05
0.51207 0.291006 0.028025 0.168899
0.515129 0.115812 0.122778 0.246281
0.668625 0.135921 0.0561184 0.139336
0.460563 0.264143 0.0566056 0.218688
0.461679 0.19005 0.0488814 0.29939
0.31439 0.594788 9.9991E-05 0.0907228
0.22688 9.9991E-05 0.359066 0.413954
0.163969 0.0288659 0.293845 0.513321
0.175488 0.0908102 0.52148 0.212222
0.243939 9.9991E-05 0.177358 0.578603
9.9991E-05 0.0698707 0.265549 0.66448
0.405562 0.0842636 0.175438 0.334736
0.198958 0.0561844 0.218782 0.526076
0.153727 0.0394774 0.497848 0.308947
0.365794 9.9991E-05 0.25533 0.378775
9.9991E-05 0.0698473 0.34178 0.588273
0.316599 0.0156898 0.168218 0.499493
0.319165 9.9991E-05 0.340273 0.340462
0.393069 0.119337 0.147315 0.340278
0.169026 9.9991E-05 0.306621 0.524253
0.254749 9.9991E-05 0.347957 0.397195
0.374016 9.9991E-05 0.179833 0.446051
0.251786 0.0136508 0.18156 0.553003
0.445405 9.9991E-05 0.185626 0.368869
0.32892 0.0180974 0.240057 0.412926
0.305366 9.9991E-05 0.200193 0.494342
0.210827 0.788973 9.9982E-05 9.9982E-05
0.109932 0.838715 9.9991E-05 0.0512536
0.0617843 0.791765 0.0910217 0.0554291
0.089477 0.836638 0.0715137 0.00237084
0.168383 0.814607 0.0169103 9.9991E-05
0.143007 9.9991E-05 0.64295 0.213942
0.311564 0.10011 0.19818 0.390146
0.47814 0.171949 0.0494165 0.300494
0.459756 9.9991E-05 0.198426 0.341718
0.285518 9.9991E-05 0.294872 0.419511
0.17568 0.0638259 0.307739 0.452756
9.9991E-05 0.161622 0.642694 0.195584
0.306134 9.9991E-05 0.36172 0.332046
0.0682646 0.122867 0.468133 0.340736
0.284462 0.0673492 0.128936 0.519253
0.104209 0.106603 0.585771 0.203416
0.414718 9.9991E-05 0.27077 0.314412
0.0704931 0.0868438 0.572403 0.27026
0.244519 0.0158232 0.328671 0.410986
0.276929 0.0106322 0.190843 0.521595
0.107558 0.109923 0.146445 0.636074
0.354455 0.0234767 0.158257 0.463811
0.357522 0.124625 9.9991E-05 0.517754
0.0992359 0.0909307 0.105622 0.704211
0.310522 0.0563545 0.118012 0.515111
0.281464 0.111256 9.9991E-05 0.60718
9.9991E-05 0.0716885 0.117858 0.810354
0.0277977 0.0908392 9.9991E-05 0.881263
0.250143 0.0380028 0.12662 0.585234
9.9991E-05 0.100592 0.12816 0.771148
0.150773 9.9991E-05 0.149225 0.699902
0.0362499 0.0465792 0.645214 0.271956
0.097062 9.9991E-05 0.406645 0.496193
0.300132 9.9991E-05 0.487403 0.212365
0.458353 9.9991E-05 0.281832 0.259716
0.107171 9.9991E-05 0.506173 0.386555
0.381421 0.0181192 0.251649 0.348811
0.371174 9.9991E-05 0.23938 0.389346
0.369323 0.00770188 0.335011 0.287965
0.357027 9.9991E-05 0.335256 0.307617
0.290765 9.9991E-05 0.35693 0.352205
0.19223 9.9991E-05 0.584273 0.223397
0.266635 0.0214956 0.432252 0.279618
0.286844 9.9991E-05 0.301272 0.411784
0.380422 9.9991E-05 0.225537 0.393941
0.239885 0.063828 0.199128 0.497159
0.354611 9.9991E-05 0.235021 0.410268
0.242488 0.0505921 0.524617 0.182304
0.371902 9.9991E-05 0.286746 0.341253
0.333179 9.9991E-05 0.369248 0.297472
0.493926 0.0768142 0.179388 0.249872
0.346562 0.349304 0.0643323 0.239802
0.441951 0.157307 0.000882186 0.39986
0.482877 0.108398 0.0980232 0.310702
0.468495 9.9991E-05 0.0765284 0.454876
0.527696 0.158636 0.0890898 0.224578
0.265552 9.9991E-05 0.217594 0.516754
0.466891 0.0556121 0.0977008 0.379796
0.0839547 0.419344 9.9991E-05 0.496602
0.468055 0.080397 0.165464 0.286083
0.441587 0.0653898 0.0805338 0.412489
0.444707 0.103395 0.0476759 0.404222
0.288921 0.224702 0.165789 0.320588
0.46071 0.117464 9.9991E-05 0.421726
0.458009 0.157541 0.0417999 0.34265
0.0945834 0.697233 9.9991E-05 0.208083
0.467556 0.124886 0.0215856 0.385973
0.505571 0.141402 9.9991E-05 0.352926
0.448244 0.0731605 9.9991E-05 0.478495
0.50276 0.127315 0.0531665 0.316759
0.391493 0.194998 0.0684577 0.345051
0.254453 0.0354282 0.0817312 0.628388
0.36322 0.0902098 0.0198245 0.526746
9.9991E-05 0.0287511 0.182402 0.788747
9.9991E-05 0.0739788 0.141286 0.784635
0.405976 0.0566727 0.0962179 0.441134
0.550469 0.125409 0.0565859 0.267537
0.517852 0.135669 9.9991E-05 0.346379
0.416428 0.29382 0.00949745 0.280254
0.470632 0.195734 0.0675601 0.266074
0.0677649 0.227377 9.9991E-05 0.704758
0.0762732 0.206445 9.9991E-05 0.717182
0.355748 0.0496501 0.0509587 0.543643
0.332706 0.0549003 9.9991E-05 0.612294
0.189618 0.192002 9.9991E-05 0.61828
0.342049 0.0289889 0.12783 0.501132
0.398964 0.0714353 9.9991E-05 0.529501
0.389163 0.00567998 0.162123 0.443035
0.0495396 0.054553 0.147117 0.74879
0.0832479 0.0390087 0.10462 0.773124
0.29984 9.9991E-05 0.168124 0.531936
0.25729 0.0384956 0.158687 0.545527
0.349213 0.0387748 0.0601369 0.551876
0.222251 9.9991E-05 0.0251622 0.752487
0.0359892 0.0158317 0.12071 0.827469
0.294163 0.0477822 9.9991E-05 0.657954
0.0955143 0.0465649 0.129344 0.728577
0.217833 0.0804942 0.0272996 0.674373
0.348613 0.082973 9.9991E-05 0.568314
0.268626 0.0272881 0.137661 0.566424
0.438843 0.125848 0.174492 0.260816
0.352765 0.157247 0.10648 0.383508
0.431895 0.200013 0.0880523 0.28004
0.370105 0.17853 0.194681 0.256683
0.403704 0.146935 0.189906 0.259456
0.405453 0.154805 0.0870193 0.352723
0.0920901 0.361834 0.0736632 0.472413
0.571953 0.0424178 0.0763122 0.309317
0.0836427 0.555322 9.9991E-05 0.360935
0.538276 0.0686089 9.9991E-05 0.393015
9.9982E-05 0.0333593 9.9982E-05 0.966441
9.9991E-05 0.109153 0.0313807 0.859366
0.231635 9.9991E-05 0.0784792 0.689786
0.318467 0.0130398 0.0321385 0.636354
0.137047 0.008318 0.0660614 0.788574
0.263001 9.9991E-05 0.0709912 0.665908
0.263907 9.9991E-05 0.00708843 0.728905
0.109824 0.836871 9.9991E-05 0.0532048
0.0971893 0.771792 0.130918 9.9991E-05
0.0888692 0.89776 0.0132706 9.9991E-05
0.0419427 0.957857 9.9982E-05 9.9982E-05
0.311786 9.9991E-05 0.118395 0.569719
0.240672 0.0790689 0.0132483 0.667011
0.235474 9.9991E-05 0.0862908 0.678135
0.357975 0.0422065 0.0421685 0.55765
0.313843 0.062632 0.0893761 0.534149
9.9991E-05 0.0976449 0.0861002 0.816155
0.354014 9.9991E-05 0.0771525 0.568734
0.0729293 0.0344952 9.9991E-05 0.892476
0.387872 0.265302 0.061956 0.284871
0.272465 9.9991E-05 0.0538388 0.673596
0.169873 9.9991E-05 0.166351 0.663676
0.289435 9.9991E-05 0.0324784 0.677986
0.187179 9.9991E-05 0.13552 0.677201
0.283091 9.9991E-05 0.0062511 0.710557
0.29723 0.0391816 0.0752574 0.588331
9.998E-05 9.998E-05 9.998E-05 0.9997
0.0892604 0.075169 0.01087 0.824701
0.119838 0.0150189 0.0954956 0.769647
9.9982E-05 0.015357 9.9982E-05 0.984443
0.173583 9.9991E-05 0.201814 0.624503
9.9982E-05 0.0968373 9.9982E-05 0.902963
9.9982E-05 0.0914883 9.9982E-05 0.908312
0.348323 9.9982E-05 9.9982E-05 0.651477
0.0537308 0.0664266 0.160294 0.719549
0.263079 0.0147254 0.134515 0.587681
0.359078 0.0536255 0.0143006 0.572996
0.246635 9.9991E-05 0.139646 0.613619
0.182621 9.9991E-05 0.30341 0.513869
0.302766 9.9991E-05 0.117779 0.579355
0.270247 9.9991E-05 0.126581 0.603072
0.0835786 0.0186091 9.9991E-05 0.897712
0.285177 0.118735 0.0493209 0.546766
9.9991E-05 0.68897 0.240143 0.0707867
0.0424507 0.771152 0.116858 0.0695397
9.9982E-05 0.871063 0.128737 9.9982E-05
9.9991E-05 0.82517 0.156478 0.0182525
9.9991E-05 0.75159 0.223872 0.0244387
0.0410384 0.0595976 0.232794 0.66657
9.9991E-05 0.098079 0.0949776 0.806843
0.0419495 9.9982E-05 9.9982E-05 0.957851
0.371929 0.103849 0.0988022 0.42542
0.390321 0.102473 0.0235987 0.483608
0.10993 0.0337868 0.0228513 0.833432
0.383935 0.0076166 9.9991E-05 0.608349
0.217101 0.0529057 9.9991E-05 0.729893
0.338515 9.9991E-05 0.00547294 0.655912
0.375685 0.0217773 0.134977 0.467561
0.0760493 9.9991E-05 0.170234 0.753617
0.0990608 9.9991E-05 0.0868132 0.814026
0.115385 9.9991E-05 0.190677 0.693838
0.330956 0.105296 0.0744656 0.489283
0.148761 0.0333779 0.10408 0.713781
0.243158 9.9991E-05 0.0901627 0.666579
0.659567 0.121268 0.0316795 0.187486
0.665816 0.176371 0.00369226 0.154121
0.671943 0.133401 9.9991E-05 0.194556
0.665827 0.191617 9.9991E-05 0.142457
0.575171 0.0826758 0.131227 0.210927
0.238979 0.041936 0.00822576 0.710859
0.685977 0.313823 9.9982E-05 9.9982E-05
0.703815 0.173013 9.9991E-05 0.123072
0.336782 0.172577 9.9991E-05 0.490541
0.300756 0.135024 0.087035 0.477185
0.225202 0.150562 0.147023 0.477214
0.345172 0.0564335 0.12224 0.476154
0.345815 0.0931378 0.103335 0.457713
0.647974 0.243613 0.0140357 0.0943777
0.540155 0.124227 0.256167 0.0794515
0.784426 0.0408484 0.0542319 0.120494
0.52597 0.0824276 0.129389 0.262213
0.703175 0.186412 9.9991E-05 0.110313
0.551768 0.131276 9.9991E-05 0.316856
0.670823 0.179144 9.9991E-05 0.149933
0.573097 0.0829449 0.16177 0.182188
0.331291 0.105871 9.9991E-05 0.562738
0.569539 0.219585 0.0347824 0.176094
0.751262 0.248538 9.9982E-05 9.9982E-05
0.649875 0.108107 0.0562806 0.185737
0.0761093 0.192505 0.317796 0.41359
0.402316 9.9991E-05 0.116839 0.480745
0.555032 0.105035 0.0832968 0.256636
0.378229 0.0481504 0.165941 0.40768
0.252133 0.185388 0.129641 0.432837
0.42999 0.140492 0.161665 0.267853
0.436459 0.260714 0.0848034 0.218023
0.415433 0.0885315 0.0746713 0.421364
0.633371 0.103739 9.9991E-05 0.26279
0.695355 0.0938212 0.077189 0.133635
0.684109 0.271036 0.00569953 0.0391552
0.444656 0.021587 0.14029 0.393467
0.20362 0.158598 0.0728341 0.564948
0.0700159 0.271744 9.9991E-05 0.658141
0.397035 0.0532823 0.119824 0.429858
0.256684 0.0778477 0.313441 0.352026
0.404066 0.193812 9.9991E-05 0.402021
0.427662 0.0765202 0.108388 0.387429
0.12892 0.526433 9.9991E-05 0.344547
0.0270598 0.568735 9.9991E-05 0.404105
0.240689 0.248327 0.0687136 0.44227
0.156124 0.520766 9.9991E-05 0.323011
0.168593 0.627021 9.9991E-05 0.204286
0.283507 0.199003 9.9991E-05 0.51739
0.362609 0.259697 0.0096792 0.368014
0.182126 0.388506 0.032662 0.396707
0.108649 0.450975 9.9991E-05 0.440275
0.42326 0.17826 0.022506 0.375974
0.103569 0.392287 9.9991E-05 0.504045
9.9982E-05 0.695173 9.9982E-05 0.304627
0.453322 0.0940323 0.196173 0.256473
0.439606 0.213706 0.0816917 0.264996
0.410054 0.289089 0.0330505 0.267806
0.633623 0.124265 0.0848721 0.15724
0.533812 0.17268 9.9991E-05 0.293408
0.45838 0.20335 0.0582063 0.280064
0.414034 0.337335 0.130667 0.117965
0.481373 0.127779 0.159232 0.231616
0.574495 0.191967 0.00138605 0.232152
0.365802 0.302122 0.0502533 0.281823
0.31921 0.151408 0.169828 0.359554
0.397022 0.156595 0.120984 0.325399
0.380699 0.170031 0.0729458 0.376324
0.370859 0.0594972 0.105865 0.463779
0.511247 0.289803 0.087841 0.11111
0.457977 0.142715 0.0782137 0.321095
0.261821 0.462612 9.9991E-05 0.275466
0.55419 0.165463 0.0878069 0.19254
0.399199 0.360786 9.9991E-05 0.239915
0.00960715 0.766661 0.203997 0.0197351
0.0521812 0.10935 0.749878 0.0885906
9.9982E-05 0.0124046 0.987395 9.9982E-05
9.998E-05 9.998E-05 0.9997 9.998E-05
9.998E-05 9.998E-05 0.9997 9.998E-05
0.0529317 9.9982E-05 0.946868 9.9982E-05
0.000530903 9.9982E-05 0.999269 9.9982E-05
9.9982E-05 0.0317425 0.968058 9.9982E-05
9.9982E-05 0.184234 0.815566 9.9982E-05
0.0971434 0.902657 9.9982E-05 9.9982E-05
0.0767797 0.82583 0.0972906 9.9991E-05
0.0840809 0.898123 9.9991E-05 0.0176958
0.0302433 0.850649 0.0685847 0.0505229
0.0838556 0.894784 0.0212603 9.9991E-05
0.0430412 0.928305 0.0285538 9.9991E-05
0.140965 0.811405 0.0475309 9.9991E-05
0.127822 0.871978 9.9982E-05 9.9982E-05
0.124443 0.753572 0.121885 9.9991E-05
0.108586 0.891214 9.9982E-05 9.9982E-05
9.9982E-05 0.954231 0.0455687 9.9982E-05
0.0844017 0.847314 0.0681843 9.9991E-05
0.0215262 0.929749 0.0486248 9.9991E-05
0.081433 0.91147 0.00699742 9.9991E-05
0.111543 0.850208 0.0381489 9.9991E-05
0.153189 0.846611 9.9982E-05 9.9982E-05
0.244275 0.755525 9.9982E-05 9.9982E-05
0.224403 0.775397 9.9982E-05 9.9982E-05
0.178321 0.820411 9.9991E-05 0.00116829
0.209356 0.133524 0.169424 0.487696
0.346871 9.9991E-05 0.0726498 0.580379
0.378649 0.0822598 0.154758 0.384333
9.9982E-05 0.239898 9.9982E-05 0.759902
0.274306 0.122372 0.160339 0.442984
9.9982E-05 0.320735 9.9982E-05 0.679065
0.393167 0.0509568 0.0701249 0.485751
0.12063 0.131677 0.0873976 0.660296
0.236087 0.115278 9.9991E-05 0.648535
0.217839 0.0154789 0.0846822 0.682
0.19462 0.104836 0.138797 0.561747
0.355095 0.0998038 9.9991E-05 0.545001
0.313954 0.0564052 0.166669 0.462972
0.0518366 0.0268783 0.53626 0.385025
9.9991E-05 0.184406 0.104652 0.710842
0.025516 0.250621 0.0611582 0.662705
0.415616 0.134646 0.129862 0.319876
0.276627 0.12595 0.033798 0.563625
0.222629 0.157512 9.9991E-05 0.619759
0.372729 0.0763533 9.9991E-05 0.550817
0.461126 0.1752 9.9991E-05 0.363573
0.492474 0.126565 0.149172 0.231789
0.200972 0.429323 0.121826 0.247879
0.363299 0.0321528 0.211283 0.393265
0.336848 0.233292 0.105353 0.324507
0.0954012 0.612022 0.0610963 0.23148
0.376422 0.289918 9.9991E-05 0.33356
0.347755 0.341283 0.0955804 0.215381
0.382831 0.266599 0.173694 0.176877
0.472288 0.149192 0.120834 0.257686
0.421821 0.216013 9.9991E-05 0.362066
0.530026 0.0504981 0.145206 0.27427
0.388411 0.17894 0.0441791 0.38847
0.335064 0.407139 0.0876873 0.17011
