9.9991E-05 0.931386 0.0287094 0.0398049
0.00764663 0.963717 0.028536 9.9991E-05
0.108241 0.857483 9.9991E-05 0.0341769
0.0985538 0.845574 0.0279677 0.0279042
0.0348763 0.902621 9.9991E-05 0.0624029
0.105511 0.691026 0.160292 0.0431704
9.999E-05 0.891579 0.0916864 0.0166349
0.0169972 0.777256 0.171552 0.0341943
9.9982E-05 0.839756 0.160044 9.9982E-05
0.0780347 0.688829 0.121011 0.112125
0.0064009 0.752745 0.194718 0.0461363
0.425148 0.0554555 0.431326 0.0880711
0.611273 0.100219 0.230265 0.0582431
0.287421 0.0798859 0.5436 0.0890934
0.345508 0.0364178 0.384977 0.233097
0.487534 0.186729 0.193419 0.132318
0.674631 0.0657831 0.111365 0.148221
0.573117 0.0286218 0.297 0.101262
0.396623 0.16899 0.344005 0.0903817
0.0792395 0.144241 0.708067 0.0684525
0.579875 0.0879971 0.267414 0.0647145
0.502952 0.0867324 0.330523 0.0797925
0.634528 0.116513 0.213143 0.035817
0.375237 0.0893055 0.43777 0.097688
0.681927 0.0879176 0.0854543 0.144701
0.601005 0.102621 0.21746 0.0789135
0.277436 0.0982807 0.543711 0.0805727
0.261117 0.0686066 0.461863 0.208413
0.291462 0.0742861 0.55001 0.0842419
0.0578455 0.857769 9.9991E-05 0.0842851
0.12249 0.843629 9.9991E-05 0.0337814
0.16016 0.818655 9.9991E-05 0.0210845
0.121127 0.754794 0.0113826 0.112696
0.715523 0.0765893 0.207787 9.9991E-05
0.667821 0.133497 0.135734 0.0629485
0.761722 0.000934366 0.212763 0.0245807
0.256722 0.173534 0.569644 9.9991E-05
0.530416 9.9991E-05 0.417115 0.0523689
0.691959 0.0474013 0.206216 0.0544234
0.819967 9.9991E-05 0.0958197 0.0841133
0.696046 0.128126 0.136858 0.0389703
0.730575 0.140645 0.12868 9.9991E-05
0.454507 9.9982E-05 0.545293 9.9982E-05
0.63101 0.0688739 0.172603 0.127513
0.707884 0.0994472 0.124801 0.0678677
0.769189 0.173001 0.0379535 0.0198566
0.613028 9.9982E-05 0.386772 9.9982E-05
0.758506 0.0830568 0.104188 0.0542493
0.645033 0.193368 0.0717306 0.0898676
0.0939389 0.0685656 0.837396 9.9991E-05
0.333851 0.00765245 0.658397 9.9991E-05
0.122343 0.0373578 0.759869 0.0804309
0.560707 0.14915 0.172881 0.117261
0.63612 0.162161 0.0998719 0.101847
0.63208 0.119328 0.145188 0.103405
0.319807 0.187398 0.492694 9.9991E-05
0.6636 0.0760967 0.213951 0.0463526
0.567598 0.0860158 0.190188 0.156198
0.502801 0.140084 0.357015 9.9991E-05
0.127899 0.272589 0.549112 0.0504006
0.669971 0.118454 0.161783 0.0497927
0.452914 0.0986978 0.329411 0.118978
0.180156 0.092951 0.726793 9.9991E-05
0.628258 0.0397134 0.272411 0.0596173
0.659075 0.0629703 0.152746 0.125209
0.553779 0.104726 0.188484 0.153012
0.427998 0.0970518 0.45809 0.0168605
0.535627 0.0161052 0.296419 0.151848
0.681231 0.193492 0.0959749 0.0293012
0.335399 0.0758538 0.588647 9.9991E-05
0.738489 9.9991E-05 0.254229 0.00718251
0.50478 9.9982E-05 0.49502 9.9982E-05
0.654788 0.0725073 0.205959 0.0667454
0.28648 9.9982E-05 0.71332 9.9982E-05
0.311338 9.9982E-05 0.688462 9.9982E-05
0.52861 9.9982E-05 0.47119 9.9982E-05
0.759038 0.00102617 0.239836 9.9991E-05
0.624675 0.0861104 0.189041 0.100174
0.696337 0.016856 0.286707 9.9991E-05
0.466844 0.0770225 0.456034 9.9991E-05
0.513173 0.0778289 0.408898 9.9991E-05
0.681194 0.106908 0.149744 0.0621537
0.566889 9.9991E-05 0.411491 0.0215204
0.725164 0.0405025 0.234233 9.9991E-05
0.683136 9.9982E-05 0.316664 9.9982E-05
0.28306 9.9982E-05 0.71674 9.9982E-05
0.781495 0.00220377 0.194431 0.0218702
0.101937 0.856636 9.9991E-05 0.0413274
0.060984 0.938816 9.9982E-05 9.9982E-05
0.0881798 0.870923 9.9991E-05 0.0407972
0.0154471 0.948128 9.9991E-05 0.0363249
0.0744355 0.849028 9.9991E-05 0.076437
0.0402771 0.913683 9.9991E-05 0.0459396
0.0497691 0.950031 9.9982E-05 9.9982E-05
0.693374 0.0800599 0.173057 0.0535087
0.602498 0.116087 0.203577 0.077837
0.337734 0.0216122 0.640554 9.9991E-05
0.621573 0.0910641 0.207616 0.0797472
0.673406 0.0760676 0.250426 9.9991E-05
0.752325 0.0782719 0.135055 0.034348
0.753458 0.08908 0.141769 0.0156928
0.592056 9.9991E-05 0.29536 0.112483
0.204228 0.0782998 0.717372 9.9991E-05
0.588299 0.211815 0.131316 0.0685695
0.850681 0.0502429 0.0882948 0.0107816
0.700915 0.0921142 0.159476 0.0474951
0.496551 0.0479231 0.455426 9.9991E-05
0.727762 9.9991E-05 0.25449 0.0176482
0.677365 0.0624367 0.260098 9.9991E-05
0.609082 9.9991E-05 0.335934 0.0548841
0.715122 0.0643565 0.220421 9.9991E-05
0.620459 0.131053 0.143613 0.104876
0.307719 0.0434063 0.539999 0.108875
0.425682 0.143677 0.326714 0.103927
0.644583 0.0931637 0.156353 0.1059
0.590962 0.0915465 0.176182 0.141309
0.602855 0.0883881 0.286306 0.0224505
0.557555 0.0339873 0.251604 0.156854
0.577445 0.12959 0.292865 9.9991E-05
0.660229 0.108675 0.203877 0.0272181
0.702599 0.0614012 0.180353 0.0556467
0.692361 0.113297 0.18518 0.00916227
0.66959 0.00948353 0.320826 9.9991E-05
0.646532 9.9991E-05 0.153361 0.200007
0.644449 0.0804952 0.110018 0.165037
0.694317 0.0273611 0.20754 0.0707812
0.522854 0.0498394 0.247972 0.179334
0.593704 0.0326564 0.238723 0.134918
0.456642 0.129134 0.341413 0.0728101
0.678472 9.9991E-05 0.155641 0.165787
0.704426 0.00290219 0.207123 0.085549
0.331466 0.0483168 0.512632 0.107585
0.168776 0.0431192 0.677658 0.110446
0.594018 0.0884945 0.269021 0.0484666
0.1384 9.9991E-05 0.756724 0.104776
0.404497 0.113185 0.482218 9.9991E-05
0.565295 0.0367853 0.397819 9.9991E-05
0.465595 0.0995622 0.434743 9.9991E-05
0.462621 0.0548861 0.482393 9.9991E-05
0.740974 0.11828 0.0714557 0.0692903
0.696085 0.077317 0.0987981 0.1278
0.656606 0.152036 0.166587 0.024771
0.215585 0.043045 0.686624 0.0547458
0.504764 0.222119 0.257302 0.0158152
0.53551 9.9991E-05 0.33868 0.12571
0.0840171 0.183088 0.692794 0.0401013
0.594861 0.144776 0.118868 0.141496
0.403927 0.0904641 0.422341 0.0832682
0.427265 0.0561295 0.324079 0.192527
0.341224 0.117376 0.495915 0.045485
0.344558 0.130164 0.525178 9.9991E-05
0.50868 0.0785982 0.341185 0.0715376
0.526785 0.109796 0.220777 0.142642
0.429878 0.121541 0.35117 0.0974108
0.0623367 0.0647561 0.639457 0.23345
0.665869 0.00910542 0.201611 0.123414
0.493282 9.9991E-05 0.477469 0.0291489
0.559369 0.00075255 0.410302 0.0295771
0.54034 0.194405 0.135806 0.12945
0.11995 0.368373 0.197734 0.313944
9.9991E-05 0.591474 0.224729 0.183698
9.9991E-05 0.479046 0.271465 0.249389
0.041905 0.402218 0.17119 0.384687
0.74379 9.9991E-05 0.166513 0.089597
0.674191 0.111868 0.077074 0.136867
0.296325 9.9982E-05 9.9982E-05 0.703475
0.359235 0.0104897 0.101741 0.528535
0.394639 0.121171 0.0337047 0.450485
0.378873 0.00541473 0.552223 0.0634888
0.589513 0.0487117 0.25374 0.108035
0.285814 0.0274026 0.610708 0.0760754
0.723689 0.025496 0.242587 0.00822777
0.486644 9.9991E-05 0.426404 0.0868525
0.695554 0.00239221 0.184103 0.117951
0.282464 0.00156617 0.628777 0.0871929
0.803211 0.0600231 0.0851722 0.0515933
0.604913 0.0614591 0.237878 0.0957496
0.0207822 9.9982E-05 9.9982E-05 0.979018
0.0940712 9.9982E-05 9.9982E-05 0.905729
0.330583 0.0605426 0.0932869 0.515587
0.33805 9.9982E-05 9.9982E-05 0.66175
0.230339 0.0232334 9.9991E-05 0.746328
9.998E-05 9.998E-05 9.998E-05 0.9997
9.9982E-05 9.9982E-05 0.0303361 0.969464
0.0720552 9.9982E-05 9.9982E-05 0.927745
0.0455935 9.9982E-05 9.9982E-05 0.954207
9.998E-05 9.998E-05 9.998E-05 0.9997
9.998E-05 9.998E-05 9.998E-05 0.9997
0.169588 0.0535158 9.9991E-05 0.776796
0.17973 0.0864871 9.9991E-05 0.733683
0.00447401 9.9991E-05 0.00832556 0.9871
0.374703 0.0706979 0.0580699 0.496529
0.294674 0.050317 0.0240813 0.630928
0.153511 0.0325116 9.9991E-05 0.813878
0.053858 0.0279677 9.9991E-05 0.918074
0.0472457 9.9982E-05 9.9982E-05 0.952554
0.0269956 0.0485786 9.9991E-05 0.924326
9.998E-05 9.998E-05 9.998E-05 0.9997
0.259071 0.081467 0.0180568 0.641405
0.0540421 0.00342149 0.0435531 0.898983
9.9991E-05 0.35991 0.503478 0.136512
0.435241 0.212668 0.210705 0.141387
0.385279 0.303244 0.198764 0.112713
0.0836921 0.226116 0.444115 0.246077
0.384823 0.103956 0.245526 0.265695
0.248888 0.352463 0.245486 0.153164
0.483597 0.188126 0.195116 0.133161
0.434181 0.189359 0.209407 0.167053
0.413991 0.168947 0.190272 0.22679
0.461938 0.219485 0.0924156 0.226162
0.608973 0.231093 0.0932642 0.0666689
0.0843489 0.868342 0.0472092 9.9991E-05
9.9982E-05 0.948276 9.9982E-05 0.051524
0.0191565 0.945024 0.0357196 9.9991E-05
0.0104131 0.969456 0.0200308 9.9991E-05
0.0695678 0.930232 9.9982E-05 9.9982E-05
9.9982E-05 0.870359 9.9982E-05 0.129441
9.9982E-05 0.908821 9.9982E-05 0.0909787
0.00658255 0.907813 0.0834309 0.00217345
0.0674758 0.932324 9.9982E-05 9.9982E-05
0.00371506 0.881957 9.9991E-05 0.114228
9.9982E-05 0.674328 0.325472 9.9982E-05
0.0138778 0.659674 0.326349 9.9991E-05
9.9982E-05 0.601567 0.398233 9.9982E-05
9.9982E-05 0.561676 0.438124 9.9982E-05
0.701088 0.0729596 0.225853 9.9991E-05
0.655967 0.0621018 0.224093 0.0578383
0.705424 0.0251065 0.241152 0.0283183
0.551002 0.0801195 0.368778 9.9991E-05
0.280466 0.0501774 0.669257 9.9991E-05
0.764669 0.012549 0.122635 0.100147
0.713672 9.9991E-05 0.284714 0.00151453
0.715404 9.9991E-05 0.245305 0.0391914
0.619629 9.9991E-05 0.348799 0.0314719
0.621298 0.0249333 0.207058 0.14671
0.698103 0.0172273 0.284569 9.9991E-05
0.178683 9.9982E-05 0.821117 9.9982E-05
0.665659 0.0978281 0.236413 9.9991E-05
0.509103 9.9982E-05 0.490698 9.9982E-05
0.765378 9.9991E-05 0.212718 0.0218043
0.326827 0.0431105 0.629963 9.9991E-05
0.0680595 0.254705 0.677135 9.9991E-05
0.0865267 0.239852 0.673522 9.9991E-05
0.0772978 0.177583 0.745019 9.9991E-05
9.9982E-05 0.256431 0.743369 9.9982E-05
0.0688095 0.155344 0.761863 0.0139834
0.11738 0.213726 0.65195 0.016944
0.0724915 0.906427 9.9991E-05 0.0209818
0.0770264 0.869031 0.0219266 0.0320157
0.0568336 0.773183 9.9991E-05 0.169883
0.0813519 0.78055 0.022402 0.115696
0.120903 0.777436 0.0263855 0.0752758
9.9982E-05 0.514682 0.485118 9.9982E-05
9.9982E-05 0.563824 0.435976 9.9982E-05
0.0219828 0.5103 0.467618 9.9991E-05
0.105478 0.860464 9.9991E-05 0.0339577
9.9982E-05 0.463057 0.536743 9.9982E-05
0.257858 0.20676 0.0633297 0.472052
0.638341 0.155098 0.0135152 0.193046
0.479389 0.213124 9.9991E-05 0.307387
0.427424 0.286074 0.0329913 0.253511
0.416922 0.15553 0.176338 0.25121
9.9991E-05 0.495633 0.144737 0.359531
0.576006 0.0394189 0.384475 9.9991E-05
0.451929 0.0709819 0.434583 0.0425062
0.387456 0.168278 0.444165 9.9991E-05
0.555288 9.9991E-05 0.391237 0.0533747
9.9982E-05 9.9982E-05 0.997537 0.00226332
0.575368 0.0827851 0.248951 0.0928962
0.571166 0.092913 0.256269 0.0796527
0.448174 0.109229 0.442496 9.9991E-05
0.635068 0.106905 0.207745 0.0502816
0.25628 0.0161568 0.727463 9.9991E-05
0.547457 0.00873683 0.336177 0.107629
0.565913 0.0473997 0.304865 0.0818219
0.532669 0.0912431 0.155374 0.220714
0.442191 0.0124545 0.506321 0.0390333
0.476778 0.0443624 0.379978 0.0988815
0.565437 9.9991E-05 0.245402 0.189061
0.682359 0.0274595 0.280767 0.00941507
0.636091 0.0653474 0.230246 0.0683158
0.62913 0.0555173 0.176982 0.13837
0.635632 0.141548 0.170694 0.0521263
0.109913 0.80827 9.9991E-05 0.0817174
0.0807681 0.868775 9.9991E-05 0.0503573
0.0866412 0.813121 0.0673214 0.032916
0.0605916 0.870731 0.0685778 9.9991E-05
0.103852 0.861045 9.9991E-05 0.0350029
0.244252 0.0859315 0.623932 0.0458845
0.472417 0.0109835 0.29177 0.22483
0.451236 0.230176 0.0797204 0.238867
0.674302 0.0442022 0.126899 0.154597
0.640467 0.0964647 0.191445 0.0716231
0.304414 0.0560082 0.552324 0.0872531
0.058551 0.238556 0.702793 9.9991E-05
0.614749 0.0422435 0.262575 0.0804326
0.217426 0.13651 0.587539 0.0585249
0.53483 0.113113 0.291272 0.0607852
0.191394 0.214181 0.594325 9.9991E-05
0.629053 0.254026 0.0748894 0.0420317
0.265406 0.154331 0.570308 0.00995572
0.403356 0.122736 0.409759 0.0641494
0.531531 0.100673 0.237522 0.130274
0.399645 0.0491936 0.46372 0.0874411
0.634183 0.0690988 0.231525 0.065193
0.637242 0.168687 0.0866338 0.107437
0.472141 0.0369227 0.490837 9.9991E-05
0.485967 0.110753 0.273772 0.129508
0.716544 0.0398562 0.243499 9.9991E-05
0.239329 9.9991E-05 0.730568 0.0300031
0.368677 0.00417548 0.588207 0.0389404
0.670836 0.0551855 0.263088 0.0108908
0.364534 0.0355358 0.59983 9.9991E-05
0.567044 0.0364669 0.37674 0.0197484
0.271371 0.103293 0.625236 9.9991E-05
0.285898 9.9991E-05 0.62558 0.0884225
0.439802 0.0841417 0.370081 0.105975
0.670294 9.9991E-05 0.164387 0.16522
0.394079 9.9991E-05 0.593407 0.0124136
0.50198 0.0614037 0.27735 0.159266
0.604648 0.0790912 0.231391 0.0848697
0.574644 0.0593893 0.240051 0.125916
0.56692 0.084953 0.276484 0.0716427
0.558858 0.125503 0.301193 0.0144458
0.34425 0.00780742 0.560395 0.0875476
0.419095 9.9991E-05 0.470057 0.110749
0.705904 9.9991E-05 0.216353 0.0776434
0.629731 0.120289 0.191855 0.0581261
0.449823 0.157615 0.317148 0.0754144
0.565007 9.9991E-05 0.31715 0.117743
0.443902 0.138729 0.308147 0.109222
0.706598 0.0534819 0.198801 0.0411191
0.615 0.0525263 0.229463 0.10301
0.493835 0.124879 0.16512 0.216165
0.439036 0.382259 0.0340076 0.144698
0.532144 0.161552 0.0148019 0.291502
0.593112 0.15095 0.12383 0.132109
0.683542 0.100354 0.111379 0.104725
0.478212 0.187655 0.0327914 0.301341
0.509455 9.9991E-05 0.411328 0.0791174
0.535222 0.112619 0.167777 0.184382
0.0352641 0.246252 0.505205 0.213279
0.560671 0.126287 0.104876 0.208166
0.570353 0.140738 0.055245 0.233664
0.525956 0.0726055 0.140098 0.261341
0.296169 0.218895 0.285756 0.199181
0.562371 0.199365 0.0782744 0.159989
0.589621 0.135838 0.0399856 0.234555
9.9991E-05 0.473891 0.245994 0.280015
0.533339 0.205676 0.0309067 0.230078
0.531154 0.210215 0.00554508 0.253086
0.638927 0.0954871 0.0783669 0.187219
0.44386 0.147199 0.0957745 0.313166
0.503268 0.179675 0.0652489 0.251809
0.574335 9.9991E-05 0.31497 0.110595
0.635931 0.176749 0.112573 0.074747
0.110243 9.9991E-05 0.813148 0.0765084
0.185038 9.9982E-05 0.814762 9.9982E-05
0.509358 0.0175806 0.367459 0.105602
0.433093 0.114115 0.0650208 0.387772
0.360253 0.0932063 0.122734 0.423807
0.111577 0.153352 0.295222 0.439848
0.362411 0.124251 0.164299 0.349038
0.129151 0.0343505 0.643858 0.192641
0.274075 0.0659137 0.437471 0.22254
0.567523 9.9991E-05 0.209034 0.223343
0.538053 0.0414825 0.240357 0.180108
0.314376 0.0554922 0.441315 0.188817
0.610097 0.108746 0.145024 0.136132
0.601586 0.0440459 0.1542 0.200168
0.505467 0.0960929 0.199692 0.198748
0.477936 9.9991E-05 0.517832 0.00413222
0.45736 9.9991E-05 0.452944 0.0895963
0.664273 0.0101317 0.236539 0.0890559
0.451174 0.0751694 0.344728 0.128929
0.438717 0.120863 0.284498 0.155922
0.63623 0.00794686 0.307094 0.0487289
0.371527 9.9991E-05 0.618187 0.0101861
0.754619 0.0599525 0.154901 0.030527
0.425303 9.9991E-05 0.551765 0.0228317
0.569333 9.9991E-05 0.346955 0.0836118
0.630335 0.0968603 0.212995 0.0598094
0.467378 9.9991E-05 0.405041 0.127481
0.605387 0.223247 9.9991E-05 0.171266
0.46829 0.177757 0.242699 0.111253
0.386054 0.115433 0.169828 0.328685
0.33793 0.208711 0.166218 0.287141
0.574897 0.18546 0.0506543 0.188988
0.4831 0.159599 0.146121 0.21118
9.9991E-05 0.170528 0.564471 0.2649
0.589197 0.0657445 0.0653695 0.279689
9.9991E-05 0.39291 0.394217 0.212773
0.4888 0.0564316 0.158364 0.296405
0.339833 9.9982E-05 0.659967 9.9982E-05
0.143053 9.9982E-05 0.856747 9.9982E-05
0.616834 9.9991E-05 0.354069 0.0289966
0.792192 0.117994 0.0897147 9.9991E-05
0.576703 9.9982E-05 0.423097 9.9982E-05
0.681449 0.0455512 0.23861 0.0343896
0.626795 9.9991E-05 0.305846 0.067259
0.0829243 0.839948 9.9991E-05 0.0770276
9.9991E-05 0.750663 0.132995 0.116242
9.9982E-05 0.93892 9.9982E-05 0.0608801
0.0314954 0.952683 9.9991E-05 0.015722
0.694343 0.05179 0.253767 9.9991E-05
0.723568 0.0494401 0.226892 9.9991E-05
0.77095 9.9982E-05 0.22885 9.9982E-05
0.826124 0.0952128 0.0785627 9.9991E-05
0.576022 0.138908 0.224258 0.0608119
0.495021 0.0412197 0.46366 9.9991E-05
0.785852 0.045109 0.155475 0.0135641
0.615326 9.9982E-05 0.384474 9.9982E-05
0.514568 0.327894 9.9991E-05 0.157438
0.614213 9.9991E-05 0.319986 0.065701
0.592575 0.00680944 0.400516 9.9991E-05
0.768674 9.9982E-05 0.231126 9.9982E-05
0.60873 0.0331228 0.358047 9.9991E-05
0.774617 9.9991E-05 0.224604 0.000678566
0.796254 0.0959734 0.107673 9.9991E-05
0.33552 9.9982E-05 0.66428 9.9982E-05
0.522263 9.9991E-05 0.409597 0.0680395
0.5565 9.9982E-05 0.4433 9.9982E-05
0.205195 9.9982E-05 0.794605 9.9982E-05
0.612814 0.0574716 0.322824 0.00689013
0.375167 9.9982E-05 0.624633 9.9982E-05
0.181116 0.0102251 0.808558 9.9991E-05
0.705983 0.00544819 0.2229 0.0656689
0.48229 0.0131886 0.504422 9.9991E-05
0.682952 0.0119253 0.246344 0.0587785
0.681047 0.126865 0.08076 0.111328
0.722435 0.0435957 0.23387 9.9991E-05
0.408297 9.9991E-05 0.493967 0.0976358
0.73112 0.0098816 0.217231 0.0417672
0.699351 0.0610992 0.216408 0.0231415
0.598047 9.9982E-05 0.401754 9.9982E-05
0.631075 0.0736385 0.254732 0.0405543
0.0197233 0.71222 0.267957 9.9991E-05
0.0969348 0.779167 0.123798 9.9991E-05
9.9982E-05 0.869685 0.130115 9.9982E-05
9.9982E-05 0.875667 0.124133 9.9982E-05
0.029673 0.821418 0.148809 9.9991E-05
0.424195 0.0585987 0.517106 9.9991E-05
0.457894 0.0534606 0.488545 9.9991E-05
0.46948 9.9982E-05 0.53032 9.9982E-05
0.724832 0.151077 0.0852815 0.038809
0.810299 0.116652 0.0140726 0.0589762
0.597305 0.0069027 0.395692 9.9991E-05
0.703593 0.0201595 0.179726 0.0965214
0.687719 0.0118106 0.24059 0.0598803
0.758125 0.0117394 0.221152 0.00898329
0.826975 0.0881703 0.0847544 9.9991E-05
0.543092 9.9982E-05 0.456708 9.9982E-05
0.607592 9.9982E-05 0.392208 9.9982E-05
0.589062 9.9982E-05 0.410738 9.9982E-05
0.609936 0.0884632 0.207689 0.0939122
0.639988 0.0634719 0.29644 9.9991E-05
0.741736 0.0349718 0.223192 9.9991E-05
0.488527 0.0745664 9.9991E-05 0.436806
0.377408 0.0609961 0.055266 0.50633
0.391859 0.0919247 9.9991E-05 0.516117
0.316795 0.148573 0.00817644 0.526455
0.458353 0.149493 0.0459565 0.346198
0.519783 9.9991E-05 0.347194 0.132923
0.0508299 0.295964 0.01661 0.636596
0.348826 0.165135 9.9991E-05 0.48594
0.537082 0.183835 0.1156 0.163482
0.713112 0.220554 0.0662343 9.9991E-05
0.589449 0.169256 0.231376 0.00991929
0.690919 0.170224 0.138758 9.9991E-05
0.685288 0.169372 0.0958782 0.0494617
0.345928 0.131283 9.9991E-05 0.522689
0.36722 0.186827 0.0348011 0.411152
0.405644 0.0670199 9.9991E-05 0.527236
0.459421 0.141785 0.0295583 0.369236
0.349392 0.11528 0.0054393 0.529888
0.407002 0.225611 0.0118341 0.355553
0.279664 0.0654229 0.0553404 0.599573
0.529621 0.144249 0.013324 0.312806
0.553761 0.0799556 0.246819 0.119464
0.484027 0.189413 0.0154855 0.311075
0.142117 0.180951 9.9991E-05 0.676832
0.360291 0.112843 0.132897 0.39397
0.285295 0.249947 0.464657 9.9991E-05
0.551431 9.9991E-05 0.250782 0.197686
0.506265 0.155643 0.0520383 0.286054
0.700562 0.151417 0.125661 0.022359
0.612316 0.215546 0.150384 0.0217544
0.467241 0.227429 0.0771112 0.228219
0.29381 0.201929 0.143987 0.360274
0.51233 0.136206 0.166375 0.18509
0.421995 0.107181 0.0714466 0.399377
0.354252 0.127027 9.9991E-05 0.518622
0.092392 0.210532 0.00246485 0.694612
0.634857 0.17135 0.080766 0.113027
0.566838 0.15758 0.275482 9.9991E-05
0.234852 0.122385 0.504223 0.138541
0.675331 0.152536 0.121643 0.0504896
0.520176 0.183262 0.261167 0.035395
0.445457 0.231094 0.106387 0.217062
0.448405 0.0967669 0.228062 0.226766
9.9991E-05 0.363518 0.362011 0.274371
9.9991E-05 0.379944 0.407212 0.212744
0.240809 0.193144 0.356427 0.20962
9.9991E-05 0.345234 0.364736 0.28993
9.9991E-05 0.44396 0.233396 0.322544
0.422428 0.15006 0.22936 0.198153
0.397912 0.185359 0.19319 0.223539
0.127647 0.254239 0.317262 0.300853
0.031318 0.296376 0.383105 0.289201
0.376804 0.113866 0.238682 0.270648
0.105154 0.186271 0.440352 0.268222
9.9991E-05 0.462601 0.375352 0.161947
0.403333 0.0792267 0.170629 0.346811
0.39563 0.172922 0.167063 0.264385
0.437717 0.283574 0.0348326 0.243876
0.54753 0.168895 9.9991E-05 0.283475
0.614901 0.233933 9.9991E-05 0.151066
0.501165 0.178899 0.0168211 0.303115
0.358031 0.358744 9.9991E-05 0.283125
0.524936 0.243763 0.0413546 0.189947
0.467932 0.278314 9.9991E-05 0.253654
0.316649 0.204279 0.143607 0.335465
0.332033 0.165389 0.303385 0.199193
0.487875 0.185178 0.16469 0.162257
0.588211 0.197592 9.9991E-05 0.214097
0.681877 0.150644 0.0445631 0.122915
0.397185 0.33466 9.9991E-05 0.268055
0.58212 0.288165 9.9991E-05 0.129616
0.232554 0.404106 0.120539 0.242802
0.533754 0.152647 0.0719148 0.241684
0.205643 0.300844 0.136138 0.357375
0.00371739 0.831708 0.164474 9.9991E-05
0.159142 0.19305 0.647709 9.9991E-05
9.9982E-05 0.172026 0.827774 9.9982E-05
0.0262597 0.20167 0.771971 9.9991E-05
0.162572 0.116793 0.720536 9.9991E-05
0.0481435 0.143661 0.78177 0.0264256
0.150174 0.109897 0.739828 9.9991E-05
9.9982E-05 0.224729 0.775071 9.9982E-05
0.0371728 0.367611 0.595116 9.9991E-05
0.0543092 0.92796 9.9991E-05 0.0176308
0.0790771 0.850884 0.0699385 9.9991E-05
0.0290033 0.88148 0.0166724 0.0728439
0.0238933 0.846239 0.129768 9.9991E-05
9.9991E-05 0.898446 0.0171788 0.0842756
9.9982E-05 0.929673 0.0701273 9.9982E-05
0.0378587 0.762427 0.0445335 0.155181
0.0312363 0.881868 0.0114426 0.0754528
0.08105 0.736421 0.109987 0.0725422
9.9982E-05 0.942128 9.9982E-05 0.0576723
9.9982E-05 0.979649 0.0201506 9.9982E-05
9.9991E-05 0.884356 0.0393649 0.0761792
0.0309258 0.966922 0.00205236 9.9991E-05
0.0513831 0.900872 9.9991E-05 0.0476453
0.0403788 0.886114 9.9991E-05 0.0734073
0.0635919 0.862526 9.9991E-05 0.0737822
0.00900062 0.788134 9.9991E-05 0.202766
0.14149 0.801292 9.9991E-05 0.0571176
0.0803959 0.859458 9.9991E-05 0.0600464
0.462794 0.182717 0.323496 0.030994
0.802135 0.10168 0.0960844 9.9991E-05
0.610453 0.114701 0.164045 0.110801
0.100952 0.0393291 0.688321 0.171399
0.626562 0.155883 0.192152 0.0254029
0.167321 0.18163 0.575589 0.0754593
0.785689 0.167487 0.0108492 0.0359748
0.565822 0.11125 0.322828 9.9991E-05
0.629629 0.0625223 0.291436 0.0164132
0.752242 0.0565329 0.177209 0.0140164
0.574646 0.137665 0.28759 9.9991E-05
0.725886 0.0391066 0.168101 0.0669066
0.645233 0.187197 0.119204 0.0483648
0.143425 0.00497102 0.758799 0.0928053
0.0137955 0.102403 0.849646 0.0341557
0.157402 0.0843263 0.636559 0.121712
0.596798 0.133049 0.1579 0.112253
0.591488 0.155825 0.186304 0.066383
0.630086 0.170779 0.182456 0.016679
0.803458 0.0430374 0.0624578 0.0910471
0.580939 0.159343 9.9991E-05 0.259617
0.537911 0.205439 9.9991E-05 0.25655
0.196133 0.432331 0.22399 0.147546
0.651753 0.177702 0.0819734 0.0885711
0.40492 0.232863 0.192516 0.169701
9.9991E-05 0.412544 0.352481 0.234875
0.384405 0.280628 0.123023 0.211945
0.335714 0.33787 0.0897131 0.236703
0.495708 0.374144 0.0373332 0.0928146
0.564836 0.198373 0.0495138 0.187278
0.471594 0.251952 0.0526959 0.223758
0.616368 0.142489 0.0577536 0.18339
0.297442 0.178085 0.194323 0.33015
0.31489 0.482229 0.0018759 0.201006
