0.726975 0.0839303 0.0145628 0.0169464 9.9973E-05 0.00739442 0.143018 9.9973E-05 9.9973E-05 0.00687315
0.783634 9.9946E-05 9.9946E-05 9.9946E-05 9.9946E-05 9.9946E-05 0.172647 9.9946E-05 0.0292989 0.0138205
0.676247 0.080258 0.0325403 0.0588047 0.0599847 0.0552099 0.0363033 9.9982E-05 9.9982E-05 0.000451981
0.59188 0.0688932 9.9964E-05 0.120813 0.00460945 0.0938645 0.11954 9.9964E-05 9.9964E-05 9.9964E-05
0.707504 9.9946E-05 9.9946E-05 9.9946E-05 0.0338217 0.0650225 0.193052 9.9946E-05 9.9946E-05 9.9946E-05
9.9964E-05 9.9964E-05 9.9964E-05 0.0121286 0.0126128 0.0167392 0.903511 0.0244249 9.9964E-05 0.0301837
9.99201E-05 9.99201E-05 9.99201E-05 9.99201E-05 9.99201E-05 9.99201E-05 0.999101 9.99201E-05 9.99201E-05 9.99201E-05
0.0218525 0.00128797 9.9937E-05 9.9937E-05 9.9937E-05 9.9937E-05 0.97616 9.9937E-05 9.9937E-05 9.9937E-05
0.748874 0.0254382 9.99639E-05 0.0527684 9.99639E-05 9.99639E-05 0.0849567 0.0352876 9.99639E-05 0.052275
9.99369E-05 9.99369E-05 9.99369E-05 9.99369E-05 0.0337522 0.018675 0.946873 9.99369E-05 9.99369E-05 9.99369E-05
0.0795679 9.9937E-05 9.9937E-05 0.00715654 9.9937E-05 9.9937E-05 0.912576 9.9937E-05 9.9937E-05 9.9937E-05
9.9946E-05 9.9946E-05 0.725704 9.9946E-05 0.130566 0.0786102 0.0645208 9.9946E-05 9.9946E-05 9.9946E-05
0.0502099 0.0322893 0.335211 0.055825 0.369201 0.0746288 0.0257069 0.0259427 9.9991E-05 0.0308855
0.0667796 0.0341099 0.666985 9.9982E-05 0.168514 0.0223152 0.014889 0.00765063 0.0185574 9.9982E-05
0.0093455 0.0121568 0.635612 9.9964E-05 0.172503 0.139329 0.0306538 9.9964E-05 9.9964E-05 9.9964E-05
0.0847238 9.9964E-05 0.454504 9.9964E-05 0.245814 0.147817 0.0348994 0.0318419 9.9964E-05 9.9964E-05
0.0258735 0.0225495 0.281792 0.0544162 0.397996 0.117031 0.0705348 9.9982E-05 0.0296073 9.9982E-05
9.9964E-05 0.0256918 0.352039 9.9964E-05 0.366109 0.0582218 9.9964E-05 0.0516364 9.9964E-05 0.145902
0.113998 0.00496471 0.535966 9.9973E-05 0.252216 0.0197225 0.0433586 9.9973E-05 9.9973E-05 0.0294745
9.9937E-05 9.9937E-05 0.879584 9.9937E-05 9.9937E-05 0.00102741 0.118689 9.9937E-05 9.9937E-05 9.9937E-05
9.9982E-05 0.0421671 0.311827 0.0630861 0.289429 0.0962372 0.0290855 9.9982E-05 0.0337834 0.134184
9.9982E-05 0.0575819 0.315298 9.9982E-05 0.363003 0.0345265 0.0184393 0.105559 0.0503735 0.0550194
0.0353598 9.9973E-05 0.247694 0.036893 0.506705 9.9973E-05 0.0588351 9.9973E-05 0.0845794 0.0296335
9.9964E-05 0.00184476 0.656228 9.9964E-05 0.164761 0.111892 0.0466363 0.0182385 9.9964E-05 9.9964E-05
9.9982E-05 0.0713598 0.174025 0.0271515 0.550205 0.120296 0.000757146 0.0224422 0.0335639 9.9982E-05
9.9955E-05 0.0785249 0.369732 9.9955E-05 0.480547 0.0313845 9.9955E-05 0.0393116 9.9955E-05 9.9955E-05
9.9946E-05 0.0348735 0.842938 9.9946E-05 9.9946E-05 0.110466 0.0111228 9.9946E-05 9.9946E-05 9.9946E-05
9.9955E-05 9.9955E-05 0.724387 9.9955E-05 0.0447273 0.180192 0.0471284 0.00306531 9.9955E-05 9.9955E-05
9.9937E-05 9.9937E-05 0.821789 9.9937E-05 0.114225 9.9937E-05 9.9937E-05 0.0632863 9.9937E-05 9.9937E-05
9.99201E-05 0.999101 9.99201E-05 9.99201E-05 9.99201E-05 9.99201E-05 9.99201E-05 9.99201E-05 9.99201E-05 9.99201E-05
9.99201E-05 0.999101 9.99201E-05 9.99201E-05 9.99201E-05 9.99201E-05 9.99201E-05 9.99201E-05 9.99201E-05 9.99201E-05
0.4901 0.356459 0.0188239 9.9964E-05 0.0552472 0.0361029 9.9964E-05 9.9964E-05 9.9964E-05 0.0428673
0.403945 0.338205 9.9973E-05 9.9973E-05 0.0326824 0.0668467 0.0905064 0.00474653 9.9973E-05 0.062768
0.0343979 9.9973E-05 0.0771311 0.0749065 0.526958 9.9973E-05 9.9973E-05 0.0962014 0.0102807 0.179824
0.0833741 9.9973E-05 0.110059 0.0228937 0.346785 0.0946477 9.9973E-05 9.9973E-05 0.0847344 0.257207
9.9955E-05 9.9955E-05 9.9955E-05 9.9955E-05 0.463481 0.0576163 0.0220075 9.9955E-05 0.0493064 0.407089
0.062988 0.00128702 0.647894 0.139126 0.0370442 0.0465613 9.9973E-05 9.9973E-05 9.9973E-05 0.0648003
9.9973E-05 0.0226757 9.9973E-05 0.0400804 0.286278 0.0392863 9.9973E-05 0.0067459 0.0109841 0.59365
0.0264946 9.9982E-05 0.191583 0.0296564 0.481835 0.0316121 0.0488071 9.9982E-05 0.0346528 0.15516
0.0418682 9.9964E-05 9.9964E-05 9.9964E-05 0.611024 0.00997095 0.0155372 0.10338 9.9964E-05 0.21782
0.051965 0.0186019 9.9982E-05 0.037297 0.547403 0.0233485 0.0810598 0.145673 9.9982E-05 0.0944514
9.9982E-05 0.0730437 0.0902881 0.0219847 0.570204 9.9982E-05 0.0664872 0.0122387 0.0395105 0.126043
0.0211556 0.0270734 0.228073 9.9964E-05 0.0635859 9.9964E-05 9.9964E-05 0.0445023 9.9964E-05 0.61521
9.9973E-05 9.9973E-05 0.00429303 0.0119291 0.565929 0.0547999 0.0629742 0.224603 9.9973E-05 0.0751717
9.9982E-05 0.0201207 0.0605921 0.00596986 0.493213 0.0794337 0.0130954 0.076171 9.9982E-05 0.251205
0.154204 0.0420041 9.9991E-05 0.031757 0.515574 0.000102516 0.0307875 0.052389 0.00146239 0.17162
9.9955E-05 9.9955E-05 9.9955E-05 0.00737901 0.284075 9.9955E-05 9.9955E-05 0.0234936 0.0628348 0.621718
0.0204928 9.9955E-05 9.9955E-05 0.0526288 0.62492 9.9955E-05 9.9955E-05 0.0339799 9.9955E-05 0.267479
0.126289 9.9982E-05 9.9982E-05 0.00285694 0.529255 0.00552236 0.0212197 0.00889012 0.0524183 0.253348
0.0593214 9.9937E-05 9.9937E-05 9.9937E-05 9.9937E-05 9.9937E-05 9.9937E-05 0.234435 9.9937E-05 0.705544
9.9973E-05 9.9973E-05 0.471346 0.070957 0.11123 9.9973E-05 0.0444175 0.0447494 0.0912569 0.165743
9.9964E-05 9.9964E-05 0.386616 9.9964E-05 0.0347492 9.9964E-05 0.0294494 0.317074 0.0776258 0.154086
0.107003 9.9982E-05 0.211773 0.0236971 0.446721 0.0890712 9.9982E-05 0.0098315 0.107476 0.00422655
0.0405836 9.9973E-05 0.147447 0.0290402 0.601813 0.0355453 9.9973E-05 0.100393 0.0448787 9.9973E-05
0.105496 0.012072 0.0658988 0.10027 0.626211 0.00910605 9.9991E-05 0.0629876 0.000350384 0.0175079
0.121377 9.9964E-05 0.276233 0.12084 0.101362 9.9964E-05 9.9964E-05 0.115241 9.9964E-05 0.264547
9.9964E-05 0.0431902 0.186472 0.0529213 0.577145 9.9964E-05 9.9964E-05 0.0930804 9.9964E-05 0.0467912
0.094147 9.9964E-05 0.204728 9.9964E-05 0.587612 0.0197957 9.9964E-05 0.0797703 9.9964E-05 0.0135471
0.0129462 0.0444378 0.273613 9.9973E-05 0.291903 9.9973E-05 0.175739 9.9973E-05 0.0394793 0.161581
0.145856 0.0199281 0.519009 0.0248676 0.0505447 0.0117381 0.0863613 0.0880409 9.9991E-05 0.0535542
0.0152184 0.0807832 0.0619224 0.0490526 0.533136 0.02751 9.9982E-05 0.0806225 9.9982E-05 0.151555
0.0746503 0.0256817 0.361182 9.9973E-05 0.317107 0.0296621 9.9973E-05 0.0195139 0.171903 9.9973E-05
9.9964E-05 0.0421086 0.658402 0.054754 9.9964E-05 9.9964E-05 0.0637999 0.0882511 9.9964E-05 0.0922843
9.9964E-05 0.0127749 0.383196 9.9964E-05 0.360949 0.0550682 9.9964E-05 0.0330222 0.15459 9.9964E-05
0.0242739 0.0146934 0.0933106 9.9982E-05 0.615177 0.042418 9.9982E-05 0.0465264 0.0913668 0.0720339
9.9964E-05 0.0481186 0.173626 0.0833645 0.609863 9.9964E-05 0.0531425 0.0314859 9.9964E-05 9.9964E-05
0.0771991 0.0015704 0.370436 0.00396247 0.230535 0.0262381 0.0306794 0.105083 0.00452009 0.149776
9.9964E-05 0.0535047 0.243331 9.9964E-05 0.465935 9.9964E-05 0.00508494 0.0741014 9.9964E-05 0.157643
0.0233703 0.0553114 0.232845 0.0383375 0.598623 9.9973E-05 9.9973E-05 0.0199249 0.0312881 9.9973E-05
9.9964E-05 0.0453695 0.66295 9.9964E-05 0.120796 9.9964E-05 9.9964E-05 0.0908786 0.0636094 0.0159972
9.9937E-05 9.9937E-05 0.0801394 9.9937E-05 0.465312 9.9937E-05 9.9937E-05 9.9937E-05 9.9937E-05 0.453849
9.9955E-05 0.0344533 0.126593 9.9955E-05 0.150042 9.9955E-05 0.00454037 9.9955E-05 9.9955E-05 0.683872
0.107815 0.0242319 0.106858 0.0625954 0.551531 9.9973E-05 9.9973E-05 0.0124364 9.9973E-05 0.134232
9.9928E-05 9.9928E-05 9.9928E-05 9.9928E-05 9.9928E-05 9.9928E-05 9.9928E-05 0.149781 9.9928E-05 0.84942
9.9946E-05 9.9946E-05 0.0606569 9.9946E-05 9.9946E-05 9.9946E-05 9.9946E-05 0.10526 0.0567814 0.776702
9.9937E-05 9.9937E-05 9.9937E-05 9.9937E-05 0.239168 9.9937E-05 9.9937E-05 9.9937E-05 0.00233311 0.757799
9.9946E-05 9.9946E-05 0.120767 9.9946E-05 0.408942 0.0042179 9.9946E-05 9.9946E-05 9.9946E-05 0.465473
0.047756 0.0020768 0.100297 9.9982E-05 0.46235 0.0771571 0.0815012 9.9982E-05 0.0290143 0.199647
9.9964E-05 0.0648156 0.0895261 9.9964E-05 0.325105 0.0771876 9.9964E-05 9.9964E-05 0.0479785 0.394987
9.9964E-05 0.0172072 0.162334 0.0609365 0.147379 0.0161317 9.9964E-05 9.9964E-05 9.9964E-05 0.595611
9.9964E-05 0.0376393 0.103483 0.119146 0.196336 9.9964E-05 0.0512301 9.9964E-05 9.9964E-05 0.491766
0.0950548 0.0506115 9.9982E-05 0.00644866 0.437382 0.0488187 0.0318421 9.9982E-05 0.0733407 0.256301
9.9964E-05 9.9964E-05 0.0578813 9.9964E-05 0.200337 0.0976332 0.0516298 9.9964E-05 0.0297037 0.562416
0.0478261 0.0392778 0.0935796 9.9964E-05 0.375623 9.9964E-05 9.9964E-05 0.01371 9.9964E-05 0.429584
9.9946E-05 9.9946E-05 9.9946E-05 9.9946E-05 0.393397 9.9946E-05 9.9946E-05 0.0630431 0.0217258 0.521234
0.0225092 9.9955E-05 0.0378875 9.9955E-05 9.9955E-05 9.9955E-05 9.9955E-05 0.167878 0.116991 0.654234
0.01466 0.0318189 0.0656201 0.0725794 0.594229 0.0103813 0.00633145 9.9982E-05 9.9982E-05 0.20418
0.678968 0.0443469 0.0612982 0.0213146 0.0862086 0.0206319 0.0869316 9.9973E-05 9.9973E-05 9.9973E-05
0.780225 0.0983223 9.9946E-05 9.9946E-05 0.104254 9.9946E-05 0.0165992 9.9946E-05 9.9946E-05 9.9946E-05
0.770028 0.0987696 9.9946E-05 9.9946E-05 0.102934 0.0276682 9.9946E-05 9.9946E-05 9.9946E-05 9.9946E-05
0.810854 0.115388 9.9946E-05 9.9946E-05 0.0437256 9.9946E-05 9.9946E-05 0.0294323 9.9946E-05 9.9946E-05
0.715344 0.111082 9.9964E-05 9.9964E-05 0.0457541 0.0679932 0.0425468 9.9964E-05 9.9964E-05 0.0168803
0.716052 0.0714106 9.9973E-05 0.024499 0.0635125 0.00566384 0.0988521 9.9973E-05 0.01971 9.9973E-05
0.690026 0.0636192 9.99461E-05 9.99461E-05 0.0528724 9.99461E-05 0.192882 9.99461E-05 9.99461E-05 9.99461E-05
0.0668804 0.0311251 0.00468449 0.0357921 0.491933 9.9973E-05 9.9973E-05 9.9973E-05 0.0393588 0.329926
0.00205779 0.0570352 0.0914897 0.0661113 0.450528 0.128276 0.0194783 9.9991E-05 0.0670884 0.117835
0.0322688 9.9964E-05 0.134174 0.000755359 0.0713288 9.9964E-05 9.9964E-05 9.9964E-05 0.0780976 0.682976
0.0656021 0.043855 9.9973E-05 0.096937 0.539393 9.9973E-05 9.9973E-05 0.0226621 0.055272 0.175979
9.9955E-05 9.9955E-05 0.115796 0.0236183 0.424605 9.9955E-05 0.0611162 9.9955E-05 9.9955E-05 0.374366
0.0895985 0.0280585 9.9955E-05 9.9955E-05 0.578235 9.9955E-05 9.9955E-05 9.9955E-05 0.059236 0.244372
0.0711058 9.9973E-05 0.0674629 9.9973E-05 0.514782 0.039605 9.9973E-05 0.0603888 0.0893913 0.156964
9.9964E-05 0.0168029 9.9964E-05 9.9964E-05 0.396467 0.0247854 0.0990099 0.0228034 9.9964E-05 0.439732
0.0435024 9.9955E-05 0.167725 0.0840588 9.9955E-05 9.9955E-05 0.0379502 9.9955E-05 9.9955E-05 0.666264
0.0952761 9.9982E-05 0.0769826 0.0384478 0.56253 9.9982E-05 0.0811319 0.0244139 0.0539885 0.0670294
9.9964E-05 0.0107578 9.9964E-05 0.00502184 0.638666 9.9964E-05 0.0531901 0.0966503 9.9964E-05 0.195314
0.0481325 0.0211054 9.9973E-05 0.155128 0.57695 0.0384747 9.9973E-05 0.0108432 9.9973E-05 0.149067
9.9973E-05 0.0216953 0.0679504 9.9973E-05 0.250015 0.0167754 9.9973E-05 0.128232 0.0532218 0.461811
9.9946E-05 9.9946E-05 9.9946E-05 9.9946E-05 0.495627 9.9946E-05 0.0214128 9.9946E-05 0.024423 0.457938
9.9973E-05 0.00997052 0.135034 0.0569345 0.395965 0.0200227 0.0312425 9.9973E-05 9.9973E-05 0.350531
9.9946E-05 9.9946E-05 9.9946E-05 9.9946E-05 0.212744 0.158338 9.9946E-05 9.9946E-05 0.040407 0.587912
0.0527859 0.0175803 0.0331534 0.0461808 0.422037 9.9973E-05 0.0529959 9.9973E-05 9.9973E-05 0.374967
0.125311 0.0439052 0.0712959 9.9964E-05 0.570581 9.9964E-05 9.9964E-05 0.0504534 9.9964E-05 0.138054
0.0557494 0.0385061 0.371724 0.0832377 0.234563 9.9973E-05 9.9973E-05 0.00100956 0.21491 9.9973E-05
0.0734621 0.0189706 0.170842 0.182635 0.382147 0.0751696 0.00766388 0.0849543 0.0040554 9.9991E-05
0.0453783 0.0633729 0.0938805 0.0946678 0.537692 9.9982E-05 9.9982E-05 0.088372 0.0205305 0.0559063
0.0326053 0.024722 0.00150839 0.0587681 0.575946 0.0358849 0.106085 0.00779598 9.9991E-05 0.156585
9.9964E-05 0.0748223 0.440207 0.0167636 0.429442 9.9964E-05 9.9964E-05 0.0105083 0.0278573 9.9964E-05
0.0130011 9.9964E-05 0.25319 0.17452 0.528542 0.0159052 9.9964E-05 0.0144419 9.9964E-05 9.9964E-05
0.0198985 9.9964E-05 0.334546 0.172025 0.405564 0.00801132 9.9964E-05 9.9964E-05 0.0595559 9.9964E-05
0.0872079 0.00377543 0.159107 0.0415507 0.50405 9.9973E-05 9.9973E-05 0.0460618 9.9973E-05 0.157948
0.0142035 0.0399579 0.116455 0.0982477 0.555701 0.071136 9.9982E-05 0.0965152 9.9982E-05 0.0075841
0.0341216 0.0181851 0.321782 0.0195553 0.554893 9.9973E-05 9.9973E-05 0.0437649 9.9973E-05 0.00739729
9.9964E-05 0.0332455 0.274413 0.165394 0.467854 9.9964E-05 9.9964E-05 9.9964E-05 0.0428343 0.0158597
9.9973E-05 0.0251694 0.0522068 0.120698 0.590321 0.0723283 0.0829208 0.0560556 9.9973E-05 9.9973E-05
0.130114 9.9973E-05 0.0955025 0.0434762 0.614194 0.00438066 9.9973E-05 9.9973E-05 0.0640392 0.0479936
9.9955E-05 9.9955E-05 0.319316 0.0457354 0.549713 0.0505088 9.9955E-05 9.9955E-05 0.0342277 9.9955E-05
0.00769466 0.0571625 9.9964E-05 0.135922 0.580469 9.9964E-05 9.9964E-05 0.215579 0.00277265 9.9964E-05
9.9982E-05 0.00638289 0.16888 0.0914632 0.338224 0.125319 9.9982E-05 0.0666637 0.0953993 0.107468
0.04826 0.0457009 0.288134 0.124942 0.279741 0.0194735 9.9982E-05 0.151881 0.0416669 9.9982E-05
0.0585767 9.9964E-05 0.152723 0.0654758 0.58578 0.0743206 9.9964E-05 0.0627236 9.9964E-05 9.9964E-05
0.0431674 0.0208556 0.0543575 0.167294 0.690883 0.00428939 9.9982E-05 0.00176305 0.0171908 9.9982E-05
9.9982E-05 0.013494 0.35859 0.174616 0.198223 0.0364204 0.0446567 9.9982E-05 0.0148725 0.158928
0.0498509 9.9964E-05 0.495277 0.00708908 0.0941308 9.9964E-05 9.9964E-05 0.201219 0.152033 9.9964E-05
0.052642 9.9973E-05 0.243578 0.133686 0.476946 0.0305954 9.9973E-05 0.0336144 0.0286381 9.9973E-05
9.9973E-05 9.9973E-05 0.377979 0.127298 0.00304957 0.033111 9.9973E-05 0.120521 0.272777 0.0649647
0.0387697 9.9973E-05 0.513345 0.0675008 0.163778 9.9973E-05 0.0392777 9.9973E-05 0.0518863 0.125143
9.9964E-05 9.9964E-05 0.331872 0.0719192 0.38857 9.9964E-05 0.00217453 9.9964E-05 0.0548409 0.150224
9.9964E-05 0.0443433 0.439406 0.111876 0.219693 9.9964E-05 0.0309554 9.9964E-05 9.9964E-05 0.153326
9.9964E-05 9.9964E-05 0.492746 0.119682 0.250387 9.9964E-05 9.9964E-05 0.0735944 0.032989 0.0302024
0.0997314 0.00195342 0.116364 0.022658 0.562094 9.9982E-05 9.9982E-05 0.0391445 0.0400821 0.117773
0.0665057 9.9991E-05 0.0770454 0.0545968 0.488653 0.05547 0.0656012 0.119913 0.0290046 0.0431094
0.0767605 0.0259183 0.175372 0.090996 0.505483 9.9973E-05 9.9973E-05 9.9973E-05 0.0907933 0.0343777
9.9964E-05 9.9964E-05 0.501536 0.0689185 0.0998386 0.0151545 9.9964E-05 0.239183 9.9964E-05 0.0749691
0.0810539 0.0184582 0.0737958 9.9973E-05 0.494308 9.9973E-05 0.0796716 0.111036 9.9973E-05 0.141377
0.000107887 0.00835561 0.0740561 0.0155719 0.44551 0.0520084 0.0272194 0.266857 0.0531552 0.0571583
0.00137709 0.0510337 0.0444044 0.0516216 0.00344166 9.9991E-05 0.0854428 0.5292 0.0477741 0.185604
9.9973E-05 0.0478208 9.9973E-05 9.9973E-05 0.497797 0.0942621 0.0154002 0.100334 0.11168 0.132406
0.0380355 0.0494541 9.9973E-05 0.113943 0.338878 9.9973E-05 9.9973E-05 0.275197 0.0158853 0.168307
0.136055 9.9982E-05 0.0776141 0.00658273 0.440062 0.0787039 9.9982E-05 0.232915 0.00542034 0.0224472
0.00325418 0.0106296 0.0853149 0.0996916 0.2408 0.030596 0.0429668 0.389574 0.0558251 0.0413475
9.9982E-05 0.0316914 0.150268 0.0807686 0.183992 9.9982E-05 0.0398051 0.385074 0.0776964 0.0505047
0.0233677 0.00313456 0.04108 0.0783574 0.460328 9.9982E-05 9.9982E-05 0.231829 0.0517371 0.109966
9.9973E-05 9.9973E-05 0.0747135 9.9973E-05 0.467187 0.00545573 0.204588 0.124552 0.0433254 0.0798792
0.0423612 0.0173928 0.125208 0.0433282 0.35569 9.9991E-05 0.105075 0.0812827 0.00648982 0.223073
9.9973E-05 0.00161688 0.173421 9.9973E-05 9.9973E-05 0.140529 0.0319838 0.470591 0.000807986 0.180751
0.141238 9.9982E-05 0.115413 0.0111963 0.55946 9.9982E-05 0.0325116 0.00615406 0.0989068 0.034921
9.9955E-05 9.9955E-05 0.180078 9.9955E-05 0.349246 9.9955E-05 9.9955E-05 0.358709 0.00805908 0.103408
9.9982E-05 9.9982E-05 0.175315 0.00361091 0.402843 0.00361406 0.040931 0.172596 0.0729286 0.127962
0.0889306 0.0366743 9.9991E-05 0.0490355 0.549642 0.0339292 0.0465717 0.0586786 0.0602807 0.0761577
0.207324 0.0794154 0.0398374 0.0320585 0.0890846 0.228512 0.0800473 0.217875 0.0257461 9.9991E-05
0.366114 0.0290102 9.9955E-05 9.9955E-05 9.9955E-05 0.143536 0.134115 0.326725 9.9955E-05 9.9955E-05
0.309279 0.0315112 9.9955E-05 9.9955E-05 9.9955E-05 0.124758 0.125702 0.40825 9.9955E-05 9.9955E-05
0.3262 0.0123508 0.0532211 9.9973E-05 0.0861077 0.285943 0.0842472 0.15163 9.9973E-05 9.9973E-05
9.9955E-05 9.9955E-05 9.9955E-05 9.9955E-05 0.673421 0.0157311 9.9955E-05 0.251161 0.00455844 0.054629
0.00711925 9.9991E-05 0.0955211 0.0305069 0.645162 0.0370142 0.0630764 0.0387423 0.068131 0.0146267
9.9937E-05 0.00339853 9.9937E-05 9.9937E-05 0.317687 0.678215 9.9937E-05 9.9937E-05 9.9937E-05 9.9937E-05
0.0603879 0.0134383 0.0861854 0.0287362 0.297478 0.428255 9.9982E-05 9.9982E-05 0.0105486 0.0747707
0.00281453 0.0112846 0.0903705 0.0478725 0.406875 0.365935 0.0151048 0.0450701 9.9991E-05 0.0145726
9.9964E-05 9.9964E-05 0.0425992 9.9964E-05 0.285534 9.9964E-05 0.106023 0.354449 0.100804 0.110191
9.9964E-05 9.9964E-05 9.9964E-05 9.9964E-05 0.495605 0.0437744 0.0542833 0.171153 0.1296 0.105184
9.9955E-05 9.9955E-05 0.1109 9.9955E-05 0.190403 9.9955E-05 9.9955E-05 0.533699 0.113112 0.0513856
0.00384513 9.9964E-05 9.9964E-05 0.00830633 0.557066 9.9964E-05 0.0215474 0.267394 9.9964E-05 0.141441
0.0183688 0.00887665 0.0648107 0.00133488 0.421109 0.0211204 0.0232785 0.25291 0.0849207 0.103271
9.9964E-05 9.9964E-05 9.9964E-05 0.00862802 0.552421 0.0501382 0.00954963 0.32661 9.9964E-05 0.052253
9.9973E-05 9.9973E-05 0.137558 0.00152056 0.195807 9.9973E-05 0.00139329 0.551 0.0149297 0.0974919
0.0724273 9.9964E-05 9.9964E-05 9.9964E-05 0.564967 0.0913737 0.037832 0.0951518 9.9964E-05 0.137849
0.0477421 9.9991E-05 0.0673851 0.00715919 0.550519 0.0310381 0.100923 0.0963076 0.0355973 0.0632285
9.9937E-05 9.9937E-05 9.9937E-05 9.9937E-05 0.00533401 0.975879 9.9937E-05 9.9937E-05 9.9937E-05 0.018087
9.9946E-05 9.9946E-05 9.9946E-05 0.00210095 0.134505 0.843706 9.9946E-05 9.9946E-05 0.0190888 9.9946E-05
9.9973E-05 0.046888 0.117395 9.9973E-05 0.236259 0.571974 0.0147698 9.9973E-05 0.00157661 0.0108381
9.99582E-05 9.99582E-05 9.99582E-05 0.0158806 0.269247 0.685263 9.99582E-05 9.99582E-05 0.0193492 0.00976108
0.0215369 9.99371E-05 9.99371E-05 9.99371E-05 0.208226 0.769538 9.99371E-05 9.99371E-05 9.99371E-05 9.99371E-05
9.99201E-05 9.99201E-05 9.99201E-05 9.99201E-05 9.99201E-05 0.999101 9.99201E-05 9.99201E-05 9.99201E-05 9.99201E-05
0.0169421 9.9946E-05 9.9946E-05 0.0351585 9.9946E-05 0.916685 0.0306146 9.9946E-05 9.9946E-05 9.9946E-05
9.9928E-05 9.9928E-05 9.9928E-05 9.9928E-05 0.113352 0.885849 9.9928E-05 9.9928E-05 9.9928E-05 9.9928E-05
9.9928E-05 9.9928E-05 9.9928E-05 9.9928E-05 9.9928E-05 0.981077 9.9928E-05 9.9928E-05 9.9928E-05 0.0181233
9.99201E-05 9.99201E-05 9.99201E-05 9.99201E-05 9.99201E-05 0.999101 9.99201E-05 9.99201E-05 9.99201E-05 9.99201E-05
9.9928E-05 0.0183808 9.9928E-05 9.9928E-05 9.9928E-05 0.98082 9.9928E-05 9.9928E-05 9.9928E-05 9.9928E-05
9.9955E-05 0.0381385 0.0429938 9.9955E-05 0.116209 0.774526 9.9955E-05 9.9955E-05 0.0276335 9.9955E-05
0.0495369 0.00990505 9.9955E-05 0.0527452 0.10682 0.780493 9.9955E-05 9.9955E-05 9.9955E-05 9.9955E-05
9.9937E-05 0.021515 9.9937E-05 9.9937E-05 9.9937E-05 0.949274 9.9937E-05 9.9937E-05 9.9937E-05 0.0285119
9.9991E-05 0.0535167 0.157357 0.0117792 0.315853 0.378924 0.00730806 0.0198208 0.0103584 0.044984
0.108948 9.9955E-05 9.9955E-05 0.071947 0.241134 0.551661 9.9955E-05 9.9955E-05 9.9955E-05 0.0258106
0.034592 0.0156439 9.9955E-05 9.9955E-05 0.223353 0.697729 0.0281824 9.9955E-05 9.9955E-05 9.9955E-05
0.0321869 0.0321633 0.00110808 0.0201123 0.0620873 0.851942 9.9964E-05 9.9964E-05 9.9964E-05 9.9964E-05
9.9937E-05 0.00532062 9.9937E-05 0.0203582 9.9937E-05 0.973622 9.9937E-05 9.9937E-05 9.9937E-05 9.9937E-05
0.00334002 0.00652043 9.9964E-05 9.9964E-05 0.016895 0.887737 0.0650345 9.9964E-05 9.9964E-05 0.0200729
9.9928E-05 0.0301416 9.9928E-05 9.9928E-05 9.9928E-05 0.969059 9.9928E-05 9.9928E-05 9.9928E-05 9.9928E-05
0.0439972 0.0212511 9.9973E-05 0.117397 0.108996 0.638756 0.0230323 9.9973E-05 0.0462701 9.9973E-05
0.0190765 9.9964E-05 0.0320397 0.00931968 9.9964E-05 0.917027 9.9964E-05 0.0132047 0.00893243 9.9964E-05
0.277638 9.9973E-05 0.0188798 9.9973E-05 9.9973E-05 0.022928 0.0941896 0.524547 0.0602684 0.00124985
0.0745206 0.0462513 0.0661881 0.0876364 0.35167 0.0736332 0.0805741 0.197462 0.0131968 0.008868
0.0876983 9.9973E-05 9.9973E-05 0.106961 0.429746 0.0776053 0.118927 0.132865 9.9973E-05 0.0458974
0.0623261 0.0349772 9.9982E-05 0.115783 0.0907371 0.134058 0.12179 0.395226 9.9982E-05 0.0449031
9.9982E-05 0.0282072 0.0277166 9.9982E-05 0.398555 0.122938 0.12492 0.177273 0.0563787 0.0638121
0.109294 0.00887609 0.0234822 9.9991E-05 0.174862 0.120318 0.131897 0.371541 0.00205926 0.0575697
0.0218614 0.0590079 0.143281 9.9982E-05 0.447318 9.9982E-05 0.197622 0.118473 0.0117668 0.000469558
0.0444852 0.0043364 9.9973E-05 0.0466127 0.268472 0.151148 0.105154 0.379491 9.9973E-05 9.9973E-05
9.9982E-05 0.0210761 0.0065011 0.0277513 0.369716 0.209511 0.11452 0.194478 0.0562462 9.9982E-05
0.0506946 0.0115023 0.0067437 9.9973E-05 0.406104 0.114352 0.0978852 0.312419 9.9973E-05 9.9973E-05
0.128913 0.0411065 0.176931 0.0178771 0.412213 0.0330316 0.017704 0.172024 9.9982E-05 9.9982E-05
0.818027 9.9964E-05 9.9964E-05 0.0585167 0.029865 9.9964E-05 0.0302879 0.0453421 9.9964E-05 0.0175615
0.857265 0.0705311 0.00652657 9.9955E-05 9.9955E-05 0.050161 9.9955E-05 9.9955E-05 0.0150161 9.9955E-05
0.918787 0.0343651 9.9946E-05 0.0196867 9.9946E-05 9.9946E-05 9.9946E-05 9.9946E-05 9.9946E-05 0.0265612
0.910996 0.0205155 9.9955E-05 0.0568565 0.0109398 9.9955E-05 9.9955E-05 0.000192848 9.9955E-05 9.9955E-05
0.764698 0.113231 0.057792 9.9955E-05 9.9955E-05 9.9955E-05 0.0549299 0.00884928 9.9955E-05 9.9955E-05
0.817289 0.0799408 9.9946E-05 9.9946E-05 9.9946E-05 0.0717589 9.9946E-05 9.9946E-05 0.0304119 9.9946E-05
0.701017 0.0798975 9.9955E-05 9.9955E-05 0.0279632 0.053916 0.136707 9.9955E-05 9.9955E-05 9.9955E-05
0.707907 0.0632532 9.9964E-05 9.9964E-05 0.0456289 9.9964E-05 0.148468 0.021656 0.0126868 9.9964E-05
0.866046 0.0196803 9.9946E-05 9.9946E-05 0.0801575 9.9946E-05 9.9946E-05 9.9946E-05 0.0335169 9.9946E-05
0.807301 0.0185206 9.9973E-05 0.0011448 0.0113768 0.0862952 0.0126834 0.0623784 9.9973E-05 9.9973E-05
0.464121 0.0537534 0.218997 0.0239358 9.9973E-05 9.9973E-05 0.13578 9.9973E-05 0.0101509 0.0929621
0.49673 0.0313334 0.135974 0.215419 9.99804E-05 0.00215346 0.0620288 9.99804E-05 9.99804E-05 0.056061
0.487008 0.0222462 0.318317 0.0346049 9.9982E-05 9.9982E-05 0.0288911 0.0545873 0.0374499 0.0166958
0.415076 9.9964E-05 0.333363 0.0597141 9.9964E-05 9.9964E-05 0.111665 0.0371 9.9964E-05 0.0426823
0.0905197 0.00333688 0.174294 0.0045448 0.501312 9.9973E-05 9.9973E-05 0.00484961 9.9973E-05 0.220843
0.0117934 0.0397312 0.0953924 0.0649254 0.435295 0.061479 9.9982E-05 9.9982E-05 0.0269201 0.264263
9.9964E-05 9.9964E-05 0.0973514 0.114987 0.446759 0.0929393 9.9964E-05 9.9964E-05 0.0312155 0.216347
0.0183224 0.0285111 0.359486 0.0736034 0.301716 9.9973E-05 9.9973E-05 0.0142563 9.9973E-05 0.203805
9.9964E-05 0.00596253 0.659671 0.149663 0.0738183 9.9964E-05 0.0422636 9.9964E-05 9.9964E-05 0.0682218
0.00527653 0.00588342 0.0200882 0.0189831 0.647661 0.0238939 0.0803076 0.0167883 0.06265 0.118468
0.0392253 9.9964E-05 0.116641 9.9964E-05 0.587884 9.9964E-05 0.0227004 9.9964E-05 0.0113031 0.221846
9.9964E-05 9.9964E-05 0.148492 0.0293543 0.535529 9.9964E-05 9.9964E-05 0.0581284 0.0274975 0.200599
9.9955E-05 9.9955E-05 9.9955E-05 0.0212841 0.323209 0.0217759 9.9955E-05 0.0854431 9.9955E-05 0.547788
9.9964E-05 0.0715689 9.9964E-05 0.0208946 0.644594 9.9964E-05 0.00933059 9.9964E-05 0.130387 0.122825
9.9973E-05 0.0239707 0.0634293 0.115642 0.396943 0.001512 9.9973E-05 9.9973E-05 0.00301351 0.39519
9.9955E-05 9.9955E-05 0.0641662 0.0118044 9.9955E-05 9.9955E-05 9.9955E-05 0.0296866 0.194126 0.699717
0.00590543 9.9973E-05 0.196286 9.9973E-05 0.503356 9.9973E-05 0.117099 0.0112933 0.00732167 0.158439
9.9964E-05 0.0022975 9.9964E-05 9.9964E-05 0.229992 0.00534038 9.9964E-05 0.163003 0.133369 0.465597
9.9964E-05 0.00254913 0.0276147 0.0260118 0.510823 9.9964E-05 9.9964E-05 0.0254465 9.9964E-05 0.407155
0.0713093 9.9955E-05 0.197483 0.0128771 0.0824105 9.9955E-05 9.9955E-05 9.9955E-05 9.9955E-05 0.63542
0.0111211 0.0508953 9.9946E-05 0.810731 9.9946E-05 9.9946E-05 9.9946E-05 0.126653 9.9946E-05 9.9946E-05
9.9937E-05 9.9937E-05 9.9937E-05 0.872195 0.0212787 9.9937E-05 9.9937E-05 0.105827 9.9937E-05 9.9937E-05
9.9937E-05 9.9937E-05 9.9937E-05 0.923854 9.9937E-05 9.9937E-05 0.0295596 9.9937E-05 0.0458864 9.9937E-05
0.0477246 9.9955E-05 9.9955E-05 0.865712 9.9955E-05 9.9955E-05 0.00959062 0.0675863 9.9955E-05 0.00888705
9.9955E-05 9.9955E-05 9.9955E-05 0.827668 0.0309676 0.0405961 9.9955E-05 0.0917455 9.9955E-05 0.00852252
9.9946E-05 9.9946E-05 9.9946E-05 0.836321 0.0327538 0.0968094 9.9946E-05 9.9946E-05 0.0335164 9.9946E-05
0.787842 0.0699664 9.9964E-05 9.9964E-05 0.0475114 0.0544919 0.00942929 9.9964E-05 9.9964E-05 0.0303596
0.782241 0.0223702 0.0765307 9.9955E-05 0.0903082 9.9955E-05 0.0280503 9.9955E-05 9.9955E-05 9.9955E-05
0.696844 0.0341859 9.9964E-05 0.00927819 0.125024 0.0966739 0.0375942 9.9964E-05 9.9964E-05 9.9964E-05
0.695544 0.0442777 0.0793539 9.9964E-05 0.0699737 0.0855842 0.0248666 9.9964E-05 9.9964E-05 9.9964E-05
0.696276 0.00735618 0.0147837 0.000601567 0.0853963 0.0799779 0.115308 9.9973E-05 9.9973E-05 9.9973E-05
0.204811 0.0275347 0.130438 0.414964 9.9964E-05 9.9964E-05 0.16048 0.0613719 9.9964E-05 9.9964E-05
0.260726 9.9973E-05 0.0401745 0.335805 9.9973E-05 9.9973E-05 0.231286 0.02219 0.0768177 0.0327011
0.236545 0.00593305 0.0253003 0.42106 9.9973E-05 9.9973E-05 0.216542 9.9973E-05 0.0766044 0.0177164
9.99279E-05 0.997072 9.99279E-05 0.00212868 9.99279E-05 9.99279E-05 9.99279E-05 9.99279E-05 9.99279E-05 9.99279E-05
0.219474 0.0372677 9.9964E-05 0.471242 9.9964E-05 9.9964E-05 0.126481 9.9964E-05 0.0389121 0.106222
0.228812 9.9955E-05 9.9955E-05 9.9955E-05 0.246539 0.317347 9.9955E-05 0.163079 0.0437228 9.9955E-05
0.0726196 9.9973E-05 0.111012 0.000787283 0.455236 0.205351 0.0335578 0.121136 9.9973E-05 9.9973E-05
0.13535 0.0505995 0.00524703 0.0190284 0.509703 0.279672 9.9964E-05 9.9964E-05 9.9964E-05 9.9964E-05
0.211031 0.0201212 0.0378339 9.9982E-05 0.351733 0.19624 0.0418433 0.140227 9.9982E-05 0.000770659
0.188529 0.039527 9.9982E-05 0.0603586 0.491746 0.144538 0.028411 9.9982E-05 0.0400274 0.00666271
0.443465 9.9955E-05 9.9955E-05 9.9955E-05 9.9955E-05 0.29228 0.0466505 0.212574 0.00453124 9.9955E-05
9.9964E-05 9.9964E-05 0.316673 0.146532 0.394206 9.9964E-05 9.9964E-05 0.0118818 0.0935391 0.0367682
0.0101446 9.9973E-05 0.315263 0.0454465 0.341815 9.9973E-05 9.9973E-05 0.174209 0.0898071 0.0230154
0.00770807 0.0129651 0.617923 0.10674 0.172869 9.9964E-05 0.0813958 9.9964E-05 9.9964E-05 9.9964E-05
9.9964E-05 9.9964E-05 0.110336 0.118332 0.443894 9.9964E-05 9.9964E-05 0.0478626 0.18674 0.092435
9.9955E-05 9.9955E-05 0.224117 0.0630599 9.9955E-05 9.9955E-05 9.9955E-05 0.285409 0.262502 0.164413
0.0838541 0.0413467 0.216317 0.0292026 0.524668 0.0382546 0.00499613 0.0332636 0.0279972 9.9991E-05
0.0778899 0.0247273 0.194301 0.00215957 0.413492 9.9982E-05 9.9982E-05 0.0903787 0.164929 0.031922
0.001233 0.0337526 0.523986 0.0609407 0.276454 9.9982E-05 0.0363981 9.9982E-05 0.0392724 0.027763
9.9982E-05 0.0394741 0.373008 0.00508591 0.397501 0.0485173 0.0709687 9.9982E-05 0.0551548 0.010091
9.9955E-05 9.9955E-05 0.534567 9.9955E-05 0.0713468 9.9955E-05 9.9955E-05 0.244545 0.0634147 0.0856268
9.9982E-05 9.9982E-05 0.139333 0.1271 0.391662 0.0771816 0.0152858 0.035208 0.173164 0.0408653
9.9973E-05 0.0176729 0.199085 0.119486 0.460242 0.0833441 0.0203409 9.9973E-05 9.9973E-05 0.0995292
9.9973E-05 9.9973E-05 0.196046 0.0527612 0.366081 0.125531 0.177486 0.0623551 9.9973E-05 0.0194405
9.9955E-05 9.9955E-05 0.293689 0.0758725 0.395058 9.9955E-05 9.9955E-05 0.0431338 0.191747 9.9955E-05
0.0373174 0.00928366 0.185144 0.0763492 0.417759 9.9991E-05 0.00757838 0.0793931 0.0686364 0.118438
9.9973E-05 9.9973E-05 0.198611 0.0130518 0.439123 0.0120714 0.0369974 9.9973E-05 0.22234 0.0775052
0.00413907 9.9982E-05 0.152837 0.0578029 0.538538 9.9982E-05 0.0223524 0.0121236 0.094297 0.117711
9.9964E-05 9.9964E-05 0.11283 0.0871384 0.565333 0.0832923 9.9964E-05 9.9964E-05 0.131654 0.0193522
0.0653322 0.00167448 0.100109 0.0286318 0.465258 0.0448559 0.104942 9.9991E-05 0.0232905 0.165805
0.0129105 0.0403738 0.0621443 0.0876383 0.54615 0.0280391 9.9982E-05 0.112532 9.9982E-05 0.110013
0.771119 9.9946E-05 9.9946E-05 9.9946E-05 0.0947503 0.109542 0.0239888 9.9946E-05 9.9946E-05 9.9946E-05
0.771512 0.0166481 9.9973E-05 9.9973E-05 0.0630937 0.0444874 0.0577548 9.9973E-05 0.0374415 0.00876253
0.740126 9.9991E-05 0.0399507 0.000897331 0.0360654 0.029734 0.0573771 0.0570934 0.0189158 0.0197399
0.752497 0.0450409 9.9973E-05 0.0117388 0.0598453 9.9973E-05 0.0270254 9.9973E-05 0.0132971 0.0902558
0.795404 0.0543251 9.9955E-05 9.9955E-05 0.126767 9.9955E-05 0.0217332 0.00127151 9.9955E-05 9.9955E-05
0.0214728 9.9973E-05 0.77195 0.0243894 0.0903121 0.0339615 9.9973E-05 0.0240791 0.0335353 9.9973E-05
0.0182662 9.9973E-05 0.244961 9.9973E-05 0.388534 0.0736262 9.9973E-05 0.0740611 0.0629079 0.137344
0.144142 0.046216 9.9982E-05 0.0518576 0.343921 0.16009 0.015452 0.191774 9.9982E-05 0.046349
9.9964E-05 0.0469013 0.179984 9.9964E-05 0.562482 0.117881 9.9964E-05 0.0353266 0.0570253 9.9964E-05
0.0473634 0.0174192 0.24327 0.0668857 0.50958 9.9973E-05 9.9973E-05 9.9973E-05 0.0717598 0.0434218
9.9973E-05 0.0693402 0.383349 0.0934021 0.215021 0.042546 9.9973E-05 0.123033 0.073009 9.9973E-05
0.0525834 0.0481068 0.705645 0.0941602 9.9955E-05 9.9955E-05 9.9955E-05 0.0990046 9.9955E-05 9.9955E-05
9.9973E-05 0.00883575 0.178279 0.180188 0.45525 0.0170692 9.9973E-05 9.9973E-05 0.107483 0.0525952
0.0564214 0.0153595 0.506493 0.14766 0.0954763 0.000191777 0.060661 9.9982E-05 0.117537 9.9982E-05
0.0475571 9.9982E-05 0.110617 0.095321 0.446513 9.9982E-05 0.0290029 0.195426 0.041102 0.0342603
0.132341 0.0149385 0.644742 0.0763412 9.9973E-05 0.0466783 9.9973E-05 9.9973E-05 0.0537451 0.0309144
0.0952885 0.0455483 0.115723 0.0799382 0.506063 0.0600832 9.9973E-05 9.9973E-05 9.9973E-05 0.0970553
0.0300835 0.0480718 0.610706 0.0477237 0.127203 9.9991E-05 0.0421451 0.0605103 0.00887235 0.0245841
9.9982E-05 0.0463085 0.255715 0.0542062 0.282659 0.0464027 9.9982E-05 0.122259 0.0409492 0.1513
9.9982E-05 0.0444536 0.218327 0.0324229 0.459872 9.9982E-05 0.0912261 0.0785066 0.0617773 0.013214
9.9964E-05 9.9964E-05 0.0769927 0.0645027 0.285549 9.9964E-05 0.00801672 0.481778 0.0827612 9.9964E-05
0.0101648 9.9964E-05 0.138719 9.9964E-05 0.541556 9.9964E-05 0.0364526 0.231451 9.9964E-05 0.0412573
0.103114 0.0139142 0.0829425 9.9982E-05 0.457889 0.0244806 9.9982E-05 0.153116 0.044342 0.120002
9.9955E-05 9.9955E-05 0.0600511 0.0106177 0.315214 9.9955E-05 9.9955E-05 0.483607 0.130011 9.9955E-05
0.0081518 0.0380118 0.110495 0.0686841 0.472682 0.0328765 9.9991E-05 0.185207 0.0372833 0.0465081
0.0226111 0.0191009 9.9973E-05 0.0648578 0.518338 9.9973E-05 9.9973E-05 0.271464 0.0402078 0.0631207
9.9964E-05 9.9964E-05 0.0973052 0.103006 0.0896217 9.9964E-05 9.9964E-05 0.592039 0.0271675 0.0904614
9.9946E-05 9.9946E-05 9.9946E-05 0.0617259 0.277449 9.9946E-05 9.9946E-05 0.632124 9.9946E-05 0.0281011
9.9964E-05 0.0209778 9.9964E-05 0.11829 0.461973 9.9964E-05 9.9964E-05 0.329385 0.0399567 0.0290172
9.9973E-05 9.9973E-05 0.0862049 0.0564805 0.114403 9.9973E-05 0.0438381 0.461186 0.0995702 0.138017
9.9946E-05 9.9946E-05 0.172683 0.0428933 0.472663 9.9946E-05 9.9946E-05 0.311161 9.9946E-05 9.9946E-05
0.0263251 9.9973E-05 0.763481 0.133101 0.0343262 0.00711801 9.9973E-05 0.0318211 0.00352754 9.9973E-05
9.9964E-05 9.9964E-05 0.372316 0.143992 0.185373 9.9964E-05 9.9964E-05 0.0118123 0.284456 0.00165191
0.0524228 0.00894236 0.464052 0.100455 0.266906 0.0333275 9.9982E-05 9.9982E-05 0.0598192 0.0138757
9.9964E-05 0.0356266 0.154942 0.118876 0.555922 0.0623948 9.9964E-05 9.9964E-05 0.0718382 9.9964E-05
9.9973E-05 9.9973E-05 0.522873 0.149868 0.138305 0.0390993 9.9973E-05 0.00182323 0.00419225 0.143539
0.0411533 0.0751424 0.172689 0.0639431 0.415126 0.0704441 9.9982E-05 9.9982E-05 0.0938746 0.0674275
0.00570095 0.0328871 0.170658 0.155965 0.427262 0.139728 9.9982E-05 9.9982E-05 0.00240636 0.0651938
0.0569205 9.9991E-05 0.191577 0.0726876 0.440455 0.0586946 0.0229985 0.0418407 0.0412691 0.0734564
9.9973E-05 0.0421707 0.205485 0.121143 0.456743 0.027403 9.9973E-05 9.9973E-05 0.0865116 0.0602435
0.0185813 0.0101149 0.161412 0.209149 0.449859 0.0392157 9.9991E-05 0.00950633 0.0240506 0.0780107
9.9964E-05 0.0211954 0.511401 0.158277 0.126807 0.0756787 9.9964E-05 9.9964E-05 9.9964E-05 0.10624
9.9955E-05 9.9955E-05 0.162105 0.318261 0.301109 0.096877 9.9955E-05 9.9955E-05 0.121148 9.9955E-05
9.9946E-05 9.9946E-05 0.174665 0.148817 0.577675 9.9946E-05 9.9946E-05 9.9946E-05 0.0982423 9.9946E-05
0.0598199 9.9964E-05 0.237991 9.9964E-05 0.567947 0.0336498 9.9964E-05 0.0541082 0.0460849 9.9964E-05
0.0967405 0.0185035 0.318927 0.0539816 0.347043 9.9982E-05 9.9982E-05 0.0351117 0.0927323 0.0367603
9.9991E-05 0.00870562 0.146915 0.185954 0.478577 0.0547084 0.00109043 0.0188035 0.100833 0.00431339
0.0699689 0.0373812 0.299306 0.158483 0.312042 0.0974544 0.00126591 0.0238991 9.9982E-05 9.9982E-05
9.9964E-05 0.00678676 0.24664 0.0786702 0.578513 9.9964E-05 0.0434193 9.9964E-05 0.0455706 9.9964E-05
9.9964E-05 9.9964E-05 0.259774 0.040113 0.485111 0.033424 0.11438 9.9964E-05 0.0667991 9.9964E-05
0.0517892 0.0288162 0.240183 0.083183 0.450636 0.0489651 0.0272203 0.015233 0.0446788 0.00929554
0.244435 0.0367884 0.110727 0.000770127 0.346489 0.141906 0.078265 0.0404196 9.9982E-05 9.9982E-05
0.0270654 0.0667302 0.0819197 9.9982E-05 0.36039 0.242312 0.0500231 0.16515 9.9982E-05 0.00621016
9.9982E-05 0.0061387 0.157053 0.0228488 0.388759 0.124878 0.0628751 0.178629 9.9982E-05 0.058619
9.9973E-05 0.0532002 0.111977 9.9973E-05 0.591238 0.0810107 0.0489596 0.0593087 0.0540053 9.9973E-05
0.117237 0.0286281 0.129371 9.9982E-05 0.3749 0.211961 0.113805 0.0199902 0.00390679 9.9982E-05
9.9955E-05 9.9955E-05 0.233424 0.0279018 0.442408 9.9955E-05 9.9955E-05 0.182182 0.113585 9.9955E-05
0.120558 0.0628684 0.0560277 0.00998699 0.509092 0.0987298 9.9982E-05 0.0302425 9.9982E-05 0.112295
0.264571 9.9964E-05 0.0613794 9.9964E-05 0.061892 0.0910868 9.9964E-05 0.447581 9.9964E-05 0.0730891
0.0437271 9.9982E-05 0.258547 0.00447847 0.343533 0.244483 0.0431583 0.0609909 9.9982E-05 0.000882526
0.12524 0.0127852 0.0044617 0.0373942 0.608476 0.0781163 9.9973E-05 9.9973E-05 0.133227 9.9973E-05
0.0365869 9.9973E-05 0.100301 0.0254149 0.375249 0.270669 9.9973E-05 0.0165783 9.9973E-05 0.174901
0.118112 0.0344743 0.0758772 0.0159657 0.271952 0.137667 0.0947297 0.138185 0.0555666 0.0574699
0.162141 0.0209066 9.9982E-05 0.00106282 0.552423 0.153025 9.9982E-05 0.0693151 0.0260228 0.0149043
0.108556 0.0887169 0.0650918 9.9973E-05 0.472145 0.188615 9.9973E-05 0.0419725 0.034604 9.9973E-05
0.423548 0.0329943 9.9955E-05 9.9955E-05 9.9955E-05 0.15344 0.0235347 0.365983 9.9955E-05 9.9955E-05
0.0783809 0.0523863 0.0124384 0.0511804 0.526685 0.149419 9.9982E-05 0.100192 9.9982E-05 0.0291174
0.229041 9.9955E-05 9.9955E-05 9.9955E-05 0.587792 0.0608041 0.00936746 0.112495 9.9955E-05 9.9955E-05
0.061857 0.0070728 0.0494003 9.9991E-05 0.528371 0.143843 0.0199135 0.115914 0.0189517 0.0545761
0.244325 0.00072144 0.00764768 0.0309342 0.501097 0.136238 9.9982E-05 0.0474205 0.031417 9.9982E-05
0.102756 0.0685471 0.000385844 0.0948715 0.493181 0.127585 0.0344057 0.0230766 0.0550909 9.9991E-05
9.9964E-05 0.0142568 9.9964E-05 9.9964E-05 0.433948 0.0447661 0.107629 9.9964E-05 0.383852 0.0151487
0.0906169 0.00486081 0.126518 0.018811 0.442887 0.0626289 9.9982E-05 9.9982E-05 0.228689 0.0247884
9.9946E-05 9.9946E-05 0.204546 9.9946E-05 9.9946E-05 9.9946E-05 9.9946E-05 0.0209331 0.70293 0.0709916
9.99459E-05 9.99459E-05 0.0411555 0.031732 9.99459E-05 9.99459E-05 9.99459E-05 0.0771686 0.849344 9.99459E-05
9.9973E-05 0.0371378 0.146304 9.9973E-05 0.47376 0.0490482 0.0775575 9.9973E-05 0.200254 0.0156384
0.0730752 0.0296038 0.066184 0.00448274 0.37022 0.254792 9.9982E-05 0.112643 0.0887997 9.9982E-05
0.057844 0.00610292 9.9973E-05 9.9973E-05 0.270316 0.317931 0.0950604 0.0159857 0.23646 9.9973E-05
0.138419 0.019618 0.0509318 9.9982E-05 0.116399 0.299865 0.0766935 0.116419 0.181456 9.9982E-05
0.146442 0.0407673 0.0360049 9.9973E-05 0.225769 0.287533 9.9973E-05 0.00233915 0.260845 9.9973E-05
0.0127934 0.0341059 9.9973E-05 9.9973E-05 0.0584052 0.0299986 0.0912725 0.0840049 0.68912 9.9973E-05
0.0741168 0.0571493 9.9964E-05 9.9964E-05 0.0973528 0.0712365 9.9964E-05 0.0355723 0.664172 9.9964E-05
9.9964E-05 0.0214716 9.9964E-05 0.00029442 0.435246 0.0927335 0.0455811 9.9964E-05 0.404274 9.9964E-05
9.9946E-05 9.9946E-05 9.9946E-05 9.9946E-05 0.3682 0.0415472 0.11839 9.9946E-05 0.471263 9.9946E-05
0.0740003 0.028191 9.9964E-05 0.0173099 0.13876 0.0546267 9.9964E-05 9.9964E-05 0.686712 9.9964E-05
0.023974 0.0360955 0.110419 9.9973E-05 0.376229 0.106538 0.015315 9.9973E-05 0.331129 9.9973E-05
9.9973E-05 0.020733 0.00321922 0.0460052 0.419647 0.134731 0.00697941 9.9973E-05 0.368386 9.9973E-05
0.116564 0.0395059 0.0866077 0.000143063 0.423385 0.0833457 0.0114716 9.9991E-05 0.198015 0.040862
9.9964E-05 9.9964E-05 0.0714054 0.0280944 0.222533 9.9964E-05 9.9964E-05 0.0337294 0.575464 0.0683744
9.9982E-05 0.0108141 0.0694256 0.00507514 0.300029 9.9982E-05 0.0290533 0.01763 0.502962 0.0648107
9.9982E-05 0.0342052 9.9982E-05 0.0938032 0.468621 0.0124405 0.0369715 0.128476 0.162742 0.0625395
9.9973E-05 0.0329487 0.0744152 0.0538031 0.255978 0.0815585 9.9973E-05 9.9973E-05 0.399209 0.101787
0.103561 9.9991E-05 0.0948041 0.0537227 0.382631 0.0285924 0.00866677 0.156858 0.111192 0.0598717
9.9946E-05 9.9946E-05 0.0369288 9.9946E-05 0.375125 9.9946E-05 9.9946E-05 0.0756869 0.51166 9.9946E-05
9.9964E-05 9.9964E-05 0.0198651 0.0695189 0.170796 9.9964E-05 0.0266466 0.0456098 0.667164 9.9964E-05
9.9964E-05 0.0151604 9.9964E-05 9.9964E-05 0.523754 0.0198314 0.0151841 9.9964E-05 0.351306 0.074364
0.0113739 9.9964E-05 0.0818711 0.0328262 0.153791 9.9964E-05 9.9964E-05 9.9964E-05 0.697148 0.02259
9.9964E-05 0.0114549 0.0220145 0.00345668 0.371712 9.9964E-05 9.9964E-05 0.0545827 0.53638 9.9964E-05
0.0597052 0.0477273 9.9955E-05 0.0733656 0.562656 9.9955E-05 9.9955E-05 9.9955E-05 0.256047 9.9955E-05
0.0498987 9.9973E-05 0.0514218 9.9973E-05 0.340194 0.0511327 9.9973E-05 0.00190386 0.3754 0.129749
0.100732 9.9991E-05 0.116303 0.00477441 0.443288 0.181062 0.0680344 0.0290405 0.0437356 0.0129305
0.157629 9.9982E-05 0.100881 0.0309733 0.386516 0.0750025 9.9982E-05 0.106131 0.10867 0.033998
0.10321 0.0238172 0.0725074 0.00626522 0.271542 0.229838 0.0626864 0.0997913 0.101501 0.0288407
9.9982E-05 0.101151 0.0292163 0.10305 0.324019 0.197931 0.0719072 0.103639 0.0688872 9.9982E-05
0.0837923 9.9982E-05 0.0628647 0.0954067 0.402108 0.214488 0.0900416 9.9982E-05 0.0205646 0.0305339
0.0533424 0.013291 0.0463903 0.011933 0.403599 0.183787 0.0752918 0.0171646 0.195101 9.9991E-05
0.00621327 9.9955E-05 9.9955E-05 9.9955E-05 9.9955E-05 0.0814582 0.243557 0.0374634 0.630808 9.9955E-05
0.048696 0.0163466 9.9973E-05 0.0178338 0.496766 0.18475 0.108065 9.9973E-05 0.127243 9.9973E-05
0.241605 9.9955E-05 9.9955E-05 9.9955E-05 9.9955E-05 0.0638661 0.184108 0.0629568 0.446964 9.9955E-05
0.125526 9.9946E-05 9.9946E-05 9.9946E-05 0.467949 0.135863 9.9946E-05 9.9946E-05 0.270063 9.9946E-05
9.9955E-05 0.0140632 9.9955E-05 9.9955E-05 0.0760084 9.9955E-05 9.9955E-05 0.0351664 0.773385 0.100877
9.9955E-05 0.00195379 0.0305107 9.9955E-05 9.9955E-05 9.9955E-05 9.9955E-05 0.00231708 0.92473 0.0399883
