9.9955E-05 9.9955E-05 0.00540757 9.9955E-05 0.125668 0.0615629 0.75562 9.9955E-05 9.9955E-05 0.0512422
0.042905 9.9946E-05 9.9946E-05 9.9946E-05 9.9946E-05 0.148793 0.778962 9.9946E-05 0.0287398 9.9946E-05
0.0251169 9.9973E-05 0.00296027 0.0112923 0.090216 0.11696 0.674712 0.0784426 9.9973E-05 9.9973E-05
9.9955E-05 9.9955E-05 0.01787 0.105743 9.9955E-05 0.166196 0.633336 9.9955E-05 9.9955E-05 0.0763556
9.9955E-05 9.9955E-05 0.0174452 0.0622665 9.9955E-05 0.173374 0.718568 0.0278467 9.9955E-05 9.9955E-05
0.0147206 9.9946E-05 0.0290423 9.9946E-05 9.9946E-05 0.878543 9.9946E-05 0.0770939 9.9946E-05 9.9946E-05
9.99201E-05 9.99201E-05 9.99201E-05 9.99201E-05 9.99201E-05 0.999101 9.99201E-05 9.99201E-05 9.99201E-05 9.99201E-05
9.9955E-05 0.00476445 9.9955E-05 0.00976694 9.9955E-05 0.965949 0.0144452 9.9955E-05 9.9955E-05 0.00457498
0.0923756 0.0358316 0.0162637 9.99549E-05 9.99549E-05 0.117984 0.737045 9.99549E-05 9.99549E-05 9.99549E-05
9.9955E-05 9.9955E-05 9.9955E-05 9.9955E-05 0.0582261 0.863732 0.00157513 0.0396794 0.036288 9.9955E-05
9.9946E-05 0.0238439 0.000753233 9.9946E-05 9.9946E-05 0.860163 0.11464 9.9946E-05 9.9946E-05 9.9946E-05
0.0482697 9.9955E-05 9.9955E-05 0.0627595 9.9955E-05 0.0616174 9.9955E-05 0.112052 9.9955E-05 0.714802
0.0355736 9.9973E-05 0.0182096 0.00633951 0.119453 0.0302933 9.9973E-05 0.398197 9.9973E-05 0.391634
9.9964E-05 9.9964E-05 9.9964E-05 0.015163 0.13867 0.0409745 9.9964E-05 0.0512773 0.0998658 0.65365
9.9964E-05 9.9964E-05 9.9964E-05 0.155562 0.0140179 0.0164912 0.0181786 0.144807 9.9964E-05 0.650544
0.0291459 0.0221656 0.00285902 0.141073 9.9991E-05 0.115389 0.0151833 0.287144 0.0560145 0.330926
9.9964E-05 9.9964E-05 9.9964E-05 0.0182536 0.104432 0.0429111 9.9964E-05 0.513156 0.0342849 0.286563
0.0600124 9.9964E-05 9.9964E-05 0.0714086 0.00148192 0.102868 9.9964E-05 0.389205 9.9964E-05 0.374624
0.0449598 9.9964E-05 9.9964E-05 0.0700387 0.111345 9.9964E-05 0.0812983 0.067437 9.9964E-05 0.624522
9.9964E-05 0.0424254 0.0448198 0.0122173 9.9964E-05 0.0654733 0.0170038 9.9964E-05 9.9964E-05 0.81766
0.0342942 0.00770165 0.0149677 0.0780871 9.9982E-05 9.9982E-05 0.0936299 0.298555 0.0671051 0.405459
0.0940423 0.108699 0.0476861 0.0104178 0.0805058 0.0448468 9.9991E-05 0.365513 0.0588456 0.189344
0.0405105 9.9973E-05 9.9973E-05 9.9973E-05 0.118823 0.00513925 0.0595856 0.430426 0.0284527 0.316763
9.9955E-05 0.0442855 9.9955E-05 0.0728596 9.9955E-05 0.0524844 9.9955E-05 0.189269 9.9955E-05 0.640602
0.0819513 0.05435 0.0986795 0.0313455 0.127492 0.00598522 0.0708634 0.462166 9.9991E-05 0.0670667
9.9946E-05 9.9946E-05 9.9946E-05 0.0596388 9.9946E-05 0.026951 9.9946E-05 0.428127 9.9946E-05 0.484684
0.0323228 9.9964E-05 9.9964E-05 0.028614 0.0479621 0.0790351 9.9964E-05 0.0212586 9.9964E-05 0.790408
9.9946E-05 9.9946E-05 9.9946E-05 0.140656 9.9946E-05 0.0650598 9.9946E-05 0.0203934 9.9946E-05 0.773291
9.9964E-05 0.0142643 9.9964E-05 9.9964E-05 9.9964E-05 0.0249753 0.027465 0.107076 0.0601166 0.765703
9.9937E-05 9.9937E-05 9.9937E-05 0.0846612 9.9937E-05 9.9937E-05 0.827914 0.0867249 9.9937E-05 9.9937E-05
9.9937E-05 9.9937E-05 9.9937E-05 0.057267 9.9937E-05 9.9937E-05 0.819246 0.122788 9.9937E-05 9.9937E-05
0.0017671 9.9955E-05 0.00101774 0.0470426 9.9955E-05 9.9955E-05 0.785145 0.164528 9.9955E-05 9.9955E-05
0.0571478 9.9964E-05 9.9964E-05 0.084253 0.133578 0.0554998 0.609005 0.0601169 9.9964E-05 9.9964E-05
0.194497 0.0672649 0.0694524 9.9973E-05 0.0122934 0.00481714 9.9973E-05 0.544426 9.9973E-05 0.106949
0.345556 9.9964E-05 0.00151933 9.9964E-05 0.161203 0.022258 9.9964E-05 0.354435 9.9964E-05 0.114628
0.434156 9.9937E-05 9.9937E-05 9.9937E-05 9.9937E-05 0.0118614 9.9937E-05 0.553283 9.9937E-05 9.9937E-05
9.9973E-05 9.9973E-05 0.131418 0.00487484 9.9973E-05 0.0618656 0.0738846 0.0555885 0.0132671 0.658802
0.579136 0.0198448 9.9964E-05 0.0579235 9.9964E-05 9.9964E-05 0.023713 0.28165 0.0373328 9.9964E-05
0.210925 0.0785312 0.00168837 9.9982E-05 9.9982E-05 0.0153037 0.0199326 0.527307 0.065599 0.0805126
0.163461 9.9964E-05 0.0065434 0.0239035 0.0417661 0.105172 9.9964E-05 0.658755 9.9964E-05 9.9964E-05
0.0979733 0.132764 0.00889568 9.9964E-05 9.9964E-05 0.0432201 0.0412026 0.675545 9.9964E-05 9.9964E-05
0.0786609 0.0437836 9.9964E-05 9.9964E-05 9.9964E-05 0.118261 9.9964E-05 0.650032 0.0604291 0.0484334
0.605571 9.9964E-05 9.9964E-05 9.9964E-05 0.0422887 0.0133523 0.00887761 0.0719947 9.9964E-05 0.257516
0.102332 0.145261 9.9973E-05 0.0178707 0.0560724 0.0624584 9.9973E-05 0.570666 9.9973E-05 0.0450395
0.31965 9.9982E-05 9.9982E-05 0.0580662 0.136629 0.0308111 0.0192441 0.388091 0.0463099 0.000998734
0.172252 9.9973E-05 9.9973E-05 9.9973E-05 0.00531807 0.0663946 0.120943 0.512122 0.00384877 0.118822
0.660658 9.9937E-05 9.9937E-05 9.9937E-05 9.9937E-05 9.9937E-05 9.9937E-05 0.310489 0.0281526 9.9937E-05
0.252446 9.9955E-05 9.9955E-05 0.00522337 0.168282 9.9955E-05 9.9955E-05 0.485914 9.9955E-05 0.0876349
0.163225 9.9982E-05 0.00617791 9.9982E-05 0.0785092 0.00550653 0.111232 0.479641 0.101835 0.0536725
0.668734 0.276927 9.9937E-05 9.9937E-05 9.9937E-05 9.9937E-05 0.0536392 9.9937E-05 9.9937E-05 9.9937E-05
0.157846 0.00584425 0.201129 9.9973E-05 9.9973E-05 0.0264977 9.9973E-05 0.104344 0.0750209 0.429018
0.0996633 0.288883 9.9964E-05 9.9964E-05 0.0407282 0.049682 9.9964E-05 9.9964E-05 0.0680122 0.452631
9.9982E-05 0.0272718 0.0156524 9.9982E-05 0.0965948 0.0711635 0.00455399 0.554115 0.0573024 0.173146
0.0852521 0.0233144 9.9991E-05 0.0286335 0.0851214 0.0756498 0.047382 0.460713 0.0576584 0.136175
0.0653829 9.9973E-05 9.9973E-05 0.0641261 0.0213604 0.0675865 0.0392862 0.554642 9.9973E-05 0.187316
0.23407 0.0939414 0.200572 9.9973E-05 9.9973E-05 9.9973E-05 0.0940495 0.141688 0.0301692 0.205209
0.0722328 0.058373 0.0735323 9.9973E-05 0.0360037 9.9973E-05 9.9973E-05 0.493814 0.000373021 0.265371
0.00783745 0.0437603 9.9973E-05 9.9973E-05 0.181502 0.0461868 0.00129561 0.468793 9.9973E-05 0.250324
0.0331873 0.0760084 0.126324 9.9982E-05 9.9982E-05 0.0885257 0.0797584 0.35412 0.0107782 0.231098
0.0240925 0.0860873 0.0672264 0.0492841 0.0386917 0.0750366 0.123909 9.9982E-05 9.9982E-05 0.535472
0.117999 0.0169978 0.000781653 0.0246318 9.9982E-05 9.9982E-05 0.142179 0.516889 0.0141715 0.166151
0.0160035 9.9973E-05 0.0768112 9.9973E-05 0.156985 0.0300003 9.9973E-05 0.26175 0.133173 0.324977
0.109817 0.173374 0.103786 9.9946E-05 9.9946E-05 9.9946E-05 9.9946E-05 9.9946E-05 9.9946E-05 0.612423
0.0498599 9.9955E-05 9.9955E-05 9.9955E-05 0.0664581 9.9955E-05 9.9955E-05 0.35256 0.0353699 0.495252
0.0158279 0.0163027 0.0511485 9.9991E-05 0.200998 0.00407384 0.00779102 0.506293 0.196478 0.00098675
0.068842 9.9973E-05 0.0226414 9.9973E-05 0.108655 0.0491845 0.0471876 0.440215 9.9973E-05 0.262975
0.0700254 0.0512636 0.0413498 0.0975965 9.9982E-05 0.0795391 9.9982E-05 0.133485 0.0736857 0.452855
0.0676756 9.9964E-05 9.9964E-05 0.118456 0.0176301 9.9964E-05 9.9964E-05 0.282293 0.142087 0.371459
9.9973E-05 9.9973E-05 0.178057 0.0417163 0.0551515 9.9973E-05 0.0146244 0.538133 0.0579954 0.114023
0.0598233 0.0520549 0.11892 9.9973E-05 9.9973E-05 9.9973E-05 0.0269368 0.117736 0.108425 0.515803
0.366975 0.000110379 9.9946E-05 9.9946E-05 9.9946E-05 9.9946E-05 9.9946E-05 0.592422 9.9946E-05 0.0398927
0.643544 9.9955E-05 0.017676 9.9955E-05 9.9955E-05 0.0196061 9.9955E-05 0.112594 9.9955E-05 0.206081
0.126422 0.0516971 9.9982E-05 9.9982E-05 0.0690292 0.053455 0.0381491 0.565583 0.035208 0.0602563
0.860159 0.120177 0.00334903 9.9955E-05 9.9955E-05 0.0136383 9.9955E-05 0.00217758 9.9955E-05 9.9955E-05
0.852595 0.0636849 9.9955E-05 9.9955E-05 9.9955E-05 9.9955E-05 0.00589718 9.9955E-05 0.0317319 0.0455913
0.72344 9.99281E-05 9.99281E-05 9.99281E-05 9.99281E-05 9.99281E-05 9.99281E-05 0.275761 9.99281E-05 9.99281E-05
0.382242 9.9955E-05 0.0166907 9.9955E-05 9.9955E-05 9.9955E-05 0.0136702 0.473836 9.9955E-05 0.113061
0.125178 0.0315075 0.0541996 0.0284296 0.0930553 9.9982E-05 0.147287 0.516598 9.9982E-05 0.00354565
0.433453 9.9964E-05 9.9964E-05 0.0601497 9.9964E-05 9.9964E-05 0.00025053 0.323624 0.0215755 0.160547
0.598043 9.9964E-05 0.0404721 0.0199045 9.9964E-05 0.0217404 9.9964E-05 0.118915 9.9964E-05 0.200525
0.489587 9.9955E-05 0.134015 9.9955E-05 9.9955E-05 0.0680352 9.9955E-05 0.222212 9.9955E-05 0.0856507
0.22049 9.9982E-05 0.0560539 0.059894 0.0651287 0.0391094 0.0942368 0.455925 0.00896219 9.9982E-05
0.553798 9.9964E-05 9.9964E-05 0.0675135 9.9964E-05 0.019703 0.0505703 0.241364 9.9964E-05 0.0666514
0.430682 9.9973E-05 0.0237298 9.9973E-05 0.00983604 0.0817416 0.0181966 0.385778 9.9973E-05 0.0497356
0.607317 9.9955E-05 9.9955E-05 9.9955E-05 0.0204084 0.0127898 9.9955E-05 0.309585 0.0493999 9.9955E-05
0.716031 0.181756 9.9937E-05 9.9937E-05 9.9937E-05 9.9937E-05 9.9937E-05 9.9937E-05 0.101513 9.9937E-05
0.321906 9.9964E-05 0.0286986 0.106355 0.069805 9.9964E-05 9.9964E-05 0.466033 0.00680218 9.9964E-05
0.0262616 9.9973E-05 9.9973E-05 0.0152641 0.0797914 0.117761 0.669399 0.0698511 9.9973E-05 0.0213722
9.9937E-05 9.9937E-05 9.9937E-05 9.9937E-05 9.9937E-05 0.0268946 0.858136 0.11427 9.9937E-05 9.9937E-05
9.9946E-05 9.9946E-05 9.9946E-05 0.0072335 0.119076 9.9946E-05 0.818579 0.0545119 9.9946E-05 9.9946E-05
9.9946E-05 0.0139648 9.9946E-05 9.9946E-05 0.123694 9.9946E-05 0.84444 0.0173014 9.9946E-05 9.9946E-05
0.00298225 9.9955E-05 9.9955E-05 9.9955E-05 0.167225 0.0687383 0.757535 9.9955E-05 0.00301969 9.9955E-05
0.000585416 9.9982E-05 0.0411533 0.0228884 0.0473931 0.123218 0.712228 0.0518389 0.000494522 9.9982E-05
9.99461E-05 9.99461E-05 9.99461E-05 9.99461E-05 0.0319904 0.170128 0.720341 0.0769401 9.99461E-05 9.99461E-05
0.134558 9.9973E-05 9.9973E-05 0.0671403 0.0244103 0.0699486 0.0636045 0.530059 9.9973E-05 0.109979
0.177684 0.0160971 9.9982E-05 0.0343357 0.0724618 9.9982E-05 0.132349 0.481083 0.0543031 0.0314861
0.742535 9.9946E-05 9.9946E-05 9.9946E-05 9.9946E-05 9.9946E-05 0.0238402 9.9946E-05 0.0466862 0.186339
0.135353 9.9973E-05 0.0844652 0.0927604 0.0495131 9.9973E-05 0.130113 0.414917 0.0925783 9.9973E-05
0.369711 9.9955E-05 9.9955E-05 0.0221751 9.9955E-05 0.0723375 9.9955E-05 0.370056 9.9955E-05 0.165221
0.207707 9.9964E-05 0.0106223 0.0275451 9.9964E-05 9.9964E-05 0.107743 0.596887 0.0490963 9.9964E-05
0.308914 0.00744151 9.9973E-05 0.0823968 9.9973E-05 9.9973E-05 0.0255769 0.495391 0.0152076 0.0647723
0.340004 9.9946E-05 9.9946E-05 0.0827916 9.9946E-05 9.9946E-05 9.9946E-05 0.520154 0.056451 9.9946E-05
0.745172 9.9946E-05 0.0499099 9.9946E-05 9.9946E-05 9.9946E-05 0.0551077 9.9946E-05 9.9946E-05 0.14921
0.17115 9.9973E-05 9.9973E-05 0.00553941 0.184349 0.0957351 9.9973E-05 0.368247 0.10104 0.0736407
0.093263 9.9964E-05 9.9964E-05 0.0466407 9.9964E-05 9.9964E-05 0.0658623 0.61606 0.0305465 0.147227
0.242945 9.9964E-05 0.0775179 0.152267 9.9964E-05 9.9964E-05 0.0774615 0.43878 0.0106288 9.9964E-05
0.508567 0.0843425 9.9973E-05 0.0281291 0.00644773 9.9973E-05 0.0088557 0.257578 0.10578 9.9973E-05
0.433506 9.9955E-05 9.9955E-05 9.9955E-05 9.9955E-05 0.00918294 0.011688 0.503963 0.0411601 9.9955E-05
0.427953 9.9964E-05 0.0231678 9.9964E-05 9.9964E-05 0.0269166 0.00308524 0.45934 9.9964E-05 0.0591375
0.598066 9.9955E-05 9.9955E-05 0.105136 9.9955E-05 0.00708754 9.9955E-05 0.264099 0.0251123 9.9955E-05
0.444713 9.9964E-05 0.0967795 9.9964E-05 0.0624117 0.0420373 0.00836196 0.345296 9.9964E-05 9.9964E-05
0.166029 9.9982E-05 0.103643 0.035838 0.0683862 9.9982E-05 0.0704126 0.452484 0.0393628 0.0636442
0.0206321 9.9973E-05 0.0186079 9.9973E-05 0.00313271 9.9973E-05 0.0878427 0.166611 0.235071 0.467803
9.9982E-05 0.0352701 0.151186 0.0246425 0.00660372 0.0317902 0.0818339 0.377059 9.9982E-05 0.291414
9.9991E-05 0.00529209 0.0760085 0.0296491 0.0837465 0.0228636 0.0886603 0.428871 0.0672914 0.197518
0.0098432 9.9991E-05 0.0826274 0.00233635 0.0561926 0.0342286 0.0384577 0.617303 0.085588 0.0733227
9.9964E-05 9.9964E-05 0.00584867 9.9964E-05 9.9964E-05 0.0280634 0.0662454 0.425629 0.0199929 0.453821
9.9973E-05 0.0184187 0.173414 0.0729861 0.0376863 9.9973E-05 9.9973E-05 0.45633 0.0151175 0.225747
9.9964E-05 9.9964E-05 0.117951 0.0755388 9.9964E-05 9.9964E-05 0.0553355 0.345307 0.0338006 0.371667
0.0191249 9.9982E-05 0.0674694 0.00198239 9.9982E-05 0.00833601 0.05403 0.489263 0.114127 0.245467
0.0868673 0.0888542 0.145169 0.0177258 0.00197899 0.0751447 0.00493431 0.568905 9.9991E-05 0.0103209
9.9964E-05 0.0561237 9.9964E-05 9.9964E-05 0.0174915 9.9964E-05 0.0644459 0.595932 0.0357627 0.229844
0.101723 9.9955E-05 0.210251 9.9955E-05 9.9955E-05 9.9955E-05 0.00578667 0.495821 9.9955E-05 0.185919
0.0524615 0.0627963 0.0651895 9.9982E-05 0.123157 9.9982E-05 0.0525426 0.518632 0.0249156 0.100105
9.9982E-05 0.0673495 0.0271443 0.0698582 9.9982E-05 0.0564081 0.0456516 0.517855 0.114002 0.101532
0.0044454 9.9973E-05 0.1127 0.0256913 9.9973E-05 0.0262828 9.9973E-05 0.49931 0.0383781 0.292892
9.9973E-05 0.107254 0.00799851 0.0745465 9.9973E-05 9.9973E-05 0.0820409 0.51994 0.0606777 0.147242
0.0580958 0.0559588 0.0866047 0.0723118 0.081931 9.9982E-05 9.9982E-05 0.430904 0.0674087 0.146586
9.9973E-05 0.150401 0.0230298 9.9973E-05 0.0567939 9.9973E-05 0.0723411 0.326502 0.0790687 0.291563
9.9982E-05 0.0174373 0.060979 0.041587 0.0843911 0.00801493 9.9982E-05 0.562943 0.0259381 0.198509
9.9973E-05 0.0640599 0.0674092 9.9973E-05 0.0457708 9.9973E-05 0.00123396 0.663132 0.0531821 0.104912
0.120963 0.0281069 0.15626 0.0791478 9.9982E-05 0.0452841 9.9982E-05 0.147971 0.112505 0.309563
0.0957791 0.156274 0.074966 0.00195819 9.9982E-05 9.9982E-05 0.050565 0.117726 0.176669 0.325863
0.0737097 0.0578574 0.181196 9.9973E-05 0.0449105 9.9973E-05 9.9973E-05 0.492568 0.00250318 0.146955
0.141822 0.126926 0.197195 0.0888798 9.9964E-05 9.9964E-05 9.9964E-05 9.9964E-05 0.283602 0.161174
0.0730563 0.000416327 0.0804427 9.9973E-05 9.9973E-05 9.9973E-05 0.0636496 0.180276 0.0784468 0.523412
0.115017 0.0316458 0.023927 9.9964E-05 9.9964E-05 9.9964E-05 9.9964E-05 0.417124 0.00972868 0.402158
0.0647499 9.9955E-05 0.101798 9.9955E-05 9.9955E-05 9.9955E-05 0.0258823 0.274786 9.9955E-05 0.532284
0.0811313 0.00653591 0.0884483 0.0489887 9.9982E-05 9.9982E-05 0.0108426 0.214975 0.0656613 0.483217
0.061853 0.0842817 0.0522081 0.0483365 9.9991E-05 0.0197103 0.0635322 0.530791 0.0252739 0.113913
0.012988 0.033649 0.112658 0.0730545 0.115511 0.120566 9.9991E-05 0.51498 0.00399532 0.0124971
0.00248114 0.00526162 0.0118876 0.0270527 9.9991E-05 0.00737296 0.113563 0.452218 0.0892726 0.29079
0.123025 0.186524 0.0195572 0.0797404 9.9973E-05 9.9973E-05 9.9973E-05 0.0810362 0.0786283 0.43119
0.111852 0.112644 0.0225267 0.0166716 0.0798254 0.0136769 0.0409674 0.463718 0.0494976 0.08862
0.106155 0.231557 0.0127347 0.0316659 9.9964E-05 9.9964E-05 9.9964E-05 0.56162 0.0558673 9.9964E-05
0.142222 0.359032 0.0807657 9.9982E-05 9.9982E-05 0.109971 0.0309537 0.00523881 0.188714 0.0829031
0.0785583 0.0970984 9.9973E-05 0.0245813 9.9973E-05 9.9973E-05 0.134278 0.516213 0.0919418 0.0570289
0.118388 0.161275 0.0228624 9.9973E-05 9.9973E-05 9.9973E-05 0.149539 0.36357 0.120697 0.063368
0.0409653 0.141449 0.0282147 0.0447697 0.0425792 9.9991E-05 0.0510858 0.42723 0.137821 0.0857856
0.143942 0.321506 0.0657654 0.0347215 0.00309427 9.9991E-05 0.0709338 0.254524 0.0643674 0.0410454
0.103892 0.352005 0.150878 9.9982E-05 9.9982E-05 0.0427163 0.0199435 0.212379 0.0812158 0.0367715
0.169993 0.159282 0.110781 9.9982E-05 0.109632 9.9982E-05 0.0137205 0.341634 0.0863324 0.00842546
0.119041 0.0416761 0.0583336 0.0920834 0.0450087 0.0619978 0.0387203 0.384054 9.9991E-05 0.158985
9.9982E-05 0.1517 0.0921364 0.0846577 9.9982E-05 0.0278698 0.00865623 0.350071 0.0922591 0.19245
0.307042 0.35505 9.9964E-05 0.165163 9.9964E-05 0.000278265 0.0177401 9.9964E-05 9.9964E-05 0.154328
0.0326142 9.9982E-05 0.084504 0.105376 9.9982E-05 0.0825615 0.0315355 0.413674 0.158694 0.0908407
0.0990659 0.293143 0.109862 9.9964E-05 9.9964E-05 9.9964E-05 9.9964E-05 0.330901 0.0627618 0.103867
0.128554 0.185624 9.9964E-05 9.9964E-05 9.9964E-05 0.0248959 9.9964E-05 0.413782 0.0903654 0.156379
0.0673126 9.9991E-05 0.00642828 0.101946 0.150776 0.0150055 0.0436699 0.356466 0.0791067 0.17919
9.9973E-05 0.234478 9.9973E-05 0.190742 0.167667 0.0206907 0.191715 0.112723 9.9973E-05 0.0816835
9.9955E-05 0.330246 9.9955E-05 0.0519726 0.157884 0.0780817 0.381317 9.9955E-05 9.9955E-05 9.9955E-05
9.9955E-05 0.482095 9.9955E-05 0.122613 0.002912 0.0413128 0.350567 9.9955E-05 9.9955E-05 9.9955E-05
9.9973E-05 0.16994 0.0034109 0.153153 0.368888 0.0263894 0.246924 9.9973E-05 9.9973E-05 0.0309945
0.0482204 0.244023 9.9946E-05 9.9946E-05 9.9946E-05 9.9946E-05 9.9946E-05 0.676728 0.0304293 9.9946E-05
0.0973451 9.9973E-05 0.05713 0.0213481 9.9973E-05 0.0408942 0.076848 0.630107 9.9973E-05 0.0760277
0.0173667 9.9946E-05 9.9946E-05 0.691336 9.9946E-05 9.9946E-05 9.9946E-05 0.242621 9.9946E-05 0.0480767
0.105699 9.9973E-05 0.0220097 0.369276 0.0104398 9.9973E-05 0.118535 0.291683 9.9973E-05 0.0820579
9.9973E-05 9.9973E-05 0.0881411 0.40565 0.11253 9.9973E-05 0.0213888 0.236932 0.0808593 0.054198
0.0263373 0.331902 9.9955E-05 9.9955E-05 9.9955E-05 0.0393563 9.9955E-05 0.37501 0.226895 9.9955E-05
0.06907 0.0876552 0.0475566 0.0135757 0.12292 0.0475056 0.00944704 0.394134 0.094835 0.113301
0.0570397 0.55326 9.9946E-05 9.9946E-05 9.9946E-05 9.9946E-05 9.9946E-05 0.278424 0.110677 9.9946E-05
0.0510713 0.188891 0.0529448 9.9973E-05 0.0710792 0.0321738 9.9973E-05 0.571758 9.9973E-05 0.0317819
0.0178581 0.222034 0.017591 0.0148208 0.0390478 0.00176244 9.9991E-05 0.531574 0.0452458 0.109966
0.0206508 0.211866 0.0221481 0.0263693 9.9982E-05 0.0441443 9.9982E-05 0.597141 0.0440103 0.0334706
0.0618634 0.40572 9.9964E-05 9.9964E-05 9.9964E-05 0.0177857 9.9964E-05 0.219968 0.0936474 0.200615
0.0419281 0.133749 9.9964E-05 0.153853 9.9964E-05 9.9964E-05 9.9964E-05 0.553354 0.0831448 0.0335713
0.108909 0.0959246 0.0014572 0.00764766 0.152669 0.0985971 9.9991E-05 0.465496 0.0340173 0.0351817
9.9937E-05 0.00768817 9.9937E-05 0.956561 9.9937E-05 9.9937E-05 9.9937E-05 9.9937E-05 0.0350517 9.9937E-05
9.9955E-05 0.00328701 9.9955E-05 0.884324 9.9955E-05 9.9955E-05 0.0149911 0.0816488 0.0152497 9.9955E-05
9.9964E-05 9.9964E-05 0.0236229 0.517178 0.16524 9.9964E-05 0.0593646 0.228976 0.00521995 9.9964E-05
9.9955E-05 9.9955E-05 0.03023 0.581937 0.126017 0.0166428 9.9955E-05 0.244674 9.9955E-05 9.9955E-05
0.0328024 0.00858155 9.9955E-05 0.747584 0.0496092 9.9955E-05 9.9955E-05 0.160923 9.9955E-05 9.9955E-05
9.9946E-05 0.000276283 9.9946E-05 0.977219 9.9946E-05 0.0194248 9.9946E-05 9.9946E-05 9.9946E-05 0.00248038
9.9955E-05 9.9955E-05 0.00911802 0.917997 0.0070594 0.0378043 9.9955E-05 9.9955E-05 0.0275217 9.9955E-05
9.9955E-05 0.0315365 9.9955E-05 0.706972 0.123619 9.9955E-05 9.9955E-05 0.131607 9.9955E-05 0.00576503
9.9928E-05 9.9928E-05 0.0217201 0.97748 9.9928E-05 9.9928E-05 9.9928E-05 9.9928E-05 9.9928E-05 9.9928E-05
9.9928E-05 9.9928E-05 9.9928E-05 0.987911 9.9928E-05 0.0112897 9.9928E-05 9.9928E-05 9.9928E-05 9.9928E-05
9.99201E-05 9.99201E-05 9.99201E-05 0.999101 9.99201E-05 9.99201E-05 9.99201E-05 9.99201E-05 9.99201E-05 9.99201E-05
9.9946E-05 9.9946E-05 9.9946E-05 0.808267 9.9946E-05 9.9946E-05 0.0181923 0.152518 0.020424 9.9946E-05
9.9955E-05 9.9955E-05 0.00415372 0.759739 0.084409 0.0470325 9.9955E-05 0.104166 9.9955E-05 9.9955E-05
0.00807858 9.9928E-05 9.9928E-05 0.991122 9.9928E-05 9.9928E-05 9.9928E-05 9.9928E-05 9.9928E-05 9.9928E-05
0.161901 9.9973E-05 0.116996 0.457408 0.0725675 0.0484368 9.9973E-05 0.128978 0.013413 9.9973E-05
9.9955E-05 9.9955E-05 9.9955E-05 0.637702 0.0656488 9.9955E-05 0.0260294 0.16823 9.9955E-05 0.10189
9.9964E-05 0.016598 0.00209327 0.616023 0.246116 9.9964E-05 0.00825397 0.110516 9.9964E-05 9.9964E-05
9.9964E-05 9.9964E-05 9.9964E-05 0.864935 0.0198975 0.0208791 0.00806737 0.0807994 9.9964E-05 0.00502209
9.9928E-05 9.9928E-05 9.9928E-05 0.863537 0.135663 9.9928E-05 9.9928E-05 9.9928E-05 9.9928E-05 9.9928E-05
9.9955E-05 9.9955E-05 9.9955E-05 0.81501 0.0566609 0.0260502 0.0396021 0.0621775 9.9955E-05 9.9955E-05
9.9937E-05 9.9937E-05 9.9937E-05 0.939114 0.0347323 0.0254542 9.9937E-05 9.9937E-05 9.9937E-05 9.9937E-05
9.9973E-05 9.9973E-05 9.9973E-05 0.589871 0.0584467 0.00928657 0.0213402 0.201611 0.0110676 0.108076
0.0373821 0.0203948 0.0160153 0.820539 9.9973E-05 0.0321523 9.9973E-05 0.0701812 0.00303537 9.9973E-05
9.9964E-05 0.57065 9.9964E-05 0.0471424 0.00463865 0.124997 0.191052 9.9964E-05 0.0611203 9.9964E-05
0.0534534 0.181035 0.10569 0.0669042 0.0238521 9.9982E-05 0.136705 0.400906 9.9982E-05 0.0312555
0.0326838 0.224404 0.0251602 0.116658 0.000246166 0.105096 0.108285 0.365758 9.9991E-05 0.0216093
9.9964E-05 0.455894 0.0217273 0.106054 0.0632283 9.9964E-05 0.163818 0.188879 9.9964E-05 9.9964E-05
0.028741 0.200927 9.9982E-05 0.200048 0.0165727 0.112586 9.9982E-05 0.333237 0.0513424 0.0563468
9.9964E-05 0.382628 9.9964E-05 9.9964E-05 0.0902654 0.0999384 0.131291 0.233952 9.9964E-05 0.0615254
0.0515376 0.00118447 0.0505086 0.0939159 0.0277336 0.165481 0.0756507 0.426536 0.106419 0.00103309
9.9955E-05 0.37696 9.9955E-05 0.182141 9.9955E-05 0.0646318 0.023227 0.35254 9.9955E-05 9.9955E-05
9.9973E-05 0.229217 9.9973E-05 0.109218 0.099184 0.0351424 0.0844552 0.420517 9.9973E-05 0.0219672
9.9973E-05 0.319606 9.9973E-05 0.0736218 0.142012 0.0215662 0.0501251 0.353858 0.0389109 9.9973E-05
9.9973E-05 0.151514 0.0190993 0.0686649 0.0340279 0.0155674 0.178445 0.532382 9.9973E-05 9.9973E-05
9.9964E-05 0.0317404 0.0996638 9.9964E-05 0.0412577 0.0183746 0.744517 0.0640468 9.9964E-05 9.9964E-05
9.9946E-05 0.0476618 9.9946E-05 0.0872617 9.9946E-05 9.9946E-05 0.848128 9.9946E-05 0.016349 9.9946E-05
9.9955E-05 0.0247218 0.0173806 9.9955E-05 0.0698715 9.9955E-05 0.885647 9.9955E-05 0.001879 9.9955E-05
0.0122914 0.00450805 0.0555746 9.9955E-05 9.9955E-05 9.9955E-05 0.897575 0.0295516 9.9955E-05 9.9955E-05
9.9964E-05 0.0116344 0.0144078 9.9964E-05 0.0889365 0.0308341 0.815682 9.9964E-05 9.9964E-05 0.0381057
9.9955E-05 9.9955E-05 9.9955E-05 0.0354569 0.087751 0.00498899 0.844963 9.9955E-05 0.0263399 9.9955E-05
9.9946E-05 9.9946E-05 9.9946E-05 0.0939489 0.0401426 0.167038 0.698271 9.9946E-05 9.9946E-05 9.9946E-05
9.9955E-05 0.00775364 9.9955E-05 9.9955E-05 0.0725296 0.0519034 0.810821 9.9955E-05 0.0564931 9.9955E-05
9.9955E-05 9.9955E-05 9.9955E-05 9.9955E-05 0.101468 0.0287982 0.803865 9.9955E-05 0.0379598 0.0274093
9.9937E-05 0.000193499 9.9937E-05 9.9937E-05 0.222304 9.9937E-05 0.776803 9.9937E-05 9.9937E-05 9.9937E-05
0.0783661 0.00994522 0.0406211 9.9973E-05 9.9973E-05 0.0521782 0.573774 9.9973E-05 0.0238318 0.220984
0.0591287 9.9955E-05 0.236959 9.9955E-05 9.9955E-05 0.105757 0.492617 9.9955E-05 9.9955E-05 0.105038
0.00785485 0.115842 0.117764 9.9964E-05 9.9964E-05 9.9964E-05 0.511889 9.9964E-05 0.0101315 0.236119
9.9964E-05 0.0320389 0.0681997 9.9964E-05 9.9964E-05 0.161637 0.377554 9.9964E-05 0.00189176 0.358278
0.165446 0.0194581 0.0296808 0.0339572 9.9982E-05 9.9982E-05 0.00326413 0.487539 0.0459143 0.21454
0.264665 9.9973E-05 9.9973E-05 0.0818028 0.0436036 0.0461324 9.9973E-05 0.387841 0.0491472 0.126508
0.314441 9.9982E-05 0.0788599 0.010343 0.0138821 9.9982E-05 0.0307741 0.503735 0.0102731 0.0374916
0.184217 9.9973E-05 0.0412155 9.9973E-05 0.0500789 9.9973E-05 0.0365277 0.303524 0.0293806 0.354756
0.00930901 9.9955E-05 0.285762 0.0168693 9.9955E-05 9.9955E-05 9.9955E-05 0.113788 9.9955E-05 0.573772
0.184375 9.9982E-05 0.0116277 0.0418215 9.9982E-05 0.0806182 0.0238743 0.608576 0.0148985 0.0340094
0.252647 0.00327106 9.9973E-05 0.0398556 9.9973E-05 9.9973E-05 0.00370699 0.537685 0.0614935 0.101041
0.265047 0.0655171 0.000122148 0.0400602 9.9973E-05 0.016551 9.9973E-05 0.475379 9.9973E-05 0.137024
0.579879 0.035768 9.9964E-05 0.0457912 0.0057192 9.9964E-05 9.9964E-05 0.301603 0.0308393 9.9964E-05
0.115328 9.9964E-05 0.201126 9.9964E-05 0.19493 9.9964E-05 9.9964E-05 0.42833 0.0574628 0.00242254
0.358008 9.9955E-05 0.087338 9.9955E-05 9.9955E-05 9.9955E-05 9.9955E-05 0.390387 0.0789674 0.0847996
0.804723 0.0906853 0.00904601 9.9955E-05 9.9955E-05 9.9955E-05 9.9955E-05 9.9955E-05 0.0908314 0.00421451
0.0231336 9.9973E-05 0.142597 9.9973E-05 0.0990673 9.9973E-05 0.0796906 0.420284 0.0734621 0.161465
0.442068 0.187056 9.9964E-05 0.00681279 9.9964E-05 9.9964E-05 0.0370276 0.254425 0.0722109 9.9964E-05
0.442923 9.9946E-05 0.0196545 9.9946E-05 9.9946E-05 9.9946E-05 9.9946E-05 0.470555 0.066268 9.9946E-05
0.602406 9.9955E-05 0.0656796 9.9955E-05 9.9955E-05 9.9955E-05 0.0216437 0.0233564 9.9955E-05 0.286415
9.9955E-05 0.107811 0.75247 9.9955E-05 9.9955E-05 0.0611628 0.0211945 0.0568621 9.9955E-05 9.9955E-05
9.9964E-05 0.0728755 0.748922 0.00934263 9.9964E-05 0.094753 9.9964E-05 0.0713422 0.00236462 9.9964E-05
9.9946E-05 0.0425453 0.907542 9.9946E-05 9.9946E-05 0.0259123 9.9946E-05 9.9946E-05 0.0234008 9.9946E-05
0.00372974 0.0782097 0.829193 9.9955E-05 9.9955E-05 0.00398877 0.0843792 9.9955E-05 9.9955E-05 9.9955E-05
9.9955E-05 0.0464171 0.791522 0.00129681 9.9955E-05 9.9955E-05 9.9955E-05 0.0879108 9.9955E-05 0.0723536
9.9955E-05 0.00824003 0.833418 0.0740925 9.9955E-05 0.0488185 9.9955E-05 0.0349313 9.9955E-05 9.9955E-05
0.00050599 9.9955E-05 9.9955E-05 0.0216657 0.0318535 9.9955E-05 0.857305 0.0881702 9.9955E-05 9.9955E-05
9.9973E-05 9.9973E-05 0.0484923 0.0510582 0.00556385 0.107626 0.673695 0.0661432 9.9973E-05 0.0471211
9.9946E-05 9.9946E-05 9.9946E-05 0.116702 0.0517728 9.9946E-05 0.710382 0.120543 9.9946E-05 9.9946E-05
9.99603E-05 9.99603E-05 0.0243302 0.164152 9.99603E-05 0.0666768 0.686132 9.99603E-05 9.99603E-05 0.0582094
9.9955E-05 9.9955E-05 0.0214938 0.0874566 9.9955E-05 0.114023 0.661713 0.114814 9.9955E-05 9.9955E-05
0.0380979 0.0231586 0.472536 9.9964E-05 9.9964E-05 0.0330848 0.35596 9.9964E-05 9.9964E-05 0.0767635
0.0833351 0.0542772 0.362231 9.9964E-05 9.9964E-05 0.0712666 0.377864 9.9964E-05 0.0506264 9.9964E-05
0.0365031 9.9964E-05 0.403812 9.9964E-05 0.0467282 0.0798436 0.320622 9.9964E-05 0.11209 9.9964E-05
9.9946E-05 9.9946E-05 9.9946E-05 0.0866075 9.9946E-05 9.9946E-05 0.797603 0.0855355 9.9946E-05 0.0296545
0.134686 9.9955E-05 0.498232 9.9955E-05 9.9955E-05 0.0241364 0.316665 9.9955E-05 0.02578 9.9955E-05
0.0383305 0.113944 9.9991E-05 0.178512 0.42355 0.00561495 0.0563588 0.134542 0.0300556 0.0189923
9.9982E-05 0.0352763 0.0385447 0.163483 0.0644452 0.118586 0.00956962 0.511872 0.0580235 9.9982E-05
9.9946E-05 9.9946E-05 9.9946E-05 0.176949 0.283004 9.9946E-05 0.131315 0.408132 9.9946E-05 9.9946E-05
0.0889294 0.11604 0.0208084 0.152105 0.133587 0.000123461 0.225879 0.239052 9.9991E-05 0.0233753
0.106396 0.0133301 0.0505613 0.13614 0.0578616 9.9982E-05 0.118463 0.417705 0.0993433 9.9982E-05
9.9955E-05 0.209285 9.9955E-05 0.0812735 0.406811 0.0173412 0.284789 9.9955E-05 9.9955E-05 9.9955E-05
0.0864522 0.0136546 0.0746036 0.0288501 0.0236295 0.0217304 9.9991E-05 0.358139 0.0681357 0.324705
0.0679107 0.147266 0.116849 9.9973E-05 0.0936302 9.9973E-05 9.9973E-05 0.25948 0.142351 0.172213
9.9955E-05 9.9955E-05 0.141127 9.9955E-05 9.9955E-05 9.9955E-05 0.0957481 0.168301 0.0240451 0.570279
0.00696079 9.9964E-05 0.00841189 9.9964E-05 0.0483088 9.9964E-05 9.9964E-05 0.424954 0.264576 0.246389
0.0872796 0.300178 0.00166154 9.9955E-05 9.9955E-05 9.9955E-05 9.9955E-05 9.9955E-05 0.377492 0.232889
0.124426 0.0853789 0.0267484 9.9991E-05 0.0988525 0.0454021 0.0944629 0.454375 0.0250019 0.045252
9.9982E-05 0.022403 0.0595513 9.9982E-05 0.0404974 0.0287257 0.0240313 0.476627 0.203652 0.144312
0.107384 9.9955E-05 9.9955E-05 9.9955E-05 9.9955E-05 9.9955E-05 0.0520826 0.272013 0.00582844 0.562193
0.107495 0.0135368 9.9982E-05 0.064014 0.0227758 9.9982E-05 0.0685939 0.464486 0.062627 0.196271
0.0529164 0.248818 9.9955E-05 9.9955E-05 9.9955E-05 9.9955E-05 9.9955E-05 0.0851681 0.0758695 0.536729
0.0279845 0.0871442 0.0314752 0.0695246 9.9973E-05 9.9973E-05 9.9973E-05 0.480403 0.108627 0.194542
0.169579 0.000654639 0.110002 0.0563849 0.092585 0.0141625 9.9991E-05 0.290608 0.0827425 0.183181
0.0993481 0.0420979 0.072451 0.0157827 0.301968 0.0881128 9.9982E-05 0.343642 9.9982E-05 0.0363974
9.9964E-05 0.0521367 0.0236187 0.00684999 9.9964E-05 9.9964E-05 9.9964E-05 0.271748 0.195972 0.449274
0.10723 9.9982E-05 0.153277 0.0423813 0.0265422 0.029864 9.9982E-05 0.305909 0.097564 0.237033
0.0725988 0.0804188 9.9982E-05 0.0843639 0.0332712 0.00224848 9.9982E-05 0.343888 0.133487 0.249524
0.117118 0.0192809 0.0595568 9.9982E-05 0.0623116 0.0337722 9.9982E-05 0.500535 0.100639 0.106587
0.020716 0.0282763 0.207079 9.9964E-05 0.157475 9.9964E-05 9.9964E-05 0.524959 0.0610945 9.9964E-05
0.206374 0.0131766 0.0174138 0.0202956 0.127581 9.9982E-05 0.0294966 0.498632 9.9982E-05 0.0868303
0.0688745 0.0359293 0.152011 0.0445066 0.220207 9.9982E-05 0.00120018 0.418606 9.9982E-05 0.0584655
9.9937E-05 9.9937E-05 9.9937E-05 0.105681 9.9937E-05 9.9937E-05 0.754706 0.138914 9.9937E-05 9.9937E-05
9.9946E-05 9.9946E-05 9.9946E-05 0.0566426 9.9946E-05 9.9946E-05 0.818346 0.0954113 0.0290002 9.9946E-05
0.0440647 0.00325847 0.0179861 0.0232651 9.9991E-05 0.0316424 0.724469 0.0606916 0.0344132 0.0601096
0.0149547 9.9973E-05 0.053258 0.0159066 0.0590328 9.9973E-05 0.790355 0.0159785 0.0502144 9.9973E-05
9.9937E-05 9.9937E-05 9.9937E-05 0.0119983 9.9937E-05 9.9937E-05 0.846137 0.141166 9.9937E-05 9.9937E-05
9.9955E-05 0.0406208 0.138971 9.9955E-05 9.9955E-05 9.9955E-05 0.0215305 0.10793 9.9955E-05 0.690448
9.9964E-05 0.0500074 9.9964E-05 0.0193086 9.9964E-05 9.9964E-05 0.0860203 0.505336 0.133766 0.205161
9.9991E-05 0.0480151 0.00615594 0.0042838 0.142338 0.0870206 0.176933 0.517441 0.00216274 0.0155501
9.9973E-05 0.0195608 0.0287611 0.0892654 0.0412016 9.9973E-05 9.9973E-05 0.500464 0.0457188 0.274729
0.15095 9.9973E-05 0.0942278 9.9973E-05 0.120922 9.9973E-05 0.0239267 0.40058 0.0105565 0.198536
9.9964E-05 0.173198 0.162367 0.0400041 9.9964E-05 9.9964E-05 9.9964E-05 0.295407 0.0598296 0.268794
0.000401593 0.121196 0.162471 9.9955E-05 9.9955E-05 9.9955E-05 0.130395 9.9955E-05 9.9955E-05 0.585036
0.0786336 9.9973E-05 0.257174 0.0435767 9.9973E-05 9.9973E-05 0.0135473 0.423184 0.0446426 0.138942
0.0350658 0.0189911 0.199196 0.108253 9.9991E-05 0.0129521 0.0757782 0.0192219 0.159493 0.370948
0.0626554 0.142853 0.0654501 9.9973E-05 0.0642054 9.9973E-05 9.9973E-05 0.402577 0.117566 0.144393
9.9964E-05 9.9964E-05 0.159788 0.0212615 9.9964E-05 9.9964E-05 0.138603 0.0108903 0.072898 0.596159
9.9955E-05 9.9955E-05 0.0450266 0.114265 9.9955E-05 9.9955E-05 0.121242 0.564672 9.9955E-05 0.154294
9.9973E-05 0.0119268 0.066511 9.9973E-05 9.9973E-05 0.0696859 0.0379006 0.101072 0.0544942 0.65811
0.19127 0.0988492 0.0635407 9.9973E-05 0.0735217 9.9973E-05 0.0799061 0.24821 9.9973E-05 0.244403
0.154803 0.152612 0.097206 0.046376 9.9982E-05 0.02294 9.9982E-05 0.474369 0.0418207 0.00967318
9.9964E-05 0.403742 0.0406544 9.9964E-05 9.9964E-05 9.9964E-05 0.00741578 0.312988 0.131709 0.103091
9.9955E-05 0.171754 9.9955E-05 0.0440055 9.9955E-05 0.0419361 9.9955E-05 0.675989 9.9955E-05 0.065816
0.0599617 0.0861037 9.9964E-05 0.024703 9.9964E-05 0.0870961 0.0920556 0.64968 9.9964E-05 9.9964E-05
0.0413232 0.409172 0.0732528 9.9964E-05 9.9964E-05 9.9964E-05 9.9964E-05 0.404915 0.0634538 0.00748333
0.0370856 0.153471 0.0208264 0.100532 0.0202082 0.047766 0.00213753 0.453449 0.118756 0.0457688
0.0598088 0.225687 0.0651333 9.9973E-05 0.0104563 9.9973E-05 0.00792725 0.51905 0.111638 9.9973E-05
0.153863 0.520065 0.108862 9.9955E-05 9.9955E-05 9.9955E-05 9.9955E-05 0.155166 0.0615434 9.9955E-05
0.0553894 0.58345 0.0131447 9.9955E-05 9.9955E-05 9.9955E-05 9.9955E-05 0.332304 0.0152123 9.9955E-05
0.0278228 0.231024 0.0882437 9.9973E-05 0.0362994 9.9973E-05 0.0385648 0.561246 0.0164998 9.9973E-05
0.18891 0.444094 0.130045 9.9973E-05 9.9973E-05 0.0334252 9.9973E-05 0.177521 0.0136542 0.0120505
0.0721833 0.231018 0.00904722 9.9955E-05 9.9955E-05 9.9955E-05 9.9955E-05 0.460807 9.9955E-05 0.226445
0.18776 0.00795285 0.166275 9.9973E-05 0.146618 0.000674245 0.00105248 9.9973E-05 9.9973E-05 0.489368
0.104757 9.9964E-05 0.131376 0.0204026 9.9964E-05 9.9964E-05 9.9964E-05 0.0882805 0.324593 0.330191
9.9964E-05 9.9964E-05 0.1035 0.0398133 9.9964E-05 9.9964E-05 0.0896904 0.280779 0.0468999 0.438917
9.9964E-05 9.9964E-05 0.112568 9.9964E-05 0.192127 0.00355878 9.9964E-05 0.547741 0.0317411 0.111864
0.0805769 0.0250552 0.172182 9.9955E-05 9.9955E-05 9.9955E-05 9.9955E-05 0.18189 9.9955E-05 0.539796
9.9982E-05 0.0367016 9.9982E-05 0.0748905 0.0594295 0.0139075 0.0219901 0.42798 0.131475 0.233427
0.119378 0.0297095 0.134292 0.122548 0.118938 9.9973E-05 9.9973E-05 0.354544 9.9973E-05 0.120291
0.0514493 0.013265 0.0376182 0.0250953 0.0750532 9.9991E-05 0.0216653 0.432489 0.0270253 0.31624
9.9973E-05 9.9973E-05 0.0762518 0.0479884 0.11515 0.0670233 9.9973E-05 0.383668 0.0307494 0.278868
0.12873 9.9991E-05 0.0481583 0.042411 0.00557668 0.0585833 0.0201216 0.305617 0.0187331 0.371969
0.097982 9.9955E-05 0.111105 0.0989459 9.9955E-05 9.9955E-05 9.9955E-05 0.132788 9.9955E-05 0.558679
0.0290156 9.9982E-05 0.175592 0.0748854 0.026552 0.0018225 9.9982E-05 0.249243 0.0390969 0.403593
9.9982E-05 0.0069343 0.0904161 0.0258827 0.0444807 9.9982E-05 0.00109863 0.548506 0.0494843 0.232997
0.00875815 0.0512425 0.0489576 0.0276287 9.9991E-05 0.01017 0.077215 0.493573 0.107089 0.175267
0.102944 0.0741993 0.232857 9.9964E-05 0.105386 9.9964E-05 9.9964E-05 0.391468 0.0927463 9.9964E-05
0.0140107 0.0277958 0.0642149 0.101926 9.9973E-05 9.9973E-05 9.9973E-05 0.436023 0.160729 0.195
0.0159696 0.00301857 0.175633 0.0958262 9.9982E-05 9.9982E-05 0.038375 0.264951 0.0685152 0.337512
0.0573799 0.0135897 0.0569116 9.9973E-05 0.0579227 9.9973E-05 9.9973E-05 0.494038 0.0458473 0.274011
0.117234 9.9991E-05 0.0417063 0.0611536 0.0155583 0.0117353 0.046418 0.377328 0.038639 0.290128
0.0263671 9.9991E-05 0.0532331 0.151803 0.0403965 0.0259623 0.00317631 0.430043 0.105612 0.163307
0.0372473 9.9973E-05 9.9973E-05 0.0821663 0.145307 0.125606 0.196041 0.310859 9.9973E-05 0.102474
0.0694915 0.0175194 0.0331556 0.151602 0.321698 9.9982E-05 0.0483432 0.320978 0.0370119 9.9982E-05
0.0569162 0.105471 9.9982E-05 0.0481706 0.265362 0.0113189 0.0392147 0.347172 9.9982E-05 0.126174
0.0746856 9.9973E-05 0.0499748 9.9973E-05 0.197275 0.00439698 0.0284079 0.539454 0.105507 9.9973E-05
9.99686E-05 9.99686E-05 9.99686E-05 0.0663185 0.306015 9.99686E-05 0.156951 0.392006 0.041627 0.0366823
0.0101639 0.113067 9.9964E-05 0.116406 9.9964E-05 9.9964E-05 9.9964E-05 0.34896 0.0820726 0.32893
0.0335241 9.9991E-05 0.0120361 0.109662 0.152657 0.0390976 0.121881 0.434416 0.0510885 0.0455378
0.0506764 0.442455 9.9964E-05 0.0248807 0.239827 9.9964E-05 0.120005 9.9964E-05 9.9964E-05 0.121757
9.9964E-05 0.0585022 9.9964E-05 0.117228 0.175594 9.9964E-05 0.0132461 0.395446 9.9964E-05 0.239584
0.00986665 9.9982E-05 0.0120811 0.0237655 0.227716 9.9982E-05 0.0828342 0.478255 0.0644149 0.100867
9.9973E-05 9.9973E-05 0.00225396 0.139036 0.216159 9.9973E-05 0.0702785 0.334152 0.0528284 0.184992
0.143686 0.0887867 9.9982E-05 0.015782 0.315377 0.116236 0.0153287 0.144194 9.9982E-05 0.16041
0.0878614 0.0530215 9.9964E-05 9.9964E-05 0.373763 0.055538 0.023278 0.406138 9.9964E-05 9.9964E-05
9.9964E-05 0.133582 9.9964E-05 0.126764 0.116579 9.9964E-05 0.105002 0.434789 0.0828832 9.9964E-05
9.9937E-05 0.322148 9.9937E-05 9.9937E-05 0.327422 9.9937E-05 0.349731 9.9937E-05 9.9937E-05 9.9937E-05
0.0387898 0.046925 0.0283278 0.094163 0.118902 0.0664652 0.0932836 0.419173 9.9991E-05 0.0938712
9.9991E-05 0.0180737 0.0275461 0.121321 0.350108 0.0124733 0.097961 0.268483 0.0959375 0.00799619
9.9982E-05 0.011296 0.00879966 0.105759 0.0940058 9.9982E-05 0.147927 0.477461 0.125783 0.0287694
9.9964E-05 0.0872531 9.9964E-05 0.0871118 0.222525 9.9964E-05 0.114468 0.436058 9.9964E-05 0.0521845
0.0620353 9.9973E-05 0.0276039 0.156496 9.9973E-05 9.9973E-05 0.187696 0.456437 0.0348057 0.0746265
0.0753173 9.9973E-05 0.0536637 0.0252079 9.9973E-05 0.0571261 0.0299737 0.428595 0.329817 9.9973E-05
0.0194707 9.9982E-05 0.0194345 9.9982E-05 0.232074 0.0366651 0.0420172 0.357949 0.221579 0.0706106
0.035758 0.0550636 9.9946E-05 9.9946E-05 9.9946E-05 9.9946E-05 9.9946E-05 9.9946E-05 0.784217 0.124361
9.99459E-05 0.0303492 0.0846562 9.99459E-05 9.99459E-05 0.0163495 9.99459E-05 9.99459E-05 0.868045 9.99459E-05
9.9955E-05 9.9955E-05 9.9955E-05 0.0675445 0.100774 9.9955E-05 9.9955E-05 0.388136 0.310278 0.132768
9.9982E-05 0.0300825 0.0226271 0.138786 0.394279 9.9982E-05 0.0463434 0.176517 0.172965 0.0181998
0.000628504 9.9964E-05 9.9964E-05 0.0910025 0.487405 0.0186059 9.9964E-05 0.198223 0.203735 9.9964E-05
0.0557349 0.0899921 9.9982E-05 9.9982E-05 0.558106 0.0835184 0.0506446 0.0269073 0.131644 0.00325264
9.9964E-05 9.9964E-05 9.9964E-05 0.0291498 0.543027 9.9964E-05 0.0877129 0.172352 0.130818 0.0365412
9.9955E-05 0.116435 9.9955E-05 9.9955E-05 0.0987304 0.0998189 9.9955E-05 0.0279343 0.656582 9.9955E-05
9.9946E-05 0.025439 9.9946E-05 9.9946E-05 0.289642 9.9946E-05 0.0531835 9.9946E-05 0.631136 9.9946E-05
9.9955E-05 9.9955E-05 9.9955E-05 0.128879 0.0635233 0.0459927 9.9955E-05 0.346145 0.41496 9.9955E-05
9.9955E-05 9.9955E-05 9.9955E-05 0.0817779 0.0552694 0.112425 9.9955E-05 0.275034 0.474994 9.9955E-05
9.9946E-05 9.9946E-05 9.9946E-05 9.9946E-05 0.179188 9.9946E-05 0.0817272 0.0731543 0.665331 9.9946E-05
0.0291855 9.9973E-05 0.00897626 0.0166627 0.274333 9.9973E-05 9.9973E-05 0.387546 0.233998 0.0489986
9.9955E-05 9.9955E-05 9.9955E-05 0.037339 0.0749105 0.0774559 9.9955E-05 0.500111 0.309684 9.9955E-05
0.136162 9.9982E-05 0.0142826 0.136864 0.045241 9.9982E-05 0.0405016 0.360785 0.214883 0.0510803
0.00228343 9.9964E-05 0.0378241 9.9964E-05 9.9964E-05 9.9964E-05 0.0351973 0.307049 0.551725 0.0655212
0.0900595 9.9982E-05 0.001936 0.057498 9.9982E-05 0.0556642 0.010569 0.282255 0.485478 0.0163399
9.9973E-05 0.0408778 0.0449488 0.0370077 9.9973E-05 9.9973E-05 0.110867 0.56078 0.204539 0.000679911
0.0726339 9.9982E-05 0.139013 0.102204 0.000837593 0.0343327 0.0127889 0.253675 0.384315 9.9982E-05
9.9973E-05 0.143778 9.9973E-05 9.9973E-05 0.122832 0.0687928 0.00648669 0.391244 0.0491044 0.217462
9.9946E-05 0.09997 9.9946E-05 9.9946E-05 9.9946E-05 9.9946E-05 0.00312901 0.433913 0.462388 9.9946E-05
9.9955E-05 9.9955E-05 0.0249433 9.9955E-05 9.9955E-05 0.00244168 9.9955E-05 0.18014 0.772714 0.019262
0.0368764 0.0568888 9.9964E-05 9.9964E-05 0.0950346 0.00753967 9.9964E-05 0.490117 0.313144 9.9964E-05
9.9955E-05 9.9955E-05 0.00313702 0.00977521 9.9955E-05 9.9955E-05 9.9955E-05 0.120374 0.752926 0.113288
9.9937E-05 9.9937E-05 0.0503987 9.9937E-05 9.9937E-05 9.9937E-05 9.9937E-05 0.363914 0.584988 9.9937E-05
0.0666909 0.0433447 9.9964E-05 0.0374067 9.9964E-05 0.0969947 9.9964E-05 0.512371 0.242792 9.9964E-05
0.0134511 0.0582592 0.0269843 0.069885 9.9982E-05 9.9982E-05 0.0246996 0.415829 0.388521 0.00217082
0.136421 0.0967463 9.9982E-05 0.0848584 0.141199 0.00047757 0.117852 0.396634 9.9982E-05 0.0256117
0.0545263 9.9973E-05 0.025803 0.129927 9.9973E-05 0.00498948 0.203394 0.391137 0.189923 9.9973E-05
0.0149923 0.0522666 0.0690718 0.237657 0.108578 0.00167819 0.100469 0.298962 0.116224 9.9991E-05
9.9991E-05 0.0291556 0.0490213 0.144535 0.111734 0.148336 0.0528913 0.315074 0.0727527 0.0764003
0.00886718 9.9991E-05 0.121964 0.124322 0.194191 0.0714623 0.0101247 0.344398 0.0327839 0.0917869
0.0358038 0.0536084 0.0380075 0.0552153 0.116136 0.00010251 0.0649752 0.482824 0.153227 9.9991E-05
9.9964E-05 0.0915565 9.9964E-05 0.0659795 0.0919055 0.0954226 0.0955956 9.9964E-05 0.55914 9.9964E-05
9.9964E-05 9.9964E-05 9.9964E-05 0.148607 0.0201937 0.032188 0.0981777 0.61306 0.0873732 9.9964E-05
9.9964E-05 0.202364 9.9964E-05 0.0372604 0.0945194 0.145362 0.206978 9.9964E-05 0.313117 9.9964E-05
0.000738696 9.9964E-05 9.9964E-05 0.0350451 0.326008 0.00192893 9.9964E-05 0.354373 0.281507 9.9964E-05
0.203754 0.0396766 9.9946E-05 9.9946E-05 9.9946E-05 9.9946E-05 9.9946E-05 0.0290397 0.72693 9.9946E-05
0.0822767 0.0533626 9.9937E-05 9.9937E-05 9.9937E-05 9.9937E-05 9.9937E-05 9.9937E-05 0.863661 9.9937E-05
