9.9964E-05 0.245532 0.149563 9.9964E-05 0.257196 9.9964E-05 9.9964E-05 0.34731
9.9973E-05 0.552298 9.9973E-05 0.0471882 0.233625 0.0723322 9.9973E-05 0.0942572
9.9973E-05 9.9973E-05 0.157269 0.198453 0.538578 0.0869229 0.0184772 9.9973E-05
0.0657192 0.639948 0.123696 9.9964E-05 0.170236 9.9964E-05 9.9964E-05 9.9964E-05
0.0927418 0.012074 9.9982E-05 9.9982E-05 0.678267 0.000436969 0.0476565 0.168623
0.00526853 0.441268 9.9991E-05 0.0471356 0.25945 0.0284645 0.0381214 0.180191
0.0541332 9.9973E-05 9.9973E-05 0.0943688 0.811903 0.0029485 9.9973E-05 0.0363464
9.9955E-05 9.9955E-05 9.9955E-05 0.0624637 0.918691 9.9955E-05 9.9955E-05 0.0183451
9.9973E-05 0.327503 0.405465 0.0117678 0.245154 0.00981017 9.9973E-05 9.9973E-05
0.0493729 0.60372 9.9973E-05 0.072893 0.208381 9.9973E-05 0.0653333 9.9973E-05
0.0598083 0.00758603 0.0619939 9.9982E-05 0.47785 9.9982E-05 0.00592725 0.386635
0.0352527 9.9973E-05 9.9973E-05 0.226141 0.59497 0.0503257 9.9973E-05 0.0930102
0.0344214 0.638559 0.135494 9.9991E-05 0.0784956 0.00823794 0.0629717 0.0417197
9.9955E-05 0.249069 0.0526123 9.9955E-05 0.697819 9.9955E-05 9.9955E-05 9.9955E-05
9.9955E-05 0.422401 9.9955E-05 9.9955E-05 0.507075 9.9955E-05 0.0700242 9.9955E-05
0.146864 0.495216 9.9982E-05 0.000427452 0.289469 9.9982E-05 0.000928373 0.0668952
0.126937 0.139443 0.042012 0.57191 0.0491898 9.9991E-05 0.0052608 0.0651472
9.994E-05 9.994E-05 9.994E-05 0.9993 9.994E-05 9.994E-05 9.994E-05 9.994E-05
9.994E-05 9.994E-05 9.994E-05 0.9993 9.994E-05 9.994E-05 9.994E-05 9.994E-05
0.146989 0.10386 9.9973E-05 0.508689 9.9973E-05 9.9973E-05 0.116337 0.123825
0.0418519 0.443646 0.317119 9.9964E-05 0.196983 9.9964E-05 9.9964E-05 9.9964E-05
0.0030553 0.787894 0.0529198 0.126767 0.0131787 9.9982E-05 0.0159845 9.9982E-05
0.716252 0.252126 9.9955E-05 9.9955E-05 9.9955E-05 9.9955E-05 9.9955E-05 0.0311215
0.543103 0.296913 9.9973E-05 9.9973E-05 0.141316 0.00900073 9.9973E-05 0.00936674
0.478047 0.236339 0.0404723 9.9982E-05 9.9982E-05 0.0991109 0.113717 0.0321147
0.00260909 0.0832027 0.785661 9.9973E-05 0.0506717 0.0775556 9.9973E-05 9.9973E-05
9.9973E-05 0.627715 9.9973E-05 0.0561516 0.226228 9.9973E-05 0.0837815 0.00582338
9.9955E-05 9.9955E-05 0.929001 0.0651939 9.9955E-05 0.00530571 9.9955E-05 9.9955E-05
9.9973E-05 0.575917 0.153448 0.0273993 0.21337 9.9973E-05 9.9973E-05 0.0295662
0.026819 0.376546 0.206103 9.9982E-05 0.287239 0.0284269 9.9982E-05 0.074666
0.017664 0.267271 0.595861 9.9964E-05 9.9964E-05 9.9964E-05 9.9964E-05 0.118804
9.9946E-05 9.9946E-05 0.98632 9.9946E-05 9.9946E-05 0.0130804 9.9946E-05 9.9946E-05
0.133948 0.542598 0.291017 9.9964E-05 9.9964E-05 9.9964E-05 0.032037 9.9964E-05
0.0774881 0.343685 0.356954 9.9982E-05 0.0100256 0.0581687 9.9982E-05 0.153479
0.850795 9.9964E-05 0.0829687 9.9964E-05 9.9964E-05 0.00201912 9.9964E-05 0.0638169
0.987959 9.9946E-05 9.9946E-05 9.9946E-05 9.9946E-05 0.0114411 9.9946E-05 9.9946E-05
0.558907 0.207445 9.9973E-05 0.0122798 0.0456278 9.9973E-05 9.9973E-05 0.17544
0.611103 0.285367 9.9955E-05 9.9955E-05 9.9955E-05 9.9955E-05 9.9955E-05 0.10303
0.760797 9.9973E-05 0.00571338 9.9973E-05 0.0348673 0.0547351 9.9973E-05 0.143587
0.959134 9.9946E-05 9.9946E-05 0.0402665 9.9946E-05 9.9946E-05 9.9946E-05 9.9946E-05
0.950659 9.9964E-05 9.9964E-05 0.00603322 9.9964E-05 0.018677 0.0242312 9.9964E-05
0.736172 0.166801 9.9955E-05 9.9955E-05 9.9955E-05 9.9955E-05 9.9955E-05 0.0965268
0.9993 9.994E-05 9.994E-05 9.994E-05 9.994E-05 9.994E-05 9.994E-05 9.994E-05
0.995246 9.9946E-05 9.9946E-05 0.0041544 9.9946E-05 9.9946E-05 9.9946E-05 9.9946E-05
0.988735 9.9955E-05 9.9955E-05 0.00652955 9.9955E-05 9.9955E-05 0.00423587 9.9955E-05
0.762613 0.158652 0.0091676 9.9973E-05 0.020891 9.9973E-05 9.9973E-05 0.0483764
0.815915 0.0588572 0.00711805 9.9973E-05 9.9973E-05 9.9973E-05 0.0987283 0.0190814
0.993984 9.9955E-05 9.9955E-05 9.9955E-05 0.00400872 9.9955E-05 0.00150799 9.9955E-05
0.352047 0.356661 0.0348824 0.0531768 0.0196266 9.9991E-05 0.0141649 0.169342
0.752679 0.0654576 0.0216475 9.9973E-05 0.0936293 9.9973E-05 0.066287 9.9973E-05
0.72363 9.9964E-05 9.9964E-05 0.0161826 0.0774156 9.9964E-05 9.9964E-05 0.182372
0.900688 9.9973E-05 0.0274217 9.9973E-05 0.00247894 0.0313722 9.9973E-05 0.037739
0.842086 9.9955E-05 9.9955E-05 0.0188688 9.9955E-05 9.9955E-05 9.9955E-05 0.138546
0.851426 9.9955E-05 9.9955E-05 9.9955E-05 9.9955E-05 9.9955E-05 0.0155637 0.13251
0.93086 9.9964E-05 0.0125953 0.0205166 9.9964E-05 9.9964E-05 9.9964E-05 0.035628
0.578021 0.120545 9.9982E-05 9.9982E-05 0.0418916 0.0142164 0.0547036 0.190423
0.902101 9.9964E-05 9.9964E-05 9.9964E-05 0.046099 0.03448 0.0169205 9.9964E-05
9.9955E-05 9.9955E-05 0.185439 0.628053 0.186008 9.9955E-05 9.9955E-05 9.9955E-05
0.0191553 0.294203 9.9982E-05 0.286701 0.311422 9.9982E-05 0.0109148 0.0774049
9.9973E-05 0.548102 0.0648064 0.320007 0.0562061 9.9973E-05 0.0105785 9.9973E-05
9.9982E-05 0.0515899 0.021833 0.417643 0.396779 9.9982E-05 0.0237202 0.0882352
0.0333199 0.495379 9.9982E-05 0.127128 0.145579 0.00455608 9.9982E-05 0.193838
0.0629916 0.0646822 0.0871671 0.351941 0.38699 9.9991E-05 0.0330081 0.0131203
0.0118738 0.684269 0.0205041 0.24465 9.9982E-05 0.00384337 0.0346602 9.9982E-05
0.0976391 0.205718 0.266493 0.322269 0.0473303 9.9982E-05 9.9982E-05 0.0603503
0.117006 0.239045 0.299753 0.0558387 0.0593071 9.9991E-05 0.0851395 0.143811
0.156515 0.235699 0.231433 0.187835 0.0927054 9.9991E-05 0.0465632 0.0491492
0.158865 0.359397 0.244315 0.0225752 0.087221 0.0118265 0.0585703 0.0572298
0.132315 0.374195 0.0709034 0.0459972 0.357928 9.9982E-05 0.0184617 9.9982E-05
0.0587804 9.9955E-05 0.93595 0.00477022 9.9955E-05 9.9955E-05 9.9955E-05 9.9955E-05
0.0796447 0.405274 0.0720426 0.0973137 0.345425 9.9973E-05 9.9973E-05 9.9973E-05
9.9973E-05 0.434224 0.280301 0.179556 9.9973E-05 9.9973E-05 0.0125049 0.0931136
0.0105048 0.0960316 0.0494701 9.9964E-05 0.843594 9.9964E-05 9.9964E-05 9.9964E-05
0.137533 0.536473 0.123432 9.9973E-05 0.129038 9.9973E-05 0.0732249 9.9973E-05
9.9982E-05 0.423265 0.42899 9.9982E-05 0.0417694 0.00159942 0.0247909 0.0793852
9.9955E-05 9.9955E-05 0.0321596 9.9955E-05 0.891624 0.0757169 9.9955E-05 9.9955E-05
9.9955E-05 9.9955E-05 0.836652 9.9955E-05 0.100803 9.9955E-05 0.0620453 9.9955E-05
9.9964E-05 0.289382 0.30846 9.9964E-05 0.37267 9.9964E-05 9.9964E-05 0.0290887
9.9964E-05 9.9964E-05 0.0419425 0.0100112 0.941977 0.00566968 9.9964E-05 9.9964E-05
9.9955E-05 0.40303 0.0183835 9.9955E-05 0.578086 9.9955E-05 9.9955E-05 9.9955E-05
0.0620728 0.50585 0.0393188 0.0160696 9.9982E-05 0.353023 9.9982E-05 0.023466
0.0464468 0.635357 9.9973E-05 9.9973E-05 0.191845 9.9973E-05 0.0398754 0.0861756
0.0170411 9.9955E-05 9.9955E-05 9.9955E-05 0.0534815 0.928978 9.9955E-05 9.9955E-05
9.9946E-05 9.9946E-05 9.9946E-05 9.9946E-05 0.0857697 0.913631 9.9946E-05 9.9946E-05
0.080693 0.449698 9.9973E-05 9.9973E-05 0.0865436 0.248138 9.9973E-05 0.134628
0.0842901 0.507937 9.9973E-05 0.110461 9.9973E-05 9.9973E-05 0.150171 0.146841
9.9964E-05 0.51531 9.9964E-05 0.168463 9.9964E-05 9.9964E-05 0.0741029 0.241724
0.000364753 0.47905 9.9991E-05 0.370545 0.00465803 0.0145022 0.0454256 0.0853534
9.9955E-05 0.559519 9.9955E-05 0.283762 9.9955E-05 9.9955E-05 9.9955E-05 0.156219
0.0554338 9.9973E-05 0.122247 0.0957506 9.9973E-05 0.586453 0.139816 9.9973E-05
9.9973E-05 0.392353 9.9973E-05 0.122696 9.9973E-05 0.396709 0.0773284 0.0106135
9.9973E-05 0.737983 0.000497314 9.9973E-05 9.9973E-05 0.189381 0.0495068 0.0223313
9.9955E-05 0.737807 9.9955E-05 0.0444737 9.9955E-05 0.217219 9.9955E-05 9.9955E-05
9.9964E-05 0.101715 9.9964E-05 9.9964E-05 9.9964E-05 0.664522 0.0251763 0.208187
0.00530317 0.686396 9.9973E-05 0.0441198 9.9973E-05 0.127452 9.9973E-05 0.136429
9.9982E-05 0.672233 0.127746 0.000133685 9.9982E-05 0.150114 0.00890337 0.040671
0.262106 0.304891 0.238558 0.0263911 9.9991E-05 0.124402 0.0247203 0.0188315
9.9964E-05 0.373327 0.0602734 0.0196171 9.9964E-05 0.546383 9.9964E-05 9.9964E-05
0.051649 0.313355 9.9964E-05 9.9964E-05 0.22361 0.410986 9.9964E-05 9.9964E-05
9.9982E-05 0.691564 0.00603093 0.044528 0.122389 0.0922078 0.0430802 9.9982E-05
0.049796 0.459852 0.0614157 0.0476124 9.9991E-05 0.34077 0.0137139 0.0267395
0.140021 0.45565 0.287733 0.0196615 9.9982E-05 0.0637299 9.9982E-05 0.0330045
9.9973E-05 0.547434 0.038242 9.9973E-05 0.176264 0.221136 0.016624 9.9973E-05
9.9955E-05 0.140391 0.244026 9.9955E-05 9.9955E-05 0.615083 9.9955E-05 9.9955E-05
9.9964E-05 0.681318 0.0268363 0.0309229 9.9964E-05 0.260523 9.9964E-05 9.9964E-05
0.0627064 0.0919651 0.109096 9.9964E-05 9.9964E-05 0.735833 9.9964E-05 9.9964E-05
9.9955E-05 0.62853 0.0377547 9.9955E-05 9.9955E-05 0.333216 9.9955E-05 9.9955E-05
9.9964E-05 0.678744 9.9964E-05 9.9964E-05 0.103723 0.132148 0.0849852 9.9964E-05
0.0722869 0.685374 9.9973E-05 0.000830885 0.0400908 0.201117 9.9973E-05 9.9973E-05
0.232217 0.466549 0.208795 0.0233367 9.9973E-05 9.9973E-05 0.0688027 9.9973E-05
0.190537 0.375996 0.11342 0.0391022 0.130696 0.0472771 0.0719766 0.0309945
0.104263 0.498954 9.9982E-05 0.235958 0.039335 9.9982E-05 0.0544959 0.0667945
0.0340068 0.444003 0.113909 0.317902 9.9973E-05 9.9973E-05 9.9973E-05 0.0898796
0.157042 0.472565 0.153279 0.16885 9.9982E-05 9.9982E-05 0.00487527 0.0431882
0.0543503 0.455282 9.9982E-05 0.222825 9.9982E-05 0.0644675 0.0188289 0.184046
9.9955E-05 9.9955E-05 9.9955E-05 0.457387 9.9955E-05 0.502004 9.9955E-05 0.0401092
0.0708577 0.634845 0.100941 0.0415873 9.9982E-05 9.9982E-05 0.00262974 0.148939
9.9946E-05 9.9946E-05 9.9946E-05 0.722605 9.9946E-05 0.276795 9.9946E-05 9.9946E-05
9.9964E-05 0.59814 9.9964E-05 0.146658 9.9964E-05 0.139492 9.9964E-05 0.11531
9.9955E-05 0.13647 0.131849 9.9955E-05 9.9955E-05 0.731181 9.9955E-05 9.9955E-05
9.9946E-05 9.9946E-05 9.9946E-05 9.9946E-05 0.0241048 0.975296 9.9946E-05 9.9946E-05
9.9964E-05 0.598502 0.00616446 9.9964E-05 9.9964E-05 0.391054 0.00388058 9.9964E-05
0.0379261 0.726225 9.9955E-05 9.9955E-05 9.9955E-05 0.235349 9.9955E-05 9.9955E-05
9.9946E-05 0.481306 9.9946E-05 9.9946E-05 9.9946E-05 0.518094 9.9946E-05 9.9946E-05
9.9955E-05 0.64954 9.9955E-05 9.9955E-05 9.9955E-05 0.305537 0.0444228 9.9955E-05
9.9955E-05 0.600057 9.9955E-05 9.9955E-05 0.0276662 0.371777 9.9955E-05 9.9955E-05
0.0911264 0.0877778 0.0927946 9.9973E-05 9.9973E-05 0.0517351 9.9973E-05 0.676266
0.0786331 0.107309 0.0853749 0.0103278 9.9973E-05 9.9973E-05 9.9973E-05 0.718055
0.0408692 0.0325211 0.105617 9.9964E-05 9.9964E-05 9.9964E-05 9.9964E-05 0.820593
0.113172 0.00741768 0.0606893 0.0195231 9.9982E-05 0.0342254 9.9982E-05 0.764773
0.0763351 0.319942 0.0288955 0.0600143 0.0479981 9.9991E-05 0.0141565 0.452559
9.9946E-05 9.9946E-05 9.9946E-05 0.163828 9.9946E-05 9.9946E-05 9.9946E-05 0.835572
9.9946E-05 9.9946E-05 9.9946E-05 9.9946E-05 0.0215428 9.9946E-05 9.9946E-05 0.977858
0.0971398 0.170672 9.9973E-05 9.9973E-05 0.0436275 9.9973E-05 0.0195143 0.668746
0.149035 0.384884 9.9964E-05 0.0524272 9.9964E-05 9.9964E-05 9.9964E-05 0.413254
0.0956669 0.309382 9.9964E-05 0.00708458 9.9964E-05 9.9964E-05 9.9964E-05 0.587467
9.9982E-05 0.428813 0.0209853 9.9982E-05 0.00365469 0.0140602 0.0374688 0.494818
0.0923289 9.9973E-05 0.0407973 0.030728 9.9973E-05 0.0197404 9.9973E-05 0.816105
9.9964E-05 0.0878129 0.047875 9.9964E-05 0.0409813 9.9964E-05 9.9964E-05 0.822931
0.0779286 9.9964E-05 9.9964E-05 0.0423587 9.9964E-05 0.0149708 9.9964E-05 0.864342
0.222979 0.402318 9.9973E-05 9.9973E-05 9.9973E-05 0.00149447 0.0173957 0.355513
0.0558853 0.172887 9.9982E-05 0.0360922 0.0372811 9.9982E-05 0.0384289 0.659226
9.9955E-05 9.9955E-05 9.9955E-05 0.0390265 9.9955E-05 9.9955E-05 0.0107094 0.949764
0.111994 0.100712 0.0911445 9.9973E-05 9.9973E-05 0.104582 9.9973E-05 0.591268
9.9973E-05 9.9973E-05 0.162333 9.9973E-05 0.000791621 0.0629318 0.0315046 0.742139
0.129944 0.116693 0.173559 9.9991E-05 0.0544031 0.0238296 0.0799891 0.421482
0.109936 0.364962 0.0421482 0.212239 0.0637288 9.9991E-05 0.0209725 0.185914
0.107501 0.0832944 0.0193827 0.0248389 0.0908485 0.100304 9.9991E-05 0.573731
0.171806 0.195419 9.9973E-05 0.0167809 9.9973E-05 0.00209049 9.9973E-05 0.613603
9.9955E-05 9.9955E-05 9.9955E-05 0.091096 9.9955E-05 9.9955E-05 0.019457 0.888947
9.9973E-05 0.194756 0.0133703 9.9973E-05 0.163484 9.9973E-05 0.247319 0.380772
0.0355985 0.446125 0.18357 0.0649812 9.9982E-05 9.9982E-05 0.181295 0.0882298
0.036557 9.9955E-05 9.9955E-05 0.245263 9.9955E-05 9.9955E-05 0.71768 9.9955E-05
9.994E-05 9.994E-05 9.994E-05 9.994E-05 9.994E-05 9.994E-05 0.9993 9.994E-05
0.0771964 0.0574196 9.9973E-05 9.9973E-05 0.384483 9.9973E-05 0.360125 0.120476
0.14392 9.9964E-05 0.0421222 0.00425051 9.9964E-05 9.9964E-05 0.809308 9.9964E-05
0.0129962 9.9964E-05 9.9964E-05 0.4735 9.9964E-05 9.9964E-05 0.46216 0.0509433
0.0409336 0.446685 0.0361368 9.9982E-05 0.0596508 9.9982E-05 0.407521 0.00887243
0.0743607 0.393664 9.9982E-05 0.0525807 0.1244 9.9982E-05 0.338733 0.0160605
9.9964E-05 9.9964E-05 0.160017 9.9964E-05 0.121691 9.9964E-05 0.386345 0.331547
9.9955E-05 0.00396408 9.9955E-05 9.9955E-05 0.0724685 9.9955E-05 0.923068 9.9955E-05
0.00135411 0.501063 0.0535198 9.9973E-05 9.9973E-05 9.9973E-05 0.341541 0.102223
0.0499628 0.146209 9.9973E-05 9.9973E-05 0.0953327 0.0439732 0.664222 9.9973E-05
9.994E-05 9.994E-05 9.994E-05 9.994E-05 9.994E-05 9.994E-05 0.9993 9.994E-05
0.126433 0.435688 0.100366 0.0101013 0.119867 9.9991E-05 0.0590406 0.148405
0.00634322 0.455816 9.9973E-05 9.9973E-05 0.0161725 9.9973E-05 0.367403 0.153965
