0.547672 0.117344 0.082375 9.9982E-05 0.129314 9.9982E-05 0.0541694 0.0689254
0.667963 9.9964E-05 0.111478 9.9964E-05 0.0198087 9.9964E-05 0.20035 9.9964E-05
9.9973E-05 0.0202746 0.640495 0.0290997 9.9973E-05 9.9973E-05 0.274962 0.034869
0.559662 9.9964E-05 0.205717 9.9964E-05 0.163944 9.9964E-05 0.0702773 9.9964E-05
0.136082 0.023786 0.464833 0.126287 0.0639186 0.0903069 9.9991E-05 0.0946866
0.365891 9.9982E-05 0.19837 0.157347 0.014589 0.213821 9.9982E-05 0.0497824
0.179771 0.0184942 0.485605 0.158445 9.9973E-05 9.9973E-05 0.157386 9.9973E-05
0.0100934 9.9973E-05 0.73006 9.9973E-05 9.9973E-05 0.0188323 0.123995 0.116719
0.342617 0.128 0.435318 0.058301 0.00831358 0.0182609 0.00908931 9.9991E-05
0.592625 9.9973E-05 0.0993714 0.12981 0.124194 9.9973E-05 9.9973E-05 0.0536995
0.328463 9.9982E-05 0.229556 0.0194074 0.232508 9.9982E-05 0.0575243 0.132341
0.0255846 0.235495 0.281688 9.9982E-05 0.0388933 0.0491937 0.368946 9.9982E-05
0.68341 9.9973E-05 0.0499124 9.9973E-05 0.100968 9.9973E-05 0.0137321 0.151677
0.460038 0.00835324 0.46084 0.0703689 9.9964E-05 9.9964E-05 9.9964E-05 9.9964E-05
0.540344 0.0071167 0.373819 0.0255582 9.9973E-05 9.9973E-05 9.9973E-05 0.0528623
0.314616 0.00523107 0.26652 9.9982E-05 0.149091 0.18531 9.9982E-05 0.0790313
0.295436 9.9955E-05 9.9955E-05 9.9955E-05 0.0933848 9.9955E-05 0.610679 9.9955E-05
9.994E-05 9.994E-05 9.994E-05 9.994E-05 9.994E-05 9.994E-05 0.9993 9.994E-05
9.994E-05 9.994E-05 9.994E-05 9.994E-05 9.994E-05 9.994E-05 0.9993 9.994E-05
0.132017 9.9973E-05 9.9973E-05 0.10427 0.105142 0.0968901 0.561381 9.9973E-05
0.470146 9.9955E-05 0.467992 9.9955E-05 0.0613622 9.9955E-05 9.9955E-05 9.9955E-05
0.420803 0.0349649 0.234155 9.9982E-05 0.174976 0.12148 9.9982E-05 0.0134214
0.248151 9.9946E-05 9.9946E-05 9.9946E-05 0.751249 9.9946E-05 9.9946E-05 9.9946E-05
0.236272 0.11867 9.9973E-05 0.0306895 0.371501 0.242567 9.9973E-05 9.9973E-05
0.448755 0.0511146 9.9973E-05 9.9973E-05 0.307192 0.169787 0.0228516 9.9973E-05
0.222892 0.10654 0.638613 0.00318272 0.00456561 0.0240058 9.9982E-05 9.9982E-05
0.667138 9.9973E-05 0.142457 0.0323163 9.9973E-05 0.0358057 0.121983 9.9973E-05
0.124122 0.0117206 0.763767 9.9973E-05 9.9973E-05 9.9973E-05 0.0988627 0.00122802
0.690826 9.9964E-05 0.274183 0.0324613 9.9964E-05 0.00213018 9.9964E-05 9.9964E-05
0.573718 0.0325868 0.270274 0.0341736 0.00151588 9.9982E-05 0.0875321 9.9982E-05
0.383631 9.9964E-05 0.464524 9.9964E-05 0.0787575 0.0726881 9.9964E-05 9.9964E-05
9.9964E-05 0.0801328 0.800036 9.9964E-05 0.0653704 9.9964E-05 9.9964E-05 0.0540612
0.441469 9.9955E-05 0.329867 9.9955E-05 9.9955E-05 0.228165 9.9955E-05 9.9955E-05
0.505335 9.9973E-05 0.21694 0.159089 0.106331 9.9973E-05 9.9973E-05 0.0120055
0.0653853 9.9955E-05 9.9955E-05 9.9955E-05 0.890596 0.0435193 9.9955E-05 9.9955E-05
9.9955E-05 9.9955E-05 9.9955E-05 9.9955E-05 0.898593 0.00669428 9.9955E-05 0.0942131
0.134281 9.9973E-05 0.0555642 9.9973E-05 0.481611 0.180828 9.9973E-05 0.147416
0.1882 0.037701 0.0217094 9.9973E-05 0.703011 0.0490785 9.9973E-05 9.9973E-05
0.0625931 9.9973E-05 0.0283095 9.9973E-05 0.738344 0.164382 9.9973E-05 0.00607102
9.9955E-05 9.9955E-05 9.9955E-05 0.0110677 0.953151 9.9955E-05 0.0352816 9.9955E-05
9.9955E-05 0.0193922 9.9955E-05 0.055557 0.924551 9.9955E-05 9.9955E-05 9.9955E-05
0.0920592 0.00999213 9.9955E-05 9.9955E-05 0.897449 9.9955E-05 9.9955E-05 9.9955E-05
9.9955E-05 9.9955E-05 0.0150113 9.9955E-05 0.966949 9.9955E-05 0.0175403 9.9955E-05
9.9946E-05 9.9946E-05 9.9946E-05 9.9946E-05 0.990543 9.9946E-05 0.00885762 9.9946E-05
9.994E-05 9.994E-05 9.994E-05 9.994E-05 0.9993 9.994E-05 9.994E-05 9.994E-05
0.0709792 9.9982E-05 0.0315718 0.0237545 0.808732 0.0267914 9.9982E-05 0.0379712
0.160133 9.9964E-05 0.0196561 0.0487698 0.771041 9.9964E-05 9.9964E-05 9.9964E-05
9.9946E-05 9.9946E-05 9.9946E-05 9.9946E-05 0.972244 9.9946E-05 0.0271568 9.9946E-05
0.31742 9.9964E-05 0.215242 9.9964E-05 0.373847 0.0930916 9.9964E-05 9.9964E-05
0.0578286 0.0584795 9.9973E-05 0.0133993 0.696495 0.173498 9.9973E-05 9.9973E-05
9.9973E-05 9.9973E-05 0.00472759 0.089706 0.718835 0.131043 9.9973E-05 0.0553887
9.9964E-05 0.0215053 9.9964E-05 9.9964E-05 0.857749 0.0561001 0.0642455 9.9964E-05
9.9946E-05 9.9946E-05 9.9946E-05 9.9946E-05 0.776254 0.223146 9.9946E-05 9.9946E-05
0.0240791 0.00259698 9.9991E-05 0.0522781 0.82076 0.0649838 0.0196347 0.0155674
9.9946E-05 9.9946E-05 9.9946E-05 9.9946E-05 0.975692 9.9946E-05 0.0237088 9.9946E-05
0.17906 0.0167678 9.9982E-05 0.00526924 0.566743 0.124279 9.9982E-05 0.107681
0.0271291 0.0402976 9.9973E-05 0.0215016 0.894634 9.9973E-05 0.0161377 9.9973E-05
9.9973E-05 0.00645496 0.317272 0.0538236 9.9973E-05 9.9973E-05 0.562477 0.0596725
0.591646 9.9973E-05 0.0692316 0.0354407 9.9973E-05 0.0588981 0.244483 9.9973E-05
0.420924 9.9978E-05 0.16317 9.9978E-05 0.024094 0.138864 0.252647 9.9978E-05
0.144682 0.0192396 0.240337 0.0125763 9.9982E-05 0.10541 0.477555 9.9982E-05
0.351756 9.9991E-05 0.163664 0.025051 0.102654 0.221198 0.0865334 0.0490439
0.221668 9.9973E-05 0.187122 9.9973E-05 0.021071 9.9973E-05 0.54403 0.0258097
0.497083 0.00405505 0.155547 0.0234072 0.116871 0.0039118 0.199025 9.9991E-05
0.365353 9.9964E-05 0.22387 9.9964E-05 0.135928 9.9964E-05 0.274449 9.9964E-05
0.620867 9.9973E-05 0.0410717 0.0632205 9.9973E-05 0.0823239 0.192217 9.9973E-05
0.441705 9.9973E-05 0.0157625 9.9973E-05 0.10148 0.0364941 0.404259 9.9973E-05
0.46352 9.9982E-05 0.102457 0.024507 0.214584 9.9982E-05 0.148646 0.0460871
0.321415 0.0551256 0.318223 0.00313648 9.9982E-05 0.237838 0.0640623 9.9982E-05
0.203526 9.9973E-05 0.62457 9.9973E-05 0.0473583 9.9973E-05 0.051673 0.0725723
0.539865 9.9964E-05 0.269663 9.9964E-05 0.0200709 9.9964E-05 0.170002 9.9964E-05
0.522874 0.0108491 0.21681 9.9973E-05 9.9973E-05 0.171495 0.0776722 9.9973E-05
0.237885 9.9964E-05 0.686857 9.9964E-05 9.9964E-05 0.0363973 0.0384608 9.9964E-05
0.523753 0.0020099 0.217539 0.014637 0.150486 9.9982E-05 0.0913755 9.9982E-05
0.606092 9.9973E-05 0.294335 9.9973E-05 9.9973E-05 0.0795401 0.0151408 0.00459228
9.994E-05 9.994E-05 0.9993 9.994E-05 9.994E-05 9.994E-05 9.994E-05 9.994E-05
9.9955E-05 9.9955E-05 0.909883 0.0482794 9.9955E-05 9.9955E-05 9.9955E-05 0.0413377
0.544408 9.9955E-05 0.410693 0.0443993 9.9955E-05 9.9955E-05 9.9955E-05 9.9955E-05
9.9955E-05 0.0835869 0.894931 9.9955E-05 9.9955E-05 9.9955E-05 0.0209824 9.9955E-05
0.213276 9.9955E-05 0.650322 9.9955E-05 9.9955E-05 0.135902 9.9955E-05 9.9955E-05
0.599344 0.29352 9.9964E-05 9.9964E-05 0.0878231 9.9964E-05 0.0189137 9.9964E-05
0.576295 9.9982E-05 0.0413632 0.0674999 0.0226657 0.0670556 9.9982E-05 0.22492
9.9955E-05 0.970616 0.00799568 0.0208887 9.9955E-05 9.9955E-05 9.9955E-05 9.9955E-05
9.9955E-05 0.991853 0.00589277 0.00175408 9.9955E-05 9.9955E-05 9.9955E-05 9.9955E-05
0.418178 0.218397 9.9982E-05 9.9982E-05 0.0347625 0.17005 0.0323921 0.12602
0.427055 9.9973E-05 9.9973E-05 9.9973E-05 0.0986138 0.231289 0.0955608 0.147182
0.15727 9.9973E-05 9.9973E-05 0.0103584 0.0259285 0.410824 9.9973E-05 0.395319
9.9973E-05 9.9973E-05 0.0310013 0.0252875 9.9973E-05 0.464281 0.123426 0.355705
0.211756 9.9964E-05 9.9964E-05 9.9964E-05 9.9964E-05 0.330254 0.16416 0.293431
9.9946E-05 9.9946E-05 0.0149712 9.9946E-05 9.9946E-05 9.9946E-05 9.9946E-05 0.984429
9.994E-05 9.994E-05 9.994E-05 9.994E-05 9.994E-05 9.994E-05 9.994E-05 0.9993
0.710037 9.9964E-05 9.9964E-05 0.00192178 0.0416373 9.9964E-05 9.9964E-05 0.246004
0.496542 0.0180181 9.9955E-05 9.9955E-05 9.9955E-05 9.9955E-05 9.9955E-05 0.484941
9.9946E-05 0.00852973 9.9946E-05 9.9946E-05 9.9946E-05 9.9946E-05 9.9946E-05 0.990871
0.525248 0.0149636 9.9973E-05 9.9973E-05 9.9973E-05 0.116786 0.0016225 0.34108
0.526065 9.9964E-05 9.9964E-05 9.9964E-05 0.0775086 9.9964E-05 0.00812259 0.387904
0.465073 9.9964E-05 9.9964E-05 9.9964E-05 0.151442 9.9964E-05 0.0585276 0.324557
0.284342 0.691486 9.9955E-05 9.9955E-05 0.0236722 9.9955E-05 9.9955E-05 9.9955E-05
0.286036 0.483478 0.0923911 9.9982E-05 0.075638 0.0335963 9.9982E-05 0.0286602
0.702287 0.242086 9.9964E-05 0.0409674 9.9964E-05 9.9964E-05 9.9964E-05 0.01426
0.536268 0.209172 9.9973E-05 9.9973E-05 9.9973E-05 0.0148171 0.0789444 0.160499
0.242933 0.164228 0.221716 0.086017 0.195109 0.0897967 9.9982E-05 9.9982E-05
0.562384 0.175112 0.0789532 0.0737384 9.9973E-05 9.9973E-05 9.9973E-05 0.109512
0.224089 0.732337 0.0430736 9.9955E-05 9.9955E-05 9.9955E-05 9.9955E-05 9.9955E-05
0.598151 0.324623 9.9955E-05 9.9955E-05 9.9955E-05 0.0767261 9.9955E-05 9.9955E-05
0.0642498 0.795882 9.9973E-05 9.9973E-05 0.0823701 0.00608938 9.9973E-05 0.0511087
0.502391 0.445245 0.0475969 9.9964E-05 9.9964E-05 9.9964E-05 9.9964E-05 0.0043672
0.678947 0.130315 9.9964E-05 9.9964E-05 9.9964E-05 0.109634 0.0807037 9.9964E-05
0.475071 0.210009 0.0539734 0.0145585 0.10669 9.9982E-05 9.9982E-05 0.139498
0.257043 0.0139078 0.0769941 0.0609536 0.177131 0.161743 0.00825543 0.243972
0.409874 0.120438 0.0356618 0.194364 0.168047 9.9991E-05 0.0577946 0.0137204
0.596447 0.026434 9.9973E-05 9.9973E-05 0.0456296 0.047107 0.284083 9.9973E-05
0.400217 0.00901696 0.0689941 0.0495778 0.151886 0.0429895 0.211191 0.0661272
0.405205 0.0816996 0.0187214 9.9982E-05 0.201767 0.135453 0.156953 9.9982E-05
0.451026 0.0289153 0.0257173 0.064722 0.0212327 0.139189 0.0924004 0.176798
9.9955E-05 0.503923 9.9955E-05 9.9955E-05 9.9955E-05 0.0735208 0.422057 9.9955E-05
0.623814 9.9964E-05 9.9964E-05 9.9964E-05 0.105444 0.158259 0.112083 9.9964E-05
9.9973E-05 0.140991 9.9973E-05 0.155026 0.0238169 9.9973E-05 0.39221 0.287657
0.443152 0.189383 9.9982E-05 9.9982E-05 0.0411689 0.244509 0.0305628 0.0510236
0.11493 0.88447 9.9946E-05 9.9946E-05 9.9946E-05 9.9946E-05 9.9946E-05 9.9946E-05
9.994E-05 0.9993 9.994E-05 9.994E-05 9.994E-05 9.994E-05 9.994E-05 9.994E-05
0.558864 0.397076 9.9964E-05 9.9964E-05 9.9964E-05 0.00770704 9.9964E-05 0.0359526
0.72437 0.166579 9.9973E-05 9.9973E-05 9.9973E-05 0.0437561 0.0138637 0.0511314
0.431085 0.568316 9.9946E-05 9.9946E-05 9.9946E-05 9.9946E-05 9.9946E-05 9.9946E-05
0.584824 0.393653 9.9955E-05 9.9955E-05 9.9955E-05 9.9955E-05 9.9955E-05 0.0210232
0.676342 0.323059 9.9946E-05 9.9946E-05 9.9946E-05 9.9946E-05 9.9946E-05 9.9946E-05
0.21501 9.9955E-05 0.0435026 9.9955E-05 9.9955E-05 0.740988 9.9955E-05 9.9955E-05
0.15694 9.9973E-05 0.0606654 9.9973E-05 0.138886 0.600389 9.9973E-05 0.0428195
0.301182 9.9964E-05 9.9964E-05 0.00494553 0.0865132 0.60696 9.9964E-05 9.9964E-05
0.204752 9.9964E-05 9.9964E-05 0.0541244 9.9964E-05 0.672717 9.9964E-05 0.0680071
0.0747071 0.0406638 0.0875627 0.0494154 0.0512105 0.696241 9.9982E-05 9.9982E-05
9.9946E-05 9.9946E-05 9.9946E-05 9.9946E-05 9.9946E-05 0.933847 0.0655537 9.9946E-05
9.9946E-05 0.0787472 9.9946E-05 9.9946E-05 9.9946E-05 0.920653 9.9946E-05 9.9946E-05
0.184788 9.9973E-05 9.9973E-05 0.0235621 0.084947 0.684111 0.0222927 9.9973E-05
0.14495 9.9982E-05 0.00306332 0.0391952 0.00177206 0.767901 0.042918 9.9982E-05
0.0805702 9.9964E-05 0.0727802 9.9964E-05 0.173288 0.672962 9.9964E-05 9.9964E-05
0.018244 0.106801 0.0903518 0.0151467 9.9973E-05 0.769156 9.9973E-05 9.9973E-05
9.9973E-05 0.0551592 0.0234235 0.0130864 0.00453753 0.903493 9.9973E-05 9.9973E-05
0.279372 0.0883612 9.9973E-05 0.0256076 0.118543 0.487816 9.9973E-05 9.9973E-05
0.00420547 0.00670508 9.9973E-05 0.00856502 0.0218015 0.958423 9.9973E-05 9.9973E-05
0.139792 0.122274 9.9964E-05 9.9964E-05 0.150363 0.587172 9.9964E-05 9.9964E-05
0.155689 0.00167245 9.9982E-05 0.0475405 0.0476104 0.63821 9.9982E-05 0.109078
9.9946E-05 9.9946E-05 9.9946E-05 9.9946E-05 9.9946E-05 0.941895 0.0575058 9.9946E-05
0.405786 0.0204643 0.0100139 9.9982E-05 0.134226 0.326963 0.102347 9.9982E-05
0.197811 9.9991E-05 0.068846 0.0349801 0.0157167 0.601405 0.0303295 0.0508119
0.243361 0.136017 0.000959968 0.0575312 0.0794434 0.393556 0.0890309 9.9991E-05
0.211079 0.0676934 9.9991E-05 0.0598767 0.156448 0.276511 0.0597944 0.168497
0.0515353 0.100353 0.0303611 9.9982E-05 0.0701108 0.72061 9.9982E-05 0.0268294
0.0423995 0.00690313 9.9973E-05 9.9973E-05 0.0848309 0.81073 9.9973E-05 0.0548363
9.9964E-05 0.000293851 9.9964E-05 0.0385476 9.9964E-05 0.852852 0.107907 9.9964E-05
0.529358 0.00231786 9.9982E-05 0.22689 0.0857302 0.0413376 0.114166 9.9982E-05
0.454833 9.9973E-05 0.0615414 0.288132 9.9973E-05 0.147992 9.9973E-05 0.0472022
9.9955E-05 9.9955E-05 9.9955E-05 0.911283 0.053406 9.9955E-05 0.0348117 9.9955E-05
9.994E-05 9.994E-05 9.994E-05 0.9993 9.994E-05 9.994E-05 9.994E-05 9.994E-05
0.39213 9.9973E-05 0.0874108 0.507402 0.0124675 9.9973E-05 9.9973E-05 0.000289715
0.0154113 0.0109202 0.0614649 0.80811 0.043385 0.0302344 9.9991E-05 0.0303744
9.9955E-05 9.9955E-05 9.9955E-05 0.74703 9.9955E-05 0.0355585 0.216912 9.9955E-05
0.520669 0.0236064 9.9973E-05 0.347619 9.9973E-05 0.0428984 0.0649072 9.9973E-05
0.276546 9.9973E-05 0.0792382 0.330298 0.221856 9.9973E-05 9.9973E-05 0.0917615
0.1088 9.9973E-05 0.140696 0.419159 9.9973E-05 0.23466 0.0963842 9.9973E-05
0.0241221 9.9973E-05 9.9973E-05 0.916123 0.0128192 0.0339922 9.9973E-05 0.0126439
0.542748 9.9964E-05 9.9964E-05 0.310327 0.118223 0.0283024 9.9964E-05 9.9964E-05
0.107702 0.0808427 0.0880765 0.678234 0.0448442 9.9973E-05 9.9973E-05 9.9973E-05
9.9946E-05 9.9946E-05 9.9946E-05 0.928538 9.9946E-05 9.9946E-05 0.0708625 9.9946E-05
0.460563 0.0495914 9.9991E-05 0.0528907 0.23352 0.152674 0.0454639 0.00519793
0.187708 9.9982E-05 0.0813196 0.389918 0.106445 0.218128 9.9982E-05 0.0162824
