0.145326 0.00880498 0.55238 9.9982E-05 0.0454884 9.9982E-05 0.154336 0.0934654
9.9982E-05 9.9982E-05 0.692023 0.0240671 0.155387 0.0938724 0.0138371 0.0206133
9.9955E-05 9.9955E-05 9.9955E-05 0.097864 0.230465 0.671172 9.9955E-05 9.9955E-05
9.9955E-05 9.9955E-05 0.807278 9.9955E-05 0.176153 9.9955E-05 9.9955E-05 0.0160694
9.9982E-05 9.9982E-05 0.510062 0.0940046 0.0838401 0.245697 0.0646556 0.00154125
0.0550185 0.0171442 0.625814 0.0691589 0.0614077 0.0128806 0.158477 9.9991E-05
9.9964E-05 9.9964E-05 0.401828 9.9964E-05 0.095323 0.357805 0.144644 9.9964E-05
9.9955E-05 9.9955E-05 0.0734813 9.9955E-05 0.152079 0.77394 9.9955E-05 9.9955E-05
0.014536 0.0347934 0.477522 9.9982E-05 0.0433449 0.420101 0.00950339 9.9982E-05
0.0423902 0.18455 0.460627 0.104016 0.0155663 0.127408 0.021319 0.0441239
0.0654444 9.9991E-05 0.365955 0.053085 0.185559 0.215116 0.00787852 0.106862
0.186774 0.0337071 9.9973E-05 9.9973E-05 0.334685 0.372999 9.9973E-05 0.0715348
0.163263 0.108412 0.407372 0.058273 9.9982E-05 0.179219 9.9982E-05 0.0832606
9.9946E-05 9.9946E-05 0.34515 9.9946E-05 9.9946E-05 0.65425 9.9946E-05 9.9946E-05
9.9964E-05 9.9964E-05 0.601117 0.0210396 9.9964E-05 0.367462 0.00998162 9.9964E-05
9.999E-05 0.0109543 0.583547 0.165883 0.051379 0.0705461 0.0578698 0.059721
0.0390731 0.126412 0.181142 9.9973E-05 0.56077 9.9973E-05 9.9973E-05 0.0923032
9.994E-05 9.994E-05 9.994E-05 9.994E-05 0.9993 9.994E-05 9.994E-05 9.994E-05
9.994E-05 9.994E-05 9.994E-05 9.994E-05 0.9993 9.994E-05 9.994E-05 9.994E-05
9.9973E-05 0.177067 0.0912049 9.9973E-05 0.564892 9.9973E-05 0.0639154 0.102621
9.99461E-05 9.99461E-05 0.793606 9.99461E-05 9.99461E-05 0.205795 9.99461E-05 9.99461E-05
9.9982E-05 0.0561719 0.761231 9.9982E-05 0.0036618 0.0888173 0.0123183 0.0775996
9.9946E-05 9.9946E-05 0.283385 9.9946E-05 9.9946E-05 9.9946E-05 9.9946E-05 0.716015
0.00438691 0.0798754 0.451278 9.9973E-05 9.9973E-05 9.9973E-05 0.0964645 0.367696
0.0254708 0.231792 0.154354 0.0785308 9.9982E-05 0.0885501 9.9982E-05 0.421102
0.0500625 9.9973E-05 0.315023 9.9973E-05 9.9973E-05 0.597677 0.0245572 0.0123801
0.000618066 0.0776047 0.539516 9.9973E-05 9.9973E-05 0.246434 9.9973E-05 0.135527
0.108246 0.0229587 0.102812 9.9973E-05 0.097823 0.667861 9.9973E-05 9.9973E-05
9.9955E-05 9.9955E-05 0.801769 9.9955E-05 0.0498037 0.147928 9.9955E-05 9.9955E-05
0.129654 9.9973E-05 0.464756 9.9973E-05 0.0473029 0.285286 9.9973E-05 0.0727017
9.9955E-05 0.0638236 0.625823 9.9955E-05 9.9955E-05 0.309854 9.9955E-05 9.9955E-05
9.9955E-05 9.9955E-05 9.9955E-05 9.9955E-05 9.9955E-05 0.904664 0.00593727 0.0888994
9.9964E-05 0.0999989 0.517654 9.9964E-05 9.9964E-05 0.22141 9.9964E-05 0.160538
9.9973E-05 9.9973E-05 0.782455 0.0432164 0.0663426 0.00956266 9.9973E-05 0.0981238
0.0145165 0.0531236 9.9973E-05 0.00633445 0.0155726 9.9973E-05 9.9973E-05 0.910153
9.9955E-05 9.9955E-05 0.0595531 0.0216443 9.9955E-05 9.9955E-05 9.9955E-05 0.918303
9.9964E-05 0.125574 0.29498 0.088182 9.9964E-05 9.9964E-05 9.9964E-05 0.490864
9.9955E-05 0.248811 0.250886 9.9955E-05 9.9955E-05 9.9955E-05 9.9955E-05 0.499804
9.9973E-05 0.0828355 0.0237092 0.0047889 9.9973E-05 0.0779658 9.9973E-05 0.810401
9.9955E-05 9.9955E-05 9.9955E-05 9.9955E-05 0.0279479 9.9955E-05 0.0167835 0.954769
9.9955E-05 9.9955E-05 9.9955E-05 0.0314285 9.9955E-05 9.9955E-05 0.0396744 0.928397
9.9955E-05 0.039876 0.165636 9.9955E-05 9.9955E-05 9.9955E-05 9.9955E-05 0.793989
9.9946E-05 9.9946E-05 0.0240128 9.9946E-05 9.9946E-05 9.9946E-05 9.9946E-05 0.975387
9.994E-05 9.994E-05 9.994E-05 9.994E-05 9.994E-05 9.994E-05 9.994E-05 0.9993
9.9946E-05 9.9946E-05 9.9946E-05 9.9946E-05 9.9946E-05 9.9946E-05 0.0204405 0.97896
0.00134081 0.0719082 9.9973E-05 0.0866434 9.9973E-05 0.0299477 9.9973E-05 0.80986
9.9982E-05 0.186502 0.00385573 0.00476404 9.9982E-05 0.0264161 0.0657996 0.712462
9.994E-05 9.994E-05 9.994E-05 9.994E-05 9.994E-05 9.994E-05 9.994E-05 0.9993
0.00535416 0.135783 0.397611 9.9982E-05 9.9982E-05 0.0540293 0.0324605 0.374563
0.0366295 0.184745 0.19984 0.00476698 9.9973E-05 9.9973E-05 9.9973E-05 0.573719
9.9964E-05 0.129458 9.9964E-05 9.9964E-05 9.9964E-05 0.0615073 0.0820247 0.72661
9.9955E-05 9.9955E-05 0.0380017 9.9955E-05 0.0705051 9.9955E-05 9.9955E-05 0.890993
9.9946E-05 0.215298 9.9946E-05 9.9946E-05 9.9946E-05 9.9946E-05 9.9946E-05 0.784103
9.9964E-05 0.198626 9.9964E-05 0.00444141 0.0397472 9.9964E-05 9.9964E-05 0.756785
9.9955E-05 0.00739265 9.9955E-05 9.9955E-05 0.0405215 9.9955E-05 9.9955E-05 0.951586
0.00831336 0.134558 0.290382 0.0168303 9.9982E-05 9.9982E-05 0.0239923 0.525724
0.0547239 9.9955E-05 9.9955E-05 9.9955E-05 0.0342801 9.9955E-05 9.9955E-05 0.910496
0.0771396 9.9964E-05 9.9964E-05 9.9964E-05 0.470152 0.295933 0.156375 9.9964E-05
9.9982E-05 0.0249627 0.484095 0.0554938 0.328457 0.0813247 9.9982E-05 0.0254672
9.9964E-05 9.9964E-05 0.619561 9.9964E-05 0.326299 0.0424337 0.011307 9.9964E-05
0.0176349 0.113918 0.120605 9.9982E-05 0.415932 0.318628 0.0130825 9.9982E-05
9.9973E-05 0.070033 0.585413 0.0244596 0.309277 0.010517 9.9973E-05 9.9973E-05
9.9973E-05 9.9973E-05 0.191773 0.0941287 0.465421 0.220265 9.9973E-05 0.0281126
9.9982E-05 0.0327354 0.489738 0.159129 0.229296 9.9982E-05 0.0682504 0.020651
9.9982E-05 0.0601921 0.376082 0.0488604 0.283764 0.138176 9.9982E-05 0.0927262
9.9973E-05 0.155539 0.579407 9.9973E-05 0.136961 0.111405 0.0163883 9.9973E-05
9.9973E-05 0.226204 0.428524 9.9973E-05 0.288435 0.0290308 0.027506 9.9973E-05
9.9955E-05 9.9955E-05 0.73505 9.9955E-05 0.255741 9.9955E-05 0.00870898 9.9955E-05
9.9982E-05 0.124184 0.333263 0.252611 9.9982E-05 0.218311 0.0415078 0.0299249
9.9964E-05 9.9964E-05 0.214729 0.101008 9.9964E-05 0.6793 0.004562 9.9964E-05
9.9964E-05 9.9964E-05 0.660292 0.0171551 0.21165 0.110504 9.9964E-05 9.9964E-05
0.0326726 0.108721 0.419036 0.0120691 9.9982E-05 0.290018 9.9982E-05 0.137282
9.9955E-05 9.9955E-05 0.277987 0.0499373 9.9955E-05 0.671576 9.9955E-05 9.9955E-05
0.0511336 9.9982E-05 0.437029 0.0718399 0.0585802 0.221138 9.9982E-05 0.16008
0.0972 0.038601 0.650768 9.9982E-05 0.00597781 0.115123 0.0921309 9.9982E-05
9.994E-05 9.994E-05 9.994E-05 9.994E-05 9.994E-05 0.9993 9.994E-05 9.994E-05
9.9964E-05 9.9964E-05 0.165514 0.00768998 9.9964E-05 0.7892 0.0371963 9.9964E-05
9.9964E-05 0.143744 0.315671 9.9964E-05 9.9964E-05 0.516326 9.9964E-05 0.0238586
9.9955E-05 9.9955E-05 9.9955E-05 0.1332 9.9955E-05 0.851069 9.9955E-05 0.0152313
9.9955E-05 9.9955E-05 0.574627 9.9955E-05 9.9955E-05 0.407416 0.0174577 9.9955E-05
0.353231 0.0662601 0.406311 0.135174 9.9982E-05 0.00470494 9.9982E-05 0.0341188
9.9973E-05 0.0324177 0.314905 0.457621 9.9973E-05 0.0510184 9.9973E-05 0.143738
0.980002 9.9946E-05 9.9946E-05 9.9946E-05 9.9946E-05 9.9946E-05 0.0193979 9.9946E-05
0.944325 9.9955E-05 9.9955E-05 0.00598038 9.9955E-05 0.0491945 9.9955E-05 9.9955E-05
0.294473 0.169864 0.244796 0.229584 9.9973E-05 9.9973E-05 9.9973E-05 0.0609826
9.9973E-05 0.328357 0.247471 0.271063 9.9973E-05 9.9973E-05 0.0491801 0.103629
9.9964E-05 0.373682 9.9964E-05 0.477543 9.9964E-05 9.9964E-05 0.0174617 0.130913
9.9973E-05 0.180777 9.9973E-05 0.554189 0.171926 0.0281608 9.9973E-05 0.0646476
9.9964E-05 0.321072 0.138838 0.509118 0.0305724 9.9964E-05 9.9964E-05 9.9964E-05
0.0219052 9.9955E-05 9.9955E-05 0.900306 9.9955E-05 0.0772888 9.9955E-05 9.9955E-05
9.994E-05 9.994E-05 9.994E-05 0.9993 9.994E-05 9.994E-05 9.994E-05 9.994E-05
9.9964E-05 0.0310933 0.464849 0.501774 9.9964E-05 9.9964E-05 9.9964E-05 0.0018843
9.9946E-05 9.9946E-05 0.288046 0.711355 9.9946E-05 9.9946E-05 9.9946E-05 9.9946E-05
0.135943 9.9946E-05 9.9946E-05 0.863458 9.9946E-05 9.9946E-05 9.9946E-05 9.9946E-05
9.9964E-05 0.099028 0.369824 0.516066 9.9964E-05 9.9964E-05 9.9964E-05 0.0146823
0.048614 9.9964E-05 0.557536 0.339453 9.9964E-05 9.9964E-05 9.9964E-05 0.053997
0.00145112 9.9973E-05 0.506296 0.354716 9.9973E-05 9.9973E-05 0.00070796 0.136529
0.513326 0.0392991 0.276049 9.9964E-05 9.9964E-05 0.170926 9.9964E-05 9.9964E-05
0.478144 0.0920714 0.119857 0.18407 9.9982E-05 0.0958391 9.9982E-05 0.0298176
0.19353 9.9973E-05 0.666504 0.0420792 0.0595505 9.9973E-05 9.9973E-05 0.0380362
0.42932 0.0847175 0.337641 0.0648907 0.0831314 9.9973E-05 9.9973E-05 9.9973E-05
0.139097 9.9982E-05 0.523427 0.0998904 9.9982E-05 0.0859773 0.126508 0.0249001
0.316602 0.00891437 0.389292 0.112217 0.0339466 0.129417 9.9991E-05 0.00951185
0.713608 0.0332254 0.0805428 9.9964E-05 9.9964E-05 0.172224 9.9964E-05 9.9964E-05
0.368447 0.130944 0.500109 9.9955E-05 9.9955E-05 9.9955E-05 9.9955E-05 9.9955E-05
0.89559 9.9973E-05 0.00487603 9.9973E-05 0.0346538 0.0308621 9.9973E-05 0.0337183
0.589035 0.0520563 0.232183 0.0946693 9.9973E-05 9.9973E-05 9.9973E-05 0.0317563
0.222374 9.9964E-05 0.450741 0.179158 9.9964E-05 9.9964E-05 9.9964E-05 0.147327
0.302568 9.9973E-05 0.481309 0.160032 9.9973E-05 0.0269149 9.9973E-05 0.0288754
9.9991E-05 0.244478 0.428858 0.0675603 0.066279 0.0925217 0.0269837 0.0732188
0.183736 0.199899 0.150848 0.146333 9.9991E-05 0.0968929 0.035953 0.186238
0.00170736 0.23608 0.422645 0.1201 0.174082 9.9991E-05 0.0141562 0.03113
9.9982E-05 0.0898955 0.501657 0.0942229 0.238441 9.9982E-05 0.0483371 0.027247
9.9982E-05 0.1416 0.215009 9.9982E-05 0.0656565 0.264246 0.0216275 0.29166
0.0758158 0.0847643 0.295782 0.287679 0.063502 9.9982E-05 9.9982E-05 0.192257
0.4691 9.9946E-05 9.9946E-05 9.9946E-05 0.5303 9.9946E-05 9.9946E-05 9.9946E-05
0.0262507 0.187799 0.623178 0.115511 0.0175204 9.9982E-05 9.9982E-05 0.029542
0.201551 9.9955E-05 9.9955E-05 0.148075 0.649874 9.9955E-05 9.9955E-05 9.9955E-05
0.160694 0.101237 0.459058 0.113527 0.0502694 9.9982E-05 9.9982E-05 0.115015
0.972499 9.9964E-05 0.00643147 9.9964E-05 9.9964E-05 0.00859057 0.0120789 9.9964E-05
0.983555 9.9946E-05 9.9946E-05 9.9946E-05 9.9946E-05 0.0158456 9.9946E-05 9.9946E-05
0.532532 9.9946E-05 0.466868 9.9946E-05 9.9946E-05 9.9946E-05 9.9946E-05 9.9946E-05
0.356883 0.0833735 0.428853 0.0577775 9.9973E-05 9.9973E-05 9.9973E-05 0.0728126
0.678365 9.9946E-05 0.321036 9.9946E-05 9.9946E-05 9.9946E-05 9.9946E-05 9.9946E-05
0.430776 9.9955E-05 0.505821 9.9955E-05 9.9955E-05 9.9955E-05 9.9955E-05 0.062903
0.384667 9.9955E-05 0.580684 0.0341492 9.9955E-05 9.9955E-05 9.9955E-05 9.9955E-05
9.9973E-05 0.596947 0.301028 0.0122858 9.9973E-05 0.00335145 9.9973E-05 0.0860884
9.9964E-05 0.721483 9.9964E-05 0.000987327 9.9964E-05 0.146152 9.9964E-05 0.130978
9.9955E-05 0.78347 0.169814 9.9955E-05 9.9955E-05 9.9955E-05 9.9955E-05 0.0462165
0.0739873 0.854487 9.9964E-05 9.9964E-05 9.9964E-05 0.0318321 0.0392937 9.9964E-05
9.9973E-05 0.68955 0.161282 0.050074 9.9973E-05 0.0921691 0.00662462 9.9973E-05
9.9946E-05 0.881348 9.9946E-05 9.9946E-05 0.118052 9.9946E-05 9.9946E-05 9.9946E-05
0.0686961 0.896746 9.9964E-05 0.0308424 0.00331583 9.9964E-05 9.9964E-05 9.9964E-05
9.9973E-05 0.711927 0.140462 9.9973E-05 0.0168577 9.9973E-05 0.0696116 0.0608417
9.9973E-05 0.565797 0.25292 0.0352667 9.9973E-05 0.0177838 9.9973E-05 0.127932
9.9964E-05 0.686794 0.170364 9.9964E-05 0.0331061 9.9964E-05 9.9964E-05 0.109335
0.0323813 0.575034 0.230955 0.0645449 9.9982E-05 0.0173557 9.9982E-05 0.0795294
0.0034737 0.873108 9.9973E-05 0.0328599 0.0730735 9.9973E-05 9.9973E-05 0.0171854
0.161424 0.816409 9.9955E-05 9.9955E-05 9.9955E-05 0.0216676 9.9955E-05 9.9955E-05
9.9982E-05 0.79886 0.00867522 0.0114307 0.000220807 9.9982E-05 0.0638914 0.116722
0.0776597 0.558706 0.0630984 0.0996911 9.9982E-05 9.9982E-05 0.0333198 0.167325
0.115302 0.588013 0.0887364 9.9982E-05 0.0619401 9.9982E-05 0.0660522 0.0797567
9.9955E-05 0.917095 9.9955E-05 9.9955E-05 0.066135 9.9955E-05 0.0162698 9.9955E-05
0.024897 0.549966 0.107661 9.9982E-05 9.9982E-05 0.139776 0.0469583 0.130542
0.0240459 0.768995 9.9964E-05 9.9964E-05 0.0292812 0.177279 9.9964E-05 9.9964E-05
0.117287 0.389991 0.325973 9.9973E-05 0.0863043 9.9973E-05 0.080144 9.9973E-05
0.0395779 0.38533 0.194349 0.0497117 0.112761 0.0295089 0.106383 0.0823774
0.0136406 0.536575 0.254852 9.9973E-05 9.9973E-05 0.068912 9.9973E-05 0.125721
0.031577 0.723642 0.131542 0.0113019 9.9973E-05 9.9973E-05 9.9973E-05 0.101638
9.9955E-05 0.908023 9.9955E-05 9.9955E-05 0.0896327 0.00184431 9.9955E-05 9.9955E-05
9.9973E-05 0.0810026 0.576498 9.9973E-05 0.126841 9.9973E-05 0.180459 0.0348997
9.9982E-05 0.183438 0.524311 0.048344 0.0576913 9.9982E-05 0.146848 0.0391685
9.9955E-05 9.9955E-05 0.0273234 9.9955E-05 0.107211 9.9955E-05 0.864965 9.9955E-05
9.994E-05 9.994E-05 9.994E-05 9.994E-05 9.994E-05 9.994E-05 0.9993 9.994E-05
9.9982E-05 0.0820328 0.218809 0.179308 9.9982E-05 0.159305 0.337138 0.0232068
0.0136051 0.0385606 9.9973E-05 9.9973E-05 9.9973E-05 0.0418572 0.856106 0.0495712
9.9964E-05 0.0509236 9.9964E-05 9.9964E-05 0.192528 9.9964E-05 0.738064 0.0180849
0.12663 0.086436 0.409071 9.9973E-05 9.9973E-05 9.9973E-05 0.35111 0.0264531
0.0553663 0.047945 0.390015 0.0572169 0.0716692 9.9991E-05 0.291448 0.0862397
9.9964E-05 0.133704 0.350301 9.9964E-05 0.236362 9.9964E-05 0.279233 9.9964E-05
0.00293848 0.00494121 9.9982E-05 0.00925037 9.9982E-05 0.0242176 0.865821 0.0926315
9.9973E-05 9.9973E-05 0.490979 0.0394437 9.9973E-05 0.0644034 0.288671 0.116203
0.0653733 9.9973E-05 0.209028 9.9973E-05 9.9973E-05 0.0400514 0.669234 0.0160139
9.9946E-05 9.9946E-05 9.9946E-05 9.9946E-05 0.0487932 9.9946E-05 0.950607 9.9946E-05
9.9982E-05 0.173577 0.223574 0.0842114 9.9982E-05 0.170964 0.101197 0.246276
9.9982E-05 0.219292 0.173521 0.115432 9.9982E-05 0.0476907 0.405327 0.0385367
