0.200723 0.423625 9.9991E-05 0.0263391 0.0601125 0.246981 0.0421204
0.0167701 0.568309 9.9982E-05 9.9982E-05 0.0615313 0.285238 0.0679522
9.9955E-05 9.9955E-05 0.122794 9.9955E-05 9.9955E-05 0.876706 9.9955E-05
0.0585259 0.639694 0.105717 9.9982E-05 0.111417 0.0844467 9.9982E-05
0.0307204 0.352254 0.102874 9.9991E-05 0.00680264 0.42188 0.0853691
0.340195 0.369416 9.9982E-05 0.00654051 9.9982E-05 0.247129 0.0365189
0.151938 0.0422787 0.0645671 9.9991E-05 0.0150134 0.653852 0.0722506
9.9973E-05 0.147407 0.0844309 0.0367969 9.9973E-05 0.731065 9.9973E-05
0.0741987 0.410163 0.0593132 0.0542246 9.9982E-05 0.4019 9.9982E-05
0.0126724 0.543321 0.143544 9.9982E-05 0.143898 0.156364 9.9982E-05
0.196875 0.337509 0.00777129 0.028591 0.0491112 0.380042 9.9991E-05
0.105374 9.9991E-05 0.211096 0.240386 0.0437326 0.329267 0.0700447
0.0723204 0.460282 9.9991E-05 0.0730998 0.15495 0.154525 0.0847224
9.9955E-05 0.393118 9.9955E-05 9.9955E-05 9.9955E-05 0.606382 9.9955E-05
0.0469263 0.533556 9.9982E-05 0.0132669 9.9982E-05 0.317802 0.0882485
0.0691967 0.61205 0.157465 9.9991E-05 0.0782649 0.0555631 0.0273598
0.153632 0.204507 0.641462 9.9964E-05 9.9964E-05 9.9964E-05 9.9964E-05
9.995E-05 9.995E-05 0.9994 9.995E-05 9.995E-05 9.995E-05 9.995E-05
9.995E-05 9.995E-05 0.9994 9.995E-05 9.995E-05 9.995E-05 9.995E-05
0.209333 0.0802329 0.527662 9.9982E-05 0.0950599 9.9982E-05 0.0875123
9.9964E-05 0.586311 9.9964E-05 9.9964E-05 0.0468305 0.366458 9.9964E-05
0.0705773 0.435049 0.0550048 0.0528726 0.184971 0.201425 9.9991E-05
0.0578781 0.228704 9.9964E-05 9.9964E-05 0.713018 9.9964E-05 9.9964E-05
9.9973E-05 0.218979 9.9973E-05 0.141615 0.58476 9.9973E-05 0.0543467
0.104651 0.422612 0.0374499 9.9982E-05 0.368145 0.0669426 9.9982E-05
9.9982E-05 0.278496 9.9982E-05 0.0502783 0.0542262 0.605587 0.0112126
0.148726 0.565033 9.9982E-05 9.9982E-05 0.0709125 0.167652 0.047477
0.102681 9.9973E-05 0.0160566 0.11045 9.9973E-05 0.770512 9.9973E-05
0.110823 0.61047 0.0263673 9.9982E-05 9.9982E-05 0.195319 0.0568209
9.999E-05 0.43495 0.0120853 0.0338859 0.096908 0.36436 0.057711
0.142112 0.453811 9.9973E-05 9.9973E-05 0.0190078 0.384769 9.9973E-05
9.9964E-05 0.0379888 9.9964E-05 9.9964E-05 0.0468746 0.914737 9.9964E-05
0.155062 0.609877 9.9973E-05 9.9973E-05 0.0957951 0.138965 9.9973E-05
0.0945657 0.41627 0.00606085 0.053115 0.098156 0.331732 9.9991E-05
9.9964E-05 9.9964E-05 0.0383728 9.9964E-05 0.960338 0.000889161 9.9964E-05
0.0162946 0.0136124 9.9973E-05 0.0180275 0.951766 9.9973E-05 9.9973E-05
0.224124 9.9973E-05 9.9973E-05 0.0409859 0.627233 0.107358 9.9973E-05
0.0916185 0.152369 9.9982E-05 0.0510988 0.692888 0.0118261 9.9982E-05
0.0989468 0.0245822 9.9982E-05 0.0278167 0.847991 0.000463221 9.9982E-05
9.9955E-05 9.9955E-05 9.9955E-05 9.9955E-05 0.996935 9.9955E-05 0.00256498
9.9973E-05 9.9973E-05 0.000315129 0.0314448 0.965801 9.9973E-05 0.00213943
0.193348 0.00462291 9.9964E-05 9.9964E-05 0.801629 9.9964E-05 9.9964E-05
9.9955E-05 9.9955E-05 9.9955E-05 9.9955E-05 0.988704 0.010796 9.9955E-05
9.9955E-05 9.9955E-05 0.0219471 9.9955E-05 0.977553 9.9955E-05 9.9955E-05
9.9955E-05 9.9955E-05 9.9955E-05 9.9955E-05 0.986371 9.9955E-05 0.0131292
0.0499804 0.1131 9.9973E-05 9.9973E-05 0.728118 0.108502 9.9973E-05
0.0523682 0.095095 0.0193937 9.9982E-05 0.749214 9.9982E-05 0.083729
9.9973E-05 0.00391559 0.0100948 9.9973E-05 0.97721 0.00847927 9.9973E-05
0.010839 0.16302 9.9991E-05 0.0535741 0.595202 0.155803 0.0214628
0.319122 0.00426957 9.9991E-05 0.0487709 0.566789 0.0344393 0.02651
0.167757 0.0508578 9.9973E-05 9.9973E-05 0.662523 9.9973E-05 0.118563
0.0611391 0.00250763 9.9982E-05 9.9982E-05 0.879853 0.0194359 0.0368646
0.123712 9.9955E-05 9.9955E-05 9.9955E-05 0.875788 9.9955E-05 9.9955E-05
0.0684112 9.9982E-05 0.00582862 0.0283208 0.81552 9.9982E-05 0.0817193
0.0872014 9.9955E-05 9.9955E-05 9.9955E-05 0.912299 9.9955E-05 9.9955E-05
0.135253 0.0343791 9.9982E-05 9.9982E-05 0.643778 0.135616 0.0507737
9.9964E-05 0.0946123 0.0483096 9.9964E-05 0.856678 9.9964E-05 9.9964E-05
9.9964E-05 9.9964E-05 0.454567 9.9964E-05 9.9964E-05 0.445124 0.0999091
0.108229 0.267827 0.182654 9.9991E-05 0.0585782 0.280955 0.101657
9.9982E-05 0.528857 0.344409 9.9982E-05 0.0185359 0.0940643 0.0139337
0.208156 0.0582365 0.294832 9.9991E-05 0.0085472 0.381414 0.0487143
0.240476 0.392501 0.0835411 9.9991E-05 0.109606 0.0820482 0.0917282
0.0733843 0.150897 0.422755 9.9982E-05 9.9982E-05 0.335052 0.0177127
0.144949 0.522741 0.204258 9.9982E-05 0.0523006 0.075551 9.9982E-05
0.128061 0.223994 0.328098 9.9982E-05 0.0268708 0.292776 9.9982E-05
0.202436 0.353735 0.0996375 9.9982E-05 0.0948526 0.249139 9.9982E-05
0.0425074 0.315374 0.245119 0.00503896 0.142949 0.199283 0.0497287
0.110591 0.465951 0.206233 9.9991E-05 0.0981661 0.0729682 0.0459906
0.101234 0.367291 9.9982E-05 9.9982E-05 0.100991 0.395002 0.0352815
9.9964E-05 0.207413 9.9964E-05 9.9964E-05 0.089201 0.702986 9.9964E-05
9.9964E-05 0.430419 9.9964E-05 9.9964E-05 0.158241 0.410941 9.9964E-05
0.0696362 0.343106 9.9982E-05 9.9982E-05 0.214655 0.308551 0.0638523
0.0236983 0.196348 9.9964E-05 9.9964E-05 9.9964E-05 0.779553 9.9964E-05
9.9982E-05 0.601313 0.145961 9.9982E-05 0.0936938 0.129215 0.0296167
9.9964E-05 0.637948 9.9964E-05 9.9964E-05 9.9964E-05 0.278771 0.0828815
9.995E-05 9.995E-05 9.995E-05 9.995E-05 9.995E-05 0.9994 9.995E-05
9.9964E-05 0.10483 9.9964E-05 9.9964E-05 9.9964E-05 0.823894 0.070876
0.00830897 0.366451 9.9982E-05 9.9982E-05 0.0759789 0.539479 0.00958165
9.9973E-05 9.9973E-05 0.000195947 0.0514959 0.0150405 0.932968 9.9973E-05
0.0116161 0.458285 9.9964E-05 9.9964E-05 9.9964E-05 0.529699 9.9964E-05
9.9964E-05 0.567391 9.9964E-05 0.351673 0.0805357 9.9964E-05 9.9964E-05
0.0686332 0.833295 0.0396035 0.0113828 0.0238129 9.9991E-05 0.0231727
9.9955E-05 9.9955E-05 9.9955E-05 0.964768 9.9955E-05 0.0347322 9.9955E-05
9.9955E-05 9.9955E-05 9.9955E-05 0.979051 9.9955E-05 0.0204494 9.9955E-05
9.9973E-05 0.462098 0.0309075 0.333303 0.173392 9.9973E-05 9.9973E-05
0.270615 0.47632 0.0780074 9.9991E-05 0.107197 0.0140552 0.0537054
0.378988 0.259286 0.0581824 0.0985241 0.141847 9.9991E-05 0.0630726
0.112421 0.199557 0.338011 0.110487 0.138792 0.0644419 0.0362902
0.200348 0.502383 0.296869 9.9964E-05 9.9964E-05 9.9964E-05 9.9964E-05
0.0833064 9.9982E-05 0.15492 0.64687 9.9982E-05 0.0891799 0.0255236
0.161196 0.0110486 0.017827 0.656198 0.0314402 9.9991E-05 0.122189
0.0570196 0.643716 9.9982E-05 0.194416 0.084308 9.9982E-05 0.0203406
0.064189 0.544789 0.0307757 0.252712 0.0926088 9.9991E-05 0.0148258
0.199084 9.9973E-05 9.9973E-05 0.740553 0.0241952 9.9973E-05 0.0358681
0.179226 0.555984 9.9973E-05 0.201492 9.9973E-05 9.9973E-05 0.0629986
0.147179 0.60323 0.0346683 0.214623 9.9973E-05 9.9973E-05 9.9973E-05
0.00228908 0.511235 0.0407601 0.140504 0.218511 0.0681375 0.0185633
9.9955E-05 0.487951 9.9955E-05 0.511549 9.9955E-05 9.9955E-05 9.9955E-05
9.9982E-05 0.394331 0.0216805 0.490889 0.0682745 0.0246255 9.9982E-05
9.9982E-05 0.651458 9.9982E-05 0.131896 0.108989 0.0459827 0.0614747
0.00853637 0.589489 0.102205 0.219555 0.00501597 9.9991E-05 0.0750982
0.377454 0.177161 9.9982E-05 0.182463 9.9982E-05 0.255193 0.00752898
9.9973E-05 0.626544 9.9973E-05 0.249122 9.9973E-05 0.105602 0.0184331
0.0385651 0.100816 9.9973E-05 0.732733 9.9973E-05 0.127586 9.9973E-05
0.0282461 0.665385 9.9982E-05 0.227174 0.0527607 9.9982E-05 0.0262337
0.0920578 0.035137 9.9973E-05 0.80952 0.0629852 9.9973E-05 9.9973E-05
9.9964E-05 0.592274 9.9964E-05 0.381281 9.9964E-05 0.0260453 9.9964E-05
9.9973E-05 0.785092 0.0186993 0.147041 0.048867 9.9973E-05 9.9973E-05
9.9991E-05 0.633787 0.0530496 0.196567 0.0784084 0.022006 0.0160823
0.220736 0.554197 0.106354 9.9991E-05 0.0863207 0.0195119 0.0127811
9.9991E-05 0.460389 0.15557 0.106396 0.209049 0.0226042 0.0458916
0.0214558 0.419745 0.300034 9.9982E-05 0.253176 9.9982E-05 0.00538964
0.374728 0.160938 0.0880945 0.0846995 0.105868 0.185573 9.9991E-05
0.106863 0.595759 0.155657 0.0116202 0.1299 9.9982E-05 9.9982E-05
0.20481 0.532419 0.167434 0.0611575 0.0339797 9.9982E-05 9.9982E-05
9.9964E-05 9.9964E-05 0.474449 0.506055 0.0190969 9.9964E-05 9.9964E-05
0.190794 0.626237 0.0266613 9.9973E-05 0.156008 9.9973E-05 9.9973E-05
9.9973E-05 9.9973E-05 0.637755 0.326004 0.00686566 9.9973E-05 0.0290749
0.255959 0.497671 0.101787 0.144283 9.9973E-05 9.9973E-05 9.9973E-05
9.9964E-05 0.167513 9.9964E-05 0.818542 9.9964E-05 0.0135451 9.9964E-05
9.9955E-05 9.9955E-05 9.9955E-05 0.971688 9.9955E-05 0.0278122 9.9955E-05
0.0269524 0.534024 9.9973E-05 0.396889 9.9973E-05 0.0418352 9.9973E-05
9.9964E-05 0.843844 0.0250077 0.130749 9.9964E-05 9.9964E-05 9.9964E-05
9.9955E-05 0.60184 9.9955E-05 0.39766 9.9955E-05 9.9955E-05 9.9955E-05
9.9973E-05 0.573012 9.9973E-05 0.405788 0.00585436 9.9973E-05 0.0150458
9.9955E-05 0.689353 9.9955E-05 0.310148 9.9955E-05 9.9955E-05 9.9955E-05
0.491974 0.343035 0.00945039 9.9982E-05 0.0972082 0.0581323 9.9982E-05
0.566431 0.287999 9.9973E-05 9.9973E-05 0.12954 0.0157305 9.9973E-05
0.835518 9.9973E-05 9.9973E-05 9.9973E-05 0.0530059 0.063922 0.0472544
0.767705 0.132445 9.9982E-05 9.9982E-05 0.0323403 0.0552518 0.0120574
0.730174 9.9973E-05 9.9973E-05 0.0533962 0.0602734 0.155856 9.9973E-05
0.783924 9.9955E-05 0.215576 9.9955E-05 9.9955E-05 9.9955E-05 9.9955E-05
0.897372 0.00888318 0.0244113 0.0690337 9.9973E-05 9.9973E-05 9.9973E-05
0.957776 9.9955E-05 9.9955E-05 9.9955E-05 9.9955E-05 0.0417244 9.9955E-05
0.652118 0.194534 0.000797345 9.9982E-05 0.125221 0.02713 9.9982E-05
0.525237 0.232342 0.0604044 9.9973E-05 0.181717 9.9973E-05 9.9973E-05
0.519307 0.273388 9.9991E-05 0.0367069 0.0801223 0.0499026 0.0404729
0.810925 0.0110002 9.9991E-05 0.00671419 0.059791 0.0245453 0.0869247
0.591852 0.17639 0.0547143 0.0776869 0.0697804 9.9991E-05 0.0294765
0.977703 9.9955E-05 9.9955E-05 0.021797 9.9955E-05 9.9955E-05 9.9955E-05
0.50788 0.166951 9.9991E-05 0.0691329 0.20729 0.0141619 0.0344842
0.788437 0.19508 9.9964E-05 9.9964E-05 0.0160838 9.9964E-05 9.9964E-05
0.954614 9.9955E-05 0.0448861 9.9955E-05 9.9955E-05 9.9955E-05 9.9955E-05
0.464711 0.277663 0.0672225 0.0556545 0.134549 9.9982E-05 9.9982E-05
0.703542 0.0456437 9.9982E-05 0.0728107 0.0898444 0.0879588 9.9982E-05
0.408898 0.315185 0.0491017 0.0241473 0.0258461 0.036484 0.140338
0.512264 0.243953 0.125629 0.0629327 0.0112055 9.9991E-05 0.0439159
0.438428 0.264023 0.0365163 9.9982E-05 0.176914 0.0839176 9.9982E-05
0.613685 0.215178 9.9973E-05 9.9973E-05 0.151083 9.9973E-05 0.0197538
0.794123 9.9973E-05 0.117381 9.9973E-05 0.0665998 9.9973E-05 0.0215966
0.0808881 0.436405 0.0361643 0.0385146 0.189989 9.9991E-05 0.21794
0.0602619 0.628214 0.118595 9.9991E-05 0.0816001 0.0166882 0.0945409
9.9964E-05 9.9964E-05 0.163069 9.9964E-05 0.0105196 9.9964E-05 0.826012
9.995E-05 9.995E-05 9.995E-05 9.995E-05 9.995E-05 9.995E-05 0.9994
9.9973E-05 0.28631 9.9973E-05 9.9973E-05 0.0874277 0.210572 0.41539
0.139859 9.9982E-05 0.0420154 0.0116424 0.00724889 9.9982E-05 0.799034
9.9964E-05 9.9964E-05 0.335711 9.9964E-05 0.0653375 9.9964E-05 0.598551
0.00259267 0.325546 9.9991E-05 0.107181 0.116701 0.0502678 0.397611
0.171359 0.159609 0.040713 0.114401 0.167832 0.0805709 0.265516
0.278706 0.125885 9.9973E-05 9.9973E-05 9.9973E-05 0.260585 0.334523
0.0534871 0.0470254 9.9964E-05 9.9964E-05 9.9964E-05 9.9964E-05 0.899088
9.9964E-05 0.560141 9.9964E-05 9.9964E-05 0.0834721 9.9964E-05 0.355987
9.9982E-05 0.122323 9.9982E-05 0.0214648 0.0696292 0.134295 0.652088
9.995E-05 9.995E-05 9.995E-05 9.995E-05 9.995E-05 9.995E-05 0.9994
0.0264081 0.534176 0.0522503 9.9982E-05 0.264952 9.9982E-05 0.122014
0.32047 0.3211 9.9964E-05 9.9964E-05 9.9964E-05 9.9964E-05 0.358031
