0.106108 0.0728364 0.025794 0.0577484 0.0791576 0.0537314 0.604624
0.0304503 0.108262 0.222336 0.0396195 0.079237 0.0434656 0.476629
9.9955E-05 9.9955E-05 0.885352 0.114148 9.9955E-05 9.9955E-05 9.9955E-05
9.9964E-05 9.9964E-05 0.189148 9.9964E-05 0.130632 9.9964E-05 0.67982
0.0203777 0.0461792 0.413908 0.058387 0.0521407 9.9991E-05 0.408907
0.126341 9.9982E-05 0.0743971 0.122282 0.0395763 9.9982E-05 0.637203
0.137512 9.9982E-05 0.555011 0.0461256 0.00570888 9.9982E-05 0.255443
0.0418372 0.0523326 0.674293 0.0700182 9.9991E-05 0.0488654 0.112553
9.9982E-05 0.041713 0.551502 0.0019244 9.9982E-05 0.0608371 0.343824
0.095105 0.0532037 0.141644 0.000614407 0.184055 9.9991E-05 0.525278
0.0227254 0.0163283 0.215928 0.115585 0.150494 0.00876697 0.470172
9.9982E-05 0.0972961 0.458976 0.275443 0.0601403 0.107945 9.9982E-05
0.0393079 0.0474271 0.216591 9.9991E-05 0.154569 0.0498929 0.492112
0.00884397 9.9964E-05 0.535209 9.9964E-05 9.9964E-05 9.9964E-05 0.455548
0.0885953 0.0769101 0.348657 9.9982E-05 0.0500741 9.9982E-05 0.435564
0.0780544 9.9991E-05 0.138063 0.0252017 0.153718 0.0436613 0.561202
9.9973E-05 9.9973E-05 9.9973E-05 0.64621 0.0823263 0.0337954 0.237368
9.995E-05 9.995E-05 9.995E-05 0.9994 9.995E-05 9.995E-05 9.995E-05
9.995E-05 9.995E-05 9.995E-05 0.9994 9.995E-05 9.995E-05 9.995E-05
9.9973E-05 9.9973E-05 9.9973E-05 0.606511 0.101297 0.228635 0.0632566
9.9973E-05 9.9973E-05 0.361561 9.9973E-05 0.0446122 0.0407276 0.552799
0.00380665 0.0214688 0.167037 9.9991E-05 0.101607 0.171884 0.534096
9.9955E-05 9.9955E-05 9.9955E-05 9.9955E-05 0.702344 9.9955E-05 0.297156
0.043051 0.0525336 9.9973E-05 9.9973E-05 0.491287 9.9973E-05 0.412828
9.9973E-05 0.0395826 9.9973E-05 0.0251484 0.359182 9.9973E-05 0.575787
9.9973E-05 0.0894085 0.556291 9.9973E-05 9.9973E-05 0.0581046 0.295896
0.0292636 0.0279286 0.0599648 0.100391 9.9991E-05 0.0755618 0.70679
9.9973E-05 0.0885158 0.771788 9.9973E-05 9.9973E-05 0.0851547 0.0542414
9.9964E-05 9.9964E-05 0.100693 0.148991 9.9964E-05 9.9964E-05 0.749916
9.9982E-05 0.049252 0.374338 0.012474 0.0620683 9.9982E-05 0.501668
0.0337366 9.9973E-05 0.327897 9.9973E-05 0.0368964 9.9973E-05 0.60117
0.0188343 0.0309115 0.816318 9.9973E-05 9.9973E-05 9.9973E-05 0.133636
0.0292327 9.9973E-05 0.144685 9.9973E-05 0.130036 9.9973E-05 0.695746
9.9973E-05 9.9973E-05 0.238588 9.9973E-05 0.111095 0.0376133 0.612404
0.0004387 9.9964E-05 9.9964E-05 9.9964E-05 0.920928 9.9964E-05 0.0782331
9.9973E-05 9.9973E-05 0.00992515 9.9973E-05 0.842885 0.0857482 0.0611412
9.9973E-05 0.028206 9.9973E-05 9.9973E-05 0.407357 0.391804 0.172334
9.9964E-05 9.9964E-05 9.9964E-05 9.9964E-05 0.683077 0.140519 0.176004
9.9964E-05 9.9964E-05 0.0739703 9.9964E-05 0.85316 0.0724695 9.9964E-05
0.0198273 9.9964E-05 9.9964E-05 0.0205135 0.959259 9.9964E-05 9.9964E-05
9.9973E-05 0.0385275 9.9973E-05 0.0133468 0.930241 0.0175848 9.9973E-05
9.9955E-05 9.9955E-05 9.9955E-05 9.9955E-05 0.833332 9.9955E-05 0.166169
9.9955E-05 9.9955E-05 0.00717432 9.9955E-05 0.992326 9.9955E-05 9.9955E-05
9.995E-05 9.995E-05 9.995E-05 9.995E-05 0.9994 9.995E-05 9.995E-05
9.995E-05 9.995E-05 9.995E-05 9.995E-05 0.9994 9.995E-05 9.995E-05
0.012117 9.9973E-05 0.0239703 9.9973E-05 0.81075 9.9973E-05 0.152863
0.0466684 9.9982E-05 9.9982E-05 0.0335202 0.75126 0.0128066 0.155545
9.9955E-05 9.9955E-05 0.010815 9.9955E-05 0.988685 9.9955E-05 9.9955E-05
9.9982E-05 0.07014 0.0663586 9.9982E-05 0.446114 0.255521 0.161667
0.00294491 0.0625082 0.0588884 9.9982E-05 0.721657 0.153802 9.9982E-05
9.9991E-05 0.0369961 0.0232844 0.0177914 0.722352 0.155156 0.0443195
9.9955E-05 9.9955E-05 9.9955E-05 9.9955E-05 0.927292 9.9955E-05 0.0722078
9.9964E-05 9.9964E-05 9.9964E-05 0.0257657 0.821259 0.152576 9.9964E-05
0.0727815 0.00296784 9.9973E-05 9.9973E-05 0.91273 0.0112212 9.9973E-05
9.995E-05 9.995E-05 9.995E-05 9.995E-05 0.9994 9.995E-05 9.995E-05
0.0290587 0.0181586 0.0706559 9.9991E-05 0.61166 0.0498773 0.220489
9.9973E-05 0.0448508 0.0056005 9.9973E-05 0.935484 0.0137646 9.9973E-05
0.0733075 0.0571893 0.313934 0.55527 9.9973E-05 9.9973E-05 9.9973E-05
0.0703271 0.0201228 0.235569 0.18176 0.0745248 0.0555404 0.362155
9.9991E-05 0.0592106 0.108628 0.277066 0.0730131 0.0718265 0.410156
0.151108 9.9973E-05 0.219724 0.39324 9.9973E-05 9.9973E-05 0.235628
0.0694561 0.0387152 0.177558 0.0401 0.141062 0.19046 0.342649
0.0130308 9.9982E-05 0.264422 0.494543 0.0209509 9.9982E-05 0.206853
0.0568183 0.08532 0.0624021 0.170332 0.0684925 0.031571 0.525064
9.9973E-05 9.9973E-05 0.146644 0.35179 0.153591 9.9973E-05 0.347674
9.9973E-05 9.9973E-05 0.0652364 0.230837 0.122066 9.9973E-05 0.581561
0.0247722 9.9991E-05 0.197899 0.222575 0.0691854 0.281726 0.203743
0.121715 9.9982E-05 0.184806 9.9982E-05 0.15117 0.0967308 0.445377
0.00405688 0.0606347 0.217511 0.0028325 0.0965576 0.126792 0.491616
9.9973E-05 0.010474 0.789626 9.9973E-05 0.118118 9.9973E-05 0.0814817
9.9973E-05 9.9973E-05 0.359458 0.0380478 0.00376691 9.9973E-05 0.598428
9.9973E-05 9.9973E-05 0.247068 0.0416426 0.116849 9.9973E-05 0.59414
9.9964E-05 9.9964E-05 0.733722 9.9964E-05 9.9964E-05 0.0301367 0.235742
9.9964E-05 9.9964E-05 0.262937 9.9964E-05 0.203704 9.9964E-05 0.532959
0.0568774 0.0544083 0.213546 9.9973E-05 9.9973E-05 9.9973E-05 0.674868
9.995E-05 9.995E-05 0.9994 9.995E-05 9.995E-05 9.995E-05 9.995E-05
0.0447938 9.9964E-05 0.806722 9.9964E-05 9.9964E-05 9.9964E-05 0.148085
9.9973E-05 9.9973E-05 0.450713 9.9973E-05 0.00953171 0.0847804 0.454675
0.0182303 0.0495528 0.875746 9.9982E-05 0.0111232 9.9982E-05 0.0451479
9.9955E-05 9.9955E-05 0.487519 9.9955E-05 9.9955E-05 9.9955E-05 0.511981
9.9973E-05 0.399587 9.9973E-05 0.0749463 0.069681 9.9973E-05 0.455486
0.067095 0.169777 0.0815948 9.9991E-05 0.199638 0.001892 0.479903
0.0182219 0.958457 0.0229216 9.9964E-05 9.9964E-05 9.9964E-05 9.9964E-05
9.9955E-05 0.978852 0.0206482 9.9955E-05 9.9955E-05 9.9955E-05 9.9955E-05
9.9982E-05 0.292129 0.0820067 9.9982E-05 0.0817264 0.0854926 0.458445
0.0176878 9.9991E-05 0.0070638 0.128642 0.150796 0.279254 0.416456
0.019782 0.166976 9.9991E-05 0.0773165 0.030352 0.465264 0.240209
9.9973E-05 0.03541 9.9973E-05 0.364039 9.9973E-05 0.467317 0.132934
9.9973E-05 0.0131531 9.9973E-05 0.195642 9.9973E-05 0.323441 0.467464
0.144821 0.697181 0.0394288 0.0253215 0.0930479 9.9982E-05 9.9982E-05
0.0639047 0.656844 9.9973E-05 0.0381439 9.9973E-05 0.240808 9.9973E-05
0.00498935 0.16215 9.9973E-05 9.9973E-05 0.0883248 9.9973E-05 0.744236
9.9973E-05 0.269426 9.9973E-05 0.0393741 0.0258868 9.9973E-05 0.665013
0.032175 0.698062 9.9973E-05 9.9973E-05 9.9973E-05 0.255243 0.0142201
9.9982E-05 0.178078 9.9982E-05 0.0197132 0.0329643 0.157619 0.611425
0.0987989 0.0927977 9.9973E-05 9.9973E-05 9.9973E-05 0.0388987 0.769205
0.0395604 0.161617 0.0633997 0.0324342 0.226048 0.0703375 0.406603
9.9973E-05 0.673665 0.00780903 9.9973E-05 9.9973E-05 0.0907848 0.227441
9.9982E-05 0.605421 0.0604598 9.9982E-05 0.0825573 0.0878367 0.163525
9.9973E-05 0.330347 0.0103084 9.9973E-05 9.9973E-05 0.166268 0.492777
9.9982E-05 0.479181 9.9982E-05 0.0402713 0.029028 0.12458 0.32674
9.9982E-05 0.136629 0.116626 9.9982E-05 0.139113 0.219781 0.387651
9.9973E-05 0.392316 0.122203 9.9973E-05 9.9973E-05 0.120744 0.364438
9.9964E-05 0.787377 0.0879327 9.9964E-05 9.9964E-05 9.9964E-05 0.124291
9.9964E-05 0.389345 9.9964E-05 9.9964E-05 9.9964E-05 0.010828 0.599427
9.9973E-05 0.820842 0.0305287 9.9973E-05 0.00414527 9.9973E-05 0.144184
9.9964E-05 0.566679 9.9964E-05 9.9964E-05 0.0194382 9.9964E-05 0.413483
9.9973E-05 0.14562 9.9973E-05 0.0644126 9.9973E-05 0.0612796 0.728387
9.9973E-05 0.275466 9.9973E-05 0.0558884 0.112539 9.9973E-05 0.555806
0.0296325 0.07805 0.143396 0.0542112 0.166342 0.148311 0.380058
0.137727 0.0972859 0.0975429 0.00378431 0.255151 0.0956097 0.312899
0.0892984 9.9982E-05 9.9982E-05 0.228322 0.129699 0.0345096 0.517971
9.9991E-05 0.0697811 0.0533826 0.236713 0.118903 0.141177 0.379943
9.9991E-05 0.0808528 0.0593336 0.0848323 0.134068 0.149229 0.491584
0.0509573 0.10085 9.9991E-05 0.19793 0.0179527 0.183402 0.448808
9.9955E-05 0.462818 9.9955E-05 0.536682 9.9955E-05 9.9955E-05 9.9955E-05
9.9982E-05 0.0423674 9.9982E-05 0.0620125 0.166848 0.123019 0.605553
9.9955E-05 0.23092 9.9955E-05 0.76858 9.9955E-05 9.9955E-05 9.9955E-05
9.9982E-05 0.18385 9.9982E-05 0.0650968 0.0672465 0.146773 0.536834
0.00403262 0.838322 0.00343306 9.9973E-05 9.9973E-05 9.9973E-05 0.153912
9.9955E-05 0.96699 0.0325098 9.9955E-05 9.9955E-05 9.9955E-05 9.9955E-05
9.9973E-05 0.518552 0.0263555 9.9973E-05 9.9973E-05 0.0497384 0.405054
9.9955E-05 0.285946 9.9955E-05 9.9955E-05 9.9955E-05 9.9955E-05 0.713554
9.9955E-05 0.495892 9.9955E-05 9.9955E-05 9.9955E-05 9.9955E-05 0.503608
0.053967 0.443374 9.9973E-05 9.9973E-05 0.0202931 9.9973E-05 0.482066
9.9955E-05 0.394797 9.9955E-05 9.9955E-05 9.9955E-05 9.9955E-05 0.604704
9.9973E-05 9.9973E-05 0.0214105 9.9973E-05 0.118907 0.567237 0.292146
9.9982E-05 0.03589 0.0237208 9.9982E-05 0.165595 0.593266 0.181328
0.0290483 9.9982E-05 9.9982E-05 0.0466672 0.13248 0.517088 0.274516
0.00777649 9.9982E-05 9.9982E-05 0.0121485 0.0992232 0.705046 0.175606
9.9973E-05 0.0457529 0.0141744 9.9973E-05 9.9973E-05 0.736127 0.203645
9.9955E-05 9.9955E-05 9.9955E-05 0.093198 9.9955E-05 0.906302 9.9955E-05
9.9964E-05 0.0220025 9.9964E-05 9.9964E-05 9.9964E-05 0.942927 0.034671
0.0333741 9.9973E-05 9.9973E-05 9.9973E-05 0.187896 0.700659 0.0777707
9.9964E-05 0.0363268 9.9964E-05 9.9964E-05 9.9964E-05 0.87467 0.0886038
9.9973E-05 9.9973E-05 0.00663458 9.9973E-05 0.0597802 0.753904 0.179381
9.9973E-05 9.9973E-05 0.0813544 9.9973E-05 0.00925858 0.580589 0.328498
0.0116326 0.0530396 0.00828843 0.0178157 0.0621501 0.846974 9.9991E-05
0.00608594 9.9982E-05 0.0533304 9.9982E-05 0.0526573 0.64792 0.239807
0.0472646 9.9973E-05 9.9973E-05 0.0308646 0.0874123 0.834159 9.9973E-05
0.00392488 0.0275446 9.9982E-05 9.9982E-05 0.155243 0.528778 0.28431
9.9964E-05 0.0463092 9.9964E-05 9.9964E-05 9.9964E-05 0.873577 0.0797138
0.0208426 9.9973E-05 9.9973E-05 0.000743859 0.0369407 0.941173 9.9973E-05
0.0201799 0.130874 9.9991E-05 0.00893664 0.192974 0.450498 0.196437
9.9973E-05 9.9973E-05 0.171363 9.9973E-05 0.0290927 0.738984 0.0602604
0.0105739 0.0449179 0.135946 0.0379276 0.028605 0.624305 0.117725
0.0223123 0.0758327 9.9991E-05 0.117196 0.0714044 0.439114 0.274041
9.9982E-05 9.9982E-05 0.0577815 0.04392 0.127959 0.499385 0.270755
9.9982E-05 9.9982E-05 0.055585 0.0329392 0.215204 0.559874 0.136198
9.9955E-05 9.9955E-05 9.9955E-05 0.0383743 9.9955E-05 0.961126 9.9955E-05
0.221747 9.9982E-05 9.9982E-05 0.0949099 0.0299686 0.221879 0.431296
0.1787 0.0125275 9.9991E-05 0.0593545 0.14814 0.0077532 0.593425
0.764857 9.9964E-05 9.9964E-05 0.193196 0.041547 9.9964E-05 9.9964E-05
0.9994 9.995E-05 9.995E-05 9.995E-05 9.995E-05 9.995E-05 9.995E-05
0.430188 9.9973E-05 0.0672473 9.9973E-05 0.117137 9.9973E-05 0.385128
0.840705 9.9964E-05 0.036233 9.9964E-05 9.9964E-05 0.122663 9.9964E-05
0.651658 9.9964E-05 9.9964E-05 0.314025 9.9964E-05 0.0339166 9.9964E-05
0.330772 0.0869392 0.00285995 9.9982E-05 9.9982E-05 0.169932 0.409297
0.186303 9.9991E-05 0.0678506 0.180743 0.0411475 0.162667 0.361189
0.304282 9.9982E-05 0.0405524 0.166213 9.9982E-05 0.118481 0.370271
0.927276 9.9973E-05 9.9973E-05 9.9973E-05 0.0119368 0.051103 0.00938418
0.453452 9.9964E-05 9.9964E-05 9.9964E-05 0.0971801 9.9964E-05 0.448968
0.672629 0.0424934 0.105317 9.9982E-05 0.0152307 9.9982E-05 0.16413
0.9994 9.995E-05 9.995E-05 9.995E-05 9.995E-05 9.995E-05 9.995E-05
0.0840466 9.9982E-05 9.9982E-05 0.0715186 0.185174 0.0523102 0.606751
0.358583 9.9973E-05 0.0222329 9.9973E-05 9.9973E-05 0.36848 0.250405
