9.9991E-05 0.183522 0.135273 0.068608 0.088028 0.389171 0.135298
0.069759 0.0237886 0.0257305 0.0279219 0.108233 0.541648 0.202919
0.0181598 9.9973E-05 0.173425 0.110609 9.9973E-05 9.9973E-05 0.697507
9.9982E-05 0.0710579 0.0647837 9.9982E-05 0.100912 0.664005 0.0990417
0.160884 0.0559411 9.9982E-05 9.9982E-05 0.0727079 0.326467 0.3838
0.0238842 0.207623 9.9991E-05 0.0528835 0.049659 0.30213 0.363721
0.0958386 0.0353432 0.0785009 9.9982E-05 9.9982E-05 0.243187 0.54693
9.9973E-05 0.00315548 0.163749 0.134174 9.9973E-05 9.9973E-05 0.698621
9.9973E-05 0.114772 9.9973E-05 0.0151007 9.9973E-05 0.32684 0.542987
0.0400097 9.9991E-05 0.0363624 0.0658836 0.136242 0.543875 0.177527
0.0763495 0.0637122 0.0259157 0.0530848 0.159751 0.333226 0.287961
0.0760066 9.9982E-05 0.259086 0.168478 0.0805644 9.9982E-05 0.415665
0.0204958 0.168419 9.9982E-05 9.9982E-05 0.143458 0.404841 0.262586
0.0040512 9.9964E-05 9.9964E-05 9.9964E-05 9.9964E-05 0.287173 0.708376
9.9973E-05 9.9973E-05 9.9973E-05 0.0503287 0.118416 0.232711 0.598245
9.9982E-05 0.146988 0.108029 9.9982E-05 0.0981092 0.514381 0.132292
9.9973E-05 0.0354412 0.625152 9.9973E-05 0.105581 0.233525 9.9973E-05
9.995E-05 9.995E-05 0.9994 9.995E-05 9.995E-05 9.995E-05 9.995E-05
9.995E-05 9.995E-05 0.9994 9.995E-05 9.995E-05 9.995E-05 9.995E-05
0.0449583 0.194757 0.624878 9.9982E-05 0.0897376 0.0454698 9.9982E-05
9.9973E-05 0.016049 9.9973E-05 9.9973E-05 0.0545798 0.548575 0.380496
0.02877 9.9982E-05 0.0499445 9.9982E-05 0.0800438 0.681896 0.159146
9.9964E-05 0.0460401 9.9964E-05 9.9964E-05 0.74732 0.20624 9.9964E-05
0.00207084 0.02277 9.9982E-05 9.9982E-05 0.555357 0.307377 0.112226
0.053428 0.185592 0.107514 0.0433968 0.337555 0.272415 9.9991E-05
0.00128086 9.9982E-05 9.9982E-05 0.097891 0.0817936 0.163726 0.655109
9.9982E-05 0.041945 0.0362622 9.9982E-05 0.0697076 0.695512 0.156373
9.9982E-05 0.00991854 0.112883 0.123804 0.0180951 9.9982E-05 0.7351
9.9973E-05 0.0717017 0.0220843 9.9973E-05 9.9973E-05 0.732178 0.173736
9.9982E-05 9.9982E-05 0.112439 0.0587311 0.026806 0.505056 0.296768
9.9973E-05 0.00231893 9.9973E-05 9.9973E-05 0.104557 0.413125 0.479698
0.031817 9.9991E-05 0.014291 0.0742568 0.0464711 0.000760337 0.832304
9.9973E-05 0.0625526 9.9973E-05 9.9973E-05 0.193194 0.580217 0.163737
0.00461883 9.9982E-05 0.140674 0.0309437 0.0519801 0.771584 9.9982E-05
9.9973E-05 0.0490201 0.0432102 0.00040283 0.907067 9.9973E-05 9.9973E-05
9.9955E-05 9.9955E-05 9.9955E-05 9.9955E-05 0.951371 0.048129 9.9955E-05
9.999E-05 0.203959 0.0176358 0.0387936 0.538711 0.150608 0.0501927
9.9982E-05 0.245269 9.9982E-05 0.00659223 0.588582 0.0883652 0.0709908
9.9964E-05 0.232595 9.9964E-05 9.9964E-05 0.698587 0.0684183 9.9964E-05
0.021602 9.9955E-05 9.9955E-05 9.9955E-05 0.977898 9.9955E-05 9.9955E-05
0.034551 9.9955E-05 9.9955E-05 9.9955E-05 0.964949 9.9955E-05 9.9955E-05
9.9964E-05 0.16686 9.9964E-05 9.9964E-05 0.775475 0.0572655 9.9964E-05
9.9955E-05 9.9955E-05 9.9955E-05 9.9955E-05 0.988335 9.9955E-05 0.0111655
9.9955E-05 9.9955E-05 0.00886063 9.9955E-05 0.99064 9.9955E-05 9.9955E-05
9.995E-05 9.995E-05 9.995E-05 9.995E-05 0.9994 9.995E-05 9.995E-05
9.9973E-05 0.0548746 9.9973E-05 9.9973E-05 0.766346 0.131878 0.0466015
0.0759724 9.9973E-05 0.0302246 9.9973E-05 0.815603 0.0779001 9.9973E-05
0.00587694 9.9973E-05 0.013257 0.00847728 0.972089 9.9973E-05 9.9973E-05
0.0188813 0.0758756 0.0479266 0.091937 0.470993 0.224677 0.0697086
0.04679 0.206451 9.9991E-05 0.00798328 0.60533 0.0990138 0.0343323
0.0247952 0.234778 9.9973E-05 9.9973E-05 0.702171 9.9973E-05 0.0379564
9.9991E-05 0.040375 0.0616069 0.0349729 0.827434 0.0296001 0.00591082
9.9964E-05 0.238754 0.00734614 9.9964E-05 0.7535 9.9964E-05 9.9964E-05
0.0110557 0.105628 0.0366968 9.9973E-05 0.84632 9.9973E-05 9.9973E-05
9.9955E-05 9.9955E-05 0.00598681 9.9955E-05 0.993513 9.9955E-05 9.9955E-05
0.0375863 0.253322 9.9982E-05 9.9982E-05 0.608834 0.0482401 0.051818
9.9964E-05 9.9964E-05 0.0605921 0.058632 0.880376 9.9964E-05 9.9964E-05
0.0842718 9.9964E-05 0.573558 9.9964E-05 9.9964E-05 9.9964E-05 0.34177
0.0498185 0.0460995 0.162159 9.9991E-05 0.066188 0.412535 0.2631
9.9964E-05 9.9964E-05 0.390377 9.9964E-05 9.9964E-05 0.554802 0.0544203
0.0208168 0.130381 0.360531 9.9982E-05 0.00432391 9.9982E-05 0.483747
9.9991E-05 0.292864 0.148333 0.00489514 0.098042 0.318257 0.137509
9.9982E-05 0.00765731 0.392158 0.0220529 0.0860208 9.9982E-05 0.491912
0.0079012 0.166346 0.310184 0.0206981 0.0123919 0.480923 0.00155623
9.9982E-05 0.0777961 0.238875 9.9982E-05 0.147235 0.184182 0.351713
0.010375 0.096032 0.160127 9.9991E-05 0.0957976 0.38268 0.254889
0.0369069 0.236894 0.252505 9.9991E-05 0.0551913 0.171096 0.247307
9.9991E-05 0.0845795 0.193894 0.0817915 0.202211 0.236892 0.200533
0.0230295 9.9982E-05 0.0284759 9.9982E-05 0.243401 0.349718 0.355176
0.00578216 9.9973E-05 0.0279911 9.9973E-05 9.9973E-05 0.281857 0.68407
9.9973E-05 9.9973E-05 0.0163428 9.9973E-05 0.159808 0.405301 0.418249
9.9973E-05 0.181378 0.178104 9.9973E-05 9.9973E-05 0.494976 0.145243
9.9973E-05 0.063984 0.012624 9.9973E-05 9.9973E-05 0.0916728 0.831419
9.9964E-05 9.9964E-05 9.9964E-05 9.9964E-05 0.150515 0.484444 0.364641
0.0488313 0.00962838 9.9973E-05 9.9973E-05 9.9973E-05 0.649672 0.291568
9.9955E-05 9.9955E-05 9.9955E-05 0.0204857 9.9955E-05 9.9955E-05 0.979015
0.0526718 0.00127235 9.9973E-05 9.9973E-05 9.9973E-05 0.117574 0.828182
9.9964E-05 0.104963 9.9964E-05 9.9964E-05 9.9964E-05 0.317029 0.577608
9.9955E-05 9.9955E-05 9.9955E-05 0.0745656 9.9955E-05 9.9955E-05 0.924935
9.9964E-05 0.0496329 9.9964E-05 9.9964E-05 9.9964E-05 0.307688 0.642279
9.9973E-05 9.9973E-05 0.0582589 0.279682 0.0827203 0.579038 9.9973E-05
0.0160213 0.120051 0.0545287 0.106144 9.9982E-05 0.703055 9.9982E-05
9.9955E-05 9.9955E-05 9.9955E-05 0.976954 9.9955E-05 9.9955E-05 0.0225461
0.0390547 9.9955E-05 9.9955E-05 0.960445 9.9955E-05 9.9955E-05 9.9955E-05
9.9991E-05 0.287751 0.0061862 0.260794 0.0266331 0.394315 0.0242215
0.00596211 0.440166 0.138465 9.9991E-05 0.0142442 0.357044 0.0440186
0.0111938 0.504387 0.0483065 0.155144 0.0220425 0.258826 9.9991E-05
0.0389407 0.460029 0.284197 0.114076 9.9991E-05 0.0952802 0.00737749
9.9973E-05 0.356596 0.201196 0.0462861 9.9973E-05 0.395622 9.9973E-05
0.084648 9.9982E-05 0.0249308 0.722372 0.083833 9.9982E-05 0.0840164
0.0940321 0.250643 9.9982E-05 0.623048 9.9982E-05 0.0103597 0.0217174
0.0404845 0.108768 9.9982E-05 0.262743 0.116417 0.471387 9.9982E-05
9.9973E-05 0.219451 9.9973E-05 0.450379 0.00829035 0.32158 9.9973E-05
9.9955E-05 0.282442 9.9955E-05 0.717058 9.9955E-05 9.9955E-05 9.9955E-05
0.00421586 0.177775 0.080516 0.142386 9.9982E-05 0.594907 9.9982E-05
9.9973E-05 9.9973E-05 0.0460278 0.148266 0.0868688 0.718538 9.9973E-05
0.0637857 0.248868 9.9991E-05 0.00266845 0.0550848 0.431585 0.197908
0.00560991 9.9973E-05 9.9973E-05 0.401417 9.9973E-05 0.533831 0.0588415
9.9973E-05 0.0409743 9.9973E-05 0.395578 9.9973E-05 0.433756 0.129392
0.0571823 9.9973E-05 9.9973E-05 0.0688904 0.0223433 0.851284 9.9973E-05
9.9964E-05 9.9964E-05 0.134434 0.179165 9.9964E-05 0.686001 9.9964E-05
0.0831503 0.287792 9.9982E-05 0.0429031 9.9982E-05 0.44863 0.137324
0.0111252 0.0413567 9.9982E-05 0.305408 9.9982E-05 0.535421 0.106489
9.9973E-05 9.9973E-05 0.00146495 0.705448 9.9973E-05 0.227533 0.0652538
0.0784 0.0114579 9.9973E-05 0.202233 9.9973E-05 0.70761 9.9973E-05
0.0372042 9.9973E-05 9.9973E-05 0.791974 0.0368711 0.133651 9.9973E-05
9.9973E-05 9.9973E-05 0.00291584 0.429715 0.0226636 0.544406 9.9973E-05
0.0324587 0.0510326 0.0439988 0.130029 0.0400172 0.702363 9.9991E-05
9.9973E-05 0.0862063 9.9973E-05 0.283915 0.0390421 0.590536 9.9973E-05
0.0806487 0.22178 0.0644237 9.9982E-05 0.159977 0.472971 9.9982E-05
9.9982E-05 0.304931 9.9982E-05 0.147312 0.137125 0.228013 0.182419
0.0327997 0.161054 0.304086 9.9982E-05 0.13658 0.36528 9.9982E-05
0.059339 0.183428 0.0530975 0.0241838 0.140084 0.307293 0.232575
9.9982E-05 0.384868 0.00947466 9.9982E-05 0.0271526 0.335926 0.242378
0.0852737 0.467196 0.00717347 0.191946 0.0437398 0.204571 9.9991E-05
9.9973E-05 0.0250946 0.556372 0.412135 9.9973E-05 0.00609769 9.9973E-05
9.9973E-05 0.0296841 0.110553 9.9973E-05 0.192597 0.666865 9.9973E-05
9.9955E-05 9.9955E-05 0.747263 0.252237 9.9955E-05 9.9955E-05 9.9955E-05
9.9982E-05 0.350036 0.00801218 0.174033 0.0086149 0.459104 9.9982E-05
9.9964E-05 9.9964E-05 0.039285 0.75515 9.9964E-05 0.205165 9.9964E-05
9.995E-05 9.995E-05 9.995E-05 0.9994 9.995E-05 9.995E-05 9.995E-05
0.00694095 9.9973E-05 9.9973E-05 0.338243 9.9973E-05 0.650752 0.00376368
9.9964E-05 9.9964E-05 0.0586111 0.188104 9.9964E-05 0.752885 9.9964E-05
9.9955E-05 9.9955E-05 9.9955E-05 0.324467 9.9955E-05 0.675033 9.9955E-05
9.9964E-05 9.9964E-05 9.9964E-05 0.373686 0.0177994 0.608115 9.9964E-05
9.9955E-05 9.9955E-05 9.9955E-05 0.196924 9.9955E-05 0.802576 9.9955E-05
0.0757775 0.565579 0.00762709 9.9982E-05 0.0876162 0.2632 9.9982E-05
9.9982E-05 0.647183 0.0200258 9.9982E-05 0.180271 0.1095 0.0428205
0.0372788 0.855947 0.0237261 9.9973E-05 9.9973E-05 0.0827481 9.9973E-05
0.0651091 0.765336 9.9982E-05 0.00913575 0.0495487 0.11067 9.9982E-05
0.0295026 0.64891 9.9991E-05 0.0304726 0.0721677 0.172652 0.046195
9.9955E-05 0.830391 0.16911 9.9955E-05 9.9955E-05 9.9955E-05 9.9955E-05
9.9964E-05 0.958662 0.00782714 0.0331107 9.9964E-05 9.9964E-05 9.9964E-05
0.0538276 0.756257 9.9982E-05 0.020926 0.123484 0.0453056 9.9982E-05
0.00623723 0.841326 9.9991E-05 0.0117817 0.0136803 0.124385 0.00248999
9.9964E-05 0.63659 9.9964E-05 9.9964E-05 0.171474 0.191536 9.9964E-05
0.043151 0.543124 9.9982E-05 9.9982E-05 0.078037 0.265145 0.0703434
9.9973E-05 0.90892 9.9973E-05 0.0293237 0.0346971 9.9973E-05 0.0267595
9.9973E-05 0.60407 9.9973E-05 9.9973E-05 0.141486 0.0508521 0.203292
0.00612499 0.913048 9.9973E-05 0.0426085 0.0379186 9.9973E-05 9.9973E-05
9.9973E-05 0.59286 9.9973E-05 0.10165 0.194816 9.9973E-05 0.110374
9.9964E-05 0.86956 9.9964E-05 0.0496856 9.9964E-05 9.9964E-05 0.0803544
0.0105456 0.931034 0.0431193 9.9982E-05 0.00467512 0.0104261 9.9982E-05
9.9991E-05 0.48078 0.0171425 0.0915351 0.179224 0.189493 0.0417261
0.0393189 0.783539 0.034793 0.0428168 9.9991E-05 0.0657301 0.0337027
0.117381 0.492737 0.0341661 0.127079 0.0546491 0.173888 9.9991E-05
0.114882 0.479752 0.122983 0.0458917 0.0265013 0.205097 0.00489309
0.00842544 0.563736 9.9982E-05 9.9982E-05 0.254938 0.0210078 0.151693
9.9964E-05 0.631655 9.9964E-05 9.9964E-05 0.202141 0.165804 9.9964E-05
9.9955E-05 0.92803 0.0714706 9.9955E-05 9.9955E-05 9.9955E-05 9.9955E-05
0.188813 0.190804 0.112039 9.9991E-05 0.109708 0.367144 0.0313926
0.23671 0.177285 0.0689996 9.9973E-05 9.9973E-05 0.516706 9.9973E-05
0.794857 9.9964E-05 0.167696 9.9964E-05 9.9964E-05 0.0370473 9.9964E-05
0.9994 9.995E-05 9.995E-05 9.995E-05 9.995E-05 9.995E-05 9.995E-05
0.366457 0.154199 9.9991E-05 0.0524143 0.0978895 0.137042 0.191898
0.806522 0.0326033 9.9982E-05 0.0832886 0.0654002 9.9982E-05 0.0119858
0.688156 0.0311827 0.255233 9.9973E-05 0.0251284 9.9973E-05 9.9973E-05
0.304471 0.150634 0.0228451 0.018198 0.0328778 0.470874 9.9991E-05
0.327361 0.0873095 0.0221934 0.00578596 0.134739 0.411848 0.0107633
0.39457 0.1856 0.109773 0.00854614 0.0350841 0.0475417 0.218884
0.896873 0.0656147 9.9982E-05 9.9982E-05 0.00186382 0.020299 0.0151493
0.312949 0.201892 9.9973E-05 9.9973E-05 0.00729439 0.477565 9.9973E-05
0.683029 9.9973E-05 9.9973E-05 9.9973E-05 0.0127145 0.243983 0.0599737
0.9994 9.995E-05 9.995E-05 9.995E-05 9.995E-05 9.995E-05 9.995E-05
0.0748517 0.19222 0.0614739 9.9982E-05 0.178962 0.492293 9.9982E-05
0.391228 0.281384 9.9982E-05 9.9982E-05 0.0838324 0.223489 0.0198668
