0.331755 0.0679902 0.0642125 0.417083 0.118959
0.173934 0.159996 0.0226828 0.396796 0.246591
9.9982E-05 9.9982E-05 0.298976 0.582316 0.118508
0.229165 0.203407 9.9991E-05 0.528466 0.0388616
0.0320456 0.133823 0.109201 0.600324 0.124607
0.366662 0.0313142 0.0911803 0.452784 0.0580592
0.0564009 9.9982E-05 0.288143 0.655256 9.9982E-05
9.9973E-05 9.9973E-05 0.190975 0.808726 9.9973E-05
0.172043 9.9991E-05 0.0506346 0.651045 0.126178
0.309153 0.106406 9.9991E-05 0.54639 0.0379511
0.142569 0.149616 0.135078 0.54233 0.0304066
9.999E-05 0.10615 0.356318 0.436561 0.100871
0.234069 0.180127 9.9991E-05 0.493872 0.0918321
9.9973E-05 0.0123929 9.9973E-05 0.987307 9.9973E-05
9.9982E-05 0.187919 9.9982E-05 0.670631 0.14125
0.221825 0.190761 9.9991E-05 0.390639 0.196675
0.312538 0.094194 0.505007 0.0528514 0.0354101
0.106878 0.0184423 0.874479 9.9982E-05 9.9982E-05
9.9973E-05 0.0659992 0.933701 9.9973E-05 9.9973E-05
0.375342 0.115106 0.509352 9.9982E-05 9.9982E-05
0.134369 0.0884148 9.9982E-05 0.777016 9.9982E-05
0.336062 0.118109 9.9991E-05 0.415949 0.12978
9.9982E-05 0.923337 9.9982E-05 0.0454 0.0310634
0.11634 0.56402 9.9991E-05 0.196999 0.12254
0.134544 0.549043 9.9991E-05 0.262326 0.0539864
9.9982E-05 0.0749909 9.9982E-05 0.762142 0.162667
0.428732 9.9982E-05 9.9982E-05 0.427035 0.144033
9.9991E-05 0.00605143 0.136734 0.804094 0.0530204
0.25301 0.00636984 9.9982E-05 0.74042 9.9982E-05
0.0678853 0.158138 0.00722423 0.664706 0.102047
0.308177 0.00724129 9.9982E-05 0.684382 9.9982E-05
9.9982E-05 9.9982E-05 0.153629 0.823263 0.0229087
0.131129 0.232495 9.9982E-05 0.636176 9.9982E-05
0.169116 0.244805 9.9991E-05 0.453024 0.132956
0.0802667 0.896735 9.9982E-05 9.9982E-05 0.0227982
0.0593134 0.934149 9.9982E-05 9.9982E-05 0.00633788
0.333861 0.511274 9.9991E-05 0.0811242 0.0736413
0.136596 0.678876 9.9991E-05 0.119073 0.0653551
0.139887 0.783473 0.0176955 0.0405765 0.0183678
9.9973E-05 0.963232 0.0364679 9.9973E-05 9.9973E-05
9.9973E-05 0.986394 0.0133066 9.9973E-05 9.9973E-05
0.217023 0.782677 9.9973E-05 9.9973E-05 9.9973E-05
9.9973E-05 0.9977 9.9973E-05 0.0020002 9.9973E-05
9.997E-05 0.9996 9.997E-05 9.997E-05 9.997E-05
9.9973E-05 0.98395 0.01575 9.9973E-05 9.9973E-05
0.0451091 0.798361 9.9982E-05 0.15633 9.9982E-05
0.059449 0.837862 0.0391912 0.0633978 9.9991E-05
9.997E-05 0.9996 9.997E-05 9.997E-05 9.997E-05
0.199797 0.434529 9.9982E-05 0.365475 9.9982E-05
0.165007 0.628261 0.0774207 9.9991E-05 0.129212
0.272661 0.661271 0.0371537 9.9991E-05 0.0288138
0.0524927 0.881551 0.027045 0.0388115 9.9991E-05
0.102918 0.854503 0.0423788 9.9982E-05 9.9982E-05
0.0770676 0.843607 0.0515736 0.0200861 0.00766596
9.9973E-05 0.998152 0.00154802 9.9973E-05 9.9973E-05
0.118976 0.6844 0.0392528 0.0391471 0.118224
0.0585447 0.859871 0.0443606 9.9991E-05 0.0371235
9.9982E-05 9.9982E-05 0.615909 0.339743 0.0441478
0.273746 0.0547591 0.215189 0.422677 0.0336288
0.326531 0.00794212 0.197671 0.441813 0.0260433
0.176369 9.9982E-05 0.443929 0.379502 9.9982E-05
0.393509 0.176843 9.9991E-05 0.227126 0.202422
0.0748767 0.112046 0.400377 0.394931 0.0177698
0.335616 0.0843677 0.138491 0.389053 0.052472
0.243813 0.0745482 0.234137 0.447402 9.9991E-05
0.298921 0.123838 0.0892813 0.48786 9.9991E-05
0.324507 0.0688813 0.128851 0.36554 0.112222
0.233794 0.153462 0.10876 0.470322 0.0336605
0.200575 0.0992987 0.00733975 0.507643 0.185143
9.9982E-05 0.038751 0.115398 0.845651 9.9982E-05
0.202698 0.0769834 0.0154241 0.665845 0.0390495
0.413517 0.0091717 9.9991E-05 0.530839 0.0463726
9.9982E-05 9.9982E-05 0.100908 0.852891 0.0460009
0.122232 0.218911 0.00160648 0.492078 0.165173
0.163313 0.0647306 9.9991E-05 0.640693 0.131164
9.9973E-05 9.9973E-05 0.0825618 0.917138 9.9973E-05
9.9973E-05 9.9973E-05 0.100104 0.899596 9.9973E-05
0.0842475 0.107894 9.9982E-05 0.807659 9.9982E-05
9.9973E-05 9.9973E-05 0.131213 0.868487 9.9973E-05
0.102602 0.0294132 9.9982E-05 0.867785 9.9982E-05
0.269054 0.0687824 9.9991E-05 0.119137 0.542927
0.40247 9.9991E-05 0.049297 0.163301 0.384832
9.9973E-05 9.9973E-05 0.0801198 9.9973E-05 0.91958
9.9982E-05 9.9982E-05 0.0340507 0.00940934 0.95634
0.224034 0.131502 9.9991E-05 0.127592 0.516773
0.463734 0.105422 0.119881 0.235262 0.0757005
0.499258 0.144995 0.0774166 0.0300408 0.248289
0.336731 0.0900609 0.357562 9.9991E-05 0.215546
0.547828 0.0391865 0.13591 9.9991E-05 0.276976
9.9982E-05 0.00514048 0.257187 9.9982E-05 0.737472
0.131637 9.9982E-05 0.187006 9.9982E-05 0.681157
0.171376 0.150706 9.9991E-05 0.160542 0.517275
0.236542 0.114104 9.9982E-05 9.9982E-05 0.649154
0.118516 9.9982E-05 0.143791 9.9982E-05 0.737493
0.490298 9.9982E-05 9.9982E-05 0.00148964 0.508012
0.208937 0.168002 9.9991E-05 0.150657 0.472304
0.196615 0.225125 9.9991E-05 0.368282 0.209877
0.100912 9.9982E-05 9.9982E-05 0.139123 0.759765
0.19718 0.00369357 0.042663 0.116459 0.640005
0.33906 0.0273369 9.9991E-05 0.276151 0.357352
0.318676 9.9991E-05 0.0218817 0.192986 0.466357
0.318902 0.0432233 9.9991E-05 0.360638 0.277137
0.123629 0.0656235 9.9991E-05 0.283405 0.527242
9.9982E-05 9.9982E-05 0.0128189 0.120873 0.866108
0.292588 0.0307012 9.9991E-05 0.0662568 0.610354
9.9982E-05 0.0654188 9.9982E-05 0.031398 0.902983
0.0655792 0.0970038 9.9991E-05 0.137304 0.700014
0.271194 0.224509 9.9991E-05 0.0997508 0.404446
0.147037 0.142494 9.9991E-05 0.134025 0.576344
0.344067 0.237294 0.146475 0.146277 0.125887
0.0578067 0.295096 0.131204 0.14477 0.371124
0.39803 0.17189 0.131594 0.187381 0.111105
0.415551 0.122516 0.137202 0.136859 0.187872
0.496622 0.0891908 0.0450204 0.369067 9.9991E-05
0.370971 0.132712 0.151622 0.0891159 0.25558
9.9982E-05 0.0679969 0.390032 9.9982E-05 0.541771
0.509409 0.129083 9.9991E-05 0.180914 0.180494
9.9982E-05 0.0338682 0.600778 9.9982E-05 0.365154
0.504527 0.0333989 9.9982E-05 9.9982E-05 0.461874
9.9973E-05 9.9973E-05 0.0137964 9.9973E-05 0.985904
9.9973E-05 9.9973E-05 0.0165325 9.9973E-05 0.983168
0.11133 0.0415734 9.9991E-05 0.233173 0.613825
0.24161 0.0455514 9.9991E-05 0.207986 0.504752
0.0350973 0.0442902 9.9991E-05 0.0668433 0.853669
0.168695 0.0792883 9.9991E-05 0.117454 0.634462
0.171966 0.0579106 9.9991E-05 0.0856208 0.684403
0.826894 0.0253496 9.9991E-05 0.102723 0.0449335
0.79842 0.0271504 0.0262409 0.148088 9.9991E-05
0.793388 0.0599531 0.04976 0.0184853 0.0784138
0.817619 0.0502145 0.0308981 0.101168 9.9991E-05
0.739807 0.0188101 0.0634514 0.111474 0.0664568
0.816228 9.9973E-05 0.183472 9.9973E-05 9.9973E-05
0.993006 9.9982E-05 0.00238056 9.9982E-05 0.00441333
0.946666 9.9973E-05 0.0530341 9.9973E-05 9.9973E-05
0.867379 9.9991E-05 0.0601334 0.0409623 0.0314255
0.8931 0.053202 9.9982E-05 0.0534977 9.9982E-05
0.77983 0.0874679 0.0217962 0.110806 9.9991E-05
0.785922 0.134536 0.0163853 9.9991E-05 0.0630575
0.742675 0.0354012 0.0652134 0.0942112 0.0624988
0.81765 0.108499 0.0135468 9.9991E-05 0.0602043
0.697512 0.165628 9.9991E-05 0.0416653 0.0950943
0.839901 9.9982E-05 0.0880617 0.0718373 9.9982E-05
0.937825 9.9973E-05 0.061875 9.9973E-05 9.9973E-05
0.394121 0.278434 0.0760835 0.0694845 0.181877
0.717642 9.9991E-05 0.0573586 0.182886 0.0420138
0.402628 0.165045 0.14784 0.162943 0.121543
0.372801 0.184728 0.237463 0.00233026 0.202677
0.558562 0.263398 0.0057884 0.147502 0.0247493
0.784637 0.124823 0.0117016 0.0191396 0.0596995
0.907657 9.9973E-05 0.0920433 9.9973E-05 9.9973E-05
0.296124 0.196149 0.162914 0.344713 9.9991E-05
0.417459 0.0491322 0.0956411 0.291709 0.146059
0.0451691 0.0218365 0.932794 9.9982E-05 9.9982E-05
9.9982E-05 9.9982E-05 0.967446 0.0243751 0.00797883
0.202353 0.0513174 0.282934 0.463297 9.9991E-05
0.0228892 0.083045 0.783623 0.0794839 0.0309586
0.143877 9.9973E-05 0.855823 9.9973E-05 9.9973E-05
0.297819 0.0511965 0.312581 0.214511 0.123892
0.252008 0.0915194 0.247189 0.325152 0.0841322
0.214472 0.0608317 0.434671 0.289926 9.9991E-05
0.0912763 9.9982E-05 0.810937 0.097587 9.9982E-05
0.360787 0.0667548 0.182417 0.258167 0.131874
0.00590341 0.0884167 0.581517 0.259491 0.0646721
9.997E-05 9.997E-05 0.9996 9.997E-05 9.997E-05
0.208505 0.290925 0.0271933 0.28357 0.189808
0.491937 0.0130988 0.347375 0.117514 0.0300751
