0.324877 0.109801 9.9991E-05 0.0457207 0.519502
0.216813 9.9982E-05 9.9982E-05 0.1095 0.673487
9.9982E-05 0.047737 0.436767 9.9982E-05 0.515296
0.323565 0.0492886 0.0264967 9.9991E-05 0.60055
0.160613 0.056002 0.064595 0.135627 0.583164
0.222547 0.112386 9.9991E-05 0.19597 0.468997
9.9982E-05 9.9982E-05 0.161068 0.193923 0.64481
9.9973E-05 9.9973E-05 0.286969 9.9973E-05 0.712731
0.141938 0.0951658 0.00321006 0.0849231 0.674763
0.256575 0.0961608 9.9991E-05 0.136102 0.511063
0.250694 0.0903009 0.115493 0.0359369 0.507575
0.0258645 0.102869 0.51795 9.9991E-05 0.353217
0.386669 0.0431559 9.9982E-05 9.9982E-05 0.569976
0.00160996 9.9982E-05 9.9982E-05 0.0777615 0.920429
0.116817 0.0486553 9.9991E-05 0.115672 0.718756
0.367514 0.144426 9.9991E-05 0.0521426 0.435818
0.297789 9.9991E-05 0.527861 0.0488019 0.125448
9.997E-05 9.997E-05 0.9996 9.997E-05 9.997E-05
9.997E-05 9.997E-05 0.9996 9.997E-05 9.997E-05
0.335136 9.9991E-05 0.491046 0.130172 0.0435459
0.190524 9.9973E-05 9.9973E-05 9.9973E-05 0.809176
0.368439 0.0416981 9.9991E-05 0.0324819 0.557281
0.839645 0.0820875 9.9982E-05 9.9982E-05 0.078068
0.652335 0.129793 0.0221441 9.9991E-05 0.195629
0.596347 0.0103415 0.0665961 0.0127929 0.313923
0.0198768 0.0249962 0.0989916 9.9991E-05 0.856035
0.223548 0.0590063 0.0295837 0.0596399 0.628222
9.9973E-05 9.9973E-05 0.254871 9.9973E-05 0.744829
0.224176 9.9982E-05 9.9982E-05 0.0772733 0.698351
0.140698 0.228347 9.9991E-05 0.0163049 0.61455
0.22197 9.9982E-05 9.9982E-05 0.0345197 0.74331
9.9991E-05 0.0687178 0.162297 0.0717297 0.697156
0.329002 9.9982E-05 9.9982E-05 0.031302 0.639496
0.355555 0.0502804 9.9982E-05 9.9982E-05 0.593965
0.949015 0.0259245 0.02486 9.9982E-05 9.9982E-05
0.979262 0.0112387 0.00495462 9.9991E-05 0.00444417
0.796593 0.120907 9.9982E-05 9.9982E-05 0.0822998
0.856951 0.0862025 9.9982E-05 9.9982E-05 0.0566469
0.89584 9.9982E-05 9.9982E-05 0.00792567 0.0960346
0.949181 9.9973E-05 0.0505195 9.9973E-05 9.9973E-05
0.933653 9.9973E-05 9.9973E-05 0.0660474 9.9973E-05
0.957555 0.0421455 9.9973E-05 9.9973E-05 9.9973E-05
0.995176 9.99744E-05 0.00452401 9.99744E-05 9.99744E-05
0.980843 9.9973E-05 0.0188572 9.9973E-05 9.9973E-05
0.95944 9.9973E-05 0.0402597 9.9973E-05 9.9973E-05
0.833961 0.0321334 0.0795407 9.9991E-05 0.0542651
0.822125 9.9982E-05 9.9982E-05 0.104503 0.0731712
0.998724 9.9973E-05 0.000976323 9.9973E-05 9.9973E-05
0.603544 0.0615386 9.9991E-05 0.0582637 0.276554
0.83337 0.0391006 0.0306289 0.0140186 0.082882
0.823345 0.0317205 0.0408024 0.104032 9.9991E-05
0.907641 9.9982E-05 0.071711 9.9982E-05 0.0204484
0.97954 9.9973E-05 0.0201599 9.9973E-05 9.9973E-05
0.913182 9.9982E-05 0.0714444 0.0151732 9.9982E-05
0.961944 9.9973E-05 0.0377562 9.9973E-05 9.9973E-05
0.744318 0.0269855 9.9991E-05 0.090562 0.138034
0.899872 0.0476978 0.0276309 0.0116362 0.0131636
9.9982E-05 9.9982E-05 0.689575 0.0806601 0.229565
0.215724 9.9991E-05 0.188428 0.138384 0.457364
0.254119 0.0525597 0.181347 0.0392104 0.472764
0.102574 9.9991E-05 0.352189 0.171736 0.373401
0.350457 0.0241169 0.147719 9.9991E-05 0.477607
0.14972 9.9991E-05 0.418756 0.0612269 0.370197
0.337564 0.0905198 0.132995 0.075634 0.363287
0.198536 9.9982E-05 0.345359 9.9982E-05 0.455905
0.310279 9.9991E-05 0.130808 0.0888961 0.469917
0.30965 9.9991E-05 0.206759 0.158887 0.324604
0.350325 0.132351 0.148679 0.00196362 0.366682
0.305988 0.169935 0.00565327 0.0222884 0.496136
9.9991E-05 0.034853 0.14634 0.0673631 0.751344
0.22754 0.0321396 0.0991996 9.9991E-05 0.641021
0.294881 0.0149919 0.0383375 9.9991E-05 0.65169
9.9973E-05 9.9973E-05 0.169315 9.9973E-05 0.830385
0.303049 0.121422 0.00753363 0.0260737 0.541922
0.195456 0.0534016 9.9991E-05 0.0106654 0.740377
9.9982E-05 0.015831 0.219795 9.9982E-05 0.764174
9.9982E-05 9.9982E-05 0.0433736 0.161709 0.794718
0.0987148 9.9982E-05 9.9982E-05 0.0608552 0.84023
9.9973E-05 9.9973E-05 0.239718 9.9973E-05 0.759982
0.116603 0.00701716 9.9991E-05 0.0858358 0.790444
0.281775 0.406436 9.9982E-05 9.9982E-05 0.31159
0.301642 0.471781 9.9991E-05 0.0588877 0.167589
9.9973E-05 0.970956 0.0287438 9.9973E-05 9.9973E-05
9.9973E-05 0.909988 0.0897116 9.9973E-05 9.9973E-05
0.284469 0.464583 9.9991E-05 0.0252443 0.225605
0.433798 0.128567 0.111428 0.128265 0.197941
0.512048 0.334426 0.0136702 0.111165 0.0286906
0.375737 0.267903 0.160764 0.165608 0.0299883
0.427833 0.234357 0.0562069 0.158936 0.122667
0.00456769 0.641034 0.279576 0.074722 9.9991E-05
0.0483021 0.739714 0.103569 0.108316 9.9991E-05
0.287359 0.451278 9.9991E-05 0.00565029 0.255613
0.253696 0.650933 9.9991E-05 0.0113151 0.0839556
0.103325 0.794898 9.9982E-05 0.101578 9.9982E-05
0.320907 0.4341 9.9991E-05 0.0237085 0.221184
0.316419 0.411733 9.9982E-05 9.9982E-05 0.271648
0.380334 0.331786 9.9991E-05 0.0658176 0.221963
0.0564381 0.75409 9.9991E-05 0.0129465 0.176425
0.130908 0.725327 9.9991E-05 0.0366192 0.107045
0.254238 0.408069 9.9982E-05 9.9982E-05 0.337494
0.225151 0.44835 9.9982E-05 9.9982E-05 0.326299
0.317406 0.20317 9.9991E-05 0.0631791 0.416145
0.106295 0.448499 0.00531708 0.0177072 0.422183
9.9982E-05 0.758546 0.0818391 9.9982E-05 0.159415
0.232977 0.500102 9.9991E-05 0.0273147 0.239506
9.9982E-05 0.938937 0.0591226 9.9982E-05 0.00174054
0.132303 0.70377 9.9982E-05 9.9982E-05 0.163727
0.312255 0.370051 9.9991E-05 0.013905 0.303689
0.267081 0.419724 9.9991E-05 0.00530464 0.30779
0.447527 0.0910475 0.149124 0.0737825 0.238519
0.422926 0.223407 9.9991E-05 0.0858397 0.267727
0.40209 0.228757 0.0269261 0.114207 0.22802
0.328212 0.224081 0.161349 0.0508812 0.235477
0.479238 0.20636 0.00771878 0.0800549 0.226628
0.411341 0.246808 0.0155151 0.138113 0.188224
9.9973E-05 0.448767 0.550933 9.9973E-05 9.9973E-05
0.437799 0.313021 9.9991E-05 0.00683283 0.242247
9.9973E-05 0.297572 0.702128 9.9973E-05 9.9973E-05
0.409729 0.316647 0.0695935 9.9991E-05 0.203931
9.9973E-05 0.953028 9.9973E-05 9.9973E-05 0.0466719
9.9973E-05 0.927723 0.0719769 9.9973E-05 9.9973E-05
0.134999 0.667991 9.9982E-05 9.9982E-05 0.196809
0.27422 0.462058 9.9982E-05 9.9982E-05 0.263523
0.0763336 0.751755 9.9982E-05 9.9982E-05 0.171712
0.231373 0.685115 9.9982E-05 9.9982E-05 0.083312
0.156367 0.575061 9.9982E-05 9.9982E-05 0.268372
0.673177 0.032727 9.99931E-05 0.0238149 0.270181
0.668403 9.9982E-05 9.9982E-05 0.120019 0.211378
0.611471 0.0731681 9.9991E-05 0.0758167 0.239445
0.674636 0.0860424 0.0102001 0.150559 0.0785616
0.559787 0.0154871 0.0751133 0.0767148 0.272898
0.674173 9.9982E-05 0.238857 0.0867704 9.9982E-05
0.652744 0.18243 0.0125306 0.0857854 0.0665103
0.669609 0.000459284 0.0690382 0.0913688 0.169524
0.609454 0.0572342 9.9991E-05 0.0945825 0.238629
0.650344 9.9982E-05 9.9982E-05 0.0641479 0.285308
0.568535 0.0648344 9.9991E-05 0.03305 0.33348
0.684137 0.037998 0.0646854 0.129576 0.0836033
0.560557 0.187025 9.9991E-05 0.144047 0.108271
0.676434 0.149936 0.00318641 0.170344 9.9991E-05
0.703928 0.0948636 9.9991E-05 0.1427 0.0584075
0.5199 0.057203 0.0353192 0.108489 0.279089
0.675219 9.9991E-05 0.0637462 0.2083 0.0526348
0.51899 0.0240219 0.0115037 0.189768 0.255717
0.551263 0.0690105 0.0294336 0.102484 0.247809
0.490897 0.0710871 0.0814368 0.116862 0.239717
0.459803 0.0455871 0.0795365 0.154043 0.26103
0.676046 9.9982E-05 9.9982E-05 0.0730038 0.25075
0.762331 0.0176908 9.9982E-05 9.9982E-05 0.219778
0.671669 0.0324343 0.124766 0.157035 0.014096
0.31731 0.119206 0.0248822 0.239646 0.298956
0.395921 0.100666 9.9991E-05 0.21226 0.291053
9.9973E-05 9.9973E-05 0.150711 0.848989 9.9973E-05
9.997E-05 9.997E-05 9.997E-05 0.9996 9.997E-05
0.155879 0.14221 9.9991E-05 0.473621 0.228189
0.070635 0.0311924 9.9991E-05 0.873019 0.0250533
0.0354828 9.9982E-05 0.248651 0.715666 9.9982E-05
0.214428 0.20142 9.9991E-05 0.392678 0.191373
0.314944 0.191576 0.0363702 0.294293 0.162817
0.214791 0.024068 0.203205 0.362282 0.195654
9.9973E-05 9.9973E-05 9.9973E-05 0.968949 0.0307508
0.265843 0.0404775 9.9991E-05 0.384086 0.309493
0.030321 0.0722946 9.9991E-05 0.793267 0.104017
9.9973E-05 9.9973E-05 0.0493976 0.950302 9.9973E-05
0.560827 0.143994 9.9991E-05 0.0836569 0.211423
0.314887 0.129939 9.9991E-05 0.428342 0.126732
