0.333014 0.356326 0.0442396 0.0879928 0.178428
0.455217 0.206359 0.0171551 0.126558 0.194711
0.623389 9.9982E-05 0.330594 9.9982E-05 0.0458172
0.562284 0.280656 0.0119705 0.115415 0.0296743
0.486471 0.0289547 0.186028 0.116782 0.181764
0.489914 0.299385 0.0373629 0.102191 0.0711466
0.647591 0.0108932 0.318693 9.9991E-05 0.0227235
0.775605 9.9982E-05 0.165528 9.9982E-05 0.0586675
0.790538 0.13842 0.070842 9.9982E-05 9.9982E-05
0.475923 0.230263 0.0628176 0.161541 0.0694553
0.568877 0.177408 0.102636 0.132421 0.0186576
0.345337 9.9991E-05 0.354662 0.103205 0.196696
0.374073 0.323354 9.9991E-05 0.15765 0.144822
0.964259 0.00204001 0.033501 9.9982E-05 9.9982E-05
0.745419 0.0108024 0.0145027 0.12775 0.101526
0.384833 0.264976 9.9991E-05 0.160327 0.189764
0.235806 0.0524687 0.431283 0.280342 9.9991E-05
9.9973E-05 9.9973E-05 0.885474 0.114226 9.9973E-05
0.0372939 9.9991E-05 0.878937 0.082066 0.00160349
0.0963853 0.212079 0.504467 0.186968 9.9991E-05
0.755163 0.211366 9.9982E-05 0.0332708 9.9982E-05
0.43508 0.363225 9.9991E-05 0.144789 0.0568065
0.0501322 0.0433601 9.9991E-05 0.792333 0.114075
0.0503727 0.363833 9.9991E-05 0.471107 0.114587
0.273756 0.299325 9.9991E-05 0.405886 0.0209333
0.882345 9.9991E-05 0.0136709 0.0579198 0.0459646
0.364842 0.341372 0.0483529 0.103037 0.142396
0.881367 9.9982E-05 0.116921 9.9982E-05 0.00151112
0.728322 0.271378 9.9973E-05 9.9973E-05 9.9973E-05
0.705744 9.9982E-05 9.9982E-05 0.16825 0.125805
0.709209 0.14577 9.9982E-05 0.144821 9.9982E-05
0.893589 9.9982E-05 0.0746283 0.031583 9.9982E-05
0.562002 0.197013 9.9991E-05 0.186315 0.0545696
0.56635 0.298767 0.0419401 0.0510283 0.0419153
0.0276646 9.9982E-05 0.00851269 0.963623 9.9982E-05
0.0505371 0.0963997 9.9991E-05 0.845593 0.00737065
0.0962689 0.182334 9.9991E-05 0.635852 0.085446
0.0605237 0.277899 9.9991E-05 0.603964 0.0575124
0.0670977 0.144366 9.9982E-05 0.788337 9.9982E-05
9.9973E-05 9.9973E-05 0.0113456 0.988354 9.9973E-05
9.9973E-05 9.9973E-05 0.0401957 0.959504 9.9973E-05
9.9982E-05 0.223933 9.9982E-05 0.752677 0.0231896
0.0054885 9.9973E-05 9.9973E-05 0.994212 9.9973E-05
9.997E-05 9.997E-05 9.997E-05 0.9996 9.997E-05
9.997E-05 9.997E-05 9.997E-05 0.9996 9.997E-05
0.0822863 0.109509 0.0134927 0.763832 0.0308799
0.0376602 0.14349 0.00764762 0.757757 0.0534453
0.00763038 9.9973E-05 9.9973E-05 0.99207 9.9973E-05
0.194242 0.331578 9.9991E-05 0.414805 0.0592743
0.147556 0.0645127 9.9991E-05 0.761316 0.0265161
0.0452224 0.160145 0.103502 0.691031 9.9991E-05
0.0987026 0.0164419 9.9982E-05 0.884656 9.9982E-05
9.9973E-05 0.160002 9.9973E-05 0.839698 9.9973E-05
9.9982E-05 0.0578927 0.0627598 0.879148 9.9982E-05
9.9982E-05 0.000595294 0.00361022 0.995595 9.9982E-05
9.9991E-05 0.225481 0.00143486 0.555918 0.217067
9.9973E-05 9.9973E-05 9.9973E-05 0.916559 0.0831411
0.375537 9.9982E-05 0.619192 9.9982E-05 0.00507027
0.415105 0.281587 0.214478 0.0360776 0.052753
0.443147 0.132159 0.140655 0.19118 0.0928594
0.495978 0.0901978 0.353385 0.0603393 9.9991E-05
0.261176 0.312169 0.155409 0.129263 0.141984
0.520034 9.9991E-05 0.368467 0.0993004 0.0120992
0.26868 0.158856 0.149296 0.180865 0.242302
0.422822 0.124861 0.262749 0.189467 9.9991E-05
0.406859 0.358448 0.103956 0.130637 9.9991E-05
0.462765 0.203098 0.162164 0.171873 9.9991E-05
0.424399 0.0869399 0.139807 0.266205 0.0826496
0.501812 0.331883 0.0857851 0.0353418 0.045178
0.792997 0.0402512 0.124727 0.0419249 9.9991E-05
0.697562 0.0429734 9.9991E-05 0.198094 0.0612707
0.446617 0.372326 0.0953313 0.0152123 0.0705134
0.859756 0.0160437 0.124001 9.9982E-05 9.9982E-05
0.488342 0.279429 9.9991E-05 0.0874789 0.144651
0.656795 0.272002 9.9982E-05 9.9982E-05 0.0710026
0.933335 9.9982E-05 0.0631767 9.9982E-05 0.00328784
0.861271 9.9973E-05 0.138429 9.9973E-05 9.9973E-05
0.795452 0.204248 9.9973E-05 9.9973E-05 9.9973E-05
0.872828 9.9973E-05 0.126872 9.9973E-05 9.9973E-05
0.789427 0.210273 9.9973E-05 9.9973E-05 9.9973E-05
0.316477 0.101381 9.9991E-05 0.170614 0.411429
0.225267 0.438788 9.9982E-05 9.9982E-05 0.335745
9.9973E-05 9.9973E-05 0.0290902 9.9973E-05 0.97061
9.9973E-05 9.9973E-05 0.0399669 9.9973E-05 0.959733
0.127463 0.484177 9.9991E-05 0.0528291 0.335431
0.0554886 0.637952 0.0943599 0.0146151 0.197585
0.0147861 0.621017 0.111704 9.9991E-05 0.252393
0.0604316 0.366737 0.378376 0.0806158 0.11384
9.9982E-05 0.625242 0.165933 9.9982E-05 0.208625
9.9982E-05 9.9982E-05 0.256413 0.0196969 0.72369
9.9982E-05 0.0822461 0.23043 9.9982E-05 0.687123
0.152519 0.38614 9.9991E-05 0.0593589 0.401882
0.0891945 0.315467 9.9991E-05 0.025788 0.56945
9.9982E-05 0.125901 0.144771 9.9982E-05 0.729128
0.129096 0.409328 0.0375875 0.0122042 0.411785
0.212587 0.339201 9.9991E-05 0.0404394 0.407672
0.194242 0.235813 9.9991E-05 0.232242 0.337603
0.294908 0.0206763 9.9982E-05 9.9982E-05 0.684216
0.247545 0.0963714 0.00152537 0.0375631 0.616996
0.323409 0.367626 9.9982E-05 9.9982E-05 0.308765
0.220821 0.136649 0.054437 0.121155 0.466938
0.296959 0.387329 0.0428379 0.0327746 0.2401
0.223792 0.15179 0.0265164 0.00636412 0.591537
0.19343 9.9973E-05 9.9973E-05 9.9973E-05 0.80627
0.0883808 0.292481 9.9991E-05 0.0652292 0.553809
9.9982E-05 9.9982E-05 0.0320243 0.0544303 0.913345
0.214771 0.092028 9.9991E-05 0.092152 0.600949
0.21299 0.241871 0.0141408 0.0961678 0.43483
0.251009 0.178834 9.9991E-05 0.158963 0.411094
0.277044 0.376586 0.099234 0.132027 0.115109
0.170894 0.154604 0.137831 0.283798 0.252873
0.218895 0.355209 0.107418 0.170997 0.147482
0.304585 0.367369 0.126826 0.145263 0.0559567
0.2863 0.502658 0.0550145 0.141975 0.0140536
9.9982E-05 0.558828 0.158489 9.9982E-05 0.282483
9.9982E-05 0.0671407 0.349889 9.9982E-05 0.58277
0.12023 0.536729 9.9991E-05 0.0881811 0.25476
9.9991E-05 0.0107536 0.567967 0.0820659 0.339114
0.179873 0.376346 9.9991E-05 0.112598 0.331082
0.0345079 9.9973E-05 9.9973E-05 9.9973E-05 0.965192
9.9973E-05 9.9973E-05 0.0100914 9.9973E-05 0.989609
0.0669898 0.230527 9.9982E-05 9.9982E-05 0.702283
0.21589 0.284008 9.9982E-05 9.9982E-05 0.499902
0.157143 0.0873481 9.9982E-05 9.9982E-05 0.755309
0.0027857 0.150762 9.9991E-05 0.102168 0.744185
0.119282 0.18915 9.9982E-05 9.9982E-05 0.691368
0.0686106 0.900368 0.0308217 9.9982E-05 9.9982E-05
0.101617 0.769624 0.0235757 0.105084 9.9991E-05
0.00200341 0.897737 0.0595516 0.0406081 9.9991E-05
9.9991E-05 0.735018 0.161647 0.0775955 0.0256395
0.189804 0.761248 9.9991E-05 0.0218513 0.0269963
9.9973E-05 0.844562 0.155138 9.9973E-05 9.9973E-05
9.9973E-05 0.941991 0.0577089 9.9973E-05 9.9973E-05
0.0419085 0.756696 0.10311 0.098186 9.9991E-05
0.0455739 0.816564 0.136027 9.9991E-05 0.00173519
0.0774697 0.782982 0.058897 0.0805509 9.9991E-05
0.149452 0.719732 9.9991E-05 0.0712474 0.0594681
9.9982E-05 0.890783 0.0992845 9.9982E-05 0.00973234
0.178585 0.535677 0.00329048 0.171548 0.110899
9.9991E-05 0.740893 0.0481276 0.134177 0.0767023
0.0413228 0.726102 9.9991E-05 0.131169 0.101306
0.0621146 0.789459 0.0873204 9.9991E-05 0.0610058
9.9982E-05 0.797121 0.123923 0.0787559 9.9982E-05
0.098428 0.661535 0.0236791 0.108654 0.107704
0.159911 0.68432 0.107513 9.9991E-05 0.048156
0.222023 0.546306 0.129325 0.0343965 0.0679495
0.120299 0.427747 0.234515 0.0796191 0.137819
0.242372 0.549448 0.0625375 0.12625 0.0193923
9.9991E-05 0.887978 0.025003 0.0719333 0.0149862
9.9982E-05 0.813225 0.172849 0.0137259 9.9982E-05
0.250723 0.397316 0.172868 0.0981282 0.0809653
0.283457 0.445224 0.115161 9.9991E-05 0.156058
0.0314267 9.9982E-05 0.935141 0.0332324 9.9982E-05
9.997E-05 9.997E-05 0.9996 9.997E-05 9.997E-05
0.408051 0.107081 0.33752 0.147249 9.9991E-05
0.105085 0.0876208 0.800394 0.00680024 9.9991E-05
9.9982E-05 0.0449122 0.881434 0.0734542 9.9982E-05
0.203533 0.278555 0.358272 0.000803369 0.158837
0.169428 0.218916 0.328115 0.126466 0.157075
0.334983 0.178421 0.44341 0.0430857 9.9991E-05
0.0627143 0.0977133 0.839372 9.9982E-05 9.9982E-05
0.350099 0.433836 0.196803 9.9991E-05 0.0191619
0.268788 0.0393099 0.578681 0.0317221 0.081499
9.997E-05 9.997E-05 0.9996 9.997E-05 9.997E-05
0.343361 0.302965 0.00653243 0.282095 0.0650469
0.109913 0.480725 0.381134 0.0109187 0.017309
