0.00749033 9.9982E-05 0.0630108 0.0307469 9.9982E-05 0.898552
9.9973E-05 0.0454326 0.0253954 9.9973E-05 9.9973E-05 0.928872
0.06753 0.0234294 0.0246802 0.0659004 9.9991E-05 0.81836
0.0282555 9.9982E-05 0.0817059 0.0948351 9.9982E-05 0.795004
0.0745796 9.9982E-05 9.9982E-05 0.00214738 0.0393049 0.883768
0.0436395 0.0169669 0.067687 0.0947813 0.177686 0.59924
0.00846272 0.010344 0.0385338 0.0120182 0.0786852 0.851956
9.9982E-05 9.9982E-05 0.121471 0.0772796 0.103664 0.697385
9.9982E-05 0.0762492 0.0430053 9.9982E-05 0.046709 0.833837
0.079204 9.9991E-05 0.042434 0.0765363 0.103561 0.698165
0.0542387 0.00417391 0.114147 9.9991E-05 0.0794815 0.747859
0.197048 0.200293 0.484136 0.0872391 0.0311831 9.9991E-05
0.544648 9.9991E-05 0.374589 0.0682802 0.0017161 0.0106673
0.189426 0.133349 0.453211 0.15221 0.0611051 0.0106987
0.229695 0.180753 0.381491 0.197317 9.9991E-05 0.0106452
0.368696 0.0904468 0.146934 0.153813 0.127779 0.112332
0.577222 9.9991E-05 0.157199 0.111381 0.0927523 0.0613452
0.339196 0.191251 0.275016 0.145457 0.00382041 0.0452592
0.274381 0.259811 0.271957 0.0793752 9.9991E-05 0.114376
9.9991E-05 0.0921609 0.64435 0.0783131 0.152875 0.0322008
0.489076 0.158248 0.156081 0.0496689 0.103689 0.0432377
0.447122 0.120783 0.0977401 0.0648416 0.231435 0.0380778
0.369992 0.200332 0.238053 0.162883 9.9991E-05 0.0286402
0.187211 0.265979 0.337525 0.178799 0.0303856 9.9991E-05
0.679925 0.00307874 0.0980503 0.05122 0.0710649 0.0966608
0.444366 0.112123 0.284998 0.157595 9.9991E-05 0.000817777
0.153663 0.207107 0.523921 0.0858765 0.0223047 0.00712705
0.2096 0.161041 0.41728 0.184227 0.0168725 0.01098
0.183883 0.146337 0.459084 0.0763294 0.134267 9.9991E-05
0.164974 9.9964E-05 9.9964E-05 9.9964E-05 9.9964E-05 0.834626
0.17263 9.9964E-05 9.9964E-05 9.9964E-05 9.9964E-05 0.82697
0.170294 0.00864593 9.9982E-05 0.0118569 9.9982E-05 0.809004
0.135133 0.0465398 9.9982E-05 0.0959241 9.9982E-05 0.722203
0.558839 0.230299 0.113983 0.00300707 0.0271203 0.0667511
0.532874 0.305141 0.059235 9.9982E-05 9.9982E-05 0.10255
0.559596 0.310284 0.0297151 9.9982E-05 9.9982E-05 0.100205
0.14286 0.176069 0.519416 0.0154478 0.063369 0.0828377
0.305106 0.593226 0.0583548 0.030422 9.9991E-05 0.0127911
0.477066 0.238813 0.168709 0.00254616 0.0196772 0.0931891
0.690461 0.192577 9.9982E-05 0.0628819 9.9982E-05 0.0538796
0.588187 0.126256 0.0188211 9.9991E-05 0.145532 0.121104
0.573146 0.115037 0.112572 0.0143859 0.121264 0.0635945
0.201945 0.662386 0.092715 9.9991E-05 0.0373189 0.0055348
0.572318 0.0650656 0.015336 0.0427945 0.210762 0.093724
0.404274 0.329223 0.0871677 0.124337 0.00689533 0.0481035
0.530283 0.175296 9.9991E-05 0.0699355 0.131122 0.0932642
0.309228 0.685281 9.9982E-05 9.9982E-05 0.00163419 0.00365633
0.625981 0.299638 9.9973E-05 9.9973E-05 9.9973E-05 0.0740809
0.522396 0.272827 0.0706667 0.0624614 0.0210379 0.0506112
9.9973E-05 0.686908 9.9973E-05 9.9973E-05 0.237254 0.0755389
0.169636 0.225391 0.45058 0.00958172 0.144711 9.9991E-05
0.125706 0.210017 0.203608 9.9991E-05 0.444469 0.0160998
0.510337 0.114594 0.158853 0.118368 9.9991E-05 0.0977468
0.559133 0.0612868 0.100787 0.0561792 0.149249 0.0733648
0.531505 0.0533741 0.099333 0.145687 0.129782 0.0403192
0.166326 0.246889 0.324027 9.9991E-05 0.159975 0.102683
0.53899 0.0830696 0.27808 0.0469387 0.0466893 0.0062331
0.532095 9.9991E-05 0.092442 0.150607 0.196173 0.028583
0.323426 0.22996 0.15626 0.0320951 0.134734 0.123525
0.0941564 0.167506 0.314113 0.0478693 0.166608 0.209747
0.538463 0.192017 0.156994 0.0276542 0.044934 0.0399368
0.482178 0.086564 0.301277 9.9991E-05 0.108132 0.0217487
0.0596063 0.229548 0.515927 9.9991E-05 0.153064 0.0417548
0.4883 0.135471 0.25781 0.0418078 0.0765121 9.9991E-05
0.569774 0.0259706 0.0734123 0.120891 0.185487 0.0244647
0.644074 9.9991E-05 0.115389 0.014912 0.117211 0.108313
0.262454 0.187245 0.266589 0.0668459 0.157151 0.0597156
0.539121 0.128897 0.197006 0.0477321 0.0871434 9.9991E-05
0.599909 0.0895057 0.148791 0.0211432 0.0551956 0.0854561
0.208572 0.197821 0.3922 9.9982E-05 0.201206 9.9982E-05
0.560496 0.439105 9.9964E-05 9.9964E-05 9.9964E-05 9.9964E-05
0.21305 0.68948 0.0526869 9.9982E-05 9.9982E-05 0.044583
0.524997 0.239097 0.0312571 0.118127 0.00539372 0.0811281
9.9964E-05 0.866905 9.9964E-05 9.9964E-05 0.132695 9.9964E-05
9.9973E-05 0.793166 0.0249095 9.9973E-05 0.181625 9.9973E-05
0.225235 0.738434 9.9973E-05 0.0360305 9.9973E-05 9.9973E-05
0.507907 0.456877 0.0349162 9.9973E-05 9.9973E-05 9.9973E-05
0.508745 0.107683 0.0634899 0.0660203 0.0616959 0.192366
0.382944 0.448928 0.0848766 0.0572395 0.0067085 0.0193029
0.11157 0.589915 0.219317 0.0418806 9.9991E-05 0.0372173
0.197127 0.527567 0.231186 9.9982E-05 9.9982E-05 0.0439202
0.538123 0.316308 9.9982E-05 9.9982E-05 0.0175798 0.127789
0.227863 0.624733 0.0436541 0.0883599 9.9991E-05 0.0152893
0.474006 0.420267 0.0502845 9.9982E-05 9.9982E-05 0.0552423
0.38252 0.517607 9.9973E-05 9.9973E-05 0.0995733 9.9973E-05
0.00691598 0.740515 9.9991E-05 0.0116177 0.232673 0.00817842
0.60005 0.198092 0.138841 9.9991E-05 0.0216174 0.0412999
0.117669 9.9982E-05 0.0476238 0.0316519 9.9982E-05 0.802855
0.0825178 9.9964E-05 9.9964E-05 9.9964E-05 9.9964E-05 0.917082
0.0416657 9.9982E-05 0.0326695 0.0896153 9.9982E-05 0.83585
0.0206706 0.0269885 9.9982E-05 0.0405446 9.9982E-05 0.911596
0.102569 9.9973E-05 9.9973E-05 0.032478 9.9973E-05 0.864653
0.0417243 0.00727224 9.9991E-05 0.0114148 0.0509057 0.888583
0.0538087 9.9973E-05 9.9973E-05 0.0156002 9.9973E-05 0.930291
0.474315 0.258633 0.0731683 9.9991E-05 0.0863066 0.107477
0.389265 0.254583 0.202964 0.0934173 9.9991E-05 0.0596713
0.0472497 0.801634 0.101949 9.9982E-05 9.9982E-05 0.0489674
0.593671 0.11612 0.102326 9.9991E-05 0.0445084 0.143274
0.453297 0.398828 0.117003 0.00204826 9.9991E-05 0.0287238
0.601373 0.286426 0.0480464 0.027865 9.9991E-05 0.0361891
0.591205 0.286151 0.000976992 9.9991E-05 0.0950335 0.0265333
0.490183 0.427157 0.0230101 0.0386875 0.0018039 0.0191591
9.9973E-05 0.784197 0.180063 9.9973E-05 9.9973E-05 0.0354399
0.475678 0.176479 0.0752711 0.0739141 0.0958765 0.102781
0.64579 0.162452 0.0894231 9.9991E-05 0.0835309 0.0187035
0.573025 0.0955104 0.0825133 0.102066 9.9991E-05 0.146785
0.288655 0.539458 9.9991E-05 0.0216465 0.0968649 0.0532761
0.469556 0.459831 9.9991E-05 0.0024352 0.0354635 0.0326137
0.427966 0.414039 0.156778 0.0010164 9.9982E-05 9.9982E-05
0.326664 0.591463 9.9982E-05 0.0691373 0.0125355 9.9982E-05
0.424509 0.430028 0.0386798 9.9982E-05 9.9982E-05 0.106583
0.581319 0.149895 0.074324 0.0153195 0.0104011 0.168741
0.274492 0.164788 0.338589 0.0364209 0.170843 0.0148676
0.362217 9.9991E-05 0.332612 0.0661343 0.130968 0.107968
0.481995 0.111699 0.202683 0.0140483 0.0403351 0.149239
0.568995 0.0694427 0.1533 0.00649814 0.137792 0.0639721
0.547216 0.0933864 0.297367 9.9991E-05 0.0355527 0.0263779
0.606876 9.9991E-05 0.242472 0.0779957 0.0637063 0.00885018
0.529912 0.062427 0.358029 9.9982E-05 9.9982E-05 0.0494323
0.468514 0.147951 0.201728 0.0390274 0.0698546 0.0729258
0.494926 0.0058281 0.200747 0.122672 0.150618 0.0252093
0.570741 0.0566346 0.196371 9.9991E-05 0.114512 0.0616411
0.489584 0.0699684 0.376433 9.9982E-05 0.0638146 9.9982E-05
0.692531 0.0416606 0.0108094 0.0505122 0.158293 0.0461941
0.586036 0.122821 0.0283578 0.0202531 0.0976341 0.144898
0.519738 0.118015 0.276947 0.0850995 9.9982E-05 9.9982E-05
0.535875 9.9991E-05 0.209283 0.113145 0.099915 0.0416813
0.557385 0.118181 0.21771 0.0812788 9.9991E-05 0.0253455
0.456284 0.00583738 0.286135 9.9991E-05 0.189735 0.0619094
0.681095 0.131552 0.164233 0.0189971 9.9991E-05 0.00402343
0.748326 9.9982E-05 0.170157 9.9982E-05 0.0777069 0.00361048
0.23109 0.18967 0.417387 0.0860787 0.0756749 9.9991E-05
0.14428 0.0709945 0.350367 0.0363274 0.397931 9.9991E-05
0.591491 9.9982E-05 0.179861 9.9982E-05 0.217166 0.011282
0.106624 0.22449 0.263609 0.056961 0.348217 9.9991E-05
0.314448 0.12129 0.400873 9.9991E-05 0.134994 0.0282937
0.443473 0.186667 0.28775 9.9991E-05 0.0550834 0.0269272
0.373827 0.147417 0.478457 9.9973E-05 9.9973E-05 9.9973E-05
0.333998 0.132904 0.488822 0.00521088 0.0389659 9.9991E-05
0.575779 0.0608352 0.115946 0.0180257 0.0949405 0.134474
0.515276 0.045039 0.150902 0.129918 0.0478982 0.110967
0.589152 0.0688505 0.17708 0.0131829 0.103281 0.048454
0.13304 0.191595 0.339893 0.0963486 0.239023 9.9991E-05
0.457715 0.265178 0.0821974 0.0336952 0.00445983 0.156754
0.579443 0.123938 0.0510573 0.00891181 0.207275 0.029375
0.0457105 0.152104 0.150645 9.9991E-05 0.506245 0.145195
0.655888 0.166713 9.9982E-05 9.9982E-05 0.0726613 0.104538
0.346916 0.147017 0.0936799 0.0423085 0.269653 0.100426
0.545387 0.0483095 0.0444622 0.0986444 0.146848 0.116349
0.315253 0.0346531 0.0471756 9.9991E-05 0.51992 0.0828979
0.232474 0.0357402 0.170588 9.9991E-05 0.518059 0.0430379
0.442179 0.159516 0.132778 9.9991E-05 0.228774 0.0366533
0.547847 0.0998367 0.123349 0.0357802 0.182287 0.0109007
0.363585 0.136441 0.163468 0.0429102 0.147618 0.145978
0.00210653 0.27955 0.139214 0.197367 0.357817 0.023946
0.498976 0.0634915 0.0693602 0.11185 0.256222 9.9991E-05
0.361528 0.112513 0.173759 9.9982E-05 0.352 9.9982E-05
0.494961 0.114826 0.0673677 9.9982E-05 0.322645 9.9982E-05
0.485372 0.139092 9.9991E-05 0.0767621 0.154859 0.143814
0.202963 9.9991E-05 0.0143415 0.218202 0.233649 0.330744
9.9973E-05 9.9973E-05 9.9973E-05 0.119496 0.367249 0.512954
9.9973E-05 9.9973E-05 9.9973E-05 0.156932 0.437312 0.405457
0.0916485 9.9991E-05 0.0217462 0.308424 0.187989 0.390093
0.654467 0.0779934 9.9982E-05 0.0168709 0.250469 9.9982E-05
0.531653 0.117777 0.0899864 9.9991E-05 0.125991 0.134493
0.349175 9.9964E-05 9.9964E-05 0.650425 9.9964E-05 9.9964E-05
0.323978 0.0100856 0.189505 0.436563 9.9991E-05 0.0397683
0.432352 0.102105 0.0706315 0.298376 9.9991E-05 0.0964349
0.366059 0.124353 9.9973E-05 9.9973E-05 0.509288 9.9973E-05
0.591878 0.100442 0.0191271 9.9991E-05 0.210035 0.0784179
0.190954 0.119197 9.9973E-05 9.9973E-05 0.689549 9.9973E-05
0.580384 0.0789118 9.9982E-05 9.9982E-05 0.305035 0.0354698
0.45937 0.181072 0.0199982 9.9991E-05 0.282787 0.0566721
0.629024 0.0512445 9.9991E-05 0.0432058 0.246353 0.0300728
0.236678 0.146519 9.9973E-05 9.9973E-05 0.616503 9.9973E-05
0.756756 9.9973E-05 9.9973E-05 0.0476387 0.195305 9.9973E-05
0.535466 0.100264 0.0701257 0.0403469 0.201693 0.0521047
9.9973E-05 0.0284377 9.9973E-05 0.96659 0.00467242 9.9973E-05
0.0854247 9.9964E-05 9.9964E-05 0.914175 9.9964E-05 9.9964E-05
0.298943 0.0587607 0.0102828 0.576906 9.9991E-05 0.0550071
0.334014 0.000816298 0.0203484 0.630956 9.9991E-05 0.0137661
0.226934 9.9982E-05 0.00405357 0.738778 9.9982E-05 0.0300347
9.9964E-05 9.9964E-05 9.9964E-05 0.997292 0.00230837 9.9964E-05
9.9973E-05 9.9973E-05 0.0283739 0.964295 9.9973E-05 0.00703094
0.123571 9.9964E-05 9.9964E-05 0.876029 9.9964E-05 9.9964E-05
0.019349 9.9973E-05 0.020168 0.960183 9.9973E-05 9.9973E-05
9.996E-05 9.996E-05 9.996E-05 0.9995 9.996E-05 9.996E-05
9.996E-05 9.996E-05 9.996E-05 0.9995 9.996E-05 9.996E-05
0.182372 9.9982E-05 0.0222009 0.747446 9.9982E-05 0.0477809
0.186086 9.9982E-05 0.0157538 0.740339 9.9982E-05 0.0576211
9.9964E-05 0.0171772 9.9964E-05 0.982423 9.9964E-05 9.9964E-05
0.23929 0.092793 0.0997917 0.45927 0.0573692 0.0514853
0.198134 0.0175819 0.108893 0.655501 9.9991E-05 0.0197896
0.142681 9.9982E-05 0.0411118 0.804514 9.9982E-05 0.0114928
0.0662372 9.9973E-05 0.0230058 0.910457 9.9973E-05 9.9973E-05
0.0256878 9.9973E-05 9.9973E-05 0.963314 9.9973E-05 0.0106984
0.0518058 9.9973E-05 9.9973E-05 0.905027 9.9973E-05 0.0428671
9.996E-05 9.996E-05 9.996E-05 0.9995 9.996E-05 9.996E-05
0.253562 9.9982E-05 0.0910049 0.621655 9.9982E-05 0.0335775
9.9973E-05 0.0800125 0.00462276 0.915065 9.9973E-05 9.9973E-05
9.9982E-05 0.0425865 9.9982E-05 0.0314177 0.61307 0.312726
0.406259 9.9991E-05 0.095401 0.0302465 0.259546 0.208448
0.520694 9.9982E-05 9.9982E-05 0.0108969 0.273788 0.194421
0.248126 0.000174978 9.9991E-05 0.0929326 0.451045 0.207622
0.586718 9.9991E-05 0.0029729 0.00498783 0.175585 0.229636
0.175737 0.0525745 9.9991E-05 0.122957 0.411706 0.236926
0.370749 0.188281 0.0582267 0.0975705 0.111941 0.173233
0.380052 9.9982E-05 9.9982E-05 0.128566 0.379866 0.111316
0.333241 0.136245 0.0320529 0.178612 0.176184 0.143665
0.467039 9.9982E-05 9.9982E-05 0.134859 0.247264 0.150637
0.452963 0.0252108 0.0659885 0.0745153 0.270627 0.110696
0.0843359 9.9982E-05 0.0689349 9.9982E-05 0.0415356 0.804994
9.9982E-05 0.00770744 9.9982E-05 0.0584509 0.0160493 0.917592
9.9973E-05 0.0298158 0.0353737 9.9973E-05 9.9973E-05 0.934511
9.9973E-05 9.9973E-05 0.0485241 0.00342595 9.9973E-05 0.94775
0.021948 9.9982E-05 0.0573408 0.0252695 9.9982E-05 0.895242
9.9973E-05 0.0242227 9.9973E-05 0.101039 9.9973E-05 0.874439
0.0550653 0.0229725 9.9982E-05 0.0407127 9.9982E-05 0.88105
0.0126689 0.033296 9.9982E-05 9.9982E-05 0.0639049 0.88993
0.0371695 0.0491614 9.9973E-05 9.9973E-05 9.9973E-05 0.913369
9.9982E-05 9.9982E-05 0.0162256 0.0680918 0.0683016 0.847181
9.9973E-05 0.138266 0.233638 9.9973E-05 9.9973E-05 0.627796
9.9982E-05 0.0855444 0.289301 0.0134204 9.9982E-05 0.611534
9.9982E-05 0.0632022 0.257286 9.9982E-05 0.171177 0.508135
9.9982E-05 0.115371 0.333106 9.9982E-05 0.0622101 0.489113
0.540313 0.251447 0.0975544 9.9991E-05 0.0087767 0.101809
0.42687 0.358606 0.0297006 0.0887254 0.055207 0.0408914
0.585702 0.211895 0.12597 0.00710748 0.0431275 0.0261975
0.38977 0.234172 0.26911 9.9982E-05 0.106748 9.9982E-05
0.23351 0.112885 0.588164 9.9982E-05 0.0652411 9.9982E-05
0.535789 0.267173 9.9991E-05 0.0360662 0.0919933 0.0688775
0.534771 0.344831 0.0308329 9.9991E-05 0.0756856 0.0137803
0.567401 0.300064 0.11278 9.9982E-05 0.0195557 9.9982E-05
0.222072 0.569626 0.0354585 0.0815414 0.0912025 9.9991E-05
0.564201 0.177672 0.0932807 0.0166213 0.096125 0.0521004
0.411889 0.48399 0.0993101 0.00461124 9.9982E-05 9.9982E-05
9.9973E-05 0.841604 0.0287249 9.9973E-05 0.129371 9.9973E-05
0.549628 0.174014 0.206268 0.00144679 0.00231947 0.066324
0.189071 0.595876 9.9991E-05 0.0277511 0.169195 0.0180068
0.538723 0.395006 9.9973E-05 9.9973E-05 0.0659715 9.9973E-05
0.0923925 0.676821 0.213431 9.9982E-05 9.9982E-05 0.0171556
0.0199925 9.9991E-05 0.682761 0.040382 0.146748 0.110016
0.0639375 9.9982E-05 0.629723 9.9982E-05 0.197524 0.108615
9.9973E-05 9.9973E-05 0.85406 9.9973E-05 0.115315 0.0303248
9.9982E-05 0.0783382 0.708952 9.9982E-05 0.0727341 0.139776
0.0272697 9.9982E-05 0.785064 0.0275837 0.159883 9.9982E-05
9.9982E-05 9.9982E-05 0.766247 0.128761 0.0885372 0.0162546
0.0592448 9.9973E-05 9.9973E-05 0.08346 9.9973E-05 0.856995
0.0351138 9.9982E-05 0.0633291 0.0902539 9.9982E-05 0.811103
0.124186 9.9973E-05 9.9973E-05 0.103117 9.9973E-05 0.772397
9.9973E-05 9.9973E-05 0.105298 0.15846 9.9973E-05 0.735942
0.0600976 9.9991E-05 0.0475296 0.0839521 0.0320094 0.776311
9.9973E-05 9.9973E-05 0.520703 9.9973E-05 0.0774848 0.401512
9.9982E-05 0.101294 0.336765 9.9982E-05 0.0997983 0.461942
0.0118383 0.093833 0.450711 9.9991E-05 0.0233023 0.420215
0.174214 9.9964E-05 9.9964E-05 9.9964E-05 9.9964E-05 0.825386
9.9982E-05 0.0658942 0.453465 9.9982E-05 0.121133 0.359308
0.200377 9.9982E-05 9.9982E-05 0.443517 0.205104 0.150802
0.627891 0.0283143 0.0370442 0.107201 0.050719 0.148831
0.515842 9.9973E-05 9.9973E-05 0.286449 9.9973E-05 0.197409
0.217555 0.0883537 0.0109476 0.319516 0.135634 0.227994
0.438165 0.0177207 0.0839001 0.196532 0.13556 0.128122
9.9973E-05 9.9973E-05 9.9973E-05 0.310727 0.27216 0.416813
0.435565 0.0814805 0.340414 9.9982E-05 0.142341 9.9982E-05
0.34414 0.161491 0.255892 9.9982E-05 0.238277 9.9982E-05
0.326799 0.0417078 0.506557 9.9991E-05 0.0492891 0.0755475
0.500176 0.160004 0.1289 9.9982E-05 0.210719 9.9982E-05
9.9973E-05 0.288937 0.173395 9.9973E-05 0.537368 9.9973E-05
0.433005 0.0870551 0.191074 0.130761 0.128849 0.0292569
0.552272 0.105582 0.166633 0.00950504 0.122322 0.0436849
0.356357 0.147293 0.370502 9.9991E-05 0.102316 0.0234315
0.612623 0.0836594 0.0745688 0.032264 0.108177 0.0887079
0.0902263 0.246092 0.25909 9.9982E-05 0.404392 9.9982E-05
0.476691 0.0572139 0.197886 0.0478976 0.220211 9.9991E-05
0.515085 0.218729 0.185515 0.0721611 0.0084097 9.9991E-05
0.292504 0.206097 0.11857 0.220009 0.0657449 0.0970748
0.422045 0.118663 0.212638 9.9982E-05 0.246454 9.9982E-05
0.432415 0.157327 0.287687 0.0117046 0.110766 9.9991E-05
0.508866 0.0616322 0.0902211 0.0970712 0.24211 9.9991E-05
0.547862 0.183377 0.156677 9.9991E-05 0.0817443 0.0302396
0.691845 0.0912094 0.120203 0.0116846 0.0330625 0.0519953
0.566894 0.0884703 0.179066 0.0600455 0.0758743 0.0296505
0.577884 0.0632781 0.164402 0.02848 0.108624 0.0573311
0.115682 0.0167707 9.9982E-05 0.0801478 9.9982E-05 0.787199
0.0233411 0.0686342 9.9982E-05 0.0638439 9.9982E-05 0.843981
0.0303216 0.0208587 0.0210845 9.9991E-05 0.143017 0.784618
9.9982E-05 0.117954 0.0209578 0.0443541 9.9982E-05 0.816535
0.137031 9.9973E-05 9.9973E-05 0.0169753 9.9973E-05 0.845694
0.176023 0.0542496 0.648184 0.0680709 0.0533725 9.9991E-05
0.409327 0.212813 0.0704707 0.0857923 0.111622 0.109974
0.399735 0.188236 9.9991E-05 0.150446 0.123029 0.138454
0.575991 0.137639 0.179532 0.0949755 0.0103522 0.00151093
0.569279 0.0626424 0.24744 9.9991E-05 0.0331873 0.0873513
0.349 9.9982E-05 0.337897 0.0373566 0.275547 9.9982E-05
0.0321146 0.0868649 0.655419 9.9991E-05 0.117259 0.108243
0.563498 0.0892448 0.305376 0.00245577 9.9991E-05 0.0393255
0.163233 0.095338 0.48786 0.013874 0.160211 0.0794833
0.416069 0.153695 0.171124 9.9991E-05 0.235353 0.0236584
0.115793 0.143257 0.519678 0.0466729 0.0448442 0.129755
0.542585 0.0270741 0.243236 0.0859863 0.0798973 0.0212212
0.217493 0.094701 0.543613 0.0209755 0.0288479 0.0943696
0.349358 0.0902649 0.274565 0.0594381 0.198793 0.0275806
0.543474 0.00911936 0.0855911 9.9991E-05 0.313594 0.0481224
0.353671 9.9973E-05 0.0612205 9.9973E-05 0.584808 9.9973E-05
0.568042 0.0752504 0.0221872 9.9991E-05 0.236898 0.097522
0.573711 0.111623 0.0900192 9.9991E-05 0.127323 0.0972239
0.36472 0.0663274 0.144972 9.9982E-05 0.42378 9.9982E-05
0.472638 0.157159 0.089515 0.0191077 0.212313 0.0492676
0.547402 0.0725017 0.0139025 9.9991E-05 0.327854 0.0382401
0.166162 0.056596 0.123746 9.9982E-05 0.653296 9.9982E-05
0.275934 0.0510208 9.9973E-05 9.9973E-05 0.672745 9.9973E-05
0.546217 9.9973E-05 0.0552843 9.9973E-05 0.398199 9.9973E-05
0.193403 0.145879 0.0795095 9.9982E-05 0.581009 9.9982E-05
0.452246 0.00738721 0.107835 9.9982E-05 0.432332 9.9982E-05
0.164114 0.204904 0.596634 0.0137495 0.0204981 9.9991E-05
0.264534 0.200771 0.314769 9.9982E-05 0.219725 9.9982E-05
0.343761 0.160655 0.361058 0.0434516 9.9991E-05 0.0909743
0.605282 0.0434535 0.194652 0.106368 0.0399097 0.010335
0.221425 0.186956 0.563026 0.0283934 9.9982E-05 9.9982E-05
0.379864 0.0306672 0.139364 0.175337 0.227202 0.047566
0.548314 0.135899 0.150503 0.045416 0.0628693 0.0569989
0.519889 0.13624 0.239457 9.99845E-05 0.104214 9.99845E-05
0.474376 0.0847095 0.245743 0.0609726 0.117961 0.0162378
0.389297 0.257365 0.263597 0.0895407 9.9982E-05 9.9982E-05
0.197935 0.200962 0.51925 0.0816542 9.9982E-05 9.9982E-05
0.314888 0.110605 0.41056 0.0806319 0.0622773 0.0210368
0.60542 0.0590329 0.212479 0.0850075 0.0379608 9.9991E-05
0.463221 0.15273 0.197421 0.122598 0.0182783 0.0457505
0.401948 0.108324 0.292949 0.00510708 0.129982 0.0616892
0.566431 0.107573 0.205116 0.0245985 0.0961826 9.9991E-05
0.401492 0.00399619 0.432397 0.0415467 0.0937375 0.0268307
0.652629 0.0500496 0.224587 0.0165621 0.0444543 0.0117178
0.511761 0.0640891 0.29324 0.0953755 9.9991E-05 0.0354345
0.473797 0.0610699 0.213175 0.161648 9.9991E-05 0.0902099
0.343088 0.0800974 9.9991E-05 0.177292 0.0947189 0.304704
0.44429 0.0381155 9.9991E-05 0.183431 0.13768 0.196382
0.439674 0.0244538 0.0438394 0.227033 0.0847797 0.180221
0.612491 0.112351 0.0309522 0.136892 0.0912394 0.0160747
0.406533 0.173054 9.9982E-05 0.207416 9.9982E-05 0.212797
0.449708 0.0736113 0.171577 0.0490783 0.255926 9.9991E-05
0.531682 0.113015 9.9991E-05 0.153507 0.0667213 0.134976
0.0521549 0.161461 9.9991E-05 0.110183 0.428592 0.247509
0.443363 9.9991E-05 0.133152 0.172889 0.121296 0.1292
0.551271 0.0367037 0.0453732 0.167783 0.118158 0.0807123
0.383963 0.133066 0.0981002 0.297526 9.9991E-05 0.0872453
0.322245 0.123843 0.0562039 0.129173 0.192566 0.175969
0.469124 0.0349832 0.0189608 0.207355 0.0630365 0.206541
0.480587 9.9991E-05 0.0314173 0.2214 0.217011 0.0494838
9.9973E-05 9.9973E-05 9.9973E-05 0.230121 0.31316 0.456419
0.526722 0.0596324 0.0126071 0.232271 9.9991E-05 0.168668
0.46987 9.9982E-05 9.9982E-05 0.228305 0.113446 0.18818
0.643854 0.0601734 9.9991E-05 0.1139 0.0908929 0.0910801
0.495407 9.9982E-05 9.9982E-05 0.178053 0.163019 0.163321
0.459984 0.0542587 0.0378561 0.19444 0.0950176 0.158444
0.49502 0.1794 0.0453453 0.0901048 0.19003 9.9991E-05
0.508788 0.0991717 0.12607 0.0459225 0.128398 0.0916494
0.0303359 0.393217 0.109845 9.9982E-05 0.466402 9.9982E-05
0.0477412 0.352702 0.0750687 9.9982E-05 0.524288 9.9982E-05
0.410164 0.120385 0.177073 0.117349 0.174928 9.9991E-05
0.400235 9.9991E-05 0.0129668 0.305028 0.210498 0.0711717
0.299039 0.107642 9.9991E-05 0.38502 0.199873 0.00832611
0.173811 0.100929 0.00279202 0.267742 0.251785 0.202942
0.31681 0.0612429 9.9991E-05 0.310035 0.130404 0.181409
0.178056 0.104302 9.9991E-05 0.0423204 0.625178 0.050044
0.283249 0.0495578 9.9991E-05 0.0731436 0.505354 0.088596
0.565578 0.0618377 9.9982E-05 0.12539 0.246995 9.9982E-05
0.506631 0.101146 9.9991E-05 0.140358 0.220737 0.0310281
0.265834 0.113686 9.9991E-05 0.103555 0.47429 0.0425354
0.50521 0.073186 0.1245 0.100141 0.148619 0.0483441
0.589343 0.0751181 0.0128135 0.0831556 0.221946 0.017624
0.565261 0.0220607 0.154339 0.123006 0.115677 0.0196554
0.319861 0.242647 0.0824343 9.9982E-05 0.354858 9.9982E-05
0.390297 0.222111 0.0289633 0.0118016 0.346728 9.9991E-05
0.492085 0.216733 0.00819647 0.0386444 0.207276 0.0370659
0.367515 0.0974635 0.108988 0.0721897 0.264239 0.0896045
0.477244 0.105673 0.106371 0.00461446 0.241684 0.0644138
0.582612 0.0932966 9.9982E-05 9.9982E-05 0.317174 0.00671746
0.233446 0.172797 0.0456522 9.9982E-05 0.547905 9.9982E-05
0.589429 0.201028 9.9991E-05 0.0445587 0.163916 0.000967695
0.263905 0.272863 0.0687027 0.00521825 0.389211 9.9991E-05
0.413006 0.151767 0.0576933 9.9982E-05 0.377334 9.9982E-05
0.549918 0.118921 0.0366819 0.09892 0.195459 9.9991E-05
0.434894 0.220618 0.0357583 0.0546389 0.243896 0.0101947
0.434483 0.144758 9.9991E-05 0.171286 0.0324928 0.216879
0.302281 0.064823 0.137991 0.211357 0.213575 0.0699736
0.350768 0.00816244 0.0428866 0.258095 0.198074 0.142014
0.315019 0.0380788 0.131346 0.224489 0.188874 0.102194
0.402452 0.0858608 0.0837337 0.228548 0.0757603 0.123646
0.415149 0.106338 0.00861674 0.167834 0.15106 0.151002
9.9991E-05 0.134728 0.0105446 0.183299 0.54712 0.124208
0.598659 0.00445234 0.0422496 0.200659 0.060477 0.0935029
9.9973E-05 9.9973E-05 9.9973E-05 0.15178 0.527791 0.320129
0.535463 0.0076425 9.9991E-05 0.182206 0.231886 0.0427019
0.112472 0.440517 9.9973E-05 9.9973E-05 0.446712 9.9973E-05
9.9973E-05 0.493544 0.00959041 9.9973E-05 0.496565 9.9973E-05
0.482495 0.309059 9.9973E-05 9.9973E-05 0.208145 9.9973E-05
0.699989 0.0825076 0.0103527 9.9982E-05 0.206951 9.9982E-05
0.40667 0.291072 0.0497361 9.9982E-05 0.252321 9.9982E-05
0.518664 0.31576 9.9973E-05 9.9973E-05 0.165276 9.9973E-05
0.556063 0.150233 9.9982E-05 0.0359517 0.257553 9.9982E-05
0.0864589 0.00910978 0.0106352 0.0255835 0.045633 0.82258
9.9982E-05 9.9982E-05 0.0965335 0.119917 0.120373 0.662976
9.9973E-05 9.9973E-05 0.0493985 0.0513551 9.9973E-05 0.898946
0.0412792 9.9973E-05 9.9973E-05 9.9973E-05 0.0110854 0.947335
0.466007 0.419214 0.0291594 9.99909E-05 9.99909E-05 0.0854192
0.383854 0.466024 0.0466233 0.0697915 9.9991E-05 0.033608
0.509424 0.406363 0.0179362 9.9982E-05 9.9982E-05 0.0660769
0.565907 0.252109 0.0893215 9.9982E-05 9.9982E-05 0.0924628
0.510548 0.145444 0.104656 0.021496 0.180855 0.0370013
0.210967 0.55554 0.118468 0.0290453 0.0753427 0.0106363
0.61755 0.282897 0.0432918 0.0470368 9.9991E-05 0.00912491
0.344809 0.459978 9.9973E-05 9.9973E-05 0.194913 9.9973E-05
0.46893 9.9991E-05 0.104221 0.17787 0.0483284 0.200551
0.384413 0.428477 0.0389471 0.0832807 0.0647817 9.9991E-05
0.276182 0.524585 0.171013 0.0237084 9.9991E-05 0.00441067
0.562573 0.414906 0.0222212 9.9973E-05 9.9973E-05 9.9973E-05
0.317547 0.537512 0.144641 9.9973E-05 9.9973E-05 9.9973E-05
0.541279 0.341427 9.9982E-05 0.0539835 0.0631098 9.9982E-05
0.505238 0.414689 9.9982E-05 0.0345771 9.9982E-05 0.0452955
9.9964E-05 0.963669 9.9964E-05 9.9964E-05 0.0359312 9.9964E-05
0.230841 0.598876 9.9991E-05 0.0321138 0.134061 0.00400914
0.355974 0.512285 0.0970173 9.9991E-05 0.0332612 0.00136205
9.9964E-05 0.813111 9.9964E-05 9.9964E-05 0.186489 9.9964E-05
0.363126 0.41684 0.16414 0.0304359 0.00150054 0.0239569
0.122193 0.62754 9.9973E-05 9.9973E-05 0.249967 9.9973E-05
9.9973E-05 0.723507 9.9973E-05 9.9973E-05 0.263698 0.0124953
0.56325 0.327479 9.9991E-05 0.018702 0.0523846 0.0380838
0.152065 0.655446 0.143197 9.9982E-05 9.9982E-05 0.0490918
0.383769 0.400667 0.0919594 0.123405 9.9982E-05 9.9982E-05
0.559397 0.229613 0.0611688 0.0890364 0.00590743 0.0548768
0.583569 0.2936 0.122531 9.9973E-05 9.9973E-05 9.9973E-05
0.439301 0.0815712 0.217372 0.0204608 0.241196 9.9991E-05
0.434079 0.422433 9.9982E-05 0.122274 0.021014 9.9982E-05
0.431151 0.362039 0.076958 0.129652 9.9982E-05 9.9982E-05
0.316814 0.673259 9.9973E-05 9.9973E-05 0.00962735 9.9973E-05
0.500213 0.272149 0.015304 0.0416362 0.0414348 0.129262
9.9982E-05 0.00678382 0.253103 9.9982E-05 0.0656877 0.674226
0.045782 0.0814514 0.0813396 0.00187262 0.0325098 0.757045
9.9982E-05 0.00802106 0.086291 9.9982E-05 0.0908013 0.814687
9.9973E-05 9.9973E-05 0.115811 9.9973E-05 0.0764613 0.807428
0.0288057 9.9982E-05 0.224021 9.9982E-05 0.0667399 0.680234
0.117187 0.673157 0.128841 0.0700391 9.9991E-05 0.0106768
0.164127 0.651165 0.101163 9.9982E-05 9.9982E-05 0.083345
0.142979 0.740388 9.9973E-05 9.9973E-05 0.116333 9.9973E-05
0.434866 0.196201 9.9991E-05 0.18349 0.114073 0.0712692
0.553724 0.245577 0.0226256 0.0560313 9.9991E-05 0.121942
0.321423 0.526449 9.9982E-05 0.0209002 0.131028 9.9982E-05
0.615396 0.295571 9.9991E-05 0.0483165 0.0309755 0.00964099
0.384014 0.431198 9.9982E-05 9.9982E-05 0.0777078 0.106879
0.633002 0.308577 0.00157233 9.9991E-05 0.0246368 0.0321118
0.429815 0.22473 0.0929162 0.153602 0.0783869 0.0205491
0.233524 0.589794 0.123942 0.0507065 0.00193248 9.9991E-05
0.350276 0.590247 0.059177 9.9973E-05 9.9973E-05 9.9973E-05
0.359008 0.536973 0.103719 9.9973E-05 9.9973E-05 9.9973E-05
0.589371 0.0318815 0.0134599 0.0315286 0.242602 0.0911572
0.463341 0.509537 9.9973E-05 9.9973E-05 9.9973E-05 0.0268228
0.418477 0.482488 0.0228338 9.9991E-05 0.0327238 0.0433777
0.338187 0.0023805 0.0981525 0.463146 0.0190366 0.0790976
0.367097 0.0512786 9.9991E-05 0.472583 0.0358427 0.0730987
0.410146 9.9991E-05 0.0203074 0.396064 0.0024846 0.170898
0.250022 0.0692497 9.9991E-05 0.553922 0.052783 0.0739231
0.567097 9.9991E-05 0.0348467 0.261919 0.0404647 0.0955723
0.539494 0.246906 9.9982E-05 9.9982E-05 0.179693 0.0337065
0.0017005 9.9991E-05 0.0178128 0.653831 0.0848936 0.241662
0.323022 9.9982E-05 0.0354847 0.450192 9.9982E-05 0.191101
0.410007 0.0784385 0.00153089 0.162371 0.200247 0.147406
0.570504 9.9982E-05 0.0690895 9.9982E-05 0.177502 0.182704
0.43388 0.0710484 0.0401946 9.9991E-05 0.313046 0.14173
0.62371 0.0406252 0.0908951 9.9991E-05 0.142338 0.102331
0.577626 0.140831 0.026923 0.0224281 0.122458 0.109733
0.358344 9.9973E-05 9.9973E-05 0.468121 9.9973E-05 0.173235
0.449235 0.0289308 0.0785945 0.34613 9.9991E-05 0.0970097
0.355355 9.9982E-05 9.9982E-05 0.575141 0.0292497 0.0400539
0.440083 0.0303757 0.0927108 0.287134 0.0448637 0.104833
0.29378 0.00425792 9.9991E-05 0.491224 0.040154 0.170483
0.374445 0.0911595 9.9991E-05 0.334933 0.0540171 0.145345
0.231894 9.9991E-05 0.0886187 0.600033 0.0589437 0.0204099
0.429464 9.9982E-05 0.102922 0.432938 0.0344768 9.9982E-05
0.541672 0.0103794 0.0475766 0.0593751 0.293583 0.047414
0.365523 0.0658554 0.0125384 0.355255 0.0498776 0.15095
0.136721 9.9982E-05 9.9982E-05 0.655958 0.0779925 0.129129
0.254389 0.148368 0.0924006 0.405342 9.9991E-05 0.0994
0.186032 0.097722 0.262334 9.9991E-05 0.306837 0.146975
0.605202 9.9982E-05 0.113447 0.0518748 0.229276 9.9982E-05
0.414584 0.0104292 0.0553726 0.290018 0.0422676 0.187329
0.567405 9.9991E-05 0.0781901 0.0143304 0.252901 0.0870733
0.506857 0.0998619 0.0285154 9.9991E-05 0.191843 0.172822
0.335504 0.0878661 0.0408402 0.233562 0.111533 0.190695
0.315937 9.9991E-05 0.0635627 0.300898 0.129831 0.189671
0.502275 9.9982E-05 9.9982E-05 0.143054 0.235475 0.118996
0.325716 0.0789772 0.0608962 0.431415 9.9991E-05 0.102896
0.429048 9.9991E-05 0.00663789 0.422995 0.0318218 0.109397
0.160582 9.9982E-05 9.9982E-05 0.655743 0.0297328 0.153742
0.674037 9.9973E-05 9.9973E-05 9.9973E-05 0.141543 0.18412
0.525904 9.9982E-05 0.102455 9.9982E-05 0.242756 0.128686
0.231974 9.9991E-05 0.0227111 0.0413207 0.637001 0.0668933
0.62971 9.9991E-05 0.0740214 0.0382259 0.14285 0.115093
0.338144 0.0729921 0.223933 0.0465383 0.177604 0.140788
0.503816 9.9982E-05 9.9982E-05 0.115311 0.16894 0.211733
0.559942 0.0120951 0.038211 0.0213286 0.183662 0.184761
9.9973E-05 9.9973E-05 9.9973E-05 0.209905 0.538499 0.251296
9.9973E-05 9.9973E-05 9.9973E-05 0.0893713 0.591183 0.319146
0.261492 0.0647345 0.0390104 0.127976 0.389335 0.117451
9.9982E-05 0.0283946 9.9982E-05 0.210153 0.483691 0.277562
9.9973E-05 9.9973E-05 9.9973E-05 0.245932 0.394385 0.359383
0.344908 0.0349894 0.0322339 0.0989918 0.400566 0.0883111
0.406645 9.9982E-05 9.9982E-05 0.133933 0.239446 0.219775
0.171067 0.0378013 0.0486349 0.176086 0.335346 0.231065
0.191414 9.9982E-05 9.9982E-05 0.0722866 0.447624 0.288475
0.449562 9.9991E-05 0.0194587 0.142454 0.215274 0.173152
0.126074 0.115745 9.9991E-05 0.171279 0.412506 0.174297
9.9973E-05 9.9973E-05 9.9973E-05 0.0410331 0.5538 0.404867
0.402589 0.209216 0.0747299 0.231696 9.9991E-05 0.0816698
0.253728 9.9991E-05 0.0987837 0.268746 0.22327 0.155371
0.345954 0.0403353 0.0208077 0.224928 0.0662269 0.301748
0.594775 0.00208477 9.9991E-05 0.226744 0.0338822 0.142413
0.502529 0.087894 9.9991E-05 0.214442 0.0804127 0.114622
0.477142 0.0189022 0.0926188 0.219176 0.105632 0.0865295
0.324883 9.9982E-05 0.031984 0.257902 9.9982E-05 0.385031
0.585147 9.9982E-05 9.9982E-05 0.0896217 0.0525907 0.272441
0.432578 9.9973E-05 9.9973E-05 0.300616 9.9973E-05 0.266506
0.378509 9.9982E-05 9.9982E-05 0.242663 0.18969 0.188938
0.264303 0.236008 0.12527 0.140307 0.0694269 0.164685
0.523671 0.0430628 0.0252914 0.132417 0.0925263 0.183031
0.633269 9.9973E-05 9.9973E-05 0.1008 9.9973E-05 0.265632
0.588793 0.102576 0.0250129 0.12612 0.0593166 0.0981809
0.432205 9.9991E-05 0.0616949 0.192332 0.0607882 0.25288
0.54388 9.9991E-05 0.011166 0.0972074 0.15629 0.191357
0.123233 0.0790314 9.9991E-05 0.220544 0.212296 0.364796
0.574951 9.9982E-05 0.0313535 0.121422 9.9982E-05 0.272073
0.146323 0.0711434 9.9991E-05 0.361094 0.156768 0.264572
9.9973E-05 0.0854251 0.123622 9.9973E-05 9.9973E-05 0.790653
0.139548 0.028345 0.749319 0.0201054 0.029294 0.0333892
9.996E-05 9.996E-05 0.9995 9.996E-05 9.996E-05 9.996E-05
9.9964E-05 9.9964E-05 0.98256 9.9964E-05 9.9964E-05 0.0170404
0.0463835 9.9973E-05 0.933039 0.0202774 9.9973E-05 9.9973E-05
9.9964E-05 9.9964E-05 0.950829 0.0487708 9.9964E-05 9.9964E-05
0.0602495 9.9964E-05 0.939351 9.9964E-05 9.9964E-05 9.9964E-05
9.9964E-05 9.9964E-05 0.933859 9.9964E-05 9.9964E-05 0.0657411
9.9964E-05 9.9964E-05 0.782699 9.9964E-05 9.9964E-05 0.216902
0.00894201 0.0351662 9.9991E-05 0.0522367 0.0312456 0.87231
0.0373863 0.0311084 0.102214 0.0562364 9.9991E-05 0.772955
0.00537994 0.0615532 9.9991E-05 0.0564947 0.0241157 0.852356
9.9973E-05 9.9973E-05 0.125067 9.9973E-05 0.0955538 0.779079
9.9982E-05 0.008725 0.0775321 0.0560834 9.9982E-05 0.857459
9.9982E-05 9.9982E-05 0.0396401 0.00223618 0.0790865 0.878837
0.0480361 9.9991E-05 0.0388633 0.0979209 0.072153 0.742927
0.012396 0.0278479 9.9991E-05 0.0817404 0.0373941 0.840522
0.0733291 0.0770455 0.111205 0.0157349 9.9991E-05 0.722586
9.9973E-05 0.0121497 9.9973E-05 0.0737063 9.9973E-05 0.913844
9.9973E-05 0.0129212 0.055505 9.9973E-05 9.9973E-05 0.931274
9.9982E-05 9.9982E-05 0.0259848 0.0692666 0.0501201 0.854429
0.0284318 9.9982E-05 0.0375178 9.9982E-05 0.00399234 0.929858
0.0839201 9.9973E-05 9.9973E-05 0.0359669 9.9973E-05 0.879813
0.0679785 0.0244238 9.9982E-05 0.0684143 9.9982E-05 0.838983
0.131184 9.9973E-05 9.9973E-05 0.0193911 9.9973E-05 0.849125
0.0673133 9.9973E-05 9.9973E-05 0.150093 9.9973E-05 0.782293
0.0915087 0.0170806 9.9982E-05 0.121169 9.9982E-05 0.770042
0.120098 9.9973E-05 9.9973E-05 0.0298906 9.9973E-05 0.849712
0.444107 0.102378 0.118805 9.9991E-05 0.210587 0.124023
0.712527 9.9982E-05 0.0597771 9.9982E-05 0.148704 0.0787926
0.553235 0.120783 9.9991E-05 0.0767823 0.136731 0.112369
0.202699 0.0897996 9.9982E-05 9.9982E-05 0.675068 0.0322333
0.588724 9.9982E-05 0.085089 9.9982E-05 0.204689 0.121299
0.160546 0.0346711 9.9982E-05 9.9982E-05 0.669899 0.134684
0.618627 9.9991E-05 0.0174239 0.0255844 0.207019 0.131246
0.40058 0.160517 0.108335 9.9991E-05 0.293467 0.0370012
0.587223 0.0149855 0.134329 9.9991E-05 0.220289 0.0430738
0.488402 0.390401 9.9982E-05 0.0592195 0.0617779 9.9982E-05
0.521607 9.9982E-05 0.173698 9.9982E-05 0.289248 0.0152465
0.682332 9.9973E-05 9.9973E-05 9.9973E-05 0.208838 0.108531
0.582684 0.0173694 0.137029 9.9991E-05 0.175665 0.0871528
0.0614739 0.196008 0.473963 0.0597965 0.208658 9.9991E-05
9.9982E-05 0.0726396 0.0824956 9.9982E-05 0.832332 0.0123332
0.235002 9.9982E-05 0.0622961 9.9982E-05 0.678018 0.0244835
0.695471 0.0191491 0.0952606 9.9991E-05 0.144338 0.0456817
0.54312 9.9982E-05 0.0493094 9.9982E-05 0.247531 0.15984
0.55678 0.0625082 9.9991E-05 0.0209931 0.285132 0.0744867
0.650854 0.0770644 9.9991E-05 0.047368 0.138936 0.0856771
0.580894 0.00384456 0.0117065 0.114819 0.0826824 0.206053
0.528909 9.9982E-05 0.0809073 0.274859 9.9982E-05 0.115125
0.151114 0.00815912 0.179143 0.14618 0.16016 0.355244
0.582179 0.197714 0.0953196 9.9991E-05 0.00789836 0.116789
0.358 9.9991E-05 0.130627 0.164355 0.105884 0.241035
9.9982E-05 9.9982E-05 0.0223849 0.184624 0.419647 0.373145
0.295338 0.0578908 9.9991E-05 0.228057 0.147337 0.271276
0.252195 0.0747994 0.108731 0.189817 0.0594389 0.315018
0.470635 0.0263644 0.101501 0.0475776 0.0344842 0.319437
0.388018 0.0237123 0.136692 0.248789 0.0882775 0.114511
0.442424 0.0746011 0.00316873 0.212957 0.0149764 0.251873
0.504082 0.0481398 0.0341554 0.246952 0.0833727 0.0832985
0.317434 0.117912 0.0403001 0.193163 0.165652 0.165539
0.273065 0.0637695 9.9991E-05 0.161314 0.00798117 0.49377
