0.0197371 9.9982E-05 0.00759794 9.9982E-05 0.899647 0.0728175
9.9982E-05 9.9982E-05 0.00629686 0.0711399 0.904631 0.0177327
0.0307602 0.106051 9.9982E-05 9.9982E-05 0.839254 0.0237352
0.0755321 0.0476432 9.9982E-05 9.9982E-05 0.786154 0.0904709
0.0334407 0.0400347 9.9991E-05 0.0345603 0.865243 0.0266214
0.0451402 0.105118 0.0319325 0.163856 0.601566 0.0523875
0.00490527 0.0614299 0.000146972 0.12107 0.79889 0.0135578
0.0470137 9.9982E-05 9.9982E-05 0.0835537 0.753659 0.115573
9.9982E-05 9.9982E-05 0.0427928 0.0688209 0.844766 0.0434207
0.0384258 0.118367 9.9991E-05 0.148611 0.670771 0.023725
9.999E-05 0.08578 0.00208812 0.0839032 0.735112 0.0930163
0.141473 0.190427 0.244026 9.9982E-05 9.9982E-05 0.423874
0.0910054 0.479798 0.121741 0.0164896 0.0138959 0.277071
0.0778267 0.241462 0.17604 0.0470633 0.0423578 0.41525
0.218122 0.206504 0.193638 0.0140647 9.9991E-05 0.367571
0.0987114 0.415525 0.176279 0.0225926 0.115801 0.171091
0.0719661 0.546068 0.157197 0.0176602 0.0797193 0.127389
0.161986 0.350281 0.241414 9.9982E-05 9.9982E-05 0.24612
0.138538 0.263824 0.201784 9.9991E-05 0.0978489 0.297905
0.0636632 9.9991E-05 0.131467 0.158826 0.0277755 0.618168
0.0683266 0.332145 0.235605 0.0940412 0.0497807 0.220102
0.112046 0.459176 9.9982E-05 0.229199 9.9982E-05 0.199379
0.0251225 0.53755 0.25665 9.9991E-05 0.0318493 0.148727
0.117876 0.251256 0.217981 0.0196532 0.0234115 0.369822
0.105707 0.613998 0.0822343 0.02322 0.115352 0.0594886
0.13045 0.541753 0.0918051 0.0594204 9.9991E-05 0.176472
0.139067 0.125072 0.193257 0.0642889 0.0137351 0.46458
0.285496 0.0813407 0.256603 0.00839202 9.9991E-05 0.368067
0.0390887 0.189076 0.202382 0.142436 9.9991E-05 0.426917
0.110526 0.0480518 9.9973E-05 9.9973E-05 0.841123 9.9973E-05
0.013554 0.136233 9.9973E-05 9.9973E-05 0.849913 9.9973E-05
0.0590747 0.132817 0.0439548 9.9982E-05 0.763954 9.9982E-05
0.0829586 0.0619562 0.131285 9.9982E-05 0.7236 9.9982E-05
0.00336246 0.506294 0.243948 0.0299023 0.0849932 0.131501
0.0660155 0.425147 0.379142 9.9991E-05 0.101491 0.0281039
0.0358496 0.502718 0.392253 9.9982E-05 0.0689789 9.9982E-05
0.0160572 0.152154 0.162683 0.0768601 0.0882104 0.504035
0.0600953 0.22737 0.642738 0.0695966 9.9982E-05 9.9982E-05
0.0280974 0.50123 0.175655 9.9991E-05 0.0975251 0.197392
0.0501487 0.644221 0.237256 0.00715615 0.0611188 9.9991E-05
0.012037 0.550564 0.171934 0.156973 0.108392 9.9991E-05
0.00251803 0.60353 0.195364 9.9991E-05 0.110619 0.0878681
9.9991E-05 0.0698048 0.802699 0.0330049 0.00846169 0.0859294
0.0658406 0.61166 0.0774776 0.213444 0.031477 9.9991E-05
0.110547 0.523082 0.297674 0.0391514 0.0294449 9.9991E-05
0.0780833 0.598496 0.110257 0.0361928 0.125599 0.0513711
9.9973E-05 0.328592 0.650883 0.0202255 9.9973E-05 9.9973E-05
0.0374762 0.580318 0.237965 0.0347254 0.0925239 0.0169914
9.9982E-05 0.52468 0.230233 0.0907634 0.154124 9.9982E-05
9.9973E-05 9.9973E-05 0.595648 0.338927 0.0651254 9.9973E-05
9.9982E-05 0.248049 0.19095 0.151032 9.9982E-05 0.409769
9.9991E-05 0.153535 0.211292 0.474263 0.0374449 0.123365
0.106682 0.498013 0.0875749 0.0567156 0.0902428 0.160772
0.0495859 0.63435 9.9982E-05 0.150933 0.164931 9.9982E-05
0.01968 0.622105 0.168446 0.113927 0.0447724 0.0310705
0.0209725 0.224784 0.230913 0.0824514 0.108678 0.332202
9.9982E-05 0.590157 0.127115 0.0866776 9.9982E-05 0.19585
0.0655774 0.597056 0.0186423 0.0384061 0.0923915 0.187927
0.020107 0.408362 0.213505 0.131124 0.0788404 0.148062
0.0140579 0.104034 0.145577 0.175345 0.218327 0.342658
0.0260729 0.596166 0.0610589 0.174534 0.0269545 0.115215
0.0773144 0.361609 0.0825778 0.152066 0.0714088 0.255024
9.9991E-05 0.0468346 0.210655 0.199262 0.0427769 0.500371
0.0300702 0.496935 0.151404 0.0339251 0.00154128 0.286124
0.05922 0.679059 0.0169242 0.171863 9.9991E-05 0.0728343
9.9982E-05 0.636826 0.092846 9.9982E-05 0.12139 0.148739
0.1075 0.242226 0.261078 0.120033 0.000252161 0.268911
0.105257 0.428552 0.25258 0.0834569 9.9991E-05 0.130055
0.115524 0.528374 0.0749945 0.0358734 0.063339 0.181895
9.9982E-05 0.220133 0.189711 0.18071 9.9982E-05 0.409246
9.9973E-05 0.520974 0.40465 9.9973E-05 9.9973E-05 0.0740757
9.9982E-05 0.157431 0.677678 9.9982E-05 0.00916816 0.155523
9.9991E-05 0.477801 0.224033 0.0547816 0.119841 0.123443
9.9982E-05 9.9982E-05 0.800101 0.164742 0.0126952 0.0222617
9.9973E-05 9.9973E-05 0.712683 0.270949 9.9973E-05 0.0160676
0.00924968 0.186024 0.741928 0.0625979 9.9982E-05 9.9982E-05
9.9991E-05 0.410322 0.534056 0.0142382 0.0118428 0.029441
0.0268847 0.523808 0.207747 0.0412854 0.109444 0.0908304
0.0862855 0.36813 0.499182 9.9991E-05 0.0137943 0.0325073
0.0525257 0.045002 0.687685 9.9991E-05 0.0228251 0.191863
9.9982E-05 0.176027 0.549207 9.9982E-05 0.0512911 0.223275
0.130251 0.447461 0.264267 9.9991E-05 0.0523182 0.105603
0.0178777 0.213176 0.672991 9.9991E-05 0.0182121 0.077644
9.9982E-05 0.324823 0.578158 9.9982E-05 0.0962767 0.000542448
9.9982E-05 0.357212 0.546882 0.0935024 0.00220316 9.9982E-05
9.9964E-05 9.9964E-05 0.627348 0.372252 9.9964E-05 9.9964E-05
0.0353145 0.496118 0.409176 9.9982E-05 9.9982E-05 0.0591916
0.0535853 0.0739367 0.0217273 9.9991E-05 0.784958 0.0656927
9.9964E-05 0.0921889 9.9964E-05 9.9964E-05 0.907411 9.9964E-05
0.0367116 0.110339 9.9973E-05 9.9973E-05 0.852649 9.9973E-05
9.9973E-05 0.0801516 9.9973E-05 0.0127412 0.906807 9.9973E-05
0.057735 0.0271393 0.045774 0.012843 0.856409 9.9991E-05
0.0193977 0.0518934 0.0217172 0.0289524 0.877939 9.9991E-05
9.9964E-05 0.0706454 9.9964E-05 9.9964E-05 0.928955 9.9964E-05
0.0702937 0.486779 0.283252 9.9982E-05 0.159475 9.9982E-05
0.101911 0.532106 0.179255 0.0421843 0.0449974 0.099546
9.9982E-05 9.9982E-05 0.837264 0.0617595 0.0286574 0.0721191
0.0328386 0.528507 0.226597 9.9991E-05 0.126498 0.0854593
0.0162059 0.370871 0.497632 9.9991E-05 0.0232587 0.0919326
0.0714059 0.553401 0.315785 0.0191527 0.0401551 9.9991E-05
9.9991E-05 0.600264 0.254141 0.0899472 0.0462871 0.00926034
0.0541356 0.450358 0.495206 9.9973E-05 9.9973E-05 9.9973E-05
9.9973E-05 9.9973E-05 0.802029 9.9973E-05 0.0378587 0.159813
9.9991E-05 0.542955 0.098085 0.116508 0.118252 0.1241
9.9991E-05 0.660278 0.21159 0.0403787 0.0738155 0.0138371
0.193257 0.443985 0.164609 9.9991E-05 0.0167192 0.181329
0.0211572 0.227222 0.573536 0.17765 0.000334947 9.9991E-05
9.9982E-05 0.528039 0.417612 0.0136005 0.0405481 9.9982E-05
9.9982E-05 0.42545 0.521971 9.9982E-05 0.00234884 0.0500305
0.17661 0.127497 0.695593 9.9973E-05 9.9973E-05 9.9973E-05
0.00719308 0.409683 0.505735 9.9991E-05 0.0620425 0.0152468
0.0232587 0.581347 0.175173 9.9991E-05 0.139872 0.0802501
0.0499602 0.20039 0.145779 0.246851 0.0307944 0.326226
0.049247 0.429652 9.9991E-05 0.0917879 0.128578 0.300635
0.0260934 0.613328 0.00336228 0.070359 0.0429019 0.243955
0.100188 0.60134 0.0615348 0.0343743 0.0441245 0.158438
9.9991E-05 0.566325 0.0275872 0.0386404 0.0566974 0.31065
0.0326421 0.611953 0.0187468 0.0891092 0.0131841 0.234365
0.0208775 0.484601 0.101023 0.0111124 0.0110482 0.371338
9.9991E-05 0.596163 0.116498 0.0816783 0.041191 0.16437
0.0476999 0.655987 0.016795 0.114478 0.0649185 0.100122
9.9991E-05 0.578674 0.0734603 0.0328025 0.0689344 0.246029
9.9973E-05 0.58055 0.0485067 9.9973E-05 9.9973E-05 0.370644
0.0127134 0.651616 9.9991E-05 0.0866899 0.119399 0.129482
0.0491394 0.54348 0.15074 0.0586419 0.098768 0.0992314
0.0201523 0.611833 0.113892 9.9991E-05 0.00687276 0.24715
0.040994 0.676711 9.9991E-05 0.0421256 0.0858428 0.154226
0.12518 0.53226 0.0608451 0.0441306 9.9991E-05 0.237484
9.9991E-05 0.408903 0.0223186 0.213575 0.102893 0.252211
0.152144 0.593364 0.0537658 9.9991E-05 0.00170843 0.198918
9.9982E-05 0.749751 9.9982E-05 0.167481 0.00270674 0.0798607
0.0687664 0.228827 0.220577 0.0786068 9.9991E-05 0.403123
0.0108061 0.209364 0.0639504 0.433896 0.0151098 0.266873
0.133082 0.401319 0.114952 0.120503 0.000677943 0.229466
0.0303449 0.102872 0.100231 0.446053 9.9991E-05 0.320399
9.9991E-05 0.343858 0.128276 0.0723144 0.0191652 0.436287
9.9973E-05 0.505772 0.145872 9.9973E-05 9.9973E-05 0.348056
9.9991E-05 0.338782 0.302251 0.00079815 0.0373253 0.320744
0.0423082 0.255808 0.169681 0.0588741 9.9991E-05 0.473229
0.072705 0.587524 0.102108 0.0739597 0.0428115 0.120892
0.0175581 0.669607 0.059301 0.0966826 0.153656 0.00319567
0.0235543 0.633806 0.0389759 0.119041 9.9991E-05 0.184523
0.0360838 0.179432 0.0588438 0.356052 0.0135672 0.356022
9.9991E-05 0.52376 0.0800896 0.239334 0.148859 0.00785787
0.0680218 0.481356 0.0703016 0.250261 0.0219689 0.10809
9.9991E-05 0.0816029 0.122905 0.521912 0.142229 0.131251
0.000914735 0.665203 0.131679 0.0710624 0.13104 9.9991E-05
9.9991E-05 0.417826 0.111086 0.309312 0.107967 0.05371
0.0186314 0.636061 0.0384713 0.150349 0.124285 0.0322034
0.0219593 0.281115 0.038219 0.451135 0.105406 0.102167
9.9982E-05 0.234335 9.9982E-05 0.558191 0.0856705 0.121603
9.9991E-05 0.427625 0.173976 0.247488 0.0534534 0.0973579
0.0639384 0.50763 0.0522081 0.158897 0.157193 0.0601338
0.0563749 0.379699 0.109714 0.191588 0.14284 0.119784
0.162838 9.9991E-05 0.223468 0.458135 0.0462152 0.109243
0.0656131 0.580434 0.0842284 0.171434 0.0477774 0.0505138
9.9982E-05 0.398476 0.17738 0.313482 9.9982E-05 0.110462
0.0422352 0.460342 0.150126 0.253897 9.9991E-05 0.0932996
9.9991E-05 0.639715 0.12849 0.0775752 0.0852602 0.0688591
0.24843 0.130181 9.9982E-05 0.270078 0.351111 9.9982E-05
0.103639 9.9973E-05 9.9973E-05 0.33868 0.557381 9.9973E-05
0.146674 9.9973E-05 9.9973E-05 0.424439 0.428587 9.9973E-05
0.397008 0.0172142 9.9991E-05 0.156309 0.348753 0.080615
9.9964E-05 0.675317 9.9964E-05 0.324283 9.9964E-05 9.9964E-05
0.0239963 0.487236 0.134011 0.128478 0.11076 0.115518
0.681242 0.229675 9.9973E-05 9.9973E-05 9.9973E-05 0.0887826
0.410044 0.406862 0.0365381 9.9991E-05 0.0470771 0.0993784
0.376748 0.410395 9.9991E-05 0.0809021 0.0772902 0.0545652
9.9982E-05 0.41949 0.0201248 0.553628 9.9982E-05 0.00655685
0.0888623 0.503553 0.108659 0.215957 0.0386274 0.0443415
9.9982E-05 0.243656 0.0963854 0.635758 0.0240007 9.9982E-05
0.0614141 0.585186 0.109074 0.230572 9.9991E-05 0.0136536
0.044508 0.411993 0.202189 0.282361 9.9991E-05 0.0588482
0.0267224 0.595153 0.0495123 0.279549 0.00577761 0.0432855
0.0114893 0.253995 0.146153 0.534478 9.9991E-05 0.0537842
0.151543 0.527632 0.165392 0.0746949 0.00494847 0.0757901
0.051975 0.599339 0.0578914 0.200522 0.0477136 0.0425596
0.968476 0.013723 0.0175009 9.9973E-05 9.9973E-05 9.9973E-05
0.906815 0.0829695 0.00991577 9.9973E-05 9.9973E-05 9.9973E-05
0.646683 0.116416 0.15154 0.0111409 0.016035 0.058185
0.639042 0.309184 9.9982E-05 0.0224191 0.0291548 9.9982E-05
0.832854 0.073255 0.0365706 9.9991E-05 0.000554257 0.0566665
0.9995 9.996E-05 9.996E-05 9.996E-05 9.996E-05 9.996E-05
0.961411 9.9973E-05 0.00592029 9.9973E-05 9.9973E-05 0.0323685
0.828142 0.171458 9.9964E-05 9.9964E-05 9.9964E-05 9.9964E-05
0.984896 9.99678E-05 9.99678E-05 9.99678E-05 9.99678E-05 0.0147039
0.9995 9.996E-05 9.996E-05 9.996E-05 9.996E-05 9.996E-05
0.9995 9.996E-05 9.996E-05 9.996E-05 9.996E-05 9.996E-05
0.73654 0.234299 9.9982E-05 9.9982E-05 0.0234675 0.00549296
0.85766 0.0848128 9.9991E-05 0.00744867 0.0418043 0.00817458
0.997169 9.9964E-05 0.00243142 9.9964E-05 9.9964E-05 9.9964E-05
0.348282 0.385751 0.108583 9.9991E-05 0.0786003 0.0786838
0.668541 0.251744 9.9982E-05 9.9982E-05 0.0773852 0.00213045
0.787652 0.13 0.0150783 9.9991E-05 0.0531003 0.0140693
0.923483 0.0373712 9.9973E-05 9.9973E-05 9.9973E-05 0.0388461
0.9995 9.996E-05 9.996E-05 9.996E-05 9.996E-05 9.996E-05
0.891 0.0112575 9.9991E-05 0.0256978 0.0550437 0.0169009
0.9995 9.996E-05 9.996E-05 9.996E-05 9.996E-05 9.996E-05
0.556124 0.312917 0.0364568 9.9991E-05 0.0722954 0.0221063
0.912963 9.9982E-05 0.0414875 9.9982E-05 0.0229405 0.022409
0.0522684 9.9973E-05 9.9973E-05 0.593391 0.354041 9.9973E-05
0.121707 0.422686 9.9991E-05 0.206462 0.161683 0.0873628
0.0243822 0.527544 0.013795 0.213611 0.220568 9.9991E-05
0.134347 0.191855 0.0795176 0.370449 0.223732 9.9991E-05
0.0875506 0.459842 0.0270948 0.249295 0.172491 0.00372706
0.176315 0.0980907 0.122183 0.344685 0.258627 9.9991E-05
0.130964 0.361877 0.103942 0.0880112 0.209084 0.106121
0.156256 0.387765 9.9982E-05 0.349438 0.106341 9.9982E-05
0.10176 0.473488 9.9982E-05 0.249499 0.175053 9.9982E-05
0.195027 0.331158 9.9982E-05 0.274193 0.199421 9.9982E-05
0.0937281 0.514255 9.9991E-05 0.198989 0.179843 0.0130859
9.9991E-05 0.054678 0.00531949 0.0215898 0.836624 0.0816886
0.0575688 9.9973E-05 9.9973E-05 0.0320303 0.910101 9.9973E-05
9.9982E-05 9.9982E-05 0.0450244 0.00390854 0.944062 0.00680476
9.9973E-05 0.0256451 9.9973E-05 9.9973E-05 0.959895 0.0141603
0.0272185 0.0134148 9.9982E-05 9.9982E-05 0.863205 0.0959615
0.0926394 9.9964E-05 9.9964E-05 9.9964E-05 0.906961 9.9964E-05
0.104164 0.0204132 9.9982E-05 9.9982E-05 0.853097 0.0221261
9.9982E-05 0.022074 0.0119562 0.0697668 0.896003 9.9982E-05
0.0275259 0.0141322 0.0570865 9.9982E-05 0.901055 9.9982E-05
0.100886 0.0020861 9.9982E-05 0.0526491 0.844179 9.9982E-05
9.9982E-05 9.9982E-05 0.126495 0.00574287 0.579551 0.288011
9.9973E-05 9.9973E-05 0.0879523 9.9973E-05 0.615171 0.296577
9.9982E-05 9.9982E-05 0.0771704 0.163687 0.520233 0.23871
9.9982E-05 9.9982E-05 0.0947814 0.114909 0.509399 0.280711
0.0345955 0.442933 0.394199 9.9991E-05 0.0793242 0.0488477
0.0477935 0.441003 0.276093 0.115175 0.0149671 0.104968
0.0943183 0.479839 0.253952 9.9991E-05 0.0084428 0.163347
9.9982E-05 0.390777 0.301477 0.0652672 9.9982E-05 0.242279
0.0228795 0.149046 0.242939 9.9982E-05 9.9982E-05 0.584935
0.0891568 0.580651 0.214868 9.9991E-05 0.0866458 0.0285784
0.0252331 0.5533 0.321218 9.9982E-05 9.9982E-05 0.100048
0.0152581 0.524264 0.243756 0.153721 9.99985E-05 0.0629014
0.0465706 0.301127 0.574786 0.0773167 9.9982E-05 9.9982E-05
9.9991E-05 0.643386 0.1065 0.0678513 0.103176 0.078987
9.9982E-05 0.450119 0.414676 0.0499628 9.9982E-05 0.0850427
9.9973E-05 9.9973E-05 0.681165 0.301291 9.9973E-05 0.0172439
9.9991E-05 0.564245 0.116292 0.1237 0.0326556 0.163007
0.0361844 0.254264 0.440168 0.268433 0.000850455 9.9991E-05
0.00885173 0.554679 0.404544 0.0176707 0.0109761 0.00327863
0.000747738 0.0431244 0.701083 0.0504676 0.0269015 0.177675
9.9982E-05 0.0915072 9.9982E-05 0.0469279 0.112388 0.748977
9.9982E-05 0.0418572 9.9982E-05 0.0982184 0.0961429 0.763582
9.9982E-05 0.0302365 9.9982E-05 0.04536 0.0480336 0.87617
9.9973E-05 9.9973E-05 0.053208 9.9973E-05 0.124443 0.822049
0.0249328 0.0526688 0.0307278 0.137361 0.0231459 0.731163
0.0090663 0.130929 9.9991E-05 0.0226151 0.0394768 0.797813
0.0152801 0.0851382 0.0357148 9.9982E-05 0.863667 9.9982E-05
0.0410348 0.0689865 9.9982E-05 9.9982E-05 0.809153 0.0806261
0.0693098 0.148325 9.9973E-05 9.9973E-05 0.782065 9.9973E-05
0.127156 0.0244981 9.9982E-05 9.9982E-05 0.729242 0.118904
0.0282392 0.100803 9.9982E-05 9.9982E-05 0.799294 0.0714632
9.9982E-05 9.9982E-05 0.030604 0.00721253 0.363864 0.59812
9.9982E-05 9.9982E-05 0.0577244 0.152379 0.442623 0.347074
9.9982E-05 9.9982E-05 0.0521156 0.0271235 0.441989 0.478572
0.0323345 0.118919 9.9982E-05 9.9982E-05 0.810928 0.0376179
9.9982E-05 9.9982E-05 0.0117506 0.0800817 0.368468 0.5395
0.487068 0.219252 9.9991E-05 0.144123 0.126633 0.0228245
0.195527 0.581702 9.9991E-05 0.0752491 0.0806529 0.0667693
0.231586 0.565578 0.00154186 9.9982E-05 0.201095 9.9982E-05
0.236511 0.366619 9.9991E-05 0.124898 0.25627 0.0156016
0.120009 0.475715 0.147183 0.0423028 0.159888 0.0549023
0.33419 9.9973E-05 9.9973E-05 0.227998 0.437512 9.9973E-05
0.0321144 0.399462 0.105597 0.147163 9.9991E-05 0.315564
9.9982E-05 0.443835 0.0978382 0.260784 9.9982E-05 0.197342
9.9991E-05 0.313055 0.0806552 0.0638049 0.051704 0.490681
9.9982E-05 0.511814 0.10872 0.299496 9.9982E-05 0.0797698
9.9973E-05 9.9973E-05 0.213054 0.648615 9.9973E-05 0.138032
0.00341605 0.597878 0.0514309 0.177996 0.0921349 0.0771444
0.0648786 0.452593 0.134751 0.0894151 9.9991E-05 0.258263
9.9991E-05 0.33828 0.237948 0.0463375 0.0480719 0.329263
0.110091 0.441919 0.212696 0.0228991 0.0787667 0.133629
9.9982E-05 0.154776 0.144895 0.400004 9.9982E-05 0.300126
0.043933 0.474026 0.141116 0.180166 9.9991E-05 0.16066
0.034473 0.492051 0.128982 0.0540774 0.015578 0.274839
0.202794 0.364624 0.0804896 0.0996957 0.1794 0.0729975
9.9982E-05 0.411798 0.017748 0.267798 9.9982E-05 0.302456
9.9991E-05 0.488882 0.104869 0.114646 0.016839 0.274664
0.156631 0.388554 0.162841 0.229245 9.9991E-05 0.0626295
9.9991E-05 0.595793 0.151394 0.117254 0.00477505 0.130684
0.0796786 0.669691 9.9991E-05 0.121846 0.0614971 0.0671871
0.0125095 0.605903 0.0495975 0.0579698 0.172739 0.101281
0.0378019 0.55842 0.0816867 0.0253341 0.108066 0.188691
0.0990133 0.122064 9.9973E-05 9.9973E-05 0.778623 9.9973E-05
0.0307811 0.0728763 0.0213622 0.0227952 0.852085 9.9991E-05
9.9991E-05 0.0555554 0.0404347 0.105502 0.781586 0.0168214
0.0411729 9.9982E-05 0.0729214 0.0465864 0.839119 9.9982E-05
0.000849474 0.135847 9.9973E-05 9.9973E-05 0.863004 9.9973E-05
0.0685601 0.152357 0.141376 0.0838137 9.9991E-05 0.553793
0.0433782 0.48553 0.127908 0.0976658 0.0934321 0.152086
0.249082 0.335495 0.138077 0.163265 0.0928552 0.021226
0.0758079 0.531949 0.11914 0.0304008 0.0397429 0.202959
9.9991E-05 0.543971 0.111341 0.0284644 0.0712262 0.244897
0.0184372 0.378487 9.9982E-05 0.365571 9.9982E-05 0.237305
9.9982E-05 9.9982E-05 0.168739 0.147507 0.132086 0.551468
0.00784107 0.571507 0.0587892 9.9991E-05 0.0456243 0.316138
0.0651882 0.141873 0.182 0.0712405 0.0847524 0.454946
0.106001 0.367468 0.158401 0.131255 0.0116996 0.225176
0.0334051 0.131193 0.168978 0.0287705 0.15775 0.479903
0.0725937 0.649977 9.9982E-05 9.9982E-05 0.0872383 0.189991
0.0360946 0.231781 0.125932 0.104269 0.08751 0.414413
0.05891 0.332447 0.0724361 0.240199 0.019744 0.276263
0.0731644 0.528099 0.0603126 0.203067 0.00533113 0.130026
9.9973E-05 0.402422 9.9973E-05 0.491775 9.9973E-05 0.105503
0.0334034 0.581421 9.9991E-05 0.216732 0.0466831 0.121661
0.0341127 0.635048 0.085353 0.162504 0.082883 9.9991E-05
9.9982E-05 0.42106 0.00647603 0.541639 9.9982E-05 0.0306253
0.0573096 0.49331 0.0907769 0.14456 0.0818114 0.132232
9.9991E-05 0.62927 0.0551666 0.187325 0.084193 0.0439452
9.9982E-05 0.134093 0.102694 0.676639 9.9982E-05 0.0863737
9.99804E-05 0.347935 0.0276388 0.624126 9.99804E-05 9.99804E-05
9.9973E-05 0.51887 9.9973E-05 0.399201 9.9973E-05 0.0816297
9.9991E-05 0.216978 0.139527 0.521266 0.0226663 0.0994633
9.9982E-05 0.501875 0.0696178 0.317881 9.9982E-05 0.110426
0.0384242 0.132637 0.235499 0.0232513 0.0364717 0.533716
0.0221643 0.285292 0.128447 0.292539 9.9991E-05 0.271458
0.104341 0.330786 0.0973317 9.9991E-05 0.0212784 0.446163
0.0289059 0.711022 0.0247919 0.000946459 0.0339859 0.200348
0.0077952 0.205682 0.272009 0.00727471 9.9991E-05 0.507139
0.127462 0.475741 0.0746408 0.118518 0.0787295 0.124909
0.0105052 0.617411 0.0521271 0.0766937 0.0568389 0.186424
0.0764172 0.543274 0.0337417 0.113041 9.9991E-05 0.233426
0.0792711 0.517754 0.0420132 0.032782 0.0291091 0.299071
0.0803009 0.411104 0.141215 0.0468295 9.9991E-05 0.32045
0.103013 0.177442 0.231723 0.0201478 9.9991E-05 0.467574
0.086656 0.32999 0.0399325 0.0803401 9.9991E-05 0.462981
0.0237202 0.621046 0.0422128 0.0534993 9.9991E-05 0.259422
0.0350604 0.610852 0.106131 0.0457765 0.00298773 0.199192
0.0114544 0.451076 9.9991E-05 0.163254 0.0631568 0.310959
0.0992446 0.485269 0.0741435 0.121437 9.9991E-05 0.219805
0.112136 0.351039 9.9991E-05 0.0337217 0.0383573 0.464647
0.0534876 0.572523 0.136036 9.9982E-05 9.9982E-05 0.237753
0.0335992 0.600735 0.0672353 0.00986512 0.0880442 0.200521
0.142526 0.436981 0.0400548 0.0973261 0.0512037 0.231909
0.1727 0.394245 0.0615508 0.0255787 0.326962 0.0189638
0.257159 0.43041 0.0662774 0.0936524 0.102892 0.0496084
0.101493 0.513434 0.138131 0.0112028 0.176394 0.0593451
0.0875841 0.669102 0.0977783 0.00859332 0.0960157 0.0409264
0.263787 0.408539 0.0957464 0.0506672 0.157342 0.0239172
0.00914452 0.542341 9.9982E-05 0.236659 9.9982E-05 0.211655
0.184307 0.478644 0.0761746 0.0321743 0.104473 0.124227
0.160965 0.0312008 0.0920565 0.480869 0.234809 9.9991E-05
0.137977 0.524161 0.0450816 0.110539 0.0891353 0.0931052
0.213383 0.549365 9.9991E-05 0.0609498 0.0616438 0.114559
0.238006 0.494717 0.0645281 0.0957046 0.0283191 0.0787246
0.0931021 0.36979 0.139079 0.113948 0.189735 0.0943455
0.103793 0.662221 0.0333759 0.00894063 0.191569 9.9991E-05
0.080767 0.618891 9.9982E-05 0.08864 0.211502 9.9982E-05
0.169831 9.9973E-05 9.9973E-05 0.364584 0.465285 9.9973E-05
0.116736 0.569177 9.9991E-05 0.0505393 0.233813 0.0296346
0.237929 0.491586 0.0162348 0.038953 0.215197 9.9991E-05
0.131009 0.501793 0.149685 0.104027 0.110147 0.00333905
0.170743 0.551526 9.9991E-05 0.0527541 0.176701 0.0481761
0.108002 0.534973 9.9991E-05 0.221917 0.0906629 0.0443449
0.0344158 0.487589 0.196082 0.243581 0.0382318 9.9991E-05
0.0967359 0.465828 0.153836 0.159237 0.0620344 0.0623283
9.9982E-05 0.0379618 0.308035 0.619292 9.9982E-05 0.0345114
9.9982E-05 0.107497 0.14081 0.700822 9.9982E-05 0.0506714
0.0672508 0.591675 0.0461951 0.206989 9.9991E-05 0.0877901
0.308831 0.396812 9.9982E-05 0.24132 0.0528375 9.9982E-05
0.331105 0.3674 9.9982E-05 0.208414 0.092881 9.9982E-05
0.327214 0.22579 0.00856891 0.287093 0.151234 9.9991E-05
0.300198 0.318998 0.0251099 0.16993 0.182341 0.00342225
0.0347178 0.194521 0.013553 0.72268 0.0276587 0.00686927
0.121052 0.212568 0.0662917 0.534821 0.065166 9.9991E-05
0.14187 0.539915 0.0762961 0.204689 9.9991E-05 0.0371301
0.0769487 0.540573 0.0022203 0.29181 0.0713402 0.0171081
0.0916179 0.28363 0.0725113 0.524373 0.0277686 9.9991E-05
0.105643 0.434879 0.0924866 0.188074 0.0405845 0.138333
0.0827635 0.586342 0.0278064 0.250865 9.9991E-05 0.0521226
0.136113 0.463209 0.143488 0.0762185 0.180873 9.9991E-05
9.9982E-05 0.358968 0.232534 0.349677 9.9982E-05 0.0586211
0.0522572 0.388685 0.160978 0.281397 9.9991E-05 0.116583
9.9991E-05 0.613071 0.0832786 0.244176 0.0387315 0.0206421
0.0405761 0.38023 0.13144 0.33351 0.0249307 0.0893136
0.157462 0.330706 0.202612 0.130988 0.0726106 0.105621
9.9973E-05 0.52978 0.0751173 0.394803 9.9973E-05 9.9973E-05
9.9982E-05 0.30532 0.0479144 0.569294 9.9982E-05 0.0772718
0.0249808 0.645056 0.0831691 0.246594 9.9982E-05 9.9982E-05
0.0597036 0.198796 0.23881 0.502491 9.9982E-05 9.9982E-05
9.9982E-05 0.448464 0.134584 0.401373 9.9982E-05 0.0153783
0.102055 0.463226 0.197407 0.145688 0.0915231 9.9991E-05
0.121269 0.441179 0.207425 0.170906 9.9991E-05 0.0591215
0.180242 0.473115 9.9991E-05 0.0725862 0.163812 0.110145
0.145124 0.448628 0.047212 0.12187 0.111761 0.125406
0.372678 0.267037 0.0319664 0.0933115 0.133206 0.101801
0.233354 0.274745 9.9991E-05 0.190834 0.182009 0.118958
0.165443 0.482441 0.0617566 0.077679 0.173607 0.0390734
0.181517 0.379243 0.0792401 0.148621 0.139218 0.0721601
0.185089 9.9991E-05 0.0164425 0.621158 0.133937 0.0432735
0.257715 0.531057 9.9982E-05 0.115811 0.0952173 9.9982E-05
0.144588 9.9973E-05 9.9973E-05 0.488624 0.366488 9.9973E-05
0.131189 0.556374 0.10427 0.149171 0.0588968 9.9991E-05
9.9973E-05 0.132425 0.283057 0.584218 9.9973E-05 9.9973E-05
9.9964E-05 9.9964E-05 0.313646 0.685954 9.9964E-05 9.9964E-05
9.9982E-05 0.488638 0.159072 0.313487 9.9982E-05 0.0386024
0.0129423 0.59331 0.1645 0.229048 9.9982E-05 9.9982E-05
9.9982E-05 0.433177 0.154268 0.362799 9.9982E-05 0.0495567
9.9982E-05 0.516402 0.22237 0.243695 0.0173324 9.9982E-05
9.9973E-05 0.576943 0.111636 0.311121 9.9973E-05 9.9973E-05
0.0482745 0.0770554 9.9982E-05 0.0924531 0.782017 9.9982E-05
0.122663 9.9991E-05 0.0265383 0.0239289 0.696398 0.130372
0.0470344 9.9973E-05 9.9973E-05 9.9973E-05 0.910873 0.0417931
9.9964E-05 0.0631811 9.9964E-05 9.9964E-05 0.936419 9.9964E-05
0.0330937 0.365682 0.489681 9.9991E-05 0.0846165 0.0268267
9.9982E-05 0.482849 0.390393 9.9982E-05 0.113749 0.0128089
0.00428651 0.471879 0.504281 9.9982E-05 0.0193539 9.9982E-05
0.0187897 0.563967 0.295002 9.9982E-05 0.122042 9.9982E-05
0.111503 0.465853 0.156973 0.0726709 0.0369019 0.156098
0.00394208 0.222502 0.489689 0.152984 0.0362632 0.0946203
0.018776 0.576323 0.404601 9.9973E-05 9.9973E-05 9.9973E-05
9.9973E-05 0.279084 0.501276 0.21934 9.9973E-05 9.9973E-05
0.153527 0.458287 9.9991E-05 0.0879978 0.202467 0.0976208
0.0376746 0.361359 0.4247 0.0981307 9.9991E-05 0.0780355
9.9982E-05 0.307738 0.559573 9.9982E-05 0.0351899 0.0972998
0.0738594 0.464575 0.438488 0.0228777 9.9982E-05 9.9982E-05
9.9982E-05 0.300852 0.603703 0.0333371 9.9982E-05 0.061908
0.00861068 0.554595 0.406315 9.9982E-05 0.0302793 9.9982E-05
0.0556417 0.476961 0.358695 9.9991E-05 0.0791998 0.0294021
9.9973E-05 0.0604882 0.835578 0.103634 9.9973E-05 9.9973E-05
0.0114739 0.208728 0.644844 0.0818145 0.0178524 0.0352869
9.9991E-05 0.265374 0.654122 0.0590702 0.0127405 0.00859341
9.9964E-05 9.9964E-05 0.710553 0.289047 9.9964E-05 9.9964E-05
0.00980082 0.338595 0.546577 0.0352188 0.0426955 0.0271121
9.9973E-05 0.0649452 0.620076 0.314679 9.9973E-05 9.9973E-05
9.9964E-05 9.9964E-05 0.667337 0.332263 9.9964E-05 9.9964E-05
0.107482 0.507804 0.358325 9.9982E-05 0.0261887 9.9982E-05
0.00988833 0.155564 0.688431 0.0357658 0.0476458 0.0627046
0.112451 0.311846 0.465716 9.9982E-05 9.9982E-05 0.109787
0.0836298 0.512337 0.295727 0.00651552 0.10169 9.9991E-05
9.9973E-05 0.503311 0.415194 9.9973E-05 9.9973E-05 0.0811946
0.040406 0.34738 0.0659388 0.25328 9.9991E-05 0.292895
9.9991E-05 0.517686 0.406587 0.00918338 0.061021 0.00542222
0.0426839 0.384645 0.363736 9.9991E-05 0.049647 0.159188
9.9973E-05 0.239548 0.690632 0.0695204 9.9973E-05 9.9973E-05
0.0487137 0.577586 0.196508 0.0843408 0.0841988 0.00865243
0.00533147 0.0209395 9.9991E-05 0.115184 0.60348 0.254964
0.00289835 0.0428733 0.106853 0.0307041 0.746342 0.0703296
9.9973E-05 9.9973E-05 9.9973E-05 0.0708042 0.80473 0.124166
9.9982E-05 9.9982E-05 0.026859 0.0727213 0.806039 0.0941812
9.9973E-05 0.0221333 9.9973E-05 9.9973E-05 0.733432 0.244135
0.0600609 9.9982E-05 0.804327 9.9982E-05 0.00230094 0.133111
9.9991E-05 0.0438288 0.665136 0.102253 0.0958961 0.0927859
9.9973E-05 0.0927698 0.785662 0.121269 9.9973E-05 9.9973E-05
0.069158 0.550619 0.203108 9.9991E-05 0.101954 0.0750619
0.00444586 0.61928 0.243211 0.0144049 0.106268 0.012391
0.0459318 0.255968 0.575026 0.122874 9.9982E-05 9.9982E-05
0.0513275 0.539371 0.390121 0.0189798 9.9982E-05 9.9982E-05
0.0789008 0.317542 0.485779 0.0396296 0.0387083 0.0394404
0.0116325 0.540224 0.363813 0.0543686 0.00377069 0.026191
0.0644994 0.583364 0.287365 9.9991E-05 0.0637513 0.000920671
0.0372935 0.193297 0.652053 0.00668462 9.9991E-05 0.110572
9.9973E-05 0.30401 0.61527 9.9973E-05 9.9973E-05 0.0804195
9.9973E-05 0.231423 0.618864 9.9973E-05 9.9973E-05 0.149413
0.069967 0.512139 0.0323474 0.156528 0.0628706 0.166147
9.9982E-05 0.327638 0.609842 9.9982E-05 0.0400288 0.0222914
0.0451245 0.379589 0.507603 0.0545063 0.0130769 9.9991E-05
0.433634 0.425401 0.0416598 0.000704034 0.0985014 9.9991E-05
0.435442 0.394913 0.00686472 0.079181 0.083499 9.9991E-05
0.425213 0.477059 9.9982E-05 0.0228138 0.0747147 9.9982E-05
0.464822 0.348577 9.9982E-05 0.0479059 0.138495 9.9982E-05
0.355657 0.503308 9.9991E-05 0.0504674 0.0531792 0.0372877
9.9982E-05 0.513068 0.304422 0.123042 0.0592689 9.9982E-05
0.689826 0.0105187 9.9982E-05 0.0693836 0.230072 9.9982E-05
0.440453 0.32331 0.00933405 0.0632206 0.163582 9.9991E-05
0.143425 0.441695 0.0877014 0.142955 0.184124 9.9991E-05
9.9982E-05 0.601028 9.9982E-05 0.226301 0.137804 0.034667
0.0276194 0.42126 0.0506146 0.299585 0.146661 0.0542601
0.0449213 0.555454 9.9991E-05 0.224089 0.103943 0.0714927
9.9991E-05 0.680269 0.152982 0.0339225 0.0500283 0.0826976
0.46032 0.364055 9.9973E-05 9.9973E-05 0.175325 9.9973E-05
0.393184 0.328246 0.141278 9.9991E-05 0.0782884 0.058903
0.529984 0.4674 9.9973E-05 9.9973E-05 9.9973E-05 0.00231641
0.360581 0.474048 9.9991E-05 0.0614574 0.0588467 0.0449667
0.524635 0.276904 0.0508463 0.00703059 0.140485 9.9991E-05
0.412726 0.270172 0.126275 9.9991E-05 0.155594 0.0351328
0.568008 0.193887 0.0292756 0.0825345 0.126195 9.9991E-05
0.40223 0.340173 0.0612995 0.0327846 0.0550565 0.108456
9.9982E-05 0.652948 0.037199 0.24177 0.067883 9.9982E-05
0.327162 0.345846 0.00610841 0.0630067 0.156162 0.101715
0.602039 0.215267 9.9973E-05 9.9973E-05 0.182395 9.9973E-05
0.428895 0.276408 0.111543 0.0254395 0.0757448 0.0819695
9.9991E-05 0.208198 0.144516 0.22778 0.192975 0.226432
0.112674 0.607953 0.0423986 0.185037 9.9991E-05 0.0518379
0.275894 0.49396 9.9991E-05 0.0619037 0.157869 0.0102733
9.9982E-05 0.575255 9.9982E-05 0.158998 0.13563 0.129917
0.00239332 0.569118 0.0384574 0.172625 0.175278 0.0421284
0.231044 0.347857 0.0974111 0.120829 0.202759 9.9991E-05
0.304869 0.291573 0.0766972 0.122871 0.20389 9.9991E-05
0.107527 0.544934 9.9991E-05 0.173785 0.128375 0.0452787
0.418207 0.370323 0.0477222 0.0991415 0.0645063 9.9991E-05
0.411822 0.390308 9.9982E-05 0.0905582 0.107112 9.9982E-05
0.660394 0.119868 9.9982E-05 0.025735 0.193803 9.9982E-05
9.9982E-05 0.72404 0.0136924 0.223718 0.0383501 9.9982E-05
9.9991E-05 0.536538 0.0583405 0.206105 0.104304 0.0946129
9.9973E-05 0.236754 9.9973E-05 0.611372 0.151573 9.9973E-05
0.0309026 0.580842 0.141489 0.0337384 0.17708 0.0359489
0.0424729 0.353586 0.120155 0.180469 0.130741 0.172577
0.192873 0.367749 0.143347 0.0667308 0.229201 9.9991E-05
0.0162223 0.459804 0.118163 0.147877 0.0922824 0.165652
0.209627 9.9973E-05 9.9973E-05 0.486864 0.303209 9.9973E-05
0.135871 9.9973E-05 9.9973E-05 0.589606 0.274223 9.9973E-05
0.0632049 0.361617 9.9991E-05 0.38026 0.18954 0.00527886
0.257176 9.9973E-05 9.9973E-05 0.424426 0.318098 9.9973E-05
0.238527 9.9973E-05 9.9973E-05 0.347537 0.413636 9.9973E-05
0.138175 0.371267 9.9982E-05 0.39987 0.0904883 9.9982E-05
0.133952 0.378465 0.0357131 0.186488 0.265281 9.9991E-05
0.14593 0.224706 0.0532961 0.290621 0.285347 9.9991E-05
0.153039 0.0897724 9.9991E-05 0.466202 0.283978 0.00690869
0.110505 0.533676 0.0108479 0.177449 0.157944 0.00957782
0.168643 0.136443 0.0193847 0.434002 0.241427 9.9991E-05
0.0410676 9.9973E-05 9.9973E-05 0.492348 0.466285 9.9973E-05
0.207371 0.506545 0.032243 0.0182629 0.13135 0.104227
0.172866 0.432426 9.9991E-05 0.150293 0.18457 0.0597465
0.212551 0.399834 0.101849 9.9991E-05 0.215366 0.0702996
0.299813 0.526908 9.9982E-05 9.9982E-05 0.169015 0.00406443
0.146839 0.54214 0.0322481 0.0666455 0.21012 0.00200772
0.291021 0.381956 0.0544429 0.0910515 0.0816068 0.0999223
0.185128 0.384039 9.9991E-05 0.0321375 0.33783 0.0607652
0.188003 0.478845 0.0463875 9.9991E-05 0.244034 0.0426309
0.279249 0.47145 9.9991E-05 0.0595694 0.144913 0.0447187
0.26155 0.282975 0.0251792 0.153767 0.276429 9.9991E-05
0.124381 0.227694 0.315493 0.0886803 0.159549 0.0842028
0.106524 0.490672 0.0652635 0.0305071 0.158808 0.148225
0.171137 0.455144 0.197002 9.9991E-05 0.165162 0.0114551
0.126777 0.559114 0.163078 9.9991E-05 0.100384 0.0505469
0.257187 0.400489 9.9991E-05 0.00581884 0.292215 0.044191
0.124276 0.581115 9.9991E-05 0.0376216 0.217492 0.0393956
0.216925 0.154762 9.9982E-05 0.277917 0.350195 9.9982E-05
0.262633 0.454126 0.0643748 9.9991E-05 0.137074 0.0816926
0.348706 0.199774 9.9982E-05 0.223772 0.227548 9.9982E-05
9.9982E-05 9.9982E-05 0.09515 0.00424732 0.794517 0.105886
0.000114011 0.114366 0.0305557 0.052482 0.0667427 0.73574
9.9964E-05 9.9964E-05 0.0148681 9.9964E-05 9.9964E-05 0.984732
9.9973E-05 0.0103421 9.9973E-05 9.9973E-05 0.0269481 0.96241
9.9973E-05 0.0367796 9.9973E-05 0.00860364 9.9973E-05 0.954317
0.0150239 0.00708553 9.9973E-05 9.9973E-05 9.9973E-05 0.977591
9.9964E-05 0.0717691 9.9964E-05 9.9964E-05 9.9964E-05 0.927831
9.9964E-05 9.9964E-05 9.9964E-05 9.9964E-05 0.0588384 0.940762
0.0035478 9.9973E-05 9.9973E-05 9.9973E-05 0.188284 0.807868
9.9991E-05 0.0517178 0.011541 0.00896329 0.90527 0.0224079
9.9982E-05 0.0706502 9.9982E-05 0.00544947 0.831911 0.0917893
0.0625322 9.9982E-05 0.00920535 0.0125574 0.915505 9.9982E-05
9.9982E-05 0.0410373 9.9982E-05 0.0615598 0.809998 0.0872051
0.0676037 9.9982E-05 0.00219331 9.9982E-05 0.924319 0.00568406
9.9973E-05 9.9973E-05 9.9973E-05 0.0324674 0.887448 0.0797842
0.146305 0.0233302 9.9991E-05 0.0281878 0.738007 0.0640707
0.0673555 9.9973E-05 0.0572976 9.9973E-05 0.875047 9.9973E-05
0.0829322 0.0495468 0.0157457 0.0161697 0.678097 0.157508
0.0916201 9.9973E-05 0.017636 9.9973E-05 0.890444 9.9973E-05
0.0128914 9.9982E-05 0.00237116 9.9982E-05 0.925452 0.0590855
0.0709163 9.9982E-05 9.9982E-05 0.0484106 0.835134 0.0453388
0.00767154 9.9973E-05 9.9973E-05 9.9973E-05 0.942706 0.0493225
0.0250847 0.0427269 9.9991E-05 0.00798549 0.902562 0.0215412
0.0379082 0.0612702 0.01707 9.9991E-05 0.873197 0.0104546
0.0126346 0.144319 9.9973E-05 9.9973E-05 0.842747 9.9973E-05
0.0998599 0.125045 9.9973E-05 9.9973E-05 0.774795 9.9973E-05
0.101924 0.140165 9.9973E-05 9.9973E-05 0.757611 9.9973E-05
0.0493743 0.120833 0.00165816 9.9982E-05 0.827935 9.9982E-05
9.9991E-05 0.41342 0.0732105 0.250485 0.158533 0.104251
9.9991E-05 0.719181 0.031634 0.116987 0.0656698 0.066428
0.0291515 0.684152 0.106042 9.9991E-05 0.133237 0.047317
9.9991E-05 0.2126 0.0253597 0.684212 0.0582912 0.0194375
9.9991E-05 0.621218 0.0134566 0.18936 0.0862729 0.0895931
9.9973E-05 0.144733 9.9973E-05 0.714424 0.140544 9.9973E-05
9.9982E-05 0.726997 9.9982E-05 0.118908 0.15236 0.00153456
9.9991E-05 0.445201 0.100134 0.263379 0.0214376 0.169748
9.9991E-05 0.569266 0.0548234 0.1916 0.0361276 0.148082
9.99841E-05 0.412553 0.436662 9.99841E-05 0.0865206 0.0640644
9.9991E-05 0.449826 0.124116 0.175483 0.10914 0.141335
9.9982E-05 0.657183 0.0324553 0.204927 0.105235 9.9982E-05
9.9991E-05 0.573394 0.0192644 0.244247 0.0586381 0.104356
0.0482656 0.0884446 0.113168 0.303898 9.9991E-05 0.446125
9.9991E-05 0.00371512 0.0353691 0.817112 0.0147353 0.128969
0.0355609 0.162094 9.9991E-05 0.668423 0.058732 0.0750908
0.0723538 0.677194 0.0369225 0.0189315 0.066337 0.128261
9.9982E-05 0.571781 9.9982E-05 0.219139 0.128493 0.0803871
9.9982E-05 0.554981 0.0911418 0.220764 0.132913 9.9982E-05
0.0238084 0.694531 9.9982E-05 0.219924 0.0615372 9.9982E-05
0.105162 0.621341 9.9982E-05 0.0303215 0.242975 9.9982E-05
0.158328 0.594501 0.0239008 9.9991E-05 0.173116 0.0500539
0.15443 0.161158 0.0388872 0.0652549 0.421276 0.158994
9.9982E-05 0.713655 0.0572458 9.9982E-05 0.106029 0.12287
0.134638 0.431166 0.0592044 9.9991E-05 0.242962 0.131929
0.156627 9.9982E-05 9.9982E-05 0.434429 0.397553 0.0111909
0.228549 0.337157 9.9982E-05 0.189183 0.244911 9.9982E-05
0.204422 0.269037 0.133405 0.00712045 0.315465 0.0705504
0.0566047 0.477174 0.0213562 9.9991E-05 0.310185 0.13458
0.189538 0.488827 0.022348 0.0227441 0.108183 0.168359
0.142198 0.486054 0.0131834 0.173524 0.184941 9.9991E-05
0.0306596 0.702534 9.9991E-05 0.0246096 0.169806 0.0722901
0.155285 0.379995 0.0926114 0.190831 0.15298 0.0282977
0.174359 0.237522 0.135707 0.0125879 0.439724 9.9991E-05
