0.0924436 0.0238512 9.9973E-05 0.794488 0.0152022 9.9973E-05 0.0737155 9.9973E-05
0.0304656 9.9982E-05 9.9982E-05 0.90753 0.000560756 0.0383968 0.01105 0.0117972
0.0677039 9.9973E-05 9.9973E-05 0.752132 0.152536 9.9973E-05 0.0267275 0.000601029
0.06341 0.0487127 9.9982E-05 0.773834 0.045407 0.017664 0.050772 9.9982E-05
9.9955E-05 0.0469156 9.9955E-05 0.87298 9.9955E-05 0.0796045 9.9955E-05 9.9955E-05
0.0353952 0.0629251 0.147389 0.561032 0.0611652 9.9991E-05 0.0714396 0.0605539
0.053761 0.0125914 0.131809 0.772701 9.9973E-05 9.9973E-05 0.028838 9.9973E-05
0.0844154 0.0238298 0.149226 0.600792 0.0194732 9.9982E-05 0.122063 9.9982E-05
0.0114382 9.99729E-05 0.0260594 0.817603 9.99729E-05 9.99729E-05 0.0673593 0.0772403
0.0240731 0.0720752 0.0489406 0.648841 0.108626 0.0494024 0.0479414 9.9991E-05
0.0389396 9.9973E-05 0.115743 0.701503 0.00583247 9.9973E-05 0.137683 9.9973E-05
9.9973E-05 0.0299218 0.0823048 9.9973E-05 0.310529 9.9973E-05 0.455993 0.120952
0.0328862 0.029203 0.0779245 9.9973E-05 0.591815 9.9973E-05 0.267871 9.9973E-05
0.0215555 0.0479324 0.0169599 0.0609072 0.297428 0.0605212 0.431863 0.0628331
9.9991E-05 0.162903 0.0570944 0.0575241 0.287252 0.00634849 0.333818 0.0949601
9.9991E-05 0.0500971 0.130584 0.126981 0.499082 0.000641935 0.166426 0.026088
0.0535884 0.00937586 0.0409795 0.0722753 0.61305 0.0500083 0.144844 0.015878
0.0458367 0.041031 0.0420894 9.9982E-05 0.437601 9.9982E-05 0.221182 0.21206
9.9973E-05 0.0841208 9.9973E-05 0.147043 0.290904 9.9973E-05 0.341038 0.136594
0.034878 0.0741086 0.149475 9.9973E-05 9.9973E-05 9.9973E-05 0.6534 0.0878384
0.0451945 0.0684514 9.9973E-05 9.9973E-05 0.385093 9.9973E-05 0.258685 0.242276
0.0517583 0.0245637 0.189375 9.9991E-05 0.408473 0.0714537 0.164476 0.0898007
9.9973E-05 9.9973E-05 9.9973E-05 0.0810129 0.558932 0.0247415 0.208029 0.126985
0.0322772 0.0808402 0.0729831 9.9982E-05 0.311881 9.9982E-05 0.39202 0.109798
0.0149856 0.0944522 0.0531189 0.0548569 0.536498 0.0598225 0.121334 0.0649316
0.015381 0.0870677 0.0806518 9.9982E-05 0.544322 9.9982E-05 0.266251 0.00612571
0.0377195 0.155908 0.0478526 9.9982E-05 0.120262 9.9982E-05 0.470553 0.167505
9.9982E-05 0.212431 0.0901006 0.0304532 0.160507 9.9982E-05 0.401539 0.104769
9.9982E-05 9.9982E-05 0.121176 0.0221518 0.294159 0.0194378 0.428203 0.114672
0.9993 9.994E-05 9.994E-05 9.994E-05 9.994E-05 9.994E-05 9.994E-05 9.994E-05
0.9993 9.994E-05 9.994E-05 9.994E-05 9.994E-05 9.994E-05 9.994E-05 9.994E-05
0.359821 0.00760471 9.9964E-05 0.495699 0.136476 9.9964E-05 9.9964E-05 9.9964E-05
0.300916 0.0522058 0.01089 0.488652 0.102194 9.9982E-05 9.9982E-05 0.0449418
0.0193859 9.9982E-05 9.9982E-05 0.00670421 0.577166 0.0964036 0.0693064 0.230834
0.0180481 0.0304737 9.9982E-05 0.0846929 0.471427 9.9982E-05 0.0995154 0.295643
0.0473109 9.9982E-05 0.011044 0.0297151 0.522185 0.0479654 9.9982E-05 0.34158
0.052146 9.9982E-05 0.0673306 0.0361877 0.148153 9.9982E-05 0.54273 0.153253
0.0158785 0.034007 0.0328349 9.9982E-05 0.255479 0.0110694 9.9982E-05 0.650531
0.0184962 0.0360187 9.9991E-05 0.102185 0.517823 0.00640111 0.103574 0.215402
9.9973E-05 9.9973E-05 0.061007 0.0824439 0.611287 0.00601802 9.9973E-05 0.238944
0.0230919 9.9991E-05 0.0735756 0.107918 0.676181 0.0416342 0.062792 0.0147082
0.0717216 0.0513483 9.9991E-05 0.0663354 0.53411 0.0219335 0.127762 0.126689
9.9973E-05 9.9973E-05 0.0679488 0.00974097 0.12413 9.9973E-05 0.0931491 0.704731
9.9991E-05 0.0919554 0.198737 0.000844556 0.530508 0.0529571 0.0774527 0.047445
9.999E-05 0.106565 0.0395401 0.0535519 0.58445 0.0383967 0.0332184 0.144177
0.0696686 9.9982E-05 0.0447358 0.0854127 0.61237 9.9982E-05 0.0610412 0.126572
9.9955E-05 9.9955E-05 9.9955E-05 9.9955E-05 0.289284 0.0630653 9.9955E-05 0.647151
0.00167018 0.0467815 0.00881904 0.0832722 0.603182 9.9982E-05 9.9982E-05 0.256075
0.00777962 0.0605194 0.0510561 0.115653 0.497526 0.0916602 9.9991E-05 0.175706
9.9964E-05 9.9964E-05 0.288447 0.0365923 9.9964E-05 0.0117058 9.9964E-05 0.662855
9.9973E-05 9.9973E-05 0.0594682 9.9973E-05 0.173712 0.043825 0.4915 0.231195
9.9973E-05 9.9973E-05 0.354189 9.9973E-05 0.126932 0.106371 0.240532 0.171677
0.0497057 0.0399601 0.0152906 0.10438 0.636119 0.0314984 0.118528 0.00451811
0.0360568 9.9982E-05 0.117171 0.0604325 0.658437 0.0650364 0.0626661 9.9982E-05
0.0380651 0.0758598 0.0973433 9.9982E-05 0.571977 0.152749 0.0638056 9.9982E-05
9.9982E-05 9.9982E-05 0.0589106 0.126173 0.203143 0.0569157 0.303321 0.251336
0.0379293 9.9982E-05 0.0349093 0.0127048 0.57352 0.126703 0.214033 9.9982E-05
0.0213933 0.0995703 0.125453 0.0476028 0.574862 9.9991E-05 0.10275 0.0282673
0.0357017 0.0191969 0.154564 0.0598851 0.220096 9.9991E-05 0.243768 0.266688
0.0100131 0.0698195 0.221094 0.17839 0.0763947 9.9991E-05 0.27273 0.171459
0.0703577 0.00165086 0.043065 0.0674808 0.500016 0.0823144 0.136882 0.0982332
0.000158632 0.0573115 0.0728133 0.0505584 0.361598 0.135879 0.298546 0.0231358
0.0531039 9.9973E-05 0.255114 9.9973E-05 0.0543452 9.9973E-05 0.464623 0.172514
9.9982E-05 0.0299716 0.0557231 9.9982E-05 0.416661 0.107124 0.279084 0.111237
9.9982E-05 0.056493 9.9982E-05 0.0368546 0.631227 0.17624 0.0811961 0.0177891
0.0507253 0.105256 0.15239 0.0147053 0.519358 0.00418289 0.122846 0.0305368
9.9991E-05 0.107381 0.0602122 0.00466642 0.273683 0.00281806 0.31335 0.23779
0.0668629 0.0204941 0.115976 9.9982E-05 0.511744 9.9982E-05 0.176688 0.108035
0.0862246 0.00719215 9.9982E-05 0.0378524 0.570275 0.105852 0.192404 9.9982E-05
0.0479619 9.9982E-05 0.115981 9.9982E-05 0.173053 0.130149 0.336752 0.195904
9.9955E-05 9.9955E-05 9.9955E-05 9.9955E-05 0.54099 9.9955E-05 0.0729988 0.385511
0.0151911 9.9964E-05 9.9964E-05 9.9964E-05 0.195747 9.9964E-05 0.0990665 0.689595
0.0449519 0.0549873 0.0583815 9.9982E-05 0.538553 9.9982E-05 0.11683 0.186096
9.9946E-05 9.9946E-05 0.128738 9.9946E-05 9.9946E-05 9.9946E-05 9.9946E-05 0.870662
9.9964E-05 9.9964E-05 0.128423 9.9964E-05 9.9964E-05 0.0632902 0.0275389 0.780348
9.9964E-05 9.9964E-05 9.9964E-05 9.9964E-05 0.225763 0.00523018 0.00243496 0.766172
0.00427339 9.9964E-05 9.9964E-05 9.9964E-05 0.48467 9.9964E-05 0.0482032 0.462454
0.0111467 0.0821467 9.9991E-05 0.0952267 0.527498 0.0557196 0.0745539 0.153608
9.9982E-05 0.0606708 0.00819234 0.000982016 0.400742 9.9982E-05 0.0441478 0.485065
0.0332016 9.9973E-05 9.9973E-05 0.0187381 0.196555 9.9973E-05 0.203329 0.547876
0.0389286 9.9973E-05 9.9973E-05 9.9973E-05 0.246409 0.033514 0.171669 0.50918
0.00794539 0.0334914 9.9991E-05 0.0985818 0.535528 0.167069 0.0282543 0.12903
0.00325126 9.9982E-05 9.9982E-05 0.0563462 0.284054 0.00454292 0.0279613 0.623644
0.0574914 0.0605656 0.0418507 0.0327305 0.307253 9.9991E-05 0.0592153 0.440794
0.0153373 9.9982E-05 0.041247 0.00732101 0.352544 0.0698811 9.9982E-05 0.51347
9.9964E-05 9.9964E-05 0.16753 9.9964E-05 9.9964E-05 0.0875064 0.0124658 0.732098
0.0101451 9.9982E-05 0.0532416 0.0339224 0.589191 9.9982E-05 0.0586435 0.254657
9.9964E-05 0.0538167 9.9964E-05 0.763183 0.107245 9.9964E-05 0.0753556 9.9964E-05
0.0942154 9.9955E-05 9.9955E-05 0.824616 0.080669 9.9955E-05 9.9955E-05 9.9955E-05
0.123624 9.9955E-05 9.9955E-05 0.776286 0.0995895 9.9955E-05 9.9955E-05 9.9955E-05
0.117078 9.9973E-05 0.0282707 0.807904 0.0418309 9.9973E-05 9.9973E-05 0.00461693
0.109495 0.0304826 9.9982E-05 0.791916 0.019862 0.0105545 9.9982E-05 0.0374901
0.0310645 0.0078584 0.00328519 0.839915 0.0522715 0.0474313 9.9991E-05 0.0180738
0.0463227 9.99551E-05 9.99551E-05 0.88471 0.0684673 9.99551E-05 9.99551E-05 9.99551E-05
9.9982E-05 0.041363 9.9982E-05 0.151014 0.440727 0.087248 0.023891 0.255557
0.00124564 0.130563 0.00588582 0.0933089 0.44231 0.00600509 0.0752872 0.245394
9.9964E-05 9.9964E-05 9.9964E-05 0.0776686 9.9964E-05 0.00884831 0.093674 0.819409
0.0465184 0.0981268 0.00736073 0.0248165 0.527376 0.0140622 0.054552 0.227187
9.9964E-05 9.9964E-05 9.9964E-05 0.0459717 0.426132 9.9964E-05 0.0544336 0.473063
9.9973E-05 0.0235543 9.9973E-05 0.140117 0.574331 9.9973E-05 0.0084675 0.25323
0.0400847 9.9982E-05 0.00131219 9.9982E-05 0.539018 0.0882158 0.0591482 0.272021
0.0302488 0.087074 9.9973E-05 9.9973E-05 0.332342 0.0383715 9.9973E-05 0.511664
9.9964E-05 9.9964E-05 9.9964E-05 0.0680245 9.9964E-05 0.00822678 0.187755 0.735594
9.9982E-05 0.0615784 9.9982E-05 0.142277 0.414008 0.145414 0.0600985 0.176423
0.0427504 9.9982E-05 0.0488049 0.0565108 0.66196 0.00845717 9.9982E-05 0.181317
0.0278156 0.0474392 9.9991E-05 0.131121 0.514 0.113196 0.0482353 0.118092
0.030375 9.9973E-05 0.0686775 9.9973E-05 0.2726 0.0698288 9.9973E-05 0.558218
0.0433389 9.9964E-05 9.9964E-05 9.9964E-05 0.504646 0.118179 9.9964E-05 0.333436
0.0676061 9.9964E-05 9.9964E-05 9.9964E-05 0.406265 9.9964E-05 0.0835145 0.442214
9.9964E-05 0.0995495 9.9964E-05 9.9964E-05 0.253089 0.0600599 9.9964E-05 0.586902
0.0100974 9.9973E-05 9.9973E-05 0.0434404 0.464209 9.9973E-05 0.0456462 0.436307
0.0441625 9.9982E-05 0.167964 0.0347516 0.562866 9.9982E-05 0.0896056 0.10045
0.0208888 0.0868201 0.042309 9.9991E-05 0.192121 0.272213 0.361935 0.023612
0.0504 0.00788951 0.0287541 0.0737593 0.4594 0.0310319 0.348665 9.9991E-05
0.0158189 0.00276636 9.9991E-05 0.166786 0.55964 0.0419955 0.1169 0.0959931
0.0228976 0.0681971 0.0159049 0.107781 0.510079 0.0713515 0.121573 0.0822163
0.0835572 9.9982E-05 0.0181854 9.9982E-05 0.473293 0.017185 0.317534 0.0900455
9.9982E-05 0.0257691 0.0333584 9.9982E-05 0.601014 0.108398 0.219855 0.0114053
9.9973E-05 0.00295671 9.9973E-05 0.0376542 0.489083 0.0897607 0.380246 9.9973E-05
0.0503127 9.9991E-05 0.0711698 0.0830002 0.552952 0.0392126 0.181218 0.0220352
9.9973E-05 0.0416074 0.149666 9.9973E-05 0.587356 9.9973E-05 0.132414 0.0886564
0.0308954 9.9982E-05 9.9982E-05 0.0321812 0.633385 0.051655 0.182205 0.0694781
9.9973E-05 9.9973E-05 9.9973E-05 0.0109654 0.471744 0.0293446 0.400707 0.0869388
0.0369062 0.0203454 0.044788 0.0379559 0.600317 0.142348 0.0981532 0.019186
0.0264563 0.0704815 0.131183 0.103602 0.458956 0.0114112 0.116194 0.0817164
0.0102185 0.0904537 9.9982E-05 9.9982E-05 0.53333 0.0364441 0.248285 0.0810685
9.9973E-05 9.9973E-05 0.1046 0.0371969 0.643899 9.9973E-05 0.180151 0.0338531
0.0146875 0.0452914 0.0193259 9.9982E-05 0.572177 0.143693 0.204625 9.9982E-05
0.0594954 0.0242944 0.111868 0.0574021 0.405585 0.0632208 0.269676 0.00845871
9.9973E-05 0.102869 9.9973E-05 9.9973E-05 0.549931 0.0291501 0.185558 0.132192
0.0608534 9.9982E-05 0.0151544 0.0177406 0.59166 0.18329 0.131102 9.9982E-05
0.0168133 0.140079 9.9991E-05 0.00610271 0.176359 0.0406542 0.443881 0.17601
9.9982E-05 9.9982E-05 0.161465 0.0608326 0.171987 0.212066 0.327954 0.0654952
0.0422102 0.0153251 0.100697 0.00605251 0.613984 0.0789108 0.14272 9.9991E-05
9.9982E-05 0.00569039 0.193327 9.9982E-05 0.121968 0.197709 0.337495 0.143611
9.9973E-05 9.9973E-05 9.9973E-05 0.0639919 0.317867 0.20333 0.369197 0.0453138
9.9973E-05 9.9973E-05 9.9973E-05 0.0147499 0.438451 0.00608263 0.384672 0.155744
0.0494789 9.9973E-05 9.9973E-05 9.9973E-05 0.338941 0.0101646 0.370148 0.230968
9.9982E-05 0.0334267 0.028069 9.9982E-05 0.294039 0.0529318 0.457244 0.134089
0.0464618 0.0309717 0.0860507 9.9991E-05 0.575427 0.030958 0.133577 0.096454
9.9991E-05 0.0692066 0.0233217 0.0995621 0.495101 0.0645586 0.121691 0.126459
0.0523086 0.0426997 9.9991E-05 0.0307113 0.534212 0.0278163 0.162994 0.149158
9.9991E-05 0.0151489 0.229083 0.00260805 0.218251 0.111174 0.318003 0.105632
9.99849E-05 9.99849E-05 0.00200245 0.239328 0.467666 0.18224 0.0760173 0.0325469
9.9991E-05 0.0191991 0.222984 0.0520844 0.483365 0.0363179 0.0818128 0.104137
9.9982E-05 9.9982E-05 0.438365 0.120406 0.0408591 0.15158 0.142482 0.106107
0.0312848 9.9982E-05 0.140427 0.110381 0.589665 0.009873 9.9982E-05 0.118169
9.9982E-05 9.9982E-05 0.233932 0.0683373 0.348884 0.160279 0.0516756 0.136693
9.9991E-05 0.0611868 0.219403 0.0979891 0.487442 0.101247 0.0121725 0.020459
0.0127149 0.0115332 0.365867 0.0346012 0.260333 0.100479 0.116587 0.0978848
9.9982E-05 9.9982E-05 0.375942 0.0526392 0.177638 0.147906 0.148759 0.0969158
0.0219178 9.9991E-05 0.181451 0.0155748 0.444657 0.14213 0.117536 0.0766327
0.0767705 0.0395594 0.0963957 0.0445747 0.525356 0.140101 0.0771429 9.9991E-05
0.0323565 9.9991E-05 0.10602 0.198481 0.405158 0.048748 0.0671269 0.142009
0.0155596 0.17333 0.369997 0.0161045 9.9991E-05 0.0393464 0.109793 0.27577
0.00836041 0.0885753 0.0872494 0.0242134 0.481944 0.0671726 0.203383 0.0391024
9.9973E-05 9.9973E-05 0.302007 9.9973E-05 0.315521 0.0833785 0.0739193 0.224874
0.016766 9.9982E-05 0.258335 9.9982E-05 0.523193 0.0949116 0.0223994 0.0841953
9.9991E-05 0.0148686 0.113682 0.114342 0.571626 0.10394 0.00943516 0.0720053
0.0745723 0.250443 0.199389 0.257202 0.194149 9.9982E-05 9.9982E-05 0.024045
9.9955E-05 0.142216 0.366203 0.49108 9.9955E-05 9.9955E-05 9.9955E-05 9.9955E-05
0.0478315 0.143166 0.439797 0.368805 9.9964E-05 9.9964E-05 9.9964E-05 9.9964E-05
0.0152576 0.263675 0.233994 0.391898 0.0948766 9.9973E-05 9.9973E-05 9.9973E-05
9.9955E-05 9.9955E-05 0.24612 9.9955E-05 0.695222 0.0581585 9.9955E-05 9.9955E-05
0.046508 0.0643922 0.0513266 0.0589614 0.545427 0.0128925 0.0606889 0.159803
9.9955E-05 0.625315 9.9955E-05 9.9955E-05 0.304571 9.9955E-05 0.0696142 9.9955E-05
0.0151765 0.416102 9.9982E-05 9.9982E-05 0.362554 0.00873786 0.109403 0.0878262
0.00248738 0.427717 0.115257 0.0515352 0.302131 0.0315662 0.0273476 0.0419581
0.000250648 9.9982E-05 0.349357 9.9982E-05 0.372684 0.173318 0.0409053 0.063284
9.9991E-05 0.014027 0.155554 0.0297635 0.53599 0.0847772 0.0388007 0.140988
0.00198853 0.0200906 0.511732 9.9982E-05 0.159973 0.211956 9.9982E-05 0.0940602
9.9991E-05 0.0400255 0.261576 0.0242423 0.580278 0.0567652 0.0169375 0.0200754
0.0431395 9.9973E-05 0.153833 9.9973E-05 0.535464 0.167688 9.9973E-05 0.0995758
9.9991E-05 0.0400857 0.19477 0.0680878 0.527755 0.141262 0.0217983 0.00614148
9.9973E-05 9.9973E-05 0.428821 9.9973E-05 0.21118 0.128753 0.0819768 0.148969
9.9982E-05 0.0504122 0.079996 0.0994217 0.605217 0.0441386 9.9982E-05 0.120615
0.0266739 0.00810714 0.260528 0.0180943 0.604226 0.0236197 9.9991E-05 0.0586506
9.9964E-05 0.939281 9.9964E-05 9.9964E-05 0.0255482 0.0195453 9.9964E-05 0.0152253
9.9964E-05 0.867009 9.9964E-05 9.9964E-05 0.0838624 0.0389803 0.00974884 9.9964E-05
0.0143073 0.596501 9.9991E-05 0.0151446 0.206733 0.00192146 0.11234 0.0529533
9.9946E-05 0.688121 9.9946E-05 9.9946E-05 0.311279 9.9946E-05 9.9946E-05 9.9946E-05
9.9973E-05 0.815597 9.9973E-05 0.00339898 0.158808 0.00435846 9.9973E-05 0.0175383
9.994E-05 0.9993 9.994E-05 9.994E-05 9.994E-05 9.994E-05 9.994E-05 9.994E-05
0.0144714 0.939806 9.9964E-05 9.9964E-05 9.9964E-05 0.00302178 0.0423013 9.9964E-05
9.9946E-05 0.807464 9.9946E-05 9.9946E-05 0.191936 9.9946E-05 9.9946E-05 9.9946E-05
9.9955E-05 0.93778 9.9955E-05 9.9955E-05 0.0432383 9.9955E-05 0.0184823 9.9955E-05
9.994E-05 0.9993 9.994E-05 9.994E-05 9.994E-05 9.994E-05 9.994E-05 9.994E-05
0.00125601 0.998144 9.9946E-05 9.9946E-05 9.9946E-05 9.9946E-05 9.9946E-05 9.9946E-05
0.030745 0.728741 9.9964E-05 9.9964E-05 0.206549 9.9964E-05 0.0335651 9.9964E-05
0.0204132 0.828283 9.9973E-05 9.9973E-05 0.10068 9.9973E-05 0.0316359 0.0186885
9.9955E-05 0.980216 0.0105222 9.9955E-05 9.9955E-05 9.9955E-05 9.9955E-05 0.00876241
0.00866667 0.33724 9.9991E-05 0.0356798 0.367267 0.0043623 0.21318 0.0335047
0.0260553 0.657133 9.9973E-05 0.0654629 0.201269 9.9973E-05 0.0497805 9.9973E-05
0.0350651 0.717207 9.9973E-05 0.0440371 0.192336 9.9973E-05 0.0110549 9.9973E-05
0.0133195 0.905435 9.9964E-05 9.9964E-05 0.0293235 9.9964E-05 0.0515218 9.9964E-05
9.9946E-05 0.999241 0.00015971 9.9946E-05 9.9946E-05 9.9946E-05 9.9946E-05 9.9946E-05
0.0140332 0.905155 9.9973E-05 0.00492224 0.0234918 9.9973E-05 0.0520974 9.9973E-05
0.0241404 0.97526 9.9946E-05 9.9946E-05 9.9946E-05 9.9946E-05 9.9946E-05 9.9946E-05
9.9982E-05 0.496478 0.0286698 0.0774801 0.372806 0.0184002 0.00596581 9.9982E-05
0.00150048 0.871916 9.9982E-05 0.0135814 0.00397341 9.9982E-05 0.0468437 0.0619847
9.9964E-05 0.0813984 0.622296 0.267593 9.9964E-05 9.9964E-05 9.9964E-05 0.0283132
0.0188008 0.0334027 0.201044 0.177598 0.426036 9.9982E-05 0.142918 9.9982E-05
9.9964E-05 9.9964E-05 0.19321 0.230646 0.480392 9.9964E-05 9.9964E-05 0.0953518
0.0603274 0.129949 0.446462 0.140475 0.206819 0.0157669 9.9982E-05 9.9982E-05
9.9991E-05 0.121117 0.159417 0.0778363 0.412723 0.0781132 0.117022 0.0336715
0.0215158 0.101358 0.38448 0.176361 0.17997 0.031401 9.9991E-05 0.104814
0.0289502 0.0646535 0.0611076 0.140972 0.386862 0.116843 0.0960402 0.104572
9.9982E-05 0.17611 0.372022 0.102984 0.322997 0.0108093 9.9982E-05 0.0148778
0.0807618 0.0774847 0.241693 0.0610506 0.474059 9.9982E-05 9.9982E-05 0.0647507
0.0718754 0.179211 0.329199 0.0600875 0.278245 0.0811822 9.9982E-05 9.9982E-05
0.0186545 0.054272 0.140434 0.236017 0.417386 0.0443101 0.0490179 0.0399096
9.9982E-05 9.9982E-05 0.0111109 0.840951 0.0477602 0.0293243 0.0689051 0.00174847
0.0639841 0.0303233 9.9964E-05 0.87522 9.9964E-05 0.0300727 9.9964E-05 9.9964E-05
0.0157721 9.9955E-05 9.9955E-05 0.940468 9.9955E-05 9.9955E-05 0.0432603 9.9955E-05
0.000883618 9.9973E-05 0.0129366 0.920058 0.0327964 9.9973E-05 0.033026 9.9973E-05
0.130696 0.00498461 9.9964E-05 0.785603 9.9964E-05 9.9964E-05 0.0783163 9.9964E-05
0.0621216 0.0799977 9.9964E-05 0.817314 9.9964E-05 0.0401669 9.9964E-05 9.9964E-05
0.0726591 0.0975197 9.9973E-05 0.801053 0.0152149 9.9973E-05 9.9973E-05 0.013253
0.0432558 9.9973E-05 0.0662068 0.853548 9.9973E-05 0.0290528 0.00763709 9.9973E-05
0.0707875 9.9973E-05 9.9973E-05 0.843689 0.0189394 0.00334179 9.9973E-05 0.0629424
0.00657789 0.0761457 0.0251853 0.864098 0.0276929 9.9973E-05 9.9973E-05 9.9973E-05
0.0444899 0.0046464 9.9982E-05 0.570178 9.9982E-05 0.0167654 0.224141 0.139579
0.0412213 9.9973E-05 9.9973E-05 0.578151 9.9973E-05 0.0124102 0.279665 0.0882524
0.0408884 9.9982E-05 0.121313 0.49536 9.9982E-05 0.0119165 0.25289 0.0774326
0.00182149 9.9982E-05 0.0259662 0.50549 9.9982E-05 0.0370271 0.327549 0.101947
0.00369598 0.00190684 9.9991E-05 0.0313573 0.563524 0.0744546 0.0680765 0.256885
0.0122157 9.9982E-05 9.9982E-05 0.106644 0.504747 0.033795 0.0699812 0.272417
9.9982E-05 0.0723028 0.0186208 0.0282452 0.513842 9.9982E-05 0.183671 0.183119
0.0636534 9.9991E-05 0.0088004 0.000810173 0.405014 0.0153126 0.218946 0.287364
9.9964E-05 9.9964E-05 0.0360571 9.9964E-05 0.259381 9.9964E-05 0.641874 0.0622875
0.0285668 0.0234034 0.0405164 0.0154336 0.569512 0.00988273 0.0395687 0.273117
9.9973E-05 9.9973E-05 9.9973E-05 0.0231524 0.585292 0.0664236 0.0753199 0.249512
0.00635361 9.9991E-05 0.0689591 0.0148283 0.507379 0.0422744 0.109161 0.250945
9.9982E-05 0.0764016 0.0359545 9.9982E-05 0.308277 0.059873 0.00231443 0.516979
0.0246118 9.9991E-05 0.0198486 0.0197864 0.650881 0.0675786 0.0898634 0.12733
9.9964E-05 9.9964E-05 9.9964E-05 9.9964E-05 0.366076 0.0275548 0.180903 0.425067
0.00433609 9.9973E-05 0.0277196 9.9973E-05 9.9973E-05 0.128273 0.0464683 0.792903
0.00627164 0.0826752 0.133795 0.00732766 0.438102 9.9991E-05 0.179869 0.151859
9.9973E-05 9.9973E-05 0.158125 0.019177 0.275518 0.0893669 9.9973E-05 0.457513
0.038711 9.9982E-05 0.0546728 9.9982E-05 0.503826 0.0570893 0.00602061 0.339481
9.9973E-05 0.0141131 9.9973E-05 0.0522315 0.0679453 9.9973E-05 0.183568 0.681842
0.0191719 9.9991E-05 0.0946163 0.11178 0.0226859 0.0429583 0.704639 0.00404899
9.9973E-05 9.9973E-05 0.0734003 0.109602 0.0475863 0.121223 0.647888 9.9973E-05
9.9973E-05 9.9973E-05 0.0435602 0.0739314 0.0117614 0.109326 0.761121 9.9973E-05
9.9973E-05 9.9973E-05 0.00504618 0.145445 9.9973E-05 0.080998 0.733692 0.0345192
0.00912137 0.00590449 0.104198 9.9982E-05 0.0903863 0.0272345 0.762956 9.9982E-05
9.9964E-05 9.9964E-05 9.9964E-05 0.0888337 0.133952 0.0982922 0.678523 9.9964E-05
0.0719556 0.00271268 9.9973E-05 0.840346 0.0719687 0.0127166 9.9973E-05 9.9973E-05
9.9964E-05 0.0271178 9.9964E-05 0.808913 0.106423 9.9964E-05 0.0571464 9.9964E-05
0.0534532 0.0832461 9.9973E-05 0.696475 0.159814 0.00671225 9.9973E-05 9.9973E-05
0.0195822 0.0880118 9.9973E-05 0.71497 0.0815947 9.9973E-05 0.0955411 9.9973E-05
0.0189057 0.0129466 0.0148541 0.788588 0.164406 9.9973E-05 9.9973E-05 9.9973E-05
0.0492873 9.9973E-05 0.0306766 0.337871 9.9973E-05 9.9973E-05 0.503507 0.0783577
9.9964E-05 9.9964E-05 0.0560883 0.402013 9.9964E-05 0.164731 0.376768 9.9964E-05
0.0682326 9.9964E-05 9.9964E-05 0.413965 9.9964E-05 0.113561 0.403841 9.9964E-05
0.998015 9.99459E-05 9.99459E-05 9.99459E-05 9.99459E-05 9.99459E-05 0.00138521 9.99459E-05
0.032621 9.9973E-05 9.9973E-05 0.373774 9.9973E-05 0.0516381 0.46273 0.0789368
0.0175493 0.349939 0.138128 0.150547 0.241817 0.101819 9.9982E-05 9.9982E-05
0.0156865 0.249539 0.0156126 0.0570126 0.516626 9.9991E-05 0.136886 0.00853857
0.0398206 0.327726 9.9964E-05 0.165615 0.466439 9.9964E-05 9.9964E-05 9.9964E-05
0.0277498 0.180318 0.0962469 0.268833 0.330854 0.0235946 0.0193859 0.0530187
0.0231661 0.057751 0.104017 0.203579 0.569307 0.0419801 9.9982E-05 9.9982E-05
9.9964E-05 0.312158 0.228384 0.432356 9.9964E-05 0.0267025 9.9964E-05 9.9964E-05
0.0167128 9.9991E-05 0.0184428 0.0518398 0.542866 0.0660739 0.295085 0.00887912
9.9973E-05 9.9973E-05 0.149146 9.9973E-05 0.324674 0.140279 0.263014 0.122588
0.032952 9.9982E-05 9.9982E-05 0.0710975 0.27254 0.035064 0.51264 0.0755067
9.9973E-05 9.9973E-05 0.0118079 9.9973E-05 0.505079 0.234713 0.126309 0.121791
9.9964E-05 9.9964E-05 0.290311 9.9964E-05 9.9964E-05 0.37932 0.145715 0.184253
0.0460112 0.00899285 0.0841761 0.100169 0.504792 0.0390666 0.216692 9.9991E-05
0.0182059 9.9991E-05 0.00726136 0.0320327 0.456345 0.17583 0.238661 0.0715643
0.0155211 9.9991E-05 0.0658562 0.0114574 0.393239 0.00604431 0.388623 0.119158
9.9982E-05 0.0619115 9.9982E-05 0.109595 0.556522 0.0479613 0.118627 0.105183
9.9973E-05 9.9973E-05 0.284365 9.9973E-05 0.113086 0.164653 0.261222 0.176374
0.00146649 9.9982E-05 0.15931 9.9982E-05 0.468488 0.140874 0.183992 0.0456687
0.00271515 0.0870502 0.118303 9.9982E-05 0.48352 0.0273989 0.280812 9.9982E-05
9.9982E-05 0.170165 0.0649576 0.150609 0.366072 9.9982E-05 0.0677012 0.180295
9.9973E-05 9.9973E-05 0.0508587 9.9973E-05 0.398749 0.240957 0.279396 0.0297393
9.9991E-05 0.0142503 0.0235322 0.00847864 0.460453 0.15889 0.282944 0.051352
9.9982E-05 0.11542 0.0701749 9.9982E-05 0.441667 0.109789 0.141369 0.121381
9.9982E-05 9.9982E-05 0.057104 0.00417153 0.492313 0.0997191 0.186556 0.159937
0.045178 0.0825241 0.0613098 9.9991E-05 0.492307 0.106833 0.144161 0.0675869
9.9991E-05 0.00340603 0.0498505 0.0909153 0.554712 0.0325435 0.214727 0.0537462
9.9991E-05 0.0421229 0.113096 0.0959461 0.513798 0.00522945 0.174602 0.0551058
9.9955E-05 0.0945077 9.9955E-05 0.765032 0.13996 9.9955E-05 9.9955E-05 9.9955E-05
9.9982E-05 0.0613152 0.0119758 0.831696 0.0463679 0.00155127 9.9982E-05 0.046894
9.9982E-05 9.9982E-05 0.032359 0.808648 0.0810842 0.0280879 0.0325659 0.0170546
0.0199508 0.026685 9.9982E-05 0.813508 0.00277918 0.00508426 9.9982E-05 0.131793
0.0345741 9.9955E-05 9.9955E-05 0.837693 0.127233 9.9955E-05 9.9955E-05 9.9955E-05
9.9982E-05 0.0429496 0.0714037 9.9982E-05 0.178863 0.0191624 0.597417 0.0900052
0.0195755 0.0448596 0.0689415 0.0504176 0.550816 0.186374 0.0789163 9.9991E-05
9.9991E-05 0.185167 0.199015 0.124162 0.375568 0.0474407 0.046818 0.021729
0.00262064 0.0712272 9.9982E-05 0.0443816 0.598003 0.112447 0.171121 9.9982E-05
0.0133498 9.9982E-05 9.9982E-05 0.0592261 0.513569 0.0637073 0.279204 0.0707438
0.0363495 0.0130855 0.15835 9.9982E-05 0.362534 0.0715613 0.35792 9.9982E-05
0.0800502 9.9973E-05 0.0824095 0.0505411 9.9973E-05 9.9973E-05 0.602528 0.184172
0.00289239 0.077815 9.9982E-05 9.9982E-05 0.403563 0.0646167 0.324329 0.126584
0.00778336 0.0560808 0.0508111 0.0723137 0.159369 0.060777 0.528173 0.0646921
9.9991E-05 0.0727961 0.0662583 0.0542238 0.32459 0.135132 0.157368 0.189532
0.00556063 0.0265889 9.9991E-05 0.122617 0.0871082 0.166815 0.511163 0.0800471
0.0466763 0.0744238 0.0419766 0.0739964 0.593837 0.0105545 0.158436 9.9991E-05
0.0240322 0.0519954 0.11192 9.9991E-05 0.138522 0.0622641 0.491518 0.119648
0.0553122 0.029974 0.074399 9.9991E-05 0.315093 0.157169 0.235659 0.132294
9.9991E-05 0.0073373 0.261876 0.066189 0.48377 0.0516053 0.0298311 0.0992915
9.9964E-05 9.9964E-05 0.350287 9.9964E-05 0.30772 0.186836 0.154758 9.9964E-05
0.0161624 0.0592175 0.177377 0.0534491 0.480479 0.0417476 0.0657819 0.105786
0.0600262 0.0797607 0.133106 0.0663045 0.411551 0.0373669 0.0186442 0.19324
9.9973E-05 9.9973E-05 0.446027 9.9973E-05 0.375533 0.0140435 0.123205 0.0408908
9.9991E-05 0.0557478 0.122706 0.0708889 0.50156 0.067724 0.114481 0.0667927
0.0144354 9.9991E-05 0.174752 0.00977517 0.519472 0.15879 0.0647668 0.0579085
9.9973E-05 9.9973E-05 0.555798 9.9973E-05 0.0867591 0.120582 0.0771221 0.15944
9.9964E-05 9.9964E-05 0.60955 9.9964E-05 0.2864 0.0638605 9.9964E-05 0.0397899
0.0358869 9.9991E-05 0.20471 0.00238272 0.477746 0.0695934 0.137679 0.0719024
9.9973E-05 9.9973E-05 0.467038 9.9973E-05 0.189576 0.0302188 0.118901 0.193966
9.9964E-05 9.9964E-05 0.325038 9.9964E-05 0.532875 9.9964E-05 0.117484 0.0242028
0.00413773 0.0454102 0.0539856 9.9991E-05 0.114221 0.0649368 0.565666 0.151543
9.9964E-05 9.9964E-05 9.9964E-05 9.9964E-05 0.218335 0.336927 0.348798 0.0955396
0.0333213 0.0108596 9.9991E-05 0.0275193 0.370584 0.00241574 0.427127 0.128073
0.0376349 0.0483204 0.0729194 9.9973E-05 0.607035 9.9973E-05 0.23379 9.9973E-05
9.9964E-05 0.00753301 9.9964E-05 9.9964E-05 0.202388 9.9964E-05 0.46078 0.328899
0.0266056 0.0315213 0.0450065 0.073584 0.481779 0.22384 0.117563 9.9991E-05
0.00267703 0.0294556 0.0780206 0.032221 0.627667 9.9991E-05 0.135168 0.0946903
9.9991E-05 0.0604563 0.0344183 0.0427355 0.478086 0.0826361 0.237718 0.0638491
0.0686524 0.061659 9.9982E-05 9.9982E-05 0.465858 0.085394 0.227076 0.0911615
0.045013 0.0514795 9.9991E-05 0.0151517 0.356983 0.0390819 0.31464 0.177551
9.9964E-05 0.131362 9.9964E-05 9.9964E-05 0.191984 9.9964E-05 0.505011 0.171243
0.00682508 0.107439 0.030798 9.9991E-05 0.296028 0.0624955 0.397562 0.0987527
9.9991E-05 0.0212602 0.0548306 0.0210326 0.619041 0.0488479 0.159799 0.0750894
0.0271865 9.9991E-05 0.0261867 0.0421109 0.61484 0.0208614 0.144587 0.124128
0.041888 9.9991E-05 0.084804 0.0421788 0.46346 0.131361 0.171531 0.0646771
0.00393279 0.0837058 9.9982E-05 9.9982E-05 0.501679 0.107644 0.292637 0.010201
0.0160618 0.0642165 0.0947499 0.0368033 0.393693 9.9982E-05 0.394275 9.9982E-05
0.00797585 0.02406 0.0258562 0.0041681 0.578797 0.0334552 0.219546 0.106142
9.9973E-05 0.0782531 9.9973E-05 0.0362634 0.509332 0.0889036 0.286948 9.9973E-05
0.0439645 0.0979286 0.0448439 0.0792158 0.444516 0.084585 0.165936 0.0390101
0.0639373 0.0614194 0.0410607 0.297449 0.454655 9.9991E-05 0.0797222 0.00165666
0.0499329 0.235979 9.9982E-05 0.138627 0.458262 0.0397884 9.9982E-05 0.0772107
0.0173455 0.196319 0.171798 0.087703 0.3457 0.113395 0.0432868 0.024453
0.0538683 0.0605802 0.0939402 0.0556731 0.562567 0.109167 0.0641041 9.9991E-05
0.0247309 0.261848 9.9991E-05 0.204712 0.367428 0.127758 0.00465714 0.00876631
9.9982E-05 0.0236856 0.138378 9.9982E-05 0.476846 0.134305 0.154308 0.0722775
0.013836 0.0373498 0.0037074 0.186291 0.559673 0.0708969 0.0676702 0.0605756
9.9964E-05 0.171701 0.498607 0.194981 9.9964E-05 9.9964E-05 9.9964E-05 0.134311
0.0169612 0.123132 0.0790274 0.0720148 0.544385 0.0365408 0.12784 9.9991E-05
0.0431182 0.186172 9.9982E-05 0.107773 0.456174 9.9982E-05 0.0930186 0.113545
0.0157269 0.201252 9.9982E-05 0.0816193 0.529662 0.135141 0.0363984 9.9982E-05
0.0460388 0.13661 0.199136 0.134057 0.279528 9.9991E-05 0.103423 0.101106
9.9964E-05 0.166842 0.0715872 0.226051 0.535121 9.9964E-05 9.9964E-05 9.9964E-05
0.0609187 0.0485286 0.108686 0.146006 0.561111 0.07455 9.9982E-05 9.9982E-05
0.0572547 0.181359 0.358945 0.402042 9.9964E-05 9.9964E-05 9.9964E-05 9.9964E-05
0.0614927 0.191754 0.0900571 0.110955 0.489124 9.9991E-05 0.0538383 0.00267947
0.0181542 0.232629 0.087197 0.131721 0.453017 9.9982E-05 9.9982E-05 0.0770813
0.0136076 0.121544 0.0105622 0.137934 0.514565 0.101534 9.9991E-05 0.100153
0.0229352 0.0541893 0.0762999 0.230139 0.616137 9.9973E-05 9.9973E-05 9.9973E-05
0.0366898 0.151675 0.0630318 0.162775 0.516179 0.0558485 0.00846968 0.00533134
0.0364979 0.0182706 9.9982E-05 0.0221168 0.445401 0.359213 9.9982E-05 0.118302
0.0480374 0.0807896 9.9991E-05 0.0109628 0.477866 0.244565 0.118786 0.0188933
9.9964E-05 9.9964E-05 0.0112574 9.9964E-05 9.9964E-05 0.752849 0.0701065 0.165387
9.9955E-05 9.9955E-05 9.9955E-05 0.00658005 9.9955E-05 0.907942 0.0849777 9.9955E-05
0.0537633 0.111353 0.0556243 0.00216847 0.369057 0.356248 0.0516862 9.9991E-05
9.9973E-05 0.299516 0.145085 0.0385327 0.355892 0.160675 9.9973E-05 9.9973E-05
0.0316881 0.346665 0.0301906 0.0672524 0.266107 0.257896 9.9982E-05 9.9982E-05
9.9982E-05 0.33655 0.177058 0.157809 0.112669 0.207941 9.9982E-05 0.00777307
0.0138721 0.283804 0.00209605 0.172421 0.308209 0.219397 9.9982E-05 9.9982E-05
9.9955E-05 0.0803945 0.202966 9.9955E-05 9.9955E-05 0.716139 9.9955E-05 9.9955E-05
0.00646039 0.0893461 0.0016005 0.0803403 0.084203 0.73785 9.9982E-05 9.9982E-05
0.00194922 0.170836 0.0211442 9.9973E-05 0.419104 0.386667 9.9973E-05 9.9973E-05
9.9964E-05 0.129867 9.9964E-05 0.0395428 0.328205 0.501985 9.9964E-05 9.9964E-05
0.0577936 0.102175 9.9973E-05 0.00988404 0.107285 0.722563 9.9973E-05 9.9973E-05
9.9982E-05 0.127326 9.9982E-05 0.0679016 0.433702 0.269114 0.0865947 0.015162
0.0166168 0.0893678 9.9973E-05 0.01009 0.488531 0.395094 9.9973E-05 9.9973E-05
0.0443343 0.134213 9.9982E-05 0.121038 0.357543 0.286094 0.0565779 9.9982E-05
9.9973E-05 9.9973E-05 9.9973E-05 0.0189309 0.279409 0.654677 0.0102911 0.0363925
0.0574527 9.9973E-05 9.9973E-05 9.9973E-05 0.333015 0.429163 0.0991468 0.0809233
0.0656658 9.9991E-05 0.020603 0.0155965 0.494263 0.267511 0.0287588 0.107502
0.0366514 0.0148512 0.0506745 9.9991E-05 0.382619 0.371542 0.0596157 0.0839459
9.9991E-05 0.0270061 0.0910771 0.0720892 0.466283 0.210083 0.0596168 0.073745
9.9964E-05 9.9964E-05 0.163342 9.9964E-05 0.410221 0.415634 0.0104032 9.9964E-05
9.9955E-05 9.9955E-05 9.9955E-05 9.9955E-05 0.192513 0.729987 0.0769997 9.9955E-05
0.0204924 9.9973E-05 9.9973E-05 0.0750033 0.542138 0.332296 9.9973E-05 0.0297705
9.9964E-05 9.9964E-05 9.9964E-05 9.9964E-05 0.218881 0.699841 0.0178672 0.0630107
0.0565183 9.9973E-05 9.9973E-05 0.0124107 0.365528 0.554493 9.9973E-05 0.0107505
0.0782348 0.0300437 0.00983328 9.9991E-05 0.564784 0.252398 0.0243679 0.0402383
0.0156671 9.9964E-05 0.136137 9.9964E-05 0.473837 0.373959 9.9964E-05 9.9964E-05
0.00658249 0.125925 0.0415481 0.16316 0.514226 0.123523 9.9991E-05 0.0249357
0.0217069 0.114615 9.9982E-05 0.121539 0.357441 0.262176 0.122322 9.9982E-05
0.0416701 0.296941 0.110087 0.11403 0.277631 0.0291356 0.0465034 0.0840016
0.0652211 0.23045 0.0894934 0.140144 0.283344 0.0206858 0.170563 9.9991E-05
9.9982E-05 0.135346 0.122963 0.154203 0.483168 9.9982E-05 0.0912871 0.0128323
0.0399622 0.173259 9.9991E-05 0.100741 0.422638 0.140561 0.0732997 0.0494392
0.00993089 0.139782 0.0519397 0.159889 9.9973E-05 0.638159 9.9973E-05 9.9973E-05
9.9964E-05 0.162564 9.9964E-05 0.103458 0.557147 0.176431 9.9964E-05 9.9964E-05
0.0250462 0.098853 0.17964 0.323064 9.9973E-05 0.373096 9.9973E-05 9.9973E-05
9.9964E-05 0.20937 9.9964E-05 0.0514377 0.438468 0.300324 9.9964E-05 9.9964E-05
9.9964E-05 9.9964E-05 0.00208906 9.9964E-05 0.0078985 0.795816 9.9964E-05 0.193796
9.9955E-05 9.9955E-05 0.0278257 9.9955E-05 9.9955E-05 0.896076 9.9955E-05 0.0755984
0.00941523 9.9973E-05 0.0378983 9.9973E-05 0.464772 0.470278 9.9973E-05 0.0173366
0.0262966 0.0394361 9.9964E-05 9.9964E-05 0.578757 0.35511 9.9964E-05 9.9964E-05
9.9964E-05 9.9964E-05 9.9964E-05 9.9964E-05 0.370257 0.605021 0.0104485 0.0138737
9.9964E-05 0.0215395 9.9964E-05 9.9964E-05 0.431276 0.497582 9.9964E-05 0.0492024
0.0367595 9.9955E-05 9.9955E-05 9.9955E-05 0.483124 0.479617 9.9955E-05 9.9955E-05
0.0364919 0.0591918 9.9991E-05 0.754143 0.0474052 0.0850789 0.00800843 0.00958037
9.9964E-05 0.0962766 9.9964E-05 0.726607 0.0119904 9.9964E-05 0.164726 9.9964E-05
0.0436055 0.0326894 9.9973E-05 0.872981 0.0136336 9.9973E-05 0.0367909 9.9973E-05
0.135767 9.99629E-05 9.99629E-05 0.823363 0.0403707 9.99629E-05 9.99629E-05 9.99629E-05
0.0242983 0.0617309 0.00566026 0.0321966 0.473628 0.024599 0.0404484 0.337439
0.0649414 0.0155669 9.9982E-05 0.0620259 0.403404 0.0661377 9.9982E-05 0.387724
0.0825931 9.9964E-05 9.9964E-05 9.9964E-05 0.47097 0.0218428 9.9964E-05 0.424195
9.9982E-05 9.9982E-05 0.0459192 0.0813517 0.634618 0.0233772 0.0064713 0.208062
0.0191903 9.9982E-05 0.0638583 0.143652 0.479715 9.9982E-05 0.0524208 0.240963
9.9991E-05 0.010962 0.008953 0.0544471 0.225652 0.0497471 0.099836 0.550302
0.0284336 0.0843731 9.9982E-05 9.9982E-05 0.515547 0.0315042 0.0171347 0.322807
0.026456 9.9973E-05 0.110587 9.9973E-05 0.278664 0.107546 9.9973E-05 0.476448
9.9973E-05 0.181435 9.9973E-05 0.271441 0.463447 0.0276998 0.0556776 9.9973E-05
9.9982E-05 0.0242753 0.0315523 9.9982E-05 0.444692 0.107732 0.0593796 0.332169
0.00481252 9.9964E-05 9.9964E-05 9.9964E-05 0.370052 9.9964E-05 0.096884 0.527852
9.9964E-05 0.00426702 9.9964E-05 9.9964E-05 0.477748 0.108228 9.9964E-05 0.409358
0.00756092 9.9982E-05 0.00972434 9.9982E-05 0.372306 0.0753334 0.0790419 0.455834
0.000243582 9.9973E-05 9.9973E-05 0.0268212 0.59645 0.0744041 9.9973E-05 0.301781
0.0377158 9.9982E-05 9.9982E-05 0.0741549 0.545766 0.0241752 0.00488123 0.313107
9.9964E-05 0.00826628 9.9964E-05 9.9964E-05 0.031312 0.0633973 9.9964E-05 0.896625
0.00421459 0.00429234 0.122859 0.000341847 0.265225 0.0857219 9.9991E-05 0.517246
9.9973E-05 9.9973E-05 0.0188936 9.9973E-05 0.320021 0.0582201 0.0853964 0.517169
9.9955E-05 9.9955E-05 0.184238 9.9955E-05 9.9955E-05 0.0266175 9.9955E-05 0.788645
0.000574269 0.00125094 0.0447694 0.05798 0.445166 0.0144055 0.13684 0.299014
9.9973E-05 0.00854678 0.227891 9.9973E-05 0.0894591 0.0639524 9.9973E-05 0.609851
9.9955E-05 9.9955E-05 0.190393 9.9955E-05 9.9955E-05 0.105536 9.9955E-05 0.703571
0.0378234 9.9964E-05 9.9964E-05 9.9964E-05 0.516024 0.094209 9.9964E-05 0.351544
0.0200058 9.9982E-05 9.9982E-05 0.024931 0.236007 0.0196531 0.134653 0.56455
9.9982E-05 0.0734984 0.0125483 0.0130827 0.315601 9.9982E-05 0.119837 0.465232
0.0872698 0.00266724 0.0319412 0.0478097 0.627553 9.9991E-05 0.0400276 0.162631
9.9964E-05 9.9964E-05 9.9964E-05 0.0170807 0.564479 9.9964E-05 0.0246358 0.393405
0.00351572 0.0361753 0.134191 9.9991E-05 0.413302 0.102185 0.266789 0.0437433
9.9973E-05 0.0227947 9.9973E-05 9.9973E-05 0.556075 0.128853 0.0325258 0.259451
0.0257336 9.9982E-05 0.0130693 9.9982E-05 0.463654 0.070344 0.116927 0.310072
0.0196291 9.9964E-05 0.0428109 9.9964E-05 0.282886 9.9964E-05 9.9964E-05 0.654274
0.0450365 0.0633549 0.0354069 0.0144691 0.480133 0.0533478 0.013028 0.295224
0.0802959 9.9964E-05 0.108241 0.542187 9.9964E-05 9.9964E-05 0.268876 9.9964E-05
0.0755456 9.9982E-05 0.023269 0.713833 0.0185945 9.9982E-05 0.071762 0.0967959
0.133205 9.9964E-05 0.0952479 0.662521 9.9964E-05 9.9964E-05 0.108626 9.9964E-05
0.0892773 9.9973E-05 0.0201062 0.74237 9.9973E-05 0.00252501 0.145422 9.9973E-05
0.0291337 9.9982E-05 0.0343284 0.704234 0.0185098 9.9982E-05 0.209831 0.00376298
0.00784825 0.00512129 9.9982E-05 0.061927 0.0988567 9.9982E-05 0.0934168 0.73263
0.0110794 9.9982E-05 9.9982E-05 0.0601585 0.074468 0.0611095 0.118555 0.67443
9.9973E-05 0.0134805 0.0712846 9.9973E-05 0.136698 0.0261801 9.9973E-05 0.752056
9.9982E-05 0.0422525 9.9982E-05 0.115435 0.522818 0.0550049 0.015649 0.248641
9.9991E-05 0.118102 0.0155903 0.101546 0.450707 0.0106964 0.0813872 0.22187
0.0260252 0.0187872 0.0241246 0.0217284 0.287496 0.0907598 9.9991E-05 0.530978
9.9973E-05 9.9973E-05 0.0360405 0.0678516 0.602362 0.0996325 9.9973E-05 0.193813
9.9964E-05 0.00914603 9.9964E-05 0.123602 0.434163 9.9964E-05 9.9964E-05 0.432689
0.0241165 0.00355861 9.9991E-05 0.0312784 0.449104 0.0941193 0.0676302 0.330093
9.9973E-05 0.0461654 9.9973E-05 0.0646891 0.571565 9.9973E-05 0.012452 0.304829
9.9982E-05 0.0275549 0.0593056 9.9982E-05 0.253561 0.00812234 0.139679 0.511577
0.0312469 9.9964E-05 9.9964E-05 9.9964E-05 0.296122 9.9964E-05 0.0555481 0.616683
0.0244223 9.9964E-05 9.9964E-05 9.9964E-05 0.332003 9.9964E-05 0.151896 0.491278
9.9973E-05 0.0281915 0.26355 0.0160915 0.606668 9.9973E-05 0.0851996 9.9973E-05
0.0578093 9.9964E-05 9.9964E-05 9.9964E-05 0.364225 9.9964E-05 0.00415587 0.57341
0.0135796 0.00744736 9.9982E-05 9.9982E-05 0.460974 0.0558606 0.0279311 0.434008
0.00896844 0.419205 0.00119468 0.110265 0.384745 0.0574462 9.9991E-05 0.0180751
0.0882115 0.480906 0.0350298 9.9991E-05 0.257211 0.0833608 0.05466 0.000520823
0.0264179 0.44916 0.00535012 0.0808789 0.390154 0.0461828 9.9991E-05 0.00175599
0.0991685 0.426519 0.0686214 0.0738566 0.253778 0.0768401 9.9991E-05 0.00111613
0.0156112 0.217439 0.0867888 0.145545 0.520972 9.9982E-05 9.9982E-05 0.0134436
9.9955E-05 9.9955E-05 0.280692 9.9955E-05 0.495415 9.9955E-05 9.9955E-05 0.223393
0.0406471 0.681223 0.0300038 0.214555 9.9973E-05 0.0332706 9.9973E-05 9.9973E-05
0.00607713 0.484886 9.9973E-05 0.170855 0.259936 0.0779459 9.9973E-05 9.9973E-05
0.00538644 0.112327 0.197957 0.128922 0.472551 0.00232801 9.9991E-05 0.0804295
0.0131321 9.9982E-05 0.234846 0.0941941 0.548947 0.0181538 0.0905274 9.9982E-05
0.0289078 0.0363297 0.274699 0.0849346 0.444564 9.9991E-05 0.0579883 0.0724768
0.0138874 0.090511 0.223678 0.0587331 0.522611 9.9982E-05 0.0903791 9.9982E-05
0.01464 9.9982E-05 0.125929 0.0411701 0.631212 9.9982E-05 0.124091 0.0627568
0.0266355 0.421973 9.9964E-05 0.236082 0.314909 9.9964E-05 9.9964E-05 9.9964E-05
9.9973E-05 0.316189 9.9973E-05 0.207042 0.368544 0.0415143 0.0664109 9.9973E-05
0.0124604 0.461488 9.9973E-05 0.0385189 0.47421 0.0130222 9.9973E-05 9.9973E-05
0.0578469 0.287428 0.0593889 0.0399236 0.375689 0.0977073 0.0819168 9.9991E-05
9.9973E-05 0.561648 0.0885154 0.125344 0.173853 9.9973E-05 9.9973E-05 0.0503384
0.0587649 0.416565 9.9991E-05 0.0782323 0.258688 0.0117662 0.064143 0.111741
0.00748806 0.567275 9.9982E-05 0.0597715 0.261797 0.065117 0.038351 9.9982E-05
0.0220291 0.488428 0.0390736 0.0198937 0.263912 0.0677675 0.0987968 9.9991E-05
0.0100765 9.9973E-05 0.356162 0.0402338 0.575698 9.9973E-05 9.9973E-05 0.0175298
0.0283326 0.274025 0.0229432 0.178071 0.342569 0.0270042 9.9991E-05 0.126956
0.0348536 0.602926 0.026857 0.136642 0.198422 9.9973E-05 9.9973E-05 9.9973E-05
0.0174192 0.298477 9.9982E-05 0.109958 0.399596 9.9982E-05 0.143412 0.030938
0.00224739 9.9982E-05 0.269735 0.133768 0.261254 9.9982E-05 0.246104 0.0866911
0.0338676 0.0790888 0.24165 9.9973E-05 0.550178 9.9973E-05 0.0949163 9.9973E-05
0.0040217 0.311369 9.9982E-05 0.172909 0.310875 9.9982E-05 0.0854211 0.115204
0.0427373 0.047873 0.162417 0.0468691 0.515295 0.0787917 0.105917 9.9991E-05
0.0500488 9.9982E-05 0.238016 0.107293 0.512173 9.9982E-05 0.0372513 0.0550177
0.0758366 0.221828 0.00255851 0.186265 0.310447 0.0797371 0.018411 0.104917
0.0107594 0.310197 0.00660354 0.174134 0.230837 0.215775 0.0142262 0.037468
0.0459815 0.111 0.184876 0.0308441 0.602485 9.9991E-05 0.00804815 0.0166654
0.0146032 0.396842 0.0330993 0.152211 0.275277 0.0075955 0.00332839 0.117043
0.00572357 0.465845 9.9973E-05 0.0673171 0.383573 0.0772419 9.9973E-05 9.9973E-05
0.0204899 0.613865 0.00741105 0.162459 0.191672 0.00390262 9.9982E-05 9.9982E-05
0.132782 9.9991E-05 0.127842 0.00877113 0.552125 0.0465687 0.0286068 0.103205
0.0236631 9.9982E-05 0.239355 0.0751031 0.468479 9.9982E-05 0.0911504 0.10205
0.0384427 9.9973E-05 0.630604 0.0221678 0.244888 0.0635974 9.9973E-05 9.9973E-05
9.9982E-05 0.144127 0.0354422 0.108393 0.474012 9.9982E-05 0.180345 0.0574808
0.0571431 0.0600146 0.0717607 9.9991E-05 0.349149 0.037428 0.376803 0.0476015
0.0385705 0.0936374 0.186927 0.123247 0.533642 0.0237761 9.9982E-05 9.9982E-05
0.0119808 0.124445 0.0967232 0.0954436 0.416857 0.143123 0.111327 9.9991E-05
9.9955E-05 0.184638 0.559249 0.255613 9.9955E-05 9.9955E-05 9.9955E-05 9.9955E-05
0.040745 0.099021 0.671892 0.187942 9.9964E-05 9.9964E-05 9.9964E-05 9.9964E-05
9.9982E-05 0.111884 0.359071 0.0759234 0.319594 0.0591582 0.0741688 9.9982E-05
