0.0192041 0.00808144 0.0368001 9.9982E-05 0.033206 0.0739332 9.9982E-05 0.828575
0.0170354 0.00369411 0.0311965 9.9973E-05 9.9973E-05 0.0149338 9.9973E-05 0.93284
9.9982E-05 0.0133469 0.0571862 9.9982E-05 0.0502058 0.0922916 0.0719894 0.71478
9.9973E-05 9.9973E-05 0.116745 9.9973E-05 0.0986278 0.0447198 0.0404483 0.699159
9.9964E-05 9.9964E-05 0.0381173 9.9964E-05 0.0250157 9.9964E-05 0.0856337 0.850833
0.0111793 0.129958 0.0860621 0.0737436 0.026141 0.0137781 0.0442454 0.614892
0.0611678 9.9973E-05 0.00857864 0.0597071 9.9973E-05 0.085893 9.9973E-05 0.784354
9.9973E-05 9.9973E-05 0.0973019 0.135795 0.0117287 0.0348949 9.9973E-05 0.71998
9.99729E-05 0.0408471 0.0555102 0.0499029 9.99729E-05 0.0376312 9.99729E-05 0.815809
9.9982E-05 9.9982E-05 0.0813301 0.0843134 0.0237865 0.0515218 0.112892 0.645956
0.0802885 9.9973E-05 0.108034 0.0491669 9.9973E-05 9.9973E-05 0.0186404 0.743571
0.837355 9.9955E-05 9.9955E-05 9.9955E-05 0.080644 9.9955E-05 0.0815011 9.9955E-05
0.430656 0.0123457 0.031093 9.9991E-05 0.0326667 0.0365589 0.454012 0.00256708
0.686478 9.9991E-05 0.0263406 0.0478664 0.0882921 0.0163665 0.10748 0.0270767
0.647783 9.9973E-05 9.9973E-05 0.0085047 0.140388 9.9973E-05 0.166672 0.0363528
0.318002 0.00778123 9.9982E-05 0.0572488 0.130721 9.9982E-05 0.319144 0.166903
0.366519 9.9982E-05 9.9982E-05 0.0129651 0.124774 0.0100515 0.442317 0.043173
0.467908 0.102076 9.9982E-05 0.0166743 0.0754547 0.0351373 0.30255 9.9982E-05
0.550513 0.0242859 9.9973E-05 9.9973E-05 0.0862868 9.9973E-05 0.214945 0.123669
0.834265 9.9973E-05 0.0293165 0.0674211 9.9973E-05 0.0288288 9.9973E-05 0.0398686
0.483133 9.9982E-05 0.0218059 0.0370131 0.0614932 0.03572 0.360635 9.9982E-05
0.210276 0.051323 0.045843 0.165892 0.0627049 0.0227276 0.441134 9.9991E-05
0.223444 0.0567226 0.15886 9.9973E-05 9.9973E-05 9.9973E-05 0.525205 0.0354676
0.646813 0.0480608 9.9973E-05 0.0391584 0.125708 9.9973E-05 0.139959 9.9973E-05
0.217608 9.9982E-05 9.9982E-05 0.0807278 0.0834458 0.0230496 0.568951 0.0260179
0.416224 9.9973E-05 9.9973E-05 9.9973E-05 0.0190771 0.00914912 0.482363 0.0728861
0.868589 9.9955E-05 9.9955E-05 9.9955E-05 0.107508 0.0234037 9.9955E-05 9.9955E-05
0.781152 9.9982E-05 9.9982E-05 0.000574593 0.108474 0.0163204 0.0863573 0.00692151
0.725195 9.9955E-05 9.9955E-05 0.121555 9.9955E-05 9.9955E-05 0.15275 9.9955E-05
9.994E-05 9.994E-05 9.994E-05 9.994E-05 9.994E-05 0.9993 9.994E-05 9.994E-05
9.994E-05 9.994E-05 9.994E-05 9.994E-05 9.994E-05 0.9993 9.994E-05 9.994E-05
9.9973E-05 0.0400678 9.9973E-05 9.9973E-05 0.0534495 0.353148 0.0436508 0.509384
9.9973E-05 0.0939628 9.9973E-05 9.9973E-05 0.105913 0.245375 0.0298405 0.524609
0.0669194 0.256763 0.0672361 0.110922 0.0130964 0.0190121 0.465951 9.9991E-05
0.112595 0.272082 0.0235864 9.9991E-05 0.0815669 0.00532235 0.437248 0.0674994
9.9964E-05 0.46552 9.9964E-05 9.9964E-05 0.000832362 9.9964E-05 0.507967 0.0252813
0.567849 0.100683 0.179149 9.9991E-05 0.0253994 0.0301044 0.0366173 0.0600985
9.9982E-05 0.595414 0.0211698 0.0231091 0.0219706 0.0438237 0.294313 9.9982E-05
0.186084 0.215846 0.0840786 9.9982E-05 0.0978519 0.000877151 0.415062 9.9982E-05
9.9964E-05 0.263146 9.9964E-05 0.00482822 9.9964E-05 0.05294 0.678686 9.9964E-05
9.9982E-05 0.190964 0.0832884 0.038824 9.9982E-05 0.0309432 0.57115 0.0846301
0.0967152 0.0584277 0.0885666 0.0895291 0.0171987 0.0506376 0.53767 0.0612555
0.141481 0.691744 0.00121522 0.0585693 9.9982E-05 0.0325911 0.0741993 9.9982E-05
0.104219 0.0521281 9.9982E-05 0.135324 0.0221589 9.9982E-05 0.602547 0.0834219
0.00670622 0.22198 9.9982E-05 9.9982E-05 0.0481787 0.0539994 0.606026 0.0629099
0.0172741 0.203422 0.0866896 0.0221767 0.107266 0.0744088 0.440468 0.0482948
9.9973E-05 0.692862 0.0259655 0.0198577 9.9973E-05 0.00281358 0.258201 9.9973E-05
9.9955E-05 0.316087 0.0778079 9.9955E-05 9.9955E-05 9.9955E-05 0.605606 9.9955E-05
9.9982E-05 0.0668585 0.0786928 0.0479454 0.0316227 9.9982E-05 0.668225 0.106455
9.9955E-05 0.625741 9.9955E-05 0.301389 9.9955E-05 9.9955E-05 9.9955E-05 0.0723701
0.35018 0.183261 0.204679 0.161434 9.9973E-05 9.9973E-05 0.100146 9.9973E-05
0.434494 0.184647 9.9982E-05 0.338279 0.00841324 9.9982E-05 0.0195973 0.0143688
0.19823 0.0446505 0.0238088 0.005257 0.0973576 0.0210297 0.491817 0.117849
0.152129 0.0152306 0.00732355 0.121207 0.108565 0.0435914 0.529055 0.0228985
0.00215151 0.184527 0.0744494 0.0756339 0.148408 9.9991E-05 0.462646 0.0520843
0.280552 0.250524 0.133287 0.0935497 9.9991E-05 0.0127503 0.102382 0.126855
0.233621 0.042666 0.188793 9.9982E-05 9.9982E-05 0.0173465 0.511073 0.00630084
0.209117 0.00873654 0.0906709 0.030839 0.0799899 9.9991E-05 0.500417 0.0801296
0.31607 0.146478 0.0226934 0.0290473 9.9991E-05 0.0217083 0.35045 0.113453
0.505485 0.0458113 0.0764879 0.149017 0.000314514 0.00527173 0.0138307 0.203782
0.16152 0.23258 0.0430241 9.9982E-05 0.0600574 0.0626809 0.439938 9.9982E-05
0.315868 0.0545593 0.0238808 0.0468099 9.9982E-05 9.9982E-05 0.392964 0.165718
0.625507 0.0639654 0.110675 0.132794 9.9982E-05 0.0318128 9.9982E-05 0.0350462
0.509429 9.9964E-05 9.9964E-05 0.0104812 9.9964E-05 9.9964E-05 0.463144 0.0165463
0.0822002 0.17647 0.0618925 0.0758274 0.014716 0.0505209 0.538273 9.9991E-05
0.249532 0.00933943 0.0692009 0.0206925 0.0428159 0.10381 0.477025 0.0275843
0.408396 0.124065 0.0446907 0.0883622 0.0424506 9.9991E-05 0.235257 0.0566777
0.487718 0.00840915 9.9973E-05 9.9973E-05 0.0667074 0.000890347 0.435975 9.9973E-05
0.0922059 0.0233172 0.197321 0.0155005 0.0171493 0.0429852 0.548963 0.0625578
0.497075 0.103835 0.0561823 0.203496 9.9982E-05 0.0427994 0.0964125 9.9982E-05
0.0274493 0.472028 9.9964E-05 9.9964E-05 9.9964E-05 0.0074592 0.492664 9.9964E-05
0.134771 0.68742 9.9964E-05 9.9964E-05 9.9964E-05 0.0289706 0.148438 9.9964E-05
0.0783441 0.19688 0.0516869 0.0439819 0.0555845 0.040218 0.450797 0.0825067
9.9946E-05 0.883679 9.9946E-05 0.115721 9.9946E-05 9.9946E-05 9.9946E-05 9.9946E-05
0.0543006 0.800411 9.9955E-05 0.144789 9.9955E-05 9.9955E-05 9.9955E-05 9.9955E-05
9.99461E-05 0.758864 9.99461E-05 9.99461E-05 9.99461E-05 9.99461E-05 0.240536 9.99461E-05
0.0378264 0.519148 0.0399631 9.9982E-05 0.0022676 0.0459956 0.354599 9.9982E-05
0.0192252 0.230582 0.026663 0.0558405 0.0306167 9.9991E-05 0.506993 0.12998
0.151193 0.387855 0.0176233 9.9982E-05 0.0498673 0.0318452 0.361417 9.9982E-05
0.0912995 0.677337 0.106126 9.9982E-05 0.100469 0.00562836 0.0189407 9.9982E-05
0.0291955 0.474575 0.270889 9.9982E-05 0.0357336 9.9982E-05 0.177825 0.0115819
0.102684 0.271529 9.9991E-05 0.0565966 0.0294156 0.0157973 0.458565 0.0653136
0.17592 0.574065 9.9973E-05 9.9973E-05 0.0871098 0.0135508 0.149055 9.9973E-05
0.0657618 0.470209 0.0187554 9.9991E-05 0.0413473 0.0339455 0.320806 0.0490747
9.9973E-05 0.591391 9.9973E-05 0.026117 0.00961574 9.9973E-05 0.348183 0.0243935
9.9955E-05 0.693087 9.9955E-05 0.296062 9.9955E-05 9.9955E-05 9.9955E-05 0.0103504
9.9982E-05 0.357439 0.0204026 0.029536 9.9982E-05 0.0466466 0.533321 0.0124551
0.059408 9.9982E-05 0.0336429 9.9982E-05 0.00375475 0.0471485 0.10204 0.753805
9.9955E-05 9.9955E-05 9.9955E-05 9.9955E-05 9.9955E-05 0.0946637 0.110952 0.793884
9.9964E-05 9.9964E-05 9.9964E-05 9.9964E-05 0.0205404 0.13792 0.1017 0.73944
9.9964E-05 9.9964E-05 9.9964E-05 0.00862493 9.9964E-05 0.108427 0.0733668 0.809181
0.00175655 9.9973E-05 9.9973E-05 9.9973E-05 0.0503655 0.104491 0.061474 0.781613
9.9982E-05 0.00162775 9.9982E-05 0.0374473 0.00925467 0.0605288 0.0714413 0.8195
9.99551E-05 9.99551E-05 9.99551E-05 9.99551E-05 9.99551E-05 0.0631611 0.0742493 0.86209
0.0197778 0.191193 0.106719 0.0306082 0.11499 0.011109 0.445409 0.080194
0.0912515 0.216526 0.0729252 0.0175489 0.0562717 0.0177226 0.480194 0.0475603
0.145096 0.802584 9.9955E-05 9.9955E-05 9.9955E-05 9.9955E-05 9.9955E-05 0.0518199
0.0928797 0.0315995 0.079675 0.0855284 0.128398 0.0248733 0.479831 0.0772152
0.222859 0.348488 9.9964E-05 9.9964E-05 0.0168226 9.9964E-05 0.411431 9.9964E-05
9.9982E-05 0.286782 0.0191864 0.00332202 9.9982E-05 0.029536 0.598148 0.0628261
9.9982E-05 0.304014 0.0257346 0.0637207 0.0447441 9.9982E-05 0.516718 0.0448691
9.9964E-05 0.454221 9.9964E-05 9.9964E-05 0.0763506 0.020801 0.448227 9.9964E-05
0.242244 0.683139 0.0314858 9.9964E-05 9.9964E-05 9.9964E-05 9.9964E-05 0.0427308
0.0889088 0.0981056 9.9982E-05 0.0205704 9.9982E-05 0.0199906 0.603723 0.168501
0.0277831 0.242513 0.0773471 9.9991E-05 0.0609118 0.0278695 0.543757 0.0197186
9.9982E-05 0.118414 0.149453 0.0504024 0.051591 9.9982E-05 0.568723 0.0612156
9.9964E-05 0.508691 9.9964E-05 0.203513 9.9964E-05 0.000657818 0.286739 9.9964E-05
9.9982E-05 0.437963 9.9982E-05 0.0640216 0.021727 0.0040175 0.458215 0.0138557
0.0774631 0.437259 9.9973E-05 0.0513671 9.9973E-05 0.00197003 0.43164 9.9973E-05
9.9964E-05 0.634686 0.0249026 9.9964E-05 0.0999226 9.9964E-05 0.240089 9.9964E-05
0.0569874 0.477201 0.0285539 9.9973E-05 9.9973E-05 9.9973E-05 0.360031 0.0769262
0.0567656 0.169808 0.0307657 0.0392867 9.9991E-05 0.0422003 0.527954 0.13312
0.293865 0.140466 0.120072 0.156204 0.0508644 0.020992 0.1923 0.0252368
0.261185 9.9991E-05 0.162314 0.0287187 0.103581 0.0267463 0.346924 0.0704303
0.166445 0.0980453 0.0663657 0.0492281 0.0885515 0.0714372 0.459827 9.9991E-05
0.0850926 0.0610369 0.047075 0.0983574 0.0224649 0.0225429 0.589741 0.0736894
0.44578 9.9973E-05 0.0823834 9.9973E-05 9.9973E-05 0.0620593 0.404919 0.004558
0.22886 0.00265207 0.149293 9.9982E-05 0.026485 0.0200895 0.57242 9.9982E-05
0.310682 9.9973E-05 0.224526 0.00237153 9.9973E-05 9.9973E-05 0.440851 0.0212684
0.0396296 0.126165 0.110469 0.0790407 9.9991E-05 0.0215801 0.522623 0.100394
0.169465 0.120144 0.0811362 0.0437784 0.0688735 0.0214971 0.47626 0.0188459
0.163499 0.0694385 0.0910116 0.0363763 9.9991E-05 0.0485552 0.563347 0.027672
0.210348 0.0879794 0.228761 9.9973E-05 9.9973E-05 0.00305599 0.469556 9.9973E-05
0.0665362 0.00959767 0.148425 0.0751061 0.0933786 0.000190764 0.606666 9.9991E-05
0.0980555 0.0231637 0.105738 0.0310276 0.0130842 0.0173333 0.634536 0.077062
0.283329 0.0581486 0.0652917 9.9982E-05 0.109416 0.0446004 0.439015 9.9982E-05
0.0446168 0.104396 0.0854904 0.100508 9.9982E-05 0.0405809 0.624208 9.9982E-05
0.187531 0.0107478 0.114861 0.0790944 0.0796121 0.00996969 0.518084 9.9991E-05
0.360457 9.9973E-05 9.9973E-05 0.173213 9.9973E-05 0.0146572 0.404223 0.0471504
0.205641 0.028704 0.0618685 0.0397441 0.0584909 9.9991E-05 0.57351 0.0319418
0.120538 9.9973E-05 0.0648092 0.0653038 9.9973E-05 0.0535132 0.695536 9.9973E-05
0.385663 0.1774 0.156058 0.0832286 0.0866429 9.9982E-05 0.110807 9.9982E-05
0.321558 0.015779 0.0848682 0.358559 9.9982E-05 9.9982E-05 0.189533 0.0295034
0.11566 0.0580572 0.168104 0.004712 0.0140383 0.00616 0.544529 0.0887389
0.227313 0.173724 0.207265 0.320742 0.0641889 0.00656668 9.9982E-05 9.9982E-05
0.552538 0.124262 0.129303 9.9964E-05 9.9964E-05 9.9964E-05 0.193497 9.9964E-05
0.323774 0.139996 0.0738896 0.0139585 9.9982E-05 9.9982E-05 0.405027 0.0431552
0.395507 0.146683 0.191264 9.9973E-05 9.9973E-05 0.00733679 0.258909 9.9973E-05
0.480514 0.0975639 0.134465 0.0602012 9.9973E-05 9.9973E-05 0.226956 9.9973E-05
0.142556 0.0707812 0.0181263 0.088774 0.0110213 0.0510997 0.603062 0.0145795
0.0834234 0.0753594 0.0366613 0.142513 0.0767373 9.9991E-05 0.522531 0.0626749
0.230862 0.0393202 0.0565977 0.0683805 0.0366537 9.9991E-05 0.516029 0.0520571
0.355243 0.0179731 0.152023 0.287946 0.0499057 0.0260951 0.110715 9.9991E-05
0.129146 0.147108 0.024078 0.0105163 9.9991E-05 0.0179287 0.536922 0.134201
9.9991E-05 0.176988 0.106325 0.209055 0.039247 0.00236879 0.44613 0.019787
9.9982E-05 0.147216 0.12895 0.552727 9.9982E-05 0.0419421 0.0174709 0.111494
0.121125 0.0657882 9.9991E-05 0.118526 0.0184628 0.0333111 0.599362 0.0433263
9.9982E-05 0.234914 0.084427 0.225779 9.9982E-05 0.0210023 0.349457 0.0842207
0.115085 0.0633252 9.9982E-05 0.175591 0.085491 9.9982E-05 0.465614 0.0946937
0.0687165 0.157875 0.0744524 0.375517 9.9991E-05 0.0400658 0.254383 0.0288902
0.145822 0.0417436 0.0822011 0.442514 9.9991E-05 0.0252129 0.235837 0.0265693
0.0562873 0.18025 0.121209 0.175225 9.9982E-05 9.9982E-05 0.441053 0.0257761
0.0485464 0.00916609 0.0681845 0.200452 9.9991E-05 0.0624126 0.51832 0.0928181
0.117889 0.10075 0.0443062 0.154745 0.120649 0.106857 0.354704 9.9991E-05
0.252476 0.123402 9.9973E-05 0.423702 0.125109 9.9973E-05 9.9973E-05 0.0750118
0.152429 9.9973E-05 0.022628 0.158698 9.9973E-05 9.9973E-05 0.611581 0.0543645
0.179762 0.238597 9.9964E-05 0.263127 9.9964E-05 9.9964E-05 0.318114 9.9964E-05
0.15656 0.156907 0.0761144 0.202685 0.0132177 0.00128454 0.393131 9.9991E-05
9.9991E-05 0.194529 0.075055 0.031852 0.0344222 0.0131118 0.593479 0.0574511
0.120316 9.9982E-05 9.9982E-05 0.207209 0.274108 0.0485937 0.109266 0.240307
9.9964E-05 9.9964E-05 9.9964E-05 0.338535 0.15975 0.0151145 9.9964E-05 0.4862
9.9964E-05 9.9964E-05 9.9964E-05 0.379806 0.16343 0.00914819 9.9964E-05 0.447215
0.0738783 9.9973E-05 9.9973E-05 0.148951 0.392034 0.0106199 9.9973E-05 0.374217
9.9964E-05 0.119291 9.9964E-05 0.230558 9.9964E-05 0.0374826 0.612268 9.9964E-05
9.9991E-05 0.0835365 0.0892148 0.0796842 0.0378058 0.0369213 0.572087 0.100651
0.060815 9.9955E-05 9.9955E-05 9.9955E-05 0.681824 9.9955E-05 0.256861 9.9955E-05
9.9973E-05 0.111739 0.0807923 9.9973E-05 0.44915 0.0503885 0.307631 9.9973E-05
0.164661 0.133253 9.9973E-05 9.9973E-05 0.483887 0.021405 0.196495 9.9973E-05
0.0319097 0.161524 9.9973E-05 0.452717 9.9973E-05 0.0443724 0.309178 9.9973E-05
9.9982E-05 0.193956 0.0721376 0.209216 9.9982E-05 0.0300618 0.487895 0.00653452
0.00717604 0.111194 0.0352507 0.603334 9.9982E-05 0.0050692 0.237776 9.9982E-05
0.0186809 0.109221 0.0429433 0.189933 9.9982E-05 9.9982E-05 0.633981 0.0050411
0.0961417 0.0404025 0.0278456 0.347294 0.0438415 9.9982E-05 0.444274 9.9982E-05
0.0354103 0.0775127 9.9982E-05 0.242726 0.00928352 9.9982E-05 0.600861 0.0340074
0.225854 0.134761 9.9973E-05 0.449002 9.9973E-05 0.000206367 0.189877 9.9973E-05
0.0754881 0.149727 9.9982E-05 0.0581218 0.122002 9.9982E-05 0.563537 0.0309236
0.195164 0.0232738 0.0112422 0.189564 0.0234545 9.9991E-05 0.484061 0.0731398
9.9964E-05 0.0152947 9.9964E-05 0.0232902 0.921285 9.9964E-05 0.03973 9.9964E-05
9.9964E-05 9.9964E-05 0.0302253 0.0165384 0.920928 9.9964E-05 0.0319086 9.9964E-05
0.0757473 0.0644409 9.9973E-05 9.9973E-05 0.560574 9.9973E-05 0.255514 0.0434232
9.9964E-05 9.9964E-05 0.051059 9.9964E-05 0.621074 0.0268906 0.300577 9.9964E-05
9.9955E-05 0.054924 9.9955E-05 9.9955E-05 0.817247 9.9955E-05 0.127329 9.9955E-05
9.994E-05 9.994E-05 9.994E-05 9.994E-05 0.9993 9.994E-05 9.994E-05 9.994E-05
9.9955E-05 9.9955E-05 0.0328928 9.9955E-05 0.950097 9.9955E-05 9.9955E-05 0.0165107
9.9946E-05 9.9946E-05 9.9946E-05 9.9946E-05 0.839389 9.9946E-05 0.160012 9.9946E-05
0.0207165 9.9955E-05 0.0119031 9.9955E-05 0.966881 9.9955E-05 9.9955E-05 9.9955E-05
9.994E-05 9.994E-05 9.994E-05 9.994E-05 0.9993 9.994E-05 9.994E-05 9.994E-05
9.9946E-05 9.9946E-05 9.9946E-05 9.9946E-05 0.99273 0.00667051 9.9946E-05 9.9946E-05
0.0395082 0.0138095 0.0148033 9.9982E-05 0.723286 0.0617259 0.146667 9.9982E-05
9.9964E-05 9.9964E-05 0.0483483 9.9964E-05 0.800391 0.0115431 0.139318 9.9964E-05
9.9955E-05 0.0374869 9.9955E-05 9.9955E-05 0.960955 0.00105793 9.9955E-05 9.9955E-05
9.9991E-05 0.0854933 0.0656106 0.113267 0.480659 0.00558776 0.229622 0.0196605
9.9982E-05 0.0669393 0.00997603 9.9982E-05 0.65739 0.0450866 0.215837 0.00457074
9.9964E-05 9.9964E-05 9.9964E-05 9.9964E-05 0.710435 0.0204982 0.235197 0.0334696
0.00360132 9.9973E-05 0.0497547 9.9973E-05 0.837313 0.0502579 0.0587731 9.9973E-05
9.9946E-05 9.9946E-05 9.9946E-05 9.9946E-05 0.974199 9.9946E-05 9.9946E-05 0.0252018
0.011343 9.9973E-05 9.9973E-05 9.9973E-05 0.856858 0.0101687 0.0769824 0.0443476
9.9946E-05 9.9946E-05 9.9946E-05 9.9946E-05 0.980696 0.0187045 9.9946E-05 9.9946E-05
9.9973E-05 9.9973E-05 0.0422202 9.9973E-05 0.641634 0.0166072 0.285558 0.0136808
9.9964E-05 0.087552 9.9964E-05 0.0327298 0.87092 9.9964E-05 9.9964E-05 0.00839811
0.015583 9.9964E-05 9.9964E-05 0.601777 0.04359 9.9964E-05 9.9964E-05 0.33865
0.0867089 9.9991E-05 0.0971189 0.181052 0.0262226 0.0698305 0.400532 0.138435
0.00322163 9.9973E-05 0.0853266 0.208034 9.9973E-05 9.9973E-05 0.48346 0.219657
9.9991E-05 0.0427096 0.0157124 0.418932 0.0746111 0.0584967 0.185661 0.203778
0.124195 9.9991E-05 0.0629441 0.126383 0.12345 0.0277338 0.468735 0.066459
0.0571488 0.0165642 9.9991E-05 0.373918 0.110331 0.0284942 0.204733 0.208711
9.9982E-05 9.9982E-05 0.0901521 0.213771 0.0639352 0.0080711 0.455936 0.167934
9.9973E-05 0.020391 9.9973E-05 0.338689 0.198057 9.9973E-05 0.322885 0.119679
9.9973E-05 9.9973E-05 9.9973E-05 0.18725 0.10095 0.112889 0.532812 0.0657992
9.9973E-05 9.9973E-05 9.9973E-05 0.32105 0.211759 0.0497221 0.315206 0.101964
0.151158 0.0677072 0.0613075 0.11462 0.0683898 0.0502474 0.394993 0.0915778
9.9955E-05 9.9955E-05 0.104531 9.9955E-05 9.9955E-05 9.9955E-05 0.0368909 0.858078
0.0155499 9.9973E-05 9.9973E-05 9.9973E-05 0.0523393 0.0822695 0.0260844 0.823457
0.0345006 0.0177292 0.00398758 9.9973E-05 9.9973E-05 0.0422334 9.9973E-05 0.901249
9.9955E-05 9.9955E-05 0.0658475 9.9955E-05 9.9955E-05 0.0584041 9.9955E-05 0.875249
0.0664529 9.9964E-05 9.9964E-05 9.9964E-05 9.9964E-05 0.119063 0.0246442 0.78944
9.9964E-05 9.9964E-05 9.9964E-05 0.0199342 0.0838273 0.0727631 9.9964E-05 0.823075
9.9973E-05 0.0135916 0.0188076 9.9973E-05 0.0750688 0.0877965 9.9973E-05 0.804436
9.9964E-05 9.9964E-05 9.9964E-05 0.079024 9.9964E-05 0.0715962 0.0310683 0.817912
0.00917871 0.013739 9.9973E-05 9.9973E-05 9.9973E-05 0.0258243 0.0447517 0.906206
9.9973E-05 9.9973E-05 9.9973E-05 0.0176612 0.0643627 0.0127154 0.0668825 0.838078
0.191664 0.0745364 0.0950508 9.9973E-05 9.9973E-05 0.0704612 9.9973E-05 0.567988
0.129988 0.0694937 0.216552 9.9973E-05 9.9973E-05 0.0388691 9.9973E-05 0.544797
0.316314 9.9973E-05 0.106082 0.0626165 9.9973E-05 0.051725 9.9973E-05 0.462963
0.34984 0.0450224 0.0979969 0.0202271 9.9973E-05 9.9973E-05 9.9973E-05 0.486614
0.166463 0.25986 0.00696132 0.0721479 9.9982E-05 0.0367546 0.457613 9.9982E-05
0.0591385 0.278548 0.0629393 0.00143692 9.9982E-05 9.9982E-05 0.514535 0.0832015
0.0448276 0.264162 0.17112 9.9982E-05 0.0969534 0.022981 0.399756 9.9982E-05
0.272712 0.236482 0.15518 9.9973E-05 9.9973E-05 0.00450131 0.330824 9.9973E-05
0.56139 0.0853385 0.237364 9.9964E-05 9.9964E-05 9.9964E-05 0.115508 9.9964E-05
0.0399953 0.20058 0.0203718 0.0284893 9.9991E-05 0.0307681 0.672302 0.00739346
0.0985662 0.219538 0.00496234 0.125662 9.9982E-05 9.9982E-05 0.525275 0.0257967
0.154232 0.263449 0.0596234 0.0485487 9.9973E-05 9.9973E-05 0.473847 9.9973E-05
9.9973E-05 0.634045 0.00687301 0.00953648 0.0351656 9.9973E-05 0.31408 9.9973E-05
9.9991E-05 0.224217 0.0859652 0.0198036 0.0083356 0.0750201 0.581062 0.00549674
0.0919308 0.37649 0.0754159 0.0618338 9.9973E-05 9.9973E-05 0.394029 9.9973E-05
9.9955E-05 0.700579 0.0686589 0.230263 9.9955E-05 9.9955E-05 9.9955E-05 9.9955E-05
0.100927 0.0590355 0.102063 0.142816 0.00676424 9.9991E-05 0.507003 0.0812905
0.0177895 0.444389 9.9964E-05 0.249779 9.9964E-05 9.9964E-05 0.287643 9.9964E-05
9.9973E-05 0.419355 0.0365642 0.0825457 9.9973E-05 9.9973E-05 0.448944 0.0122913
0.181067 0.621592 0.066651 9.9973E-05 9.9973E-05 9.9973E-05 0.0718086 0.0585812
9.9973E-05 9.9973E-05 0.843414 0.0685937 0.00274091 9.9973E-05 0.0135058 0.0714455
9.9973E-05 9.9973E-05 0.882073 0.0629396 0.0324809 9.9973E-05 0.0168066 0.00539959
9.9946E-05 9.9946E-05 0.926106 0.073294 9.9946E-05 9.9946E-05 9.9946E-05 9.9946E-05
9.9964E-05 0.0123574 0.889126 0.0258258 9.9964E-05 9.9964E-05 9.9964E-05 0.0722906
9.9964E-05 9.9964E-05 0.866966 0.0363775 0.0565214 9.9964E-05 0.0397348 9.9964E-05
9.9955E-05 9.9955E-05 0.857838 9.9955E-05 0.0909171 9.9955E-05 0.050745 9.9955E-05
9.9964E-05 9.9964E-05 9.9964E-05 9.9964E-05 0.0339389 0.0676907 0.0958203 0.80215
0.0596085 9.9982E-05 0.0529663 9.9982E-05 0.0397636 0.0224797 0.0655517 0.75943
9.9964E-05 9.9964E-05 9.9964E-05 9.9964E-05 0.122367 0.0504213 0.122031 0.704781
0.112063 9.9973E-05 9.9973E-05 9.9973E-05 0.0808058 0.0243504 0.0438954 0.738585
0.0514657 9.9982E-05 0.0322649 9.9982E-05 0.0892974 0.0236044 0.0716682 0.731499
0.0796306 0.00438025 0.51906 0.0323222 9.9982E-05 0.0155058 9.9982E-05 0.348901
9.9973E-05 0.0637754 0.416175 0.0533389 9.9973E-05 0.00384157 9.9973E-05 0.462569
9.9973E-05 0.100327 0.459253 0.0380459 9.9973E-05 0.0106797 9.9973E-05 0.391395
9.99459E-05 9.99459E-05 0.00657528 9.99459E-05 9.99459E-05 0.992825 9.99459E-05 9.99459E-05
9.9973E-05 0.0637398 0.520329 0.0371157 9.9973E-05 0.0373086 9.9973E-05 0.341207
9.9964E-05 9.9964E-05 9.9964E-05 0.09199 0.342977 9.9964E-05 0.328789 0.235844
0.030646 0.00445881 9.9973E-05 9.9973E-05 0.182491 9.9973E-05 0.616602 0.165502
0.0178859 9.9973E-05 9.9973E-05 9.9973E-05 0.260835 0.073971 0.529619 0.11739
9.9982E-05 0.0201762 0.0878433 0.034956 0.248053 9.9982E-05 0.35211 0.256661
0.217044 0.00689561 9.9982E-05 9.9982E-05 0.166481 0.00359257 0.428046 0.177741
9.9955E-05 9.9955E-05 9.9955E-05 0.236586 0.29235 9.9955E-05 9.9955E-05 0.470565
0.230373 0.117038 0.149172 0.0877471 9.9973E-05 9.9973E-05 0.41537 9.9973E-05
0.181008 0.0779536 0.138002 0.223595 9.9982E-05 9.9982E-05 0.346411 0.0328304
0.701383 9.9973E-05 0.0882411 9.9973E-05 9.9973E-05 0.0571036 0.106873 0.0460995
0.118324 0.0847387 0.112235 0.191672 9.9973E-05 9.9973E-05 0.492731 9.9973E-05
0.160999 0.220322 0.073119 0.545161 9.9964E-05 9.9964E-05 9.9964E-05 9.9964E-05
0.222752 0.0609434 0.0160212 0.0726947 0.0243981 0.028115 0.511572 0.0635042
0.171664 0.0453466 0.118766 0.0965019 9.9982E-05 0.0537832 0.513739 9.9982E-05
0.319652 0.163143 0.157176 0.0544541 9.9982E-05 0.0375966 0.267779 9.9982E-05
0.176985 0.0109293 0.119968 0.0085009 0.0526762 0.049101 0.551124 0.0307163
0.539682 0.0727443 9.9964E-05 0.292612 9.9964E-05 9.9964E-05 0.0945627 9.9964E-05
0.229657 0.00753625 0.104348 0.154846 0.0730191 9.9982E-05 0.430393 9.9982E-05
0.0964942 0.111728 0.173775 0.0168592 0.0199973 0.0388826 0.542163 9.9991E-05
0.0389161 0.129121 0.0783557 0.0437183 0.141678 9.9991E-05 0.389969 0.178142
0.324345 0.0304806 0.0588714 0.21656 9.9973E-05 9.9973E-05 0.369443 9.9973E-05
0.209046 0.0865997 0.139919 0.144679 0.0434986 9.9991E-05 0.373936 0.00222077
0.198069 0.159631 0.0265677 0.120957 0.0917208 9.9982E-05 0.402855 9.9982E-05
0.0912664 0.125937 0.164378 0.0403065 9.9973E-05 9.9973E-05 0.577812 9.9973E-05
0.129154 0.116129 0.0305804 0.0223081 0.089334 0.0489773 0.563416 9.9991E-05
0.0952704 0.229425 0.122936 0.0199076 0.160304 9.9991E-05 0.369361 0.00269578
0.278776 0.0866843 0.0396576 0.00239295 0.035872 0.00274703 0.465774 0.088097
9.9955E-05 9.9955E-05 9.9955E-05 9.9955E-05 0.0690192 9.9955E-05 0.159534 0.770947
9.9973E-05 0.0537114 9.9973E-05 9.9973E-05 0.0639184 0.0102377 0.060869 0.810964
0.0288477 0.0382995 0.0149762 0.0587668 9.9982E-05 9.9982E-05 0.0710412 0.787869
9.9982E-05 0.148255 0.0180049 9.9982E-05 0.019317 0.0415781 0.0172106 0.755434
0.0111648 9.9973E-05 9.9973E-05 9.9973E-05 0.0220324 0.0555957 0.111989 0.798918
0.65151 9.9982E-05 0.127955 0.045804 0.0286965 9.9982E-05 0.114564 0.0312702
0.192486 0.101222 0.0784805 0.00196824 0.14773 0.000711907 0.414834 0.0625676
0.0582872 0.0384169 0.0019354 0.0911019 0.153305 0.022238 0.516656 0.11806
0.145544 9.9982E-05 0.0876464 9.9982E-05 0.0203863 0.0764445 0.666316 0.0034622
0.103862 0.154629 0.130141 9.9991E-05 0.028954 0.0410465 0.492955 0.048312
0.221858 9.9982E-05 0.183 0.208158 0.0127356 0.0216437 0.352406 9.9982E-05
0.538598 0.0400262 0.217864 0.0971461 9.9982E-05 0.0765892 9.9982E-05 0.0295762
0.247005 0.0280113 0.212751 0.00563484 9.9991E-05 0.0382486 0.461337 0.00691238
0.340165 0.0695439 0.251 0.104355 0.000175426 0.00633849 0.1338 0.0946225
0.10999 0.146844 0.141174 0.125213 0.0901175 9.9991E-05 0.358653 0.0279087
0.431424 0.0695999 0.22957 0.0546655 9.9991E-05 0.020264 0.0581016 0.136275
0.161126 0.0595588 0.0531562 9.9982E-05 9.9982E-05 0.0125752 0.608695 0.104688
0.564941 0.0741397 0.116662 0.0733472 0.0129392 0.0410549 0.0350582 0.0818578
0.312033 0.104742 0.133197 0.143075 0.118729 0.0425451 0.145578 9.9991E-05
0.0931159 0.0546348 9.9982E-05 0.22931 9.9982E-05 0.0325893 0.530918 0.059232
0.0429994 9.9964E-05 0.104126 0.525415 9.9964E-05 9.9964E-05 0.32706 9.9964E-05
0.0456689 9.9982E-05 0.0771247 0.168422 9.9982E-05 0.0284193 0.664412 0.0157524
0.031838 0.0786629 0.0482482 0.138027 9.9991E-05 0.060121 0.633056 0.00994707
0.0159454 0.0340235 0.0808997 0.477044 9.9973E-05 9.9973E-05 0.391787 9.9973E-05
0.0454725 0.135754 0.0767681 0.0958685 0.0141154 0.0459709 0.498572 0.0874786
9.9982E-05 0.0740325 0.130843 0.170705 9.9982E-05 0.0168078 0.538878 0.0685343
0.025196 0.170448 0.102538 0.624199 9.9973E-05 9.9973E-05 0.0773189 9.9973E-05
9.9955E-05 9.9955E-05 0.0323904 0.61267 9.9955E-05 9.9955E-05 0.35444 9.9955E-05
9.9973E-05 9.9973E-05 0.119148 0.310862 9.9973E-05 0.0116669 0.557245 0.000777837
0.0378803 0.139938 0.106964 0.503493 9.9973E-05 9.9973E-05 0.211425 9.9973E-05
0.0700532 0.13806 0.0340872 0.242582 9.9982E-05 9.9982E-05 0.480153 0.0348648
0.584583 0.0912706 0.216203 0.036223 0.0123133 0.00310628 0.0510222 0.00527868
0.21642 0.106618 0.174239 0.276962 0.0258487 9.9982E-05 0.199712 9.9982E-05
0.371563 0.125171 0.142947 9.9991E-05 0.0346076 0.00543035 0.288609 0.0315714
0.132304 0.014507 0.133477 0.0126867 9.9982E-05 9.9982E-05 0.641324 0.0655024
0.452065 0.128087 0.227567 0.00415906 9.9982E-05 0.00336836 0.184554 9.9982E-05
0.0103559 0.0936527 0.191954 0.0802633 0.131366 0.0388774 0.408922 0.0446088
0.134404 0.113928 0.0747172 9.9991E-05 0.0800012 0.0224363 0.530997 0.0434164
0.151097 0.13794 0.119499 0.0377421 0.0353412 0.00223921 0.455811 0.0603308
0.236585 0.0563318 0.128492 9.9991E-05 0.0988781 0.0303613 0.430999 0.0182532
0.115378 0.166585 0.262201 9.9982E-05 0.0407809 0.0274983 0.387358 9.9982E-05
0.385175 0.177401 0.225447 9.9973E-05 0.063314 9.9973E-05 0.148363 9.9973E-05
0.168911 0.187914 0.23778 0.0396887 0.0910004 9.9982E-05 0.274506 9.9982E-05
0.219251 0.0640747 0.0544136 0.0745233 9.9973E-05 9.9973E-05 0.587438 9.9973E-05
0.0921192 0.0461835 0.128675 0.00210071 9.9991E-05 0.0217831 0.658389 0.0506494
0.199511 0.129061 0.147965 0.0775058 0.00830918 0.0343287 0.403219 9.9991E-05
0.177008 0.131034 0.167597 0.00643543 0.0307084 9.9982E-05 0.487018 9.9982E-05
0.35181 0.0729457 0.189582 9.9982E-05 9.9982E-05 0.0562676 0.311349 0.0178452
0.14506 0.15363 0.0822033 0.0123016 0.0345007 0.0322346 0.539969 9.9991E-05
0.263597 0.0981312 0.10589 9.9991E-05 0.0756678 0.00482215 0.417568 0.034224
0.105508 0.104091 0.013301 0.0796119 0.119868 0.0675024 0.467784 0.0423343
0.128696 0.00512231 9.9982E-05 9.9982E-05 0.113161 0.0378255 0.376571 0.338424
0.0550599 0.185276 9.9991E-05 0.00424978 0.217087 0.0231097 0.347583 0.167534
0.0802278 0.0359342 0.0485702 0.107598 0.113253 0.0294896 0.468385 0.116542
0.166143 0.0393931 0.0163305 0.0526025 0.0993765 0.0325633 0.558566 0.0350258
9.9973E-05 0.130491 9.9973E-05 9.9973E-05 0.208566 0.0293532 0.424499 0.206791
0.223429 0.0616063 9.9964E-05 0.207612 9.9964E-05 9.9964E-05 0.506953 9.9964E-05
0.154046 0.0255635 9.9982E-05 9.9982E-05 0.135237 0.0474423 0.451527 0.185984
0.104897 0.0910352 9.9982E-05 0.396075 0.0968223 9.9982E-05 0.0335569 0.277414
0.205106 0.100359 9.9982E-05 0.0341251 0.239406 9.9982E-05 0.311487 0.109317
0.0496773 9.9991E-05 0.0165352 0.0909436 0.120395 0.0355625 0.573378 0.113408
0.0783445 0.0739207 0.00587426 0.0288036 0.222039 0.00126141 0.470545 0.119211
0.266062 0.0587277 9.9991E-05 0.0907095 0.145698 0.0302013 0.241719 0.166783
0.0072718 0.0557261 0.0960802 0.0268571 0.159648 9.9991E-05 0.476833 0.177484
0.0397374 9.9982E-05 9.9982E-05 0.0821979 0.101697 0.0499634 0.556503 0.169702
9.9964E-05 9.9964E-05 9.9964E-05 0.318045 0.187342 0.0306225 9.9964E-05 0.463591
9.9973E-05 0.155404 9.9973E-05 9.9973E-05 0.160629 0.0236647 0.438111 0.221892
0.0466409 9.9982E-05 0.0053551 0.056194 0.221676 9.9982E-05 0.496516 0.173418
0.0513982 0.137782 0.0560854 9.9982E-05 0.0760828 9.9982E-05 0.582752 0.0956994
9.9973E-05 9.9973E-05 9.9973E-05 0.0972559 0.103893 0.00351415 0.590763 0.204274
0.125416 9.9982E-05 9.9982E-05 0.0936152 0.148666 0.0729314 0.48854 0.070631
9.9973E-05 0.215731 0.076935 0.178536 9.9973E-05 0.0460637 0.482434 9.9973E-05
0.115716 0.044763 0.0278849 0.147601 0.0658541 0.0171668 0.524576 0.0564395
0.239973 0.243622 0.0044941 0.505317 0.00095035 9.9982E-05 0.00544292 9.9982E-05
0.00140742 0.16397 0.0810701 0.664866 9.9973E-05 9.9973E-05 0.0883869 9.9973E-05
0.179555 0.103086 0.00188214 0.145721 0.0525402 0.0132635 0.477228 0.0267243
0.0448305 9.9982E-05 0.00975096 0.0971205 0.232559 9.9982E-05 0.496637 0.118903
9.9982E-05 0.0181224 9.9982E-05 0.224713 0.322724 0.0175093 0.402596 0.014135
0.0973096 9.9973E-05 9.9973E-05 0.292171 0.29963 9.9973E-05 0.105615 0.204974
0.0513066 9.9982E-05 9.9982E-05 0.138589 0.203898 0.0110024 0.388168 0.206836
9.9973E-05 9.9973E-05 0.0102677 0.664941 0.121877 9.9973E-05 0.172479 0.0301351
9.9973E-05 9.9973E-05 9.9973E-05 0.569002 0.0913363 0.0394092 0.263048 0.0369049
0.0263767 0.193661 9.9982E-05 0.145648 0.127371 0.0144536 0.492289 9.9982E-05
0.0242407 0.134952 0.0159982 0.196097 0.125557 0.0267558 0.471076 0.00532276
0.0227159 0.0579484 9.9982E-05 0.475472 0.0779398 9.9982E-05 0.287791 0.0779334
0.0580592 0.105959 9.9982E-05 0.14909 0.0896805 9.9982E-05 0.535353 0.0616579
9.9982E-05 9.9982E-05 0.0687419 0.202446 0.0180495 0.012989 0.663578 0.0339948
0.150893 0.0464207 0.00360081 0.118709 0.134984 9.9991E-05 0.455885 0.0894074
0.0620891 0.167099 0.0593252 0.346957 9.9982E-05 0.0120668 0.352263 9.9982E-05
0.101948 0.192197 0.0582778 0.286822 9.9982E-05 0.0153269 0.345228 9.9982E-05
0.104086 0.0168369 0.0482324 0.198892 0.0335294 0.0252874 0.573036 9.9991E-05
0.0752433 0.0978449 0.0964311 0.258398 0.0269766 0.00342395 0.409339 0.0323425
0.12397 0.0543423 0.00185159 0.172931 0.0337285 0.0114632 0.492028 0.109685
0.0624199 0.0630404 9.9964E-05 0.392294 9.9964E-05 9.9964E-05 0.481846 9.9964E-05
9.9964E-05 0.090981 0.164196 0.481336 9.9964E-05 9.9964E-05 0.263087 9.9964E-05
9.9973E-05 0.134102 9.9973E-05 0.232235 9.9973E-05 0.0528352 0.571865 0.00866298
0.0647681 0.178642 0.0341024 0.472066 9.9973E-05 9.9973E-05 0.250122 9.9973E-05
9.9973E-05 0.0783769 0.0653019 0.39397 9.9973E-05 0.00892261 0.453128 9.9973E-05
0.142845 0.0579888 0.0246419 0.157615 0.0209928 0.110349 0.485467 9.9991E-05
0.0307991 0.191053 9.9991E-05 0.219757 0.0152512 0.0263628 0.508146 0.00853064
0.0773374 0.0526697 9.9991E-05 0.130585 0.237777 0.0648596 0.387788 0.0488839
9.9973E-05 9.9973E-05 9.9973E-05 0.25325 0.169185 0.0478167 0.455025 0.0744231
9.9982E-05 9.9982E-05 0.0885891 0.162038 0.307161 0.00817573 0.326885 0.10695
0.112571 0.00767105 0.0756962 0.13138 0.219803 9.9991E-05 0.31858 0.134199
0.00957418 0.0674604 0.0675335 0.00872902 0.178509 9.9991E-05 0.496322 0.171772
9.9991E-05 0.0441988 0.0779694 0.113895 0.139389 0.041067 0.450122 0.133259
9.9982E-05 0.0296471 0.0897479 0.563872 0.200241 0.00383755 9.9982E-05 0.112455
9.9982E-05 0.00898702 0.0618647 0.0262011 0.160283 9.9982E-05 0.642263 0.100201
9.9955E-05 9.9955E-05 9.9955E-05 0.514123 0.154459 9.9955E-05 9.9955E-05 0.330918
9.9973E-05 0.0284385 9.9973E-05 0.181616 0.119475 9.9973E-05 0.582973 0.0871972
9.9955E-05 0.265269 9.9955E-05 0.545257 9.9955E-05 9.9955E-05 0.188974 9.9955E-05
0.122634 0.278542 9.9955E-05 0.598324 9.9955E-05 9.9955E-05 9.9955E-05 9.9955E-05
0.067243 0.0757967 9.9964E-05 0.321466 9.9964E-05 9.9964E-05 0.535095 9.9964E-05
0.080959 0.0264645 9.9973E-05 0.227139 9.9973E-05 0.0159733 0.649165 9.9973E-05
0.101133 0.111475 9.9964E-05 0.337287 9.9964E-05 9.9964E-05 0.449705 9.9964E-05
0.0681124 0.303829 9.9964E-05 0.126259 9.9964E-05 9.9964E-05 0.5014 9.9964E-05
0.0186034 0.0703676 9.9973E-05 0.251383 0.0150838 9.9973E-05 0.644263 9.9973E-05
9.9982E-05 0.0760182 0.00705881 9.9982E-05 0.0651427 0.11628 0.00804032 0.72726
0.0183868 0.045386 0.13027 9.9982E-05 0.11527 0.0659289 9.9982E-05 0.624558
0.0315931 9.9973E-05 0.0102141 9.9973E-05 0.0501332 0.085364 9.9973E-05 0.822396
9.9973E-05 9.9973E-05 0.000760924 0.0105926 9.9973E-05 0.152312 0.0500251 0.786009
9.9973E-05 0.342392 0.0109548 9.9973E-05 9.9973E-05 0.0570561 0.531635 0.057662
0.0877 0.313072 0.0706831 9.9982E-05 0.119722 9.9982E-05 0.369254 0.039369
0.0986423 0.449594 9.9964E-05 9.9964E-05 9.9964E-05 0.0471734 0.40419 9.9964E-05
9.9982E-05 0.207593 0.0413521 0.0975994 9.9982E-05 0.0222516 0.563223 0.0677811
9.9991E-05 0.167026 0.123156 0.091111 0.0663801 0.0199923 0.516317 0.0159179
0.12673 0.530247 0.101865 0.0719512 9.9982E-05 9.9982E-05 0.154808 0.0141987
9.9964E-05 0.408251 9.9964E-05 0.0255541 0.0177632 9.9964E-05 0.548032 9.9964E-05
9.9964E-05 0.484102 9.9964E-05 0.165287 9.9964E-05 0.0115564 0.338655 9.9964E-05
0.12816 9.9973E-05 0.00028796 9.9973E-05 0.0740738 9.9973E-05 0.520495 0.276683
9.9973E-05 0.297252 0.0801657 0.162317 0.0328683 9.9973E-05 0.427098 9.9973E-05
0.106272 0.555697 0.0511998 9.9973E-05 0.0249478 9.9973E-05 0.261584 9.9973E-05
0.00728997 0.441714 0.0163981 9.9973E-05 9.9973E-05 9.9973E-05 0.525018 0.00927987
0.0478318 0.525824 0.045327 9.9973E-05 9.9973E-05 0.0322103 0.348507 9.9973E-05
9.9955E-05 0.472539 9.9955E-05 0.0247352 9.9955E-05 9.9955E-05 0.502226 9.9955E-05
9.9982E-05 0.357983 0.0279321 9.9982E-05 0.0378457 0.00845178 0.487974 0.0796141
9.9946E-05 0.916961 9.9946E-05 0.0824392 9.9946E-05 9.9946E-05 9.9946E-05 9.9946E-05
9.9982E-05 0.572596 0.0109875 0.162616 0.0385032 9.9982E-05 0.202826 0.012271
9.99828E-05 0.580042 0.0551145 0.011393 0.0360955 0.0356336 0.281522 9.99828E-05
9.9946E-05 0.734845 9.9946E-05 0.264555 9.9946E-05 9.9946E-05 9.9946E-05 9.9946E-05
0.136157 0.401452 0.00707639 9.9991E-05 0.00686126 0.0131181 0.3771 0.0581341
9.9973E-05 0.57201 9.9973E-05 0.30693 0.0183568 0.0128682 0.0895356 9.9973E-05
9.9955E-05 0.662985 0.00488576 0.331629 9.9955E-05 9.9955E-05 9.9955E-05 9.9955E-05
9.9964E-05 0.356049 9.9964E-05 0.0802675 0.0248957 9.9964E-05 0.538388 9.9964E-05
0.192857 0.583689 0.0378211 9.9982E-05 0.0194712 0.0227526 0.14321 9.9982E-05
0.0272276 0.389743 0.0313326 0.034585 0.0584565 0.000712463 0.406942 0.0510012
0.0140595 0.262577 9.9973E-05 9.9973E-05 9.9973E-05 0.0395529 0.518885 0.164626
9.9964E-05 0.359575 0.0989893 0.00839203 9.9964E-05 9.9964E-05 0.532644 9.9964E-05
0.324909 9.9973E-05 0.074706 0.203933 0.00595292 9.9973E-05 0.390198 9.9973E-05
0.0385944 0.333095 0.0412098 9.9982E-05 0.00645352 0.0205345 0.559913 9.9982E-05
0.172043 0.320234 0.0160283 9.9973E-05 9.9973E-05 0.0402453 0.45115 9.9973E-05
9.9964E-05 0.647463 9.9964E-05 0.0613967 9.9964E-05 0.00414887 0.286591 9.9964E-05
0.0617393 0.247566 0.0759265 9.9991E-05 0.130467 0.0738358 0.396985 0.0133805
0.0322897 9.9982E-05 0.228595 0.118875 0.00441606 0.0833781 9.9982E-05 0.532246
0.0701686 0.0632284 0.0398576 0.05248 9.9982E-05 0.0778751 9.9982E-05 0.69619
0.00940389 9.9973E-05 0.102011 0.0507312 9.9973E-05 0.142846 9.9973E-05 0.694709
9.9964E-05 9.9964E-05 0.123823 0.083191 9.9964E-05 0.0897846 9.9964E-05 0.702802
9.9964E-05 9.9964E-05 0.267351 9.9964E-05 9.9964E-05 0.0333251 0.0417247 0.6572
0.21357 0.711384 0.00184344 9.9973E-05 0.0370357 9.9973E-05 9.9973E-05 0.0358671
0.110089 0.62955 0.0315228 0.0411857 9.9991E-05 0.0256037 0.103905 0.0580442
9.9955E-05 0.804404 9.9955E-05 0.0832251 9.9955E-05 9.9955E-05 0.111871 9.9955E-05
0.0429228 0.270108 0.0408189 0.0271729 0.0951108 0.0822509 0.433539 0.00807697
9.9982E-05 0.272011 0.0611407 9.9982E-05 0.065226 0.0213002 0.487509 0.0926129
9.9973E-05 0.606961 9.9973E-05 0.0636679 9.9973E-05 0.00360267 0.290435 0.0350336
9.9973E-05 0.365398 0.00736569 9.9973E-05 0.0295283 0.0236384 0.573769 9.9973E-05
9.9973E-05 0.497098 9.9973E-05 0.00925683 0.0368437 9.9973E-05 0.399574 0.0569282
0.0810042 0.374763 9.9973E-05 9.9973E-05 9.9973E-05 0.00459603 0.503242 0.036094
9.9973E-05 0.223193 0.139833 9.9973E-05 0.0519033 9.9973E-05 0.528776 0.0559951
0.0461196 0.675386 0.0742003 9.9973E-05 0.0648635 9.9973E-05 0.139131 9.9973E-05
0.0481225 0.617186 9.9973E-05 9.9973E-05 0.0130564 0.0274195 0.293916 9.9973E-05
0.04903 0.508557 0.128503 9.9964E-05 9.9964E-05 9.9964E-05 0.31351 9.9964E-05
9.9973E-05 0.0679085 0.0736956 0.165761 9.9973E-05 9.9973E-05 0.626205 0.0661309
0.012176 0.555451 0.0339002 9.9973E-05 9.9973E-05 0.0311445 0.367028 9.9973E-05
9.9973E-05 0.516431 0.0412437 9.9973E-05 0.0547742 9.9973E-05 0.370267 0.0169847
0.0956211 0.0015612 9.9982E-05 0.0363961 0.424443 9.9982E-05 0.35153 0.0902487
0.0586526 0.0310264 9.9991E-05 0.0416474 0.394393 0.0146095 0.380927 0.0786438
9.9973E-05 9.9973E-05 9.9973E-05 0.0498368 0.395427 0.00819407 0.509962 0.0362801
9.9973E-05 9.9973E-05 9.9973E-05 0.037154 0.424346 0.0150858 0.341198 0.181916
9.9982E-05 9.9982E-05 0.0875034 0.032159 0.291223 0.0386297 0.499158 0.0511264
0.054941 0.308674 9.9982E-05 0.138374 0.0626205 9.9982E-05 0.370443 0.0647476
0.0459318 9.9982E-05 9.9982E-05 0.0619609 0.620644 0.0310645 0.0218453 0.218353
9.9973E-05 0.0417037 9.9973E-05 9.9973E-05 0.514443 0.0230213 0.297247 0.123285
9.9982E-05 0.0942675 9.9982E-05 0.179602 0.179196 0.024674 0.407649 0.114411
0.0466961 0.062517 9.9991E-05 0.153959 0.00257938 0.0861273 0.592428 0.0555929
0.109435 9.9982E-05 0.0639112 0.267776 9.9982E-05 0.0160739 0.449403 0.0932009
9.9991E-05 0.0199211 0.102126 0.184035 0.0245624 0.0568647 0.59526 0.0171302
0.0673504 9.9973E-05 0.0907709 0.0493161 9.9973E-05 9.9973E-05 0.693624 0.0986388
9.9955E-05 9.9955E-05 9.9955E-05 9.9955E-05 0.44227 9.9955E-05 0.351449 0.205781
9.9973E-05 0.0626796 9.9973E-05 9.9973E-05 0.338684 0.00132 0.444419 0.152597
9.9964E-05 9.9964E-05 9.9964E-05 0.00959754 0.406309 9.9964E-05 0.510775 0.0729182
9.9973E-05 9.9973E-05 0.102926 9.9973E-05 0.234247 0.00998915 0.516989 0.135549
9.9982E-05 0.0133194 9.9982E-05 0.0453462 0.459439 0.0126466 0.344167 0.124882
9.9991E-05 0.0657163 0.0391322 0.0297004 0.313488 0.0473498 0.380871 0.123642
0.052849 0.0024572 9.9982E-05 9.9982E-05 0.585064 0.0307255 0.231477 0.0972271
9.9991E-05 0.0488594 0.0675642 0.0244128 0.424782 0.0338093 0.34238 0.0580918
9.9973E-05 9.9973E-05 0.0287927 0.251521 9.9973E-05 0.00870249 0.59045 0.120234
9.9991E-05 0.0604429 0.0461365 0.0251795 0.322093 0.0175363 0.399146 0.129366
0.0625444 9.9973E-05 9.9973E-05 9.9973E-05 0.547144 0.00774323 0.25416 0.128109
0.145138 9.9982E-05 9.9982E-05 0.0568042 0.34956 0.03902 0.323683 0.0855946
0.288048 0.0141456 0.103552 0.303567 9.9991E-05 0.00270278 0.171168 0.116716
0.179248 0.00173915 0.00572647 0.206144 0.0648255 0.0308607 0.511356 9.9991E-05
0.0565327 9.9982E-05 0.0268561 0.0362004 0.252397 9.9982E-05 0.406475 0.221339
0.074256 9.9982E-05 0.0160922 0.170517 9.9982E-05 0.0117445 0.643193 0.0839974
0.0639688 0.0643096 0.0273651 0.18133 9.9991E-05 0.0114793 0.501969 0.149478
0.026642 0.208988 0.00213562 0.0379749 0.174561 0.0163365 0.300046 0.233316
9.9982E-05 0.0342392 0.0721481 0.0769604 0.258936 9.9982E-05 0.368614 0.188902
0.00914137 0.119912 0.100326 0.0438441 0.10838 0.0278791 0.490502 0.100015
0.0743496 0.00701361 0.0627854 9.9991E-05 0.383604 0.019404 0.372324 0.08042
0.045531 9.9973E-05 9.9973E-05 9.9973E-05 0.439174 0.0222123 0.376405 0.116378
9.9973E-05 9.9973E-05 9.9973E-05 0.00195152 0.495098 0.0204851 0.260673 0.221492
9.9973E-05 9.9973E-05 0.100972 0.162983 9.9973E-05 0.0725786 0.60049 0.0626759
0.0906194 0.120259 0.0168781 0.159495 9.9991E-05 0.0243139 0.465174 0.12316
9.9973E-05 9.9973E-05 0.0469656 0.56927 9.9973E-05 0.0525374 0.261888 0.069039
0.080643 0.0875788 0.0206249 0.055128 0.0653495 0.00916053 0.586292 0.0952229
0.0822154 9.9991E-05 0.143569 0.17231 0.00139266 0.0412882 0.478696 0.0804284
0.0390228 0.0915099 9.9991E-05 0.0988301 0.14792 0.00989914 0.467109 0.14561
0.0748606 0.188713 0.00924528 0.134522 0.0793954 9.9991E-05 0.418062 0.0951022
9.9955E-05 9.9955E-05 9.9955E-05 0.494176 0.211702 9.9955E-05 9.9955E-05 0.293622
9.9964E-05 9.9964E-05 9.9964E-05 0.59855 0.102096 0.0391688 9.9964E-05 0.259786
0.0164379 0.0731082 9.9991E-05 0.269741 0.0830897 0.0144602 0.346549 0.196513
