0.530116 0.11731 0.105068 0.247507
0.603769 0.0888298 0.0245213 0.28288
0.536459 0.367028 0.0964125 9.9991E-05
0.473863 9.9991E-05 0.178924 0.347113
0.614063 0.22527 0.0341965 0.12647
0.550631 0.135605 0.037205 0.276559
0.705278 0.294522 9.9982E-05 9.9982E-05
0.810787 0.189013 9.9982E-05 9.9982E-05
0.695556 0.0750417 0.144009 0.0853938
0.436412 0.0724078 0.182918 0.308262
0.408492 0.17737 0.192615 0.221523
0.313876 0.40784 0.220955 0.0573289
0.330026 9.9991E-05 0.231028 0.438847
0.96449 0.0353097 9.9982E-05 9.9982E-05
0.758093 0.041631 0.0356018 0.164674
0.543393 0.0373392 0.0537459 0.365522
0.212579 0.455571 9.9991E-05 0.33175
9.9982E-05 0.917583 9.9982E-05 0.0822169
9.9991E-05 0.939965 0.0277352 0.0322003
0.0564329 0.567275 9.9991E-05 0.376192
0.872636 9.9982E-05 9.9982E-05 0.127164
0.434217 9.9991E-05 0.175929 0.389755
0.107767 9.9991E-05 0.0364638 0.855669
0.162185 9.9991E-05 0.1338 0.703915
0.209536 9.9991E-05 0.15822 0.632144
0.843018 0.0703967 0.0493969 0.0371884
0.628287 0.0129524 0.0902385 0.268522
0.791698 0.207481 0.000720921 9.9991E-05
0.869365 9.9982E-05 9.9982E-05 0.130435
0.639652 0.0499385 0.174342 0.136068
0.790039 9.9982E-05 9.9982E-05 0.209762
0.851311 0.14849 9.9982E-05 9.9982E-05
0.611761 0.0155955 0.0499281 0.322716
0.668043 9.9991E-05 0.0115412 0.320316
9.9982E-05 9.9982E-05 0.0381783 0.961622
9.9982E-05 9.9982E-05 0.0450989 0.954701
0.176973 9.9991E-05 0.0796818 0.743245
0.132026 9.9991E-05 0.0620042 0.805869
0.0828845 9.9982E-05 9.9982E-05 0.916915
9.9982E-05 0.0409212 9.9982E-05 0.958879
9.9982E-05 0.021123 9.9982E-05 0.978677
0.00602696 9.9991E-05 0.0549734 0.9389
0.0456547 9.9982E-05 9.9982E-05 0.954145
9.998E-05 9.998E-05 9.998E-05 0.9997
9.998E-05 9.998E-05 9.998E-05 0.9997
0.115425 9.9982E-05 9.9982E-05 0.884375
0.0453769 0.0363788 9.9991E-05 0.918144
9.9982E-05 0.020095 9.9982E-05 0.979705
0.235793 0.0427534 0.0407236 0.68073
0.119705 0.0746598 0.0204083 0.785227
0.0160215 0.0859242 0.0307634 0.867291
0.00746641 0.0438933 9.9991E-05 0.94854
9.9982E-05 0.0282861 9.9982E-05 0.971514
9.9991E-05 0.0591198 0.0486074 0.892173
9.998E-05 9.998E-05 9.998E-05 0.9997
0.047081 9.9991E-05 0.145989 0.80683
0.0152838 0.0245233 0.0369275 0.923265
0.134642 0.742167 0.123091 9.9991E-05
0.472652 0.293058 0.0396544 0.194635
0.476123 0.214297 0.0233654 0.286214
0.35672 0.493833 0.0501688 0.0992785
0.49574 0.128298 0.0481065 0.327856
0.405487 0.44658 0.0154357 0.132497
0.414668 0.171238 0.132826 0.281267
0.382938 0.286532 9.9991E-05 0.330431
0.49329 0.17905 9.9991E-05 0.327559
0.447328 0.261406 9.9991E-05 0.291166
0.492101 0.154838 0.0284005 0.324661
0.576922 0.104137 0.0720272 0.246914
0.771664 0.18448 0.0437558 9.9991E-05
0.75387 0.00287098 9.9991E-05 0.243159
0.56889 0.0308304 9.9991E-05 0.40018
0.922105 0.0776949 9.9982E-05 9.9982E-05
0.493536 9.9991E-05 0.137933 0.368431
0.692642 9.9991E-05 0.132486 0.174772
0.850063 0.149737 9.9982E-05 9.9982E-05
0.821419 0.146897 0.0315834 9.9991E-05
0.792886 0.0494459 0.0298549 0.127813
0.75977 0.179751 0.0603782 9.9991E-05
0.855898 0.0946485 9.9991E-05 0.0493537
0.154788 9.9991E-05 0.569147 0.275965
0.352881 0.0661621 0.289199 0.291758
9.9982E-05 0.0556794 0.944121 9.9982E-05
9.9982E-05 0.0415277 0.958272 9.9982E-05
0.121452 0.0373842 0.496546 0.344618
0.26421 0.150304 0.091957 0.493529
0.0536849 0.195215 0.317959 0.433141
0.153691 0.335374 0.171169 0.339767
0.0736564 0.175618 0.308779 0.441947
9.9991E-05 0.305336 0.675894 0.0186701
9.9991E-05 0.232728 0.708469 0.0587032
0.342199 9.9991E-05 0.380547 0.277154
0.191813 9.9991E-05 0.549824 0.258263
9.9991E-05 0.173693 0.777806 0.0484013
0.200505 9.9991E-05 0.441912 0.357483
0.275137 9.9991E-05 0.374754 0.350009
0.343282 0.064648 0.267846 0.324224
0.245663 9.9991E-05 0.731936 0.0223013
0.261987 9.9991E-05 0.575136 0.162777
0.337501 9.9991E-05 0.38752 0.274878
0.165678 0.0672612 0.573974 0.193087
0.452603 9.9991E-05 0.224215 0.323082
0.372444 0.0522404 0.475113 0.100202
0.249968 9.9991E-05 0.74555 0.0043822
0.381903 9.9991E-05 0.400311 0.217686
0.00026828 0.0618495 0.911789 0.0260933
0.243393 0.00154443 0.62667 0.128392
0.303891 9.9991E-05 0.379391 0.316618
0.256449 9.9991E-05 0.489929 0.253522
0.371403 0.108498 0.109861 0.410238
0.301399 0.111063 0.266719 0.320819
0.288202 0.232584 0.0481077 0.431107
0.275692 0.125632 0.142297 0.456379
0.470923 0.0696253 0.0442398 0.415212
0.306586 0.0688372 0.24054 0.384036
9.9991E-05 0.356142 0.613025 0.0307329
0.273495 0.027944 0.21546 0.4831
9.9991E-05 0.598589 0.361874 0.0394366
0.148038 0.00206484 0.402378 0.447519
0.0862468 0.00698798 0.906665 9.9991E-05
9.9982E-05 0.0702999 0.9295 9.9982E-05
0.311525 9.9991E-05 0.566011 0.122363
0.381235 9.9991E-05 0.429015 0.18965
0.242614 9.9991E-05 0.724029 0.0332578
0.143417 9.9991E-05 0.653689 0.202795
0.315981 9.9991E-05 0.551362 0.132557
0.3484 9.9982E-05 9.9982E-05 0.6514
0.255289 9.9991E-05 0.0481952 0.696416
0.263423 0.0797625 9.9991E-05 0.656715
0.218109 0.14169 9.9991E-05 0.640102
0.333672 0.0786598 0.018132 0.569536
9.9982E-05 0.294903 9.9982E-05 0.704897
0.0444909 0.240959 0.0892167 0.625333
0.14612 0.137663 0.0180099 0.698207
0.250497 0.0947718 0.0663063 0.588425
0.229973 0.0213308 9.9991E-05 0.748596
0.245258 0.0700849 0.0919886 0.592668
0.118131 0.102868 0.0574686 0.721533
0.227405 0.0600689 0.106999 0.605527
0.103261 0.136578 0.0757039 0.684457
0.179855 0.0375816 0.168218 0.614346
0.244131 0.0953401 0.0399859 0.620543
0.0567648 0.219671 9.9991E-05 0.723464
0.197387 0.0556395 0.159152 0.587822
0.326687 0.109802 0.0447108 0.518801
0.222199 0.18169 0.214185 0.381926
0.308351 0.219461 0.056129 0.416059
0.285717 0.09189 9.9991E-05 0.622293
0.157901 0.064405 0.108493 0.669201
0.107146 0.230077 0.0164148 0.646363
0.451383 0.156656 9.9991E-05 0.391861
0.377936 0.172737 0.122798 0.326529
0.0428858 0.919531 9.9991E-05 0.0374835
9.998E-05 0.9997 9.998E-05 9.998E-05
0.473545 0.342669 9.9991E-05 0.183686
0.095855 0.839444 9.9991E-05 0.064601
9.9982E-05 0.906193 9.9982E-05 0.0936067
0.345982 0.330557 0.116517 0.206944
0.403768 0.254868 9.9991E-05 0.341265
0.347724 0.462017 9.9991E-05 0.190159
0.147201 0.827894 9.9991E-05 0.024805
0.461206 0.186117 0.0235816 0.329095
0.324512 0.589284 9.9991E-05 0.0861037
9.998E-05 0.9997 9.998E-05 9.998E-05
0.354318 0.0697868 0.113567 0.462329
0.35899 0.343562 9.9991E-05 0.297348
