0.158844 0.0971676 0.306226 0.437763
0.183305 0.131481 0.107064 0.57815
9.9982E-05 0.443687 9.9982E-05 0.556113
0.147305 0.0433648 0.332067 0.477264
0.128809 0.209889 0.0512328 0.610069
0.139822 0.173656 0.17688 0.509642
0.0411114 0.376801 0.066868 0.515219
9.9982E-05 0.349297 9.9982E-05 0.650503
9.999E-05 0.147652 0.205616 0.646632
0.111636 0.0407251 0.402824 0.444814
0.0657433 0.20338 0.267179 0.463698
0.0825628 0.475896 9.9991E-05 0.441441
0.294185 0.0922346 0.186996 0.426584
0.0352522 0.144377 9.9991E-05 0.820271
0.138369 0.0941541 0.0439502 0.723527
0.101164 0.0129114 0.424055 0.46187
0.0920965 0.456823 0.342264 0.108816
0.0434868 0.9124 0.044013 9.9991E-05
0.0287881 0.971012 9.9982E-05 9.9982E-05
0.134149 0.536191 0.32956 9.9991E-05
0.165242 0.0332272 0.150054 0.651476
0.205705 9.9991E-05 0.186118 0.608077
0.923137 9.9982E-05 9.9982E-05 0.0766627
0.507032 9.9991E-05 0.323912 0.168956
0.440569 0.0505349 0.263302 0.245594
0.00436086 0.107237 0.142051 0.746351
9.9991E-05 0.0547287 0.426224 0.518948
9.9991E-05 0.257311 0.0390126 0.703577
9.9991E-05 0.0166469 0.426585 0.556668
0.197062 0.0524858 0.0647695 0.685682
9.9991E-05 0.0242046 0.422745 0.55295
0.016886 0.228971 9.9991E-05 0.754043
0.180226 0.00818632 0.2512 0.560388
0.256971 0.047809 0.243809 0.451411
0.947456 0.0289598 0.0234843 9.9991E-05
0.965802 9.9982E-05 9.9982E-05 0.0339984
0.526064 9.9991E-05 0.326289 0.147546
0.736509 9.9991E-05 0.147721 0.115671
0.867616 0.0137559 0.0161955 0.102432
0.980388 0.0194119 9.9982E-05 9.9982E-05
0.942188 0.0439243 9.9991E-05 0.0137874
0.760356 9.9982E-05 0.239444 9.9982E-05
0.9997 9.998E-05 9.998E-05 9.998E-05
0.9895 0.0103002 9.9982E-05 9.9982E-05
0.990464 0.00933584 9.9982E-05 9.9982E-05
0.76873 9.9991E-05 0.123031 0.108139
0.773734 0.101372 0.100201 0.0246933
0.9997 9.998E-05 9.998E-05 9.998E-05
0.41463 0.0278364 0.26479 0.292743
0.650947 0.0320797 0.198253 0.11872
0.728415 9.9991E-05 0.201094 0.0703912
0.87048 0.0475247 0.0769548 0.00504085
0.897158 9.9982E-05 0.102643 9.9982E-05
0.868088 0.092553 0.0392592 9.9991E-05
0.983367 0.0164329 9.9982E-05 9.9982E-05
0.580435 0.0958773 0.243597 0.080091
0.879324 0.000619914 0.068862 0.0511939
9.9982E-05 0.747523 9.9982E-05 0.252277
9.9991E-05 0.286879 0.35617 0.356851
0.177398 0.243162 0.178869 0.400571
0.0318661 0.472024 0.172022 0.324088
0.205371 0.11951 0.213286 0.461832
0.144563 0.471914 0.0137132 0.369811
0.203418 0.1906 0.249762 0.35622
0.133412 0.264082 0.254015 0.348491
0.135401 0.195114 0.343529 0.325956
0.155241 0.274314 0.31629 0.254155
0.141217 0.150899 0.330243 0.377641
0.0752468 0.112026 0.277093 0.535634
0.0473534 0.232983 9.9991E-05 0.719564
0.0977579 0.109058 0.229098 0.564086
0.147481 0.0415563 0.346903 0.46406
9.9991E-05 0.178688 0.055662 0.76555
0.167845 0.0190486 0.235146 0.57796
0.0388095 0.0607617 0.274773 0.625655
9.9982E-05 0.233682 9.9982E-05 0.766118
9.9982E-05 0.23128 9.9982E-05 0.76852
0.0423795 0.0648403 0.230735 0.662045
9.9982E-05 0.275645 9.9982E-05 0.724155
9.9991E-05 0.150268 0.181782 0.667849
0.108832 9.9991E-05 0.226781 0.664286
0.162738 9.9991E-05 0.329473 0.507689
9.9982E-05 0.0133805 9.9982E-05 0.98642
9.9982E-05 0.00953368 9.9982E-05 0.990266
0.195256 0.025593 0.27378 0.505371
0.115433 0.0341012 0.562439 0.288027
0.0664433 0.141602 0.624348 0.167607
0.241445 0.30385 0.244988 0.209717
0.0657595 0.135255 0.577105 0.22188
0.00872826 0.318637 9.9991E-05 0.672534
0.0999845 0.211936 0.0704792 0.6176
0.067647 9.9991E-05 0.342401 0.589853
0.131847 9.9991E-05 0.206766 0.661287
9.9991E-05 0.116424 0.207403 0.676074
9.9991E-05 0.0139759 0.440787 0.545137
0.153613 9.9991E-05 0.262782 0.583506
0.195714 0.0300237 0.302286 0.471977
9.9982E-05 9.9982E-05 0.135038 0.864762
0.0969073 0.0366838 0.115853 0.750556
0.116455 9.9991E-05 0.21885 0.664595
0.0946583 0.0134103 0.188992 0.70294
0.112716 0.128799 0.28643 0.472055
0.0356384 0.0515259 0.135939 0.776897
0.00375462 9.9982E-05 9.9982E-05 0.996045
9.9982E-05 9.9982E-05 0.338599 0.661201
0.0341402 0.0484843 9.9991E-05 0.917276
0.126365 9.9991E-05 0.036361 0.837174
0.123568 9.9991E-05 0.279274 0.597058
0.116863 9.9991E-05 0.20562 0.677418
0.18436 0.0817612 0.481355 0.252523
0.136024 0.110054 0.31016 0.443761
0.174653 0.190404 0.331549 0.303394
0.180149 0.196881 0.316444 0.306526
0.157618 0.0937293 0.381543 0.367109
9.9991E-05 0.0610396 0.598677 0.340184
0.0659304 0.416593 9.9991E-05 0.517377
0.208989 0.00847842 0.427473 0.35506
0.0888082 0.644699 9.9991E-05 0.266393
0.149553 0.0319493 0.374995 0.443503
9.9982E-05 0.0474494 9.9982E-05 0.952351
9.9982E-05 0.0658665 9.9982E-05 0.933934
0.0663397 9.9991E-05 0.166568 0.766993
0.106597 9.9991E-05 0.222415 0.670888
0.0855442 9.9991E-05 0.00952081 0.904835
0.183786 9.9991E-05 0.104224 0.71189
0.0571114 9.9991E-05 0.232764 0.710025
0.144344 9.9991E-05 0.699126 0.156431
0.192211 0.0351073 0.741971 0.0307108
0.0661783 0.0236708 0.872036 0.0381152
9.9991E-05 0.0864802 0.879525 0.0338948
0.0546315 9.9991E-05 0.824837 0.120432
9.9982E-05 0.115649 0.884151 9.9982E-05
9.9991E-05 0.0281488 0.970991 0.00076004
0.0817838 0.0510137 0.85177 0.0154324
9.9991E-05 0.0423122 0.90613 0.0514583
0.0889455 0.0032132 0.857236 0.0506049
0.16777 0.0229264 0.628549 0.180754
0.0260404 0.0488291 0.92503 9.9991E-05
0.0407539 0.00375139 0.792939 0.162556
0.0285367 0.0554535 0.91591 9.9991E-05
0.107342 0.0475324 0.697102 0.148023
0.0726887 0.0194057 0.786182 0.121724
9.9982E-05 0.0536469 0.946153 9.9982E-05
0.301034 0.0316399 0.475395 0.191931
9.9991E-05 0.0534073 0.763971 0.182522
0.0940563 0.208436 0.439629 0.257879
0.166643 0.2289 0.433789 0.170668
0.25805 0.0380437 0.528267 0.175639
0.219876 9.9991E-05 0.695803 0.0842204
9.9982E-05 0.0765596 0.92324 9.9982E-05
0.0701431 0.235939 0.408787 0.28513
0.253313 0.112274 0.269684 0.36473
0.0583369 0.941463 9.9982E-05 9.9982E-05
9.998E-05 0.9997 9.998E-05 9.998E-05
0.0389304 0.423279 0.229911 0.30788
0.0545279 0.784418 0.0870945 0.0739598
0.0905368 0.909263 9.9982E-05 9.9982E-05
9.9991E-05 0.368493 0.35185 0.279557
0.0452948 0.268732 0.445846 0.240127
9.9991E-05 0.50283 0.37569 0.12138
9.9982E-05 0.821633 0.178167 9.9982E-05
0.15367 0.189379 0.366217 0.290734
0.0798996 0.623068 0.026185 0.270848
9.998E-05 0.9997 9.998E-05 9.998E-05
0.112692 0.0439259 0.510652 0.33273
0.129998 0.340744 0.341919 0.187339
