0.0175703 0.0418514 0.481632 0.458946
0.0584545 0.0329572 0.413713 0.494875
0.390103 9.9982E-05 9.9982E-05 0.609697
0.0556067 0.24387 0.149923 0.5506
0.166602 0.037882 0.241847 0.553669
0.0367953 0.089641 0.414411 0.459152
0.354264 0.0531921 9.9991E-05 0.592444
0.325205 9.9982E-05 9.9982E-05 0.674595
0.0951259 9.9991E-05 0.22974 0.675034
0.0676547 0.188995 0.234009 0.509342
0.17278 0.314519 9.9991E-05 0.5126
0.405267 0.105242 9.9991E-05 0.489391
9.999E-05 0.136278 0.325479 0.538142
0.0626267 0.0380917 0.0725372 0.826744
0.0918131 0.0919971 0.129188 0.687002
0.0398765 0.259327 0.183527 0.51727
0.472605 0.0594401 0.414375 0.0535804
0.901755 0.0904893 0.00765561 9.9991E-05
0.924357 0.0754434 9.9982E-05 9.9982E-05
0.512837 0.176167 0.310896 9.9991E-05
9.9991E-05 0.0439219 0.293381 0.662597
9.9991E-05 0.217093 0.308605 0.474202
9.9991E-05 0.809851 0.131497 0.058552
9.9991E-05 0.575343 0.158513 0.266044
0.0267944 0.424303 0.275661 0.273242
0.078055 0.0991483 9.9991E-05 0.822697
0.0937253 0.0679729 0.405167 0.433135
0.281999 9.9982E-05 9.9982E-05 0.717801
0.0332988 0.0397608 0.355134 0.571806
0.0726721 9.9991E-05 0.293902 0.633326
9.9991E-05 0.177691 0.2081 0.614109
0.259482 9.9982E-05 9.9982E-05 0.740318
9.9991E-05 0.352905 0.195831 0.451164
0.00787714 0.120079 0.455358 0.416686
9.9991E-05 0.932234 0.0661048 0.00156148
9.9991E-05 0.925079 0.0016391 0.0731816
9.9991E-05 0.592782 0.238828 0.168291
9.9991E-05 0.698157 0.187996 0.113748
0.0209717 0.738397 0.240531 9.9991E-05
0.0403227 0.959477 9.9982E-05 9.9982E-05
0.051422 0.948378 9.9982E-05 9.9982E-05
9.9991E-05 0.891643 0.0554973 0.0527597
9.998E-05 0.9997 9.998E-05 9.998E-05
9.998E-05 0.9997 9.998E-05 9.998E-05
9.998E-05 0.9997 9.998E-05 9.998E-05
0.0152829 0.848143 0.101852 0.0347221
0.023802 0.805975 0.170123 9.9991E-05
9.998E-05 0.9997 9.998E-05 9.998E-05
9.9991E-05 0.465307 0.349194 0.185399
0.0166904 0.747208 0.137892 0.0982098
0.059445 0.695954 0.244195 0.000405559
0.0432803 0.95652 9.9982E-05 9.9982E-05
9.9982E-05 0.834039 0.165761 9.9982E-05
0.0311937 0.862667 0.0664335 0.0397059
9.9982E-05 0.97748 0.0223203 9.9982E-05
9.9991E-05 0.614987 0.179156 0.205757
9.9982E-05 0.914306 9.9982E-05 0.0854942
0.688941 0.00480897 9.9991E-05 0.30615
0.323308 0.0362723 0.275635 0.364784
0.264794 0.0514878 0.312118 0.3716
0.540901 0.0599086 0.115731 0.28346
0.100801 0.181462 0.329698 0.388039
0.450187 0.131249 0.0634814 0.355083
0.215222 9.9991E-05 0.489726 0.294952
0.27851 0.0555775 0.368103 0.29781
0.178283 0.150429 0.395468 0.27582
0.272567 0.118312 0.250072 0.359049
0.173176 0.251352 0.165189 0.410283
0.0924292 0.130956 0.251777 0.524838
0.192353 0.0862863 9.9991E-05 0.72126
0.0920054 0.0944706 0.237256 0.576268
9.9991E-05 0.0968864 0.352431 0.550583
0.172884 9.9991E-05 0.058917 0.768099
0.0160748 0.215574 0.15613 0.612221
0.00511583 9.9991E-05 0.361949 0.632835
0.247992 9.9982E-05 9.9982E-05 0.751808
0.288674 9.9982E-05 9.9982E-05 0.711126
0.0754225 0.0848851 0.179482 0.66021
0.242222 9.9982E-05 9.9982E-05 0.757578
0.0720519 9.9991E-05 0.269584 0.658264
9.9991E-05 0.139494 0.200287 0.660119
9.9982E-05 9.9982E-05 0.623885 0.375915
0.0369461 9.9982E-05 9.9982E-05 0.962854
0.0410917 9.9982E-05 9.9982E-05 0.958708
0.0142031 0.0725791 0.328498 0.584719
0.0981286 0.0767703 0.590718 0.234383
0.0985994 0.00353067 0.671305 0.226565
0.333747 0.0602976 0.468531 0.137424
0.135918 9.9991E-05 0.664049 0.199933
0.238976 0.0348328 9.9991E-05 0.726091
0.210115 9.9991E-05 0.167718 0.622067
9.9991E-05 0.191085 0.212051 0.596765
9.9991E-05 0.155186 0.16784 0.676874
0.0827921 0.019676 0.23306 0.664471
9.9991E-05 0.122123 0.425596 0.452182
9.9991E-05 0.202082 0.248166 0.549652
0.0445635 0.110587 0.39188 0.45297
9.9982E-05 9.9982E-05 0.083727 0.916073
0.00528904 0.0764897 0.146482 0.771739
9.9991E-05 0.107914 0.316348 0.575638
0.0486053 0.0797839 0.257076 0.614535
0.0663416 0.178315 0.211209 0.544134
0.0136534 0.0685582 0.153516 0.764273
9.9982E-05 9.9982E-05 0.0217937 0.978006
9.9991E-05 0.0580555 0.327028 0.614817
0.0414759 0.0421896 9.9991E-05 0.916235
9.9991E-05 0.129904 0.0797558 0.79024
0.0541041 0.0938672 0.336422 0.515607
9.9991E-05 0.0185596 0.390968 0.590372
0.159973 0.11997 0.436925 0.283132
0.0625336 0.145755 0.350306 0.441406
0.185294 0.088759 0.452973 0.272974
0.191323 0.169009 0.352433 0.287235
0.0984169 0.0271054 0.611984 0.262494
0.0323866 0.1044 0.470684 0.392529
0.388465 0.0791421 9.9991E-05 0.532293
9.9991E-05 0.173132 0.46242 0.364348
0.638856 0.00326505 0.0946589 0.26322
9.9991E-05 0.104171 0.447652 0.448076
0.0294134 9.9982E-05 9.9982E-05 0.970387
0.00738558 9.9982E-05 9.9982E-05 0.992414
9.9982E-05 9.9982E-05 0.319791 0.680009
9.9982E-05 9.9982E-05 0.36714 0.63266
9.9982E-05 9.9982E-05 0.102334 0.897466
9.9991E-05 0.165421 0.0818423 0.752636
9.9991E-05 0.0461492 0.272687 0.681064
9.9991E-05 0.108819 0.722733 0.168348
9.9991E-05 0.238237 0.626907 0.134755
0.0321941 0.0763135 0.819937 0.0715555
0.0667092 9.9982E-05 0.933091 9.9982E-05
0.00759996 0.151462 0.573496 0.267442
0.11886 0.0222001 0.85884 9.9991E-05
0.0221163 9.9982E-05 0.977684 9.9982E-05
0.105018 0.0520678 0.842814 9.9991E-05
0.0230898 0.177638 0.788358 0.0109136
9.9991E-05 0.0591166 0.876395 0.0643886
0.0135148 0.216919 0.521268 0.248298
0.0480227 0.133008 0.814796 0.0041737
9.9991E-05 0.160083 0.728842 0.110975
0.0266442 9.9991E-05 0.949615 0.0236409
9.9991E-05 0.112981 0.66338 0.22354
0.0854107 0.00976816 0.782429 0.122393
0.0295095 0.0747218 0.895669 9.9991E-05
0.00620476 0.215109 0.567507 0.21118
0.0429981 9.9991E-05 0.834222 0.12268
0.137558 0.185048 0.429943 0.247451
0.167989 0.135668 0.468603 0.22774
0.0632289 0.158377 0.763525 0.0148692
9.9991E-05 0.111371 0.845717 0.0428123
0.0887761 9.9982E-05 0.911024 9.9982E-05
0.236976 0.252595 0.184812 0.325617
0.119931 0.2253 0.292822 0.361947
0.937689 0.0526223 0.00958857 9.9991E-05
0.9997 9.998E-05 9.998E-05 9.998E-05
0.35031 0.0915682 0.177026 0.381095
0.730687 0.0228765 0.246336 9.9991E-05
0.872571 0.0231079 0.104222 9.9991E-05
0.238918 9.9991E-05 0.470759 0.290223
0.289598 0.0625791 0.39507 0.252753
0.480584 0.0494049 0.326318 0.143693
0.793745 9.9991E-05 0.191897 0.0142575
0.231513 0.155003 0.35205 0.261434
0.532509 9.9991E-05 0.227966 0.239426
0.9997 9.998E-05 9.998E-05 9.998E-05
0.00668935 0.187106 0.443846 0.362358
0.262429 9.9991E-05 0.590561 0.146909
