0.907168 0.0239989 9.9991E-05 0.0687327
0.975699 0.00222622 9.9991E-05 0.021975
0.811885 0.0639483 9.9991E-05 0.124066
0.761488 0.0780012 9.9991E-05 0.160411
0.863917 0.0150435 9.9991E-05 0.120939
0.670774 0.101591 0.134628 0.0930069
0.916712 0.0448459 0.00986409 0.0285777
0.791517 0.149162 0.0104603 0.048861
0.925686 0.0741142 9.9982E-05 9.9982E-05
0.736824 0.0807342 0.0550863 0.127356
0.793967 0.101448 0.104486 9.9991E-05
9.999E-05 0.541142 0.270707 0.188052
9.999E-05 0.331575 0.352741 0.315584
0.04062 0.469635 0.350815 0.13893
0.058454 0.458011 0.167709 0.315826
0.161975 0.157904 0.328671 0.35145
0.0104606 0.120547 0.467899 0.401093
9.9991E-05 0.302673 0.426703 0.270524
0.100847 0.401622 0.221041 0.276489
0.088718 0.688735 0.222447 9.9991E-05
9.9991E-05 0.248218 0.484827 0.266855
0.0107586 0.143836 0.508172 0.337234
0.0141803 0.19402 0.444071 0.347728
0.0206178 0.421312 0.30303 0.25504
0.0499802 0.14663 0.440491 0.362898
0.00823958 0.360217 0.274918 0.356625
0.0557736 0.505048 0.268372 0.170806
0.053185 0.511719 0.168905 0.266191
0.0324902 0.496571 0.371761 0.0991776
0.800078 9.9982E-05 9.9982E-05 0.199722
0.82478 0.0168179 9.9991E-05 0.158302
0.788026 0.0344811 0.0318684 0.145625
0.756217 9.9991E-05 0.00520975 0.238473
9.9991E-05 0.141858 0.555296 0.302747
0.0490167 0.157512 0.454872 0.3386
9.9991E-05 0.0426934 0.660885 0.296322
0.0862289 0.631247 0.223903 0.0586216
0.0304543 0.0373919 0.75863 0.173524
0.0111624 0.231979 0.426922 0.329937
9.9991E-05 0.0610169 0.493909 0.444974
0.0747786 0.0913967 0.495048 0.338777
0.0254687 0.156369 0.423821 0.394341
0.0591528 0.175489 0.764341 0.00101676
0.0110347 0.1004 0.514218 0.374347
9.9991E-05 0.0839318 0.512246 0.403723
0.0840312 0.12078 0.331229 0.46396
0.023014 0.0385334 0.838886 0.0995668
9.9991E-05 0.0464265 0.57595 0.377523
0.0327685 0.0692078 0.420882 0.477142
0.1971 9.9982E-05 0.8027 9.9982E-05
9.9991E-05 0.482294 0.439484 0.0781224
0.139732 0.26151 0.598658 9.9991E-05
9.9991E-05 0.251904 0.366062 0.381934
9.9991E-05 0.0540735 0.487744 0.458083
0.0134377 0.123394 0.450512 0.412657
0.158973 0.330325 0.510602 9.9991E-05
9.9991E-05 0.255521 0.415334 0.329045
0.0661546 0.146346 0.333096 0.454403
0.0982564 0.254321 0.392432 0.25499
0.271269 0.395202 0.287256 0.046273
0.0362238 0.220895 0.371633 0.371248
0.0288993 0.362901 0.290117 0.318083
0.100788 0.507686 0.391426 9.9991E-05
9.9991E-05 0.335705 0.376076 0.288119
9.9991E-05 0.151848 0.400978 0.447073
0.0228951 0.185801 0.412421 0.378883
0.0634454 0.323461 0.423713 0.189381
9.9991E-05 0.163203 0.467541 0.369155
0.00981172 0.216581 0.410622 0.362986
0.0692978 0.415881 0.448936 0.0658852
9.9991E-05 0.109414 0.64454 0.245945
0.0223246 0.207501 0.739999 0.0301755
0.0291789 0.11012 0.520262 0.340438
0.0668403 0.00237307 0.930687 9.9991E-05
0.0293252 0.0811557 0.889419 9.9991E-05
9.9991E-05 0.0565172 0.821462 0.121921
9.9991E-05 0.0907943 0.641258 0.267847
0.108541 0.200823 0.338014 0.352623
0.0224197 0.10734 0.631697 0.238544
0.0415121 0.235844 0.645618 0.0770263
0.0376688 0.320099 0.519966 0.122267
0.111417 0.118993 0.434658 0.334932
0.0723947 0.125652 0.646089 0.155864
9.9991E-05 0.165099 0.598614 0.236188
0.0294485 9.9991E-05 0.844969 0.125482
0.121179 0.0892975 0.789424 9.9991E-05
9.9991E-05 0.091378 0.561855 0.346667
0.766289 0.117803 9.9991E-05 0.115808
0.874138 9.9982E-05 9.9982E-05 0.125662
0.852687 9.9982E-05 9.9982E-05 0.147113
0.896829 9.9982E-05 9.9982E-05 0.102971
0.880156 9.9982E-05 9.9982E-05 0.119644
0.89512 9.9991E-05 0.0258509 0.0789288
0.905924 9.9982E-05 9.9982E-05 0.0938764
0.0559016 0.1659 0.460755 0.317444
0.0804647 0.00778918 0.503556 0.40819
0.0857457 0.105566 0.808588 9.9991E-05
0.118075 0.0503386 0.473867 0.357719
9.9991E-05 0.186791 0.577349 0.23576
0.00149162 0.116851 0.531995 0.349662
0.0261687 0.00279894 0.671573 0.299459
9.9991E-05 0.00714612 0.688081 0.304673
0.139364 0.230979 0.629557 9.9991E-05
0.0366786 0.231163 0.308158 0.424001
0.010855 0.0708214 0.527624 0.3907
0.0346656 0.196442 0.38087 0.388022
0.038555 0.0185868 0.813407 0.129451
9.9982E-05 9.9982E-05 0.716649 0.283151
0.0215711 0.165256 0.534267 0.278906
0.0190929 9.9991E-05 0.806277 0.17453
0.12519 0.149372 0.541725 0.183713
0.0821516 0.0637574 0.509818 0.344273
0.129364 0.33992 0.426156 0.10456
0.0871349 0.365026 0.244458 0.303381
0.107314 0.183911 0.410849 0.297926
9.9991E-05 0.250853 0.388298 0.36075
9.9991E-05 0.441952 0.290159 0.267789
9.9991E-05 0.266557 0.368287 0.365056
9.9991E-05 0.444013 0.263388 0.292499
0.0306485 0.18718 0.485773 0.296399
9.9991E-05 0.289775 0.298426 0.411699
9.9991E-05 0.212597 0.501969 0.285334
9.9991E-05 0.408041 0.381108 0.210751
9.9991E-05 0.0996404 0.455279 0.44498
0.0584902 0.156354 0.453862 0.331294
9.9991E-05 0.271221 0.34072 0.387958
0.0548333 0.149986 0.45585 0.33933
9.9991E-05 0.258404 0.371128 0.370367
0.0926972 0.288547 0.420271 0.198485
9.9991E-05 0.307663 0.290699 0.401538
9.9991E-05 0.19023 0.406585 0.403085
0.0253742 0.484153 0.344497 0.145976
0.126665 0.288273 0.539104 0.0459579
0.0230653 0.269681 0.3535 0.353753
9.9991E-05 0.363511 0.593998 0.0423907
9.9991E-05 0.474895 0.400157 0.124848
9.9991E-05 0.405461 0.357201 0.237238
9.9991E-05 0.522404 0.353184 0.124312
9.9991E-05 0.500192 0.376323 0.123385
0.00186121 0.191109 0.455583 0.351446
9.9991E-05 0.230815 0.39626 0.372825
9.9991E-05 0.269235 0.382832 0.347833
0.0874835 0.374066 0.485789 0.0526619
0.0732783 0.15258 0.418244 0.355898
0.0363564 0.0831622 0.559728 0.320753
0.284099 0.098413 0.617388 9.9991E-05
0.0980379 9.9991E-05 0.513294 0.388568
0.183336 9.9991E-05 0.630565 0.185999
0.0425444 0.108236 0.452839 0.396381
0.221129 0.0372384 0.648071 0.0935619
0.201513 0.162488 0.633979 0.00202089
0.0265126 0.208827 0.54953 0.215131
0.115589 0.110506 0.411752 0.362153
0.119258 0.156225 0.415293 0.309225
0.255918 0.0907391 0.590447 0.0628962
0.00904698 0.192331 0.446877 0.351745
0.0207911 0.0819908 0.80464 0.0925778
0.0375841 0.110913 0.642688 0.208815
0.0384664 0.122514 0.410246 0.428773
0.411619 9.9991E-05 0.270295 0.317986
0.77759 9.9991E-05 0.13247 0.0898396
0.711294 9.9991E-05 0.197674 0.0909317
0.453102 0.0156989 0.125111 0.406088
9.9982E-05 9.9982E-05 0.674765 0.325035
0.0870003 0.185151 0.433212 0.294637
0.0126609 9.9991E-05 0.0613675 0.925872
0.0559055 0.101385 0.201805 0.640904
0.0402303 0.110642 0.184351 0.664776
0.102151 9.9991E-05 0.788906 0.108843
0.0710477 0.00938045 0.577192 0.342379
0.118859 9.9991E-05 0.823608 0.0574327
0.0595697 0.00475442 0.643884 0.291792
0.0649825 0.0932014 0.626644 0.215172
0.0336602 0.0979247 0.543133 0.325282
0.116838 0.0496489 0.784933 0.0485801
0.0035227 0.0763935 0.46312 0.456964
0.0454419 0.143945 0.516821 0.293792
0.0412677 9.9982E-05 9.9982E-05 0.958532
0.0280239 0.00623743 9.9991E-05 0.965639
0.047729 0.0518807 0.162849 0.737542
9.9991E-05 0.0790177 0.0202998 0.900582
0.089476 9.9991E-05 0.016391 0.894033
0.0239433 9.9982E-05 9.9982E-05 0.975857
0.106567 9.9982E-05 9.9982E-05 0.893233
9.998E-05 9.998E-05 9.998E-05 0.9997
0.0181591 9.9982E-05 9.9982E-05 0.981641
0.0659992 9.9982E-05 9.9982E-05 0.933801
0.0843632 9.9982E-05 9.9982E-05 0.915437
0.079648 9.9982E-05 9.9982E-05 0.920152
0.126159 0.00733544 9.9991E-05 0.866406
0.0294943 9.9982E-05 9.9982E-05 0.970306
0.129372 0.119675 0.200726 0.550227
0.09407 0.121781 0.0182814 0.765867
0.173256 9.9982E-05 9.9982E-05 0.826544
0.101618 9.9982E-05 9.9982E-05 0.898183
0.0498096 9.9982E-05 9.9982E-05 0.94999
0.120554 9.9982E-05 9.9982E-05 0.879246
0.0677854 9.9982E-05 9.9982E-05 0.932015
0.101727 0.0559639 0.117157 0.725153
0.14696 9.9982E-05 9.9982E-05 0.85284
0.546432 9.9982E-05 0.453368 9.9982E-05
0.243938 0.122959 0.403957 0.229146
0.27455 0.0567538 0.383782 0.284915
0.374043 0.024357 0.435813 0.165787
0.196144 0.0331614 0.451062 0.319632
0.368827 9.9991E-05 0.456964 0.17411
0.186774 0.112435 0.380431 0.32036
0.240033 9.9991E-05 0.486839 0.273028
0.172257 0.0233194 0.347796 0.456628
0.27168 9.9991E-05 0.402437 0.325782
0.239541 0.0622907 0.360985 0.337184
0.877184 0.0947238 0.00908361 0.0190089
0.918127 9.9982E-05 9.9982E-05 0.0816727
0.978534 0.0212664 9.9982E-05 9.9982E-05
0.960044 0.0349282 9.9991E-05 0.00492765
0.886426 0.0576515 9.9991E-05 0.0558222
0.905616 9.9982E-05 9.9982E-05 0.094184
0.873223 9.9982E-05 9.9982E-05 0.126577
0.915511 9.9991E-05 0.00478407 0.0796051
0.936983 9.9982E-05 9.9982E-05 0.0628174
0.873391 0.00047872 9.9991E-05 0.12603
0.674429 0.244167 0.0813035 9.9991E-05
0.62829 0.348364 0.0184842 0.00486197
0.578438 0.306001 0.11546 9.9991E-05
0.532839 0.315829 0.151232 9.9991E-05
9.9991E-05 0.181006 0.525726 0.293168
0.0280613 0.0599697 0.64184 0.270129
9.9991E-05 0.298877 0.378859 0.322164
9.9991E-05 0.295942 0.548262 0.155696
9.9991E-05 0.650444 0.276256 0.0731995
0.0183835 0.113392 0.513099 0.355125
9.9991E-05 0.0715282 0.592359 0.336013
9.9991E-05 0.102733 0.676542 0.220625
9.9991E-05 0.076526 0.713588 0.209786
0.0235645 0.119203 0.449328 0.407905
9.9991E-05 0.218234 0.610173 0.171493
0.049834 0.109531 0.840535 9.9991E-05
0.0165122 0.213445 0.469161 0.300882
0.073604 0.00133986 0.874671 0.0503854
9.9991E-05 0.0188199 0.712111 0.268969
0.0711398 0.310336 0.618424 9.9991E-05
0.16612 0.766471 0.0673082 9.9991E-05
0.148137 0.756112 0.0956518 9.9991E-05
0.0784529 0.921347 9.9982E-05 9.9982E-05
0.139131 0.835689 0.0250794 9.9991E-05
0.05061 0.864134 0.0851556 9.9991E-05
0.115435 0.810379 0.0305934 0.0435923
0.852756 0.00837986 9.9991E-05 0.138764
0.761477 0.109498 9.9991E-05 0.128925
0.75781 9.9982E-05 9.9982E-05 0.24199
0.749936 0.0565014 9.9991E-05 0.193463
0.78313 0.0562273 9.9991E-05 0.160542
0.419192 0.546223 0.0344849 9.9991E-05
0.489757 0.486432 0.0237105 9.9991E-05
0.453667 0.493763 0.0524706 9.9991E-05
0.798739 0.0545597 9.9991E-05 0.146602
0.429149 0.531378 0.0393735 9.9991E-05
0.307322 9.9991E-05 0.188431 0.504147
0.0795466 0.189833 0.17244 0.55818
0.162115 0.0178313 0.194424 0.62563
0.280846 9.9991E-05 0.296389 0.422665
0.0665856 0.177743 0.254849 0.500823
0.601108 9.9991E-05 0.115471 0.283321
9.9991E-05 0.317605 0.492902 0.189393
0.0710536 0.237783 0.579144 0.11202
0.0784691 0.611388 0.166077 0.144066
9.9991E-05 0.241252 0.523083 0.235566
0.0467397 0.241697 0.711463 9.9991E-05
0.0732901 0.176984 0.422641 0.327085
9.9991E-05 0.197505 0.579666 0.222729
0.0157584 0.518662 0.358262 0.107317
9.9991E-05 0.198571 0.429874 0.371455
0.0811003 0.26344 0.65536 9.9991E-05
9.9991E-05 0.177349 0.55825 0.264301
9.9991E-05 0.315757 0.338427 0.345716
0.0872099 0.17238 0.317394 0.423016
9.9991E-05 0.276715 0.523919 0.199267
9.9991E-05 0.350027 0.381867 0.268006
9.9991E-05 0.134955 0.52161 0.343335
9.9991E-05 0.248283 0.484927 0.26669
9.9991E-05 0.264011 0.318886 0.417003
0.0275642 0.180117 0.423757 0.368561
0.0134433 0.2826 0.370563 0.333394
0.790556 9.9982E-05 9.9982E-05 0.209244
0.839279 9.9991E-05 0.0355537 0.125067
0.816879 0.0626464 0.0551659 0.0653091
0.860608 0.00665662 0.0709983 0.0617368
0.823254 0.0137724 9.9991E-05 0.162874
9.9991E-05 0.639053 0.181314 0.179533
0.00367067 0.229116 0.41716 0.350054
0.204995 9.9991E-05 0.411415 0.38349
9.9991E-05 0.219883 0.352279 0.427738
9.9991E-05 0.317557 0.385861 0.296482
0.0468327 0.378117 0.365208 0.209842
0.133339 0.64783 0.218731 9.9991E-05
0.00348491 0.342865 0.386558 0.267092
0.0980128 0.538714 0.313447 0.0498259
0.0411993 0.243306 0.472212 0.243282
0.190745 0.551732 0.246382 0.0111415
0.0211672 0.200777 0.353741 0.424315
0.0694914 0.573413 0.236605 0.12049
0.0553089 0.320729 0.432317 0.191645
0.00975434 0.186131 0.468665 0.33545
0.111664 0.117493 0.681652 0.0891906
0.0511857 0.0662603 0.591259 0.291295
0.16519 0.0345975 0.484165 0.316047
0.0792157 0.056828 0.769543 0.0944131
0.121617 0.0569195 0.564485 0.256979
0.0478945 0.0627818 0.595814 0.293509
0.0854089 0.151996 0.762495 9.9991E-05
0.0940906 0.0582767 0.821637 0.0259958
9.9991E-05 0.147435 0.686575 0.16589
0.115577 0.150459 0.733864 9.9991E-05
0.0283543 0.149755 0.622726 0.199165
9.9991E-05 0.705493 0.225513 0.0688942
9.9991E-05 0.396187 0.474767 0.128946
9.9991E-05 0.535738 0.215037 0.249125
9.9991E-05 0.248537 0.332731 0.418632
9.9991E-05 0.528088 0.391336 0.0804759
0.0497325 0.268467 0.387846 0.293955
0.00809049 0.232635 0.325787 0.433488
9.9991E-05 0.357716 0.357556 0.284628
9.9991E-05 0.315778 0.410277 0.273844
9.9991E-05 0.323323 0.383643 0.292934
9.9991E-05 0.559639 0.282141 0.158121
9.9991E-05 0.50226 0.259157 0.238484
9.9991E-05 0.265744 0.410595 0.323561
9.9991E-05 0.207231 0.374603 0.418066
0.0232185 0.3038 0.444974 0.228007
9.9991E-05 0.283261 0.37898 0.33766
0.0236767 0.45537 0.271008 0.249946
9.9991E-05 0.308286 0.349563 0.342051
9.9991E-05 0.298031 0.329804 0.372065
0.0396624 0.248011 0.327662 0.384664
0.298633 0.129695 0.136699 0.434973
0.159126 0.0413182 0.350507 0.449049
0.208022 0.0142497 0.300995 0.476733
0.0036882 0.112871 0.337695 0.545746
0.239554 0.0185 0.206808 0.535139
9.9991E-05 0.244632 0.50609 0.249178
0.0860438 0.20695 0.234604 0.472403
0.435941 9.9991E-05 0.474563 0.0893966
0.120251 0.105468 0.343835 0.430447
0.100773 0.0478 0.339227 0.512199
0.0447185 0.133859 0.295249 0.526174
0.176442 0.118956 0.386524 0.318079
0.157695 0.086727 0.305771 0.449807
0.0940463 0.045169 0.266719 0.594066
0.682978 9.9991E-05 0.211098 0.105824
0.173744 0.0628656 0.347645 0.415745
0.119915 9.9991E-05 0.31735 0.562634
0.064479 0.0678314 0.357267 0.510423
0.193115 0.0340463 0.23661 0.536229
0.0958704 0.107554 0.304917 0.491659
0.0385065 0.124168 0.554132 0.283194
0.0243868 0.133763 0.481937 0.359913
0.0283094 0.212078 0.759512 9.9991E-05
0.0977922 0.104601 0.797507 9.9991E-05
0.0457314 0.174422 0.45341 0.326436
0.103508 0.0306125 0.377767 0.488113
0.185911 9.9991E-05 0.283667 0.530322
0.261603 9.9991E-05 0.345022 0.393275
0.197602 9.9991E-05 0.310823 0.491475
0.225624 9.9991E-05 0.659724 0.114553
0.237859 9.9991E-05 0.635742 0.1263
9.9991E-05 0.0358149 0.551072 0.413013
0.0573756 0.0409422 0.588393 0.313289
0.191948 0.0563804 0.583084 0.168587
0.0435471 0.113111 0.486962 0.35638
9.9991E-05 0.0550967 0.499163 0.44564
0.0427075 0.188941 0.417024 0.351328
0.023762 0.129703 0.754968 0.0915671
0.0438375 0.129793 0.649523 0.176847
9.9991E-05 0.0900308 0.629357 0.280512
0.0882698 0.219668 0.51062 0.181442
0.0561293 0.0323161 0.550313 0.361242
0.00874966 0.0390462 0.743224 0.208981
0.0648231 0.131826 0.777618 0.0257336
0.0199634 0.00575731 0.64961 0.324669
0.0923954 0.0481971 0.797459 0.0619482
0.044375 0.0525616 0.684653 0.218411
0.0519241 0.100138 0.538294 0.309644
9.9991E-05 0.0771854 0.696911 0.225803
0.147645 0.017974 0.333893 0.500489
0.111391 0.198883 0.305008 0.384719
0.202112 0.0155281 0.330228 0.452131
0.186261 0.133439 0.307219 0.373082
0.0957804 0.0954858 0.343847 0.464886
0.128537 0.105527 0.39056 0.375377
0.353351 0.046658 0.528715 0.0712767
0.0333045 0.120177 0.322094 0.524424
0.571838 9.9991E-05 0.350411 0.0776516
0.0246458 9.9991E-05 0.505261 0.469993
0.0512028 9.9982E-05 0.948597 9.9982E-05
0.10328 0.0386802 0.85794 9.9991E-05
9.9991E-05 0.0566253 0.736147 0.207128
9.9991E-05 0.0496789 0.629521 0.3207
0.0166177 0.0469444 0.798138 0.1383
9.9991E-05 0.00333273 0.712326 0.284242
9.9991E-05 0.00833746 0.737178 0.254385
0.816246 9.9991E-05 0.0480962 0.135558
0.778498 0.101818 9.9991E-05 0.119583
0.900647 0.0189321 9.9991E-05 0.0803209
0.939931 9.9982E-05 9.9982E-05 0.059869
0.00444355 0.0816714 0.624917 0.288968
9.9991E-05 0.14496 0.551047 0.303893
9.9991E-05 0.158589 0.574883 0.266428
0.0216921 0.0888948 0.548113 0.3413
9.9991E-05 0.223926 0.398937 0.377037
0.0772873 0.144249 0.714402 0.0640615
9.9991E-05 0.0184319 0.62862 0.352848
0.0151638 9.9991E-05 0.885062 0.0996743
0.213047 0.111188 0.251361 0.424404
9.9991E-05 0.13879 0.6448 0.21631
9.9991E-05 0.10224 0.765774 0.131886
9.9991E-05 0.00741942 0.70267 0.289811
9.9991E-05 0.0914302 0.719755 0.188715
9.9982E-05 9.9982E-05 0.690962 0.308838
0.0560669 0.0564916 0.575263 0.312178
9.998E-05 9.998E-05 0.9997 9.998E-05
0.0617538 0.0613771 0.758739 0.11813
9.9982E-05 9.9982E-05 0.855685 0.144115
0.00708616 9.9982E-05 0.992714 9.9982E-05
9.9991E-05 0.203307 0.554472 0.242121
0.0997761 0.018708 0.881416 9.9991E-05
0.11146 9.9982E-05 0.88834 9.9982E-05
0.0078901 0.14709 0.504 0.34102
0.0405805 0.174888 0.718605 0.0659263
9.9991E-05 0.183893 0.535904 0.280103
0.0750624 0.112298 0.405165 0.407475
9.9991E-05 0.112301 0.654558 0.233041
9.9991E-05 0.302438 0.458781 0.238681
9.9991E-05 0.0323927 0.64043 0.327077
9.9991E-05 0.111307 0.561772 0.326821
9.9991E-05 0.0452117 0.897514 0.0571739
0.0773849 0.136881 0.481198 0.304536
0.653949 0.303765 0.0421858 9.9991E-05
0.772292 0.101216 0.104204 0.0222888
0.871037 0.128763 9.9982E-05 9.9982E-05
0.863563 0.109849 0.0264884 9.9991E-05
0.716539 0.255287 0.0280746 9.9991E-05
0.0636264 0.270511 0.638354 0.027509
0.132358 0.145746 0.721796 9.9991E-05
9.9982E-05 9.9982E-05 0.964213 0.0355871
0.0440773 0.0684828 0.452838 0.434602
0.0743212 0.0509986 0.523097 0.351583
0.0905257 9.9991E-05 0.837863 0.0715111
9.9991E-05 0.0115305 0.690253 0.298117
0.0948825 0.0103913 0.721551 0.173176
0.00845817 0.0665073 0.623019 0.302015
0.0118433 0.122121 0.475488 0.390547
9.9991E-05 0.202281 0.649079 0.14854
9.9991E-05 0.0963695 0.759471 0.14406
9.9991E-05 0.246852 0.63389 0.119158
0.108817 0.0371939 0.526936 0.327053
0.0325928 0.1165 0.695814 0.155092
0.0387666 0.104604 0.6292 0.22743
0.0402816 0.110036 0.16295 0.686733
0.111861 0.012458 0.202767 0.672914
0.112815 9.9991E-05 0.187136 0.699949
0.113905 9.9991E-05 0.177234 0.708761
0.0444377 0.0554123 0.260108 0.640042
0.0461282 9.9991E-05 0.653608 0.300164
0.335068 9.9982E-05 9.9982E-05 0.664732
0.180491 9.9991E-05 0.172508 0.646901
0.151336 9.9991E-05 0.446692 0.401872
0.135543 9.9991E-05 0.525291 0.339065
0.155219 0.0755294 0.541262 0.22799
0.105964 0.0945644 0.450364 0.349107
0.0840596 0.144403 0.435316 0.336222
0.214054 9.9991E-05 0.0778067 0.70804
0.124346 0.0815591 0.186705 0.60739
0.0718051 0.041298 0.100361 0.786536
0.137492 0.105918 0.231917 0.524673
0.149793 0.0193554 0.113345 0.717507
0.114633 0.00700103 0.293548 0.584818
0.206759 0.00307647 0.0868249 0.70334
0.0642878 0.0247369 0.258931 0.652044
0.0204675 0.0631599 0.587899 0.328473
0.170914 0.101439 0.128375 0.599272
0.240921 9.9982E-05 9.9982E-05 0.758879
0.0919638 0.118271 0.207098 0.582667
0.246406 0.233612 0.427655 0.0923263
0.0373854 0.0547327 0.552547 0.355335
0.152485 0.107403 0.160334 0.579778
0.0788171 0.127994 0.413077 0.380112
0.13479 0.0984041 0.467176 0.29963
0.216881 9.9991E-05 0.351154 0.431866
0.238662 0.0398393 0.27072 0.450779
0.0903193 0.10451 0.387881 0.41729
0.0990737 0.13227 0.193407 0.57525
0.113859 9.9991E-05 0.174592 0.711449
0.28303 9.9991E-05 0.00664434 0.710226
0.100365 0.0671371 0.440723 0.391776
0.10886 0.0782484 0.550039 0.262853
0.242793 9.9991E-05 0.709935 0.0471715
0.1071 0.130079 0.373364 0.389456
0.143872 0.224 0.396259 0.235869
0.199102 0.00612101 0.350631 0.444147
0.0981685 0.0994793 0.474242 0.328111
0.514525 9.9991E-05 0.334318 0.151057
0.544428 9.9991E-05 0.406173 0.0492988
0.28975 9.9991E-05 0.491815 0.218335
0.481181 9.9991E-05 0.288065 0.230653
0.617795 9.9991E-05 0.162294 0.219811
0.177809 9.9991E-05 0.494965 0.327126
0.256884 9.9991E-05 0.413153 0.329863
0.385377 0.0626001 0.303706 0.248318
0.42598 0.0269663 0.357878 0.189176
0.147693 9.9991E-05 0.506902 0.345304
0.351022 9.9991E-05 0.506032 0.142846
0.696315 9.9991E-05 0.293301 0.0102843
0.0521269 0.252432 0.24676 0.448681
0.151953 0.138091 0.303797 0.406158
0.255195 0.072855 0.205689 0.466261
0.12374 0.0434286 0.228654 0.604177
0.195334 9.9991E-05 0.343431 0.461135
0.104174 0.101529 0.290377 0.50392
0.341499 0.120285 0.0834041 0.454812
0.184571 0.00846881 0.315764 0.491196
0.184667 0.110769 0.148613 0.555952
0.231717 0.114892 0.211081 0.44231
0.135093 0.179712 0.375378 0.309816
0.131617 0.0430431 0.395303 0.430038
0.143698 0.126482 0.378032 0.351788
0.107878 0.169146 0.333927 0.389049
0.301512 0.0598241 0.115116 0.523548
0.163765 0.0725725 0.291726 0.471936
0.463022 9.9991E-05 0.23494 0.301938
0.114398 0.141884 0.229269 0.514449
0.315414 9.9991E-05 0.179656 0.50483
0.798587 0.120641 0.0654203 0.0153512
0.0542732 0.784698 0.135995 0.0250336
9.998E-05 0.9997 9.998E-05 9.998E-05
0.00146455 0.998335 9.9982E-05 9.9982E-05
9.998E-05 0.9997 9.998E-05 9.998E-05
0.0160349 0.983765 9.9982E-05 9.9982E-05
0.00661533 0.990894 0.00239063 9.9991E-05
0.0186151 0.981185 9.9982E-05 9.9982E-05
0.189608 0.806651 9.9991E-05 0.00364132
0.908445 0.0253968 9.9991E-05 0.0660578
0.819471 0.109698 9.9991E-05 0.0707314
0.893037 0.0169136 9.9991E-05 0.0899497
0.843494 0.150661 9.9991E-05 0.00574528
0.890372 0.00355309 9.9991E-05 0.105975
0.903062 0.0610173 9.9991E-05 0.0358205
0.754262 0.0583249 9.9991E-05 0.187313
0.886018 0.00998839 9.9991E-05 0.103894
0.7433 0.11487 9.9991E-05 0.14173
0.921559 9.9982E-05 9.9982E-05 0.0782415
0.988897 0.0109034 9.9982E-05 9.9982E-05
0.881707 0.0156274 0.0261624 0.0765036
0.959364 0.0345923 9.9991E-05 0.00594356
0.91607 9.9982E-05 9.9982E-05 0.0837297
0.851982 0.0140256 0.00386708 0.130126
0.840342 9.9982E-05 9.9982E-05 0.159458
0.78009 9.9982E-05 9.9982E-05 0.21971
0.780052 9.9982E-05 9.9982E-05 0.219748
0.793371 9.9982E-05 9.9982E-05 0.20643
0.173027 0.115993 0.487068 0.223912
0.0609981 0.0568359 0.544966 0.3372
0.101373 9.9991E-05 0.483261 0.415266
0.251519 9.9982E-05 0.748281 9.9982E-05
0.117498 0.141888 0.468322 0.272292
0.322132 9.9982E-05 0.677668 9.9982E-05
0.0538431 0.114331 0.441422 0.390404
0.141734 0.15097 0.555421 0.151875
0.0894467 0.10121 0.563748 0.245596
0.0317659 0.0670923 0.690594 0.210547
0.0792848 0.195866 0.508362 0.216487
0.0422995 0.0245801 0.579878 0.353243
0.00111982 0.212278 0.408691 0.377911
0.0609057 0.477375 0.445284 0.0164356
0.244678 0.00487048 0.750352 9.9991E-05
0.250472 0.0415136 0.698352 0.00966218
0.0964513 0.0482292 0.414803 0.440516
0.115275 0.0733892 0.469658 0.341678
0.087444 0.0589443 0.590354 0.263258
0.064656 9.9991E-05 0.526022 0.409222
0.150255 0.100418 0.246611 0.502716
0.0530758 0.143485 0.249515 0.553924
0.436197 0.187752 0.125569 0.250482
0.0644591 0.20002 0.364219 0.371302
0.215868 0.0950819 0.329339 0.359711
0.605132 0.0029598 0.296119 0.0957892
0.334651 9.9991E-05 0.311296 0.353953
0.360917 0.0993965 0.178895 0.360792
0.210006 0.253662 0.153708 0.382623
0.122919 0.0115788 0.372423 0.49308
0.15939 0.0921703 0.24792 0.50052
0.0883665 0.0983814 0.278197 0.535055
0.0804982 0.0880134 0.457153 0.374335
0.475858 0.0490054 0.129439 0.345698
