0.90262 0.00060958 0.0522557 0.0445147
0.963707 0.0312833 9.9991E-05 0.00490944
0.824506 0.0905643 0.0848295 9.9991E-05
0.850741 0.0170166 0.086672 0.0455706
0.905919 0.0650021 0.028979 9.9991E-05
0.669547 0.148282 0.037924 0.144247
0.875309 9.9991E-05 0.0197566 0.104834
0.763145 0.00690639 0.0345529 0.195396
0.852914 9.9982E-05 9.9982E-05 0.146886
0.718832 0.0774707 0.126802 0.076895
0.801764 0.0207123 9.9991E-05 0.177423
0.0588621 0.479801 0.0123806 0.448956
0.0765965 0.640956 0.1161 0.166347
0.129288 0.430178 0.0354772 0.405057
0.139931 0.39053 0.152559 0.316979
0.133294 0.505463 0.132585 0.228658
0.106527 0.679947 0.181874 0.0316517
0.083609 0.533693 0.0992073 0.28349
0.1705 0.460718 0.0733 0.295482
0.117094 0.13583 0.0553085 0.691767
0.0523933 0.534814 0.106286 0.306507
0.0456605 0.479774 0.126042 0.348523
0.0381242 0.660882 0.0929149 0.208079
0.048221 0.463527 0.0969337 0.391319
0.157359 0.557096 0.134401 0.151143
0.0359018 0.621234 0.124268 0.218597
0.0908704 0.338668 0.0614149 0.509046
0.106305 0.340421 0.174156 0.379118
0.0604782 0.399443 0.0126006 0.527478
0.873571 0.0673804 0.0589482 9.9991E-05
0.848934 0.082545 0.0684212 9.9991E-05
0.808608 0.15279 0.0385018 9.9991E-05
0.737038 0.188562 0.0743002 9.9991E-05
0.077095 0.73214 9.9991E-05 0.190665
0.108247 0.679634 9.9991E-05 0.212019
0.0337665 0.797309 9.9991E-05 0.168825
0.187773 0.283994 9.9991E-05 0.528133
0.035821 0.533766 0.0437339 0.386679
0.095946 0.784375 9.9991E-05 0.119579
0.0159975 0.750731 0.111548 0.121724
0.167164 0.754294 9.9991E-05 0.0784414
0.201255 0.736513 9.9991E-05 0.0621313
9.9982E-05 0.410134 9.9982E-05 0.589666
0.0262876 0.548743 0.200234 0.224736
0.0376726 0.697554 0.101538 0.163236
0.148537 0.5869 0.117472 0.14709
9.9982E-05 0.612576 9.9982E-05 0.387224
0.0274254 0.695218 0.0855715 0.191785
0.0887435 0.651274 0.0660747 0.193908
0.0608769 0.0808413 9.9991E-05 0.858182
0.015505 0.306892 0.0229381 0.654665
0.0501662 0.166265 0.110173 0.673396
0.095161 0.666374 0.0992789 0.139186
0.0971597 0.641984 0.145397 0.115459
0.0647054 0.670193 0.139984 0.125118
0.175944 0.319406 0.0129666 0.491684
0.063801 0.668016 0.0309466 0.237236
0.10894 0.656281 0.11787 0.116909
0.155903 0.448574 0.0198971 0.375626
0.249785 0.172455 0.057516 0.520243
0.055409 0.580268 0.118211 0.246112
0.0680116 0.516105 0.0762384 0.339645
0.0968925 0.184063 9.9991E-05 0.718944
0.0160715 0.609459 0.0560602 0.31841
0.0213367 0.671943 0.152797 0.153924
0.0668414 0.5313 0.169611 0.232247
0.0554467 0.401847 0.12473 0.417976
9.9993E-05 0.522703 0.133304 0.343893
0.0768355 0.655637 0.117067 0.15046
0.0775568 0.370407 9.9991E-05 0.551937
9.9982E-05 0.741127 9.9982E-05 0.258673
9.9982E-05 0.441286 9.9982E-05 0.558514
0.0892553 0.711339 0.0519179 0.147488
9.9982E-05 0.240066 9.9982E-05 0.759734
9.9982E-05 0.265742 9.9982E-05 0.734058
9.9982E-05 0.536646 9.9982E-05 0.463154
0.00150653 0.69631 9.9991E-05 0.302083
0.204157 0.594123 0.0737404 0.12798
9.9991E-05 0.547224 0.063101 0.389575
0.0266068 0.462425 9.9991E-05 0.510868
0.0477636 0.500902 9.9991E-05 0.451234
0.119562 0.599356 0.0670753 0.214007
0.0628699 0.567053 9.9991E-05 0.369977
0.0562125 0.591217 0.0591591 0.293412
9.9982E-05 0.641918 9.9982E-05 0.357882
9.9982E-05 0.224256 9.9982E-05 0.775544
0.0869855 0.773331 0.0330851 0.106598
0.854368 0.130968 0.0145645 9.9991E-05
0.922384 0.0774159 9.9982E-05 9.9982E-05
0.871426 0.0844329 0.0440409 9.9991E-05
0.942082 0.037357 0.0204612 9.9991E-05
0.900688 0.0776321 0.0215799 9.9991E-05
0.897593 0.0965473 0.00342209 0.00243798
0.925138 0.0474467 0.0273148 9.9991E-05
0.158722 0.579884 0.110549 0.150844
0.0648739 0.671832 0.122738 0.140556
9.9982E-05 0.363374 9.9982E-05 0.636426
0.0378881 0.596024 0.200498 0.16559
0.0232754 0.715494 9.9991E-05 0.261131
0.0843124 0.685709 0.074451 0.155528
9.9991E-05 0.678907 0.111455 0.209538
9.9991E-05 0.634709 0.107393 0.257798
0.0305589 0.201489 9.9991E-05 0.767852
0.11552 0.582975 0.0794332 0.222072
0.0319028 0.771238 0.0936123 0.103247
0.0737829 0.638275 0.106688 0.181254
9.9982E-05 0.515114 9.9982E-05 0.484686
0.0174648 0.717077 0.00241456 0.263044
9.9982E-05 0.727554 9.9982E-05 0.272247
9.9991E-05 0.575633 0.0651933 0.359073
0.0828079 0.643375 9.9991E-05 0.273717
0.204158 0.662456 0.00190872 0.131477
0.132995 0.350854 0.042327 0.473824
0.190277 0.491377 0.103428 0.214918
0.159322 0.700315 0.0594196 0.0809436
0.0994825 0.69881 0.0297054 0.172002
0.0747242 0.529141 0.0494613 0.346674
0.0813016 0.67597 0.0825974 0.160131
0.10423 0.645718 0.00892443 0.241127
0.130225 0.644662 0.00230762 0.222806
0.0367007 0.690481 0.0982792 0.174539
0.119468 0.719655 0.0337215 0.127155
0.101801 0.663087 9.9991E-05 0.235012
0.0774688 0.631985 0.148569 0.141976
0.0320169 0.614555 0.138368 0.21506
9.9991E-05 0.6791 0.0997174 0.221083
0.105561 0.646481 0.0650464 0.182912
0.0700167 0.558187 0.153664 0.218132
0.140543 0.440397 0.0626255 0.356435
9.9991E-05 0.697654 0.158914 0.143332
0.0687209 0.756879 0.102116 0.072284
0.0630832 0.331695 0.0895389 0.515683
0.055411 0.247392 0.0946223 0.602574
0.0713889 0.660874 0.0323819 0.235355
9.9991E-05 0.112013 0.125246 0.76264
0.136956 0.39129 9.9991E-05 0.471655
0.00889697 0.664457 9.9991E-05 0.326546
0.0994612 0.46661 9.9991E-05 0.433829
0.0734332 0.475877 9.9991E-05 0.45059
0.103708 0.679385 0.0991698 0.117737
0.118814 0.628861 0.144012 0.108313
0.16857 0.659327 0.0208626 0.15124
9.9991E-05 0.230008 0.120849 0.649043
0.330288 0.6388 0.00885768 0.0220538
0.0379774 0.606172 0.143702 0.212148
0.202926 0.0831697 0.0417375 0.672167
0.0989382 0.690124 0.0802682 0.13067
0.15573 0.447382 0.0475208 0.349367
0.0645711 0.640774 0.128024 0.166631
0.14906 0.265294 0.10002 0.485626
0.109716 0.309673 0.00103694 0.579574
0.0892048 0.565881 9.9991E-05 0.344814
0.0519131 0.495828 0.172237 0.280022
0.191788 0.535055 0.0554129 0.217744
0.0686143 0.0450086 0.263748 0.622629
0.070823 0.631409 0.0926384 0.205129
9.9982E-05 0.586172 9.9982E-05 0.413628
9.9991E-05 0.667585 0.0112087 0.321106
0.079707 0.550665 0.139752 0.229876
0.297415 0.13158 0.35716 0.213845
0.590851 9.9991E-05 0.23665 0.172399
0.482304 9.9991E-05 0.222306 0.29529
0.345398 0.0481281 0.439131 0.167343
0.00419376 0.700849 0.0879469 0.20701
0.0806681 0.635081 0.0703654 0.213885
9.9982E-05 0.291964 0.707836 9.9982E-05
0.0745125 0.299937 0.459131 0.166419
0.14731 0.401802 0.428225 0.0226624
0.00740887 0.408345 0.100106 0.484141
0.0729402 0.528081 0.183667 0.215312
0.0218717 0.291414 0.0932182 0.593496
0.0491512 0.65375 0.106663 0.190436
0.0160215 0.501126 0.140922 0.34193
0.069086 0.624327 0.112834 0.193753
0.0353815 0.341854 0.03474 0.588024
0.0576502 0.700141 0.12812 0.114088
0.10291 0.655486 0.088246 0.153358
9.998E-05 9.998E-05 0.9997 9.998E-05
9.9982E-05 0.050897 0.948903 9.9982E-05
0.0430389 0.282611 0.620515 0.0538356
9.9982E-05 0.25545 0.74435 9.9982E-05
9.9982E-05 0.156745 0.843055 9.9982E-05
9.998E-05 9.998E-05 0.9997 9.998E-05
9.9982E-05 9.9982E-05 0.992629 0.00717111
9.9982E-05 0.126598 0.873202 9.9982E-05
9.9982E-05 0.047453 0.952347 9.9982E-05
9.998E-05 9.998E-05 0.9997 9.998E-05
9.998E-05 9.998E-05 0.9997 9.998E-05
0.0613133 0.180029 0.758558 9.9991E-05
0.0567082 0.132211 0.810981 9.9991E-05
9.998E-05 9.998E-05 0.9997 9.998E-05
0.0672458 0.373208 0.465469 0.0940772
0.0484296 0.210143 0.741328 9.9991E-05
0.119039 0.134548 0.746313 9.9991E-05
0.0417955 0.0536645 0.90444 9.9991E-05
9.9982E-05 0.022017 0.977783 9.9982E-05
0.0177986 0.0671804 0.914921 9.9991E-05
9.998E-05 9.998E-05 0.9997 9.998E-05
0.0384933 0.304192 0.657215 9.9991E-05
0.0429322 0.00409777 0.897123 0.0558468
0.342726 9.9991E-05 0.167377 0.489797
0.258909 0.417608 0.102305 0.221178
0.244036 0.481894 0.115472 0.158597
0.255277 0.160686 0.227617 0.35642
0.139294 0.498386 0.191503 0.170817
0.289594 0.220574 0.160381 0.329451
0.199467 0.463879 0.146281 0.190373
0.163827 0.336929 0.296329 0.202915
0.185047 0.46537 0.237741 0.111842
0.134154 0.290398 0.362007 0.213441
0.146599 0.571551 0.110999 0.170852
0.849484 0.0726541 0.017484 0.0603777
0.924145 9.9991E-05 0.0681211 0.00763383
0.9997 9.998E-05 9.998E-05 9.998E-05
0.9674 9.9982E-05 9.9982E-05 0.0324
0.932919 0.00195425 0.0336238 0.0315027
0.911484 9.9982E-05 0.0883156 9.9982E-05
0.886659 9.9982E-05 0.113141 9.9982E-05
0.912854 0.00420438 0.00948325 0.0734588
0.918632 0.0462878 0.0179609 0.0171198
0.88396 9.9982E-05 0.11584 9.9982E-05
0.662108 9.9982E-05 9.9982E-05 0.337692
0.658453 0.0108915 9.9991E-05 0.330556
0.593621 9.9982E-05 9.9982E-05 0.406179
0.542257 0.016972 9.9991E-05 0.440671
0.0742174 0.772469 9.9991E-05 0.153213
0.0374733 0.682201 0.026208 0.254118
9.9991E-05 0.665129 0.0808818 0.253889
0.0231891 0.603404 9.9991E-05 0.373307
0.0729688 0.340089 9.9991E-05 0.586843
0.0400002 0.670686 0.187461 0.101853
9.9991E-05 0.760627 0.0296182 0.209654
0.0253399 0.783642 9.9991E-05 0.190918
9.9991E-05 0.558221 0.0783996 0.36328
0.0944061 0.695286 0.0981188 0.112189
0.019208 0.647049 9.9991E-05 0.333643
9.9982E-05 0.1618 9.9982E-05 0.838
0.0780076 0.553377 0.127371 0.241245
9.9991E-05 0.513499 0.0263569 0.460044
9.9982E-05 0.763647 9.9982E-05 0.236153
9.9982E-05 0.411903 9.9982E-05 0.587897
0.236585 0.105661 9.9991E-05 0.657655
0.209815 0.117156 9.9991E-05 0.67293
0.166765 0.0999487 9.9991E-05 0.733186
0.224273 0.0363418 9.9991E-05 0.739285
0.139951 0.173876 0.00972202 0.67645
0.217367 0.190379 0.0071446 0.585109
0.905124 0.0414391 0.0533372 9.9991E-05
0.861894 0.136631 0.00137444 9.9991E-05
0.811483 0.0650658 0.123351 9.9991E-05
0.820805 0.0301661 0.113317 0.0357127
0.834722 0.115672 0.0495058 9.9991E-05
0.459822 9.9982E-05 9.9982E-05 0.539978
0.528809 9.9982E-05 9.9982E-05 0.470992
0.510591 0.00848415 0.017799 0.463126
0.844454 0.0996426 0.0558036 9.9991E-05
0.440434 0.0269598 9.9991E-05 0.532507
0.266874 0.301487 0.389404 0.0422355
0.0912142 0.604715 0.303971 9.9991E-05
0.160669 0.492369 0.346863 9.9991E-05
0.275647 0.373647 0.283363 0.0673432
0.178294 0.513926 0.238208 0.0695723
0.479105 9.9991E-05 0.371265 0.14953
9.9991E-05 0.667974 0.00314744 0.328779
0.00687686 0.424685 0.106564 0.461875
0.166458 0.441444 9.9991E-05 0.391998
9.9991E-05 0.582713 0.0437597 0.373427
9.9982E-05 9.9982E-05 0.00389958 0.9959
0.0700311 0.611587 0.122187 0.196195
0.0654393 0.581239 0.0665915 0.28673
0.085585 0.515161 9.9991E-05 0.399154
0.109868 0.665517 0.0659957 0.15862
0.000226808 0.171819 0.0707193 0.757234
0.036488 0.502849 0.127982 0.33268
0.0851106 0.678419 9.9991E-05 0.23637
0.0825906 0.450756 0.250054 0.216599
9.9991E-05 0.439459 0.0629554 0.497486
0.0593162 0.585845 0.0308171 0.324022
9.9991E-05 0.526401 0.157762 0.315737
0.00592899 0.686735 0.0497475 0.257588
0.0367399 0.587419 0.144358 0.231484
0.152011 0.665227 0.0342926 0.148469
0.103806 0.608059 0.109141 0.178994
0.762544 0.110033 0.127323 9.9991E-05
0.86588 0.0907769 0.0432435 9.9991E-05
0.814553 0.105583 0.0131835 0.0666809
0.857186 0.0817904 0.0174125 0.0436112
0.877845 0.120167 0.00188748 9.9991E-05
0.0764887 0.304881 0.0244395 0.594191
0.0603261 0.439287 0.132634 0.367753
0.184611 0.506931 0.208684 0.0997733
0.00303771 0.743622 0.116257 0.137084
0.103101 0.610066 0.0379588 0.248875
0.037568 0.315795 0.137239 0.509398
0.200841 0.0961461 9.9991E-05 0.702913
0.0794346 0.560322 0.0607811 0.299462
0.145707 0.307269 0.0367665 0.510257
0.00961627 0.495919 0.0798329 0.414632
0.212812 0.251177 9.9991E-05 0.535911
0.0586966 0.602414 0.188236 0.150654
0.125831 0.280103 0.0588904 0.535175
0.00163633 0.415741 0.148136 0.434487
0.0873187 0.538824 0.117325 0.256533
0.0161831 0.365401 0.096467 0.521949
0.0887142 0.694465 0.0212136 0.195607
0.136736 0.589916 0.0700475 0.203301
0.0533607 0.50587 9.9991E-05 0.440669
0.0448917 0.541024 0.140082 0.274002
0.0112141 0.593142 0.0739797 0.321664
9.9991E-05 0.207146 0.0424188 0.750335
0.00706632 0.329509 0.0649293 0.598496
0.0674111 0.539885 0.058099 0.334604
0.0453654 0.233135 0.0214699 0.700029
0.035886 0.593457 0.000216628 0.37044
0.0607682 0.283499 9.9991E-05 0.655633
9.9991E-05 0.368544 0.0268161 0.60454
0.1355 0.561817 0.0110366 0.291647
0.107479 0.665674 0.134934 0.0919128
0.0206886 0.435401 9.9991E-05 0.54381
0.0727897 0.515035 0.16535 0.246825
0.0785236 0.611047 0.111532 0.198898
0.0489581 0.63064 0.0534092 0.266993
0.00234677 0.536897 0.158651 0.302106
0.0182183 0.543952 0.129298 0.308531
0.0281712 0.422472 0.0625395 0.486817
0.00820904 0.466238 0.10876 0.416794
9.9991E-05 0.737232 0.0360028 0.226665
0.0642332 0.569468 0.130441 0.235858
0.101893 0.543141 9.9991E-05 0.354866
0.000607157 0.584916 0.125014 0.289463
0.132215 0.538208 0.00459363 0.324983
0.0463759 0.751736 9.9991E-05 0.201788
0.0375166 0.625257 0.100194 0.237032
0.0987246 0.487185 0.147563 0.266527
0.358148 0.513334 0.126182 0.00233607
0.187226 0.516415 0.224158 0.072201
0.19268 0.548463 0.149721 0.109136
0.0860232 0.62907 0.156641 0.128266
0.241397 0.427822 0.260316 0.0704655
9.9991E-05 0.545515 0.0616589 0.392726
0.164401 0.616376 0.119473 0.09975
0.2659 9.9991E-05 0.239816 0.494184
0.116368 0.554502 0.237467 0.0916629
0.139464 0.621391 0.170218 0.0689265
0.0494777 0.371311 0.39466 0.184551
0.214594 0.323426 0.178559 0.283422
0.20915 0.597203 0.134794 0.0588524
0.128872 0.528472 0.304595 0.0380602
0.508451 9.9991E-05 0.258196 0.233252
0.164999 0.521726 0.313175 9.9991E-05
0.110237 0.589025 0.300639 9.9991E-05
0.162995 0.613681 0.167351 0.0559733
0.205767 0.553074 0.226478 0.0146809
0.211366 0.479117 0.24028 0.069236
0.02739 0.567446 0.087141 0.318023
0.0941214 0.65296 0.0549628 0.197956
9.9991E-05 0.0788796 0.0786636 0.842357
9.9991E-05 0.114829 0.0528431 0.832228
0.0690521 0.57563 0.0897263 0.265592
0.110112 0.483506 0.308746 0.0976359
0.094989 0.27161 0.482015 0.151386
0.210878 0.132312 0.426186 0.230624
0.20756 0.368463 0.323582 0.100394
0.0546183 0.108563 0.234109 0.602709
0.0410102 0.177568 0.252306 0.529116
9.9991E-05 0.627538 0.206798 0.165564
0.0589673 0.493091 0.250815 0.197127
0.0200151 0.213024 0.290255 0.476706
0.0522526 0.567493 0.172669 0.207585
9.9991E-05 0.628296 0.151974 0.21963
0.0738495 0.411442 0.285639 0.22907
9.9991E-05 0.458524 0.0139817 0.527394
0.0625697 0.51945 0.0614017 0.356579
0.0781252 0.556165 0.102286 0.263424
0.125195 0.439577 0.0727752 0.362453
0.132589 0.493622 0.213692 0.160097
0.00610139 0.527545 0.101938 0.364415
9.9991E-05 0.348513 0.0691631 0.582224
0.0642318 0.687237 0.0903544 0.158176
9.9991E-05 0.308523 0.0775779 0.613799
9.9991E-05 0.457668 0.130697 0.411536
0.0704944 0.607664 0.114723 0.207119
9.9991E-05 0.610339 0.157042 0.232519
0.191378 0.509725 0.266425 0.0324729
0.120181 0.470688 0.270616 0.138515
0.177463 0.300554 0.378363 0.143619
0.188492 0.326462 0.263264 0.221783
0.186233 0.521662 0.209648 0.0824576
0.175094 0.449657 0.25767 0.117579
0.157924 9.9991E-05 0.299467 0.542509
0.0971852 0.654663 0.248052 9.9991E-05
0.388812 9.9991E-05 0.221095 0.389993
0.0582504 0.560847 0.310086 0.0708167
9.9982E-05 0.350278 9.9982E-05 0.649522
9.9991E-05 0.0701261 0.064631 0.865143
9.9991E-05 0.642674 0.0371893 0.320037
0.0525773 0.834036 0.031896 0.0814903
0.00152794 0.62402 9.9991E-05 0.374352
9.9991E-05 0.60573 0.118044 0.276126
9.9991E-05 0.573123 0.119559 0.307218
0.828575 0.0705653 0.0606625 0.0401975
0.750366 0.0379311 0.10526 0.106444
0.949332 9.9982E-05 0.0504679 9.9982E-05
0.962061 0.0377386 9.9982E-05 9.9982E-05
0.102452 0.651666 0.0541226 0.191759
0.0284705 0.811123 0.0183273 0.14208
0.0144298 0.785193 9.9991E-05 0.200277
0.155198 0.786501 9.9991E-05 0.0582007
0.0570604 0.555041 0.123393 0.264506
9.9982E-05 0.522722 9.9982E-05 0.477078
0.0119523 0.848636 0.034804 0.104607
0.00164502 0.571877 9.9991E-05 0.426378
0.274567 0.55232 0.169612 0.00349986
9.9991E-05 0.590108 0.0594055 0.350387
9.9982E-05 0.603478 9.9982E-05 0.396322
9.9982E-05 0.760339 9.9982E-05 0.239461
9.9982E-05 0.659298 9.9982E-05 0.340502
0.000561497 0.776207 0.0319494 0.191282
0.130095 0.76098 9.9991E-05 0.108824
9.9982E-05 0.365363 9.9982E-05 0.634437
9.9991E-05 0.446458 0.0695938 0.483848
0.00909875 0.533837 9.9991E-05 0.456965
9.9982E-05 0.243537 9.9982E-05 0.756263
0.0318076 0.621253 0.0398507 0.307088
9.9991E-05 0.292554 0.0465264 0.660819
0.00792549 0.175991 0.00700902 0.809074
0.103478 0.7328 9.9991E-05 0.163622
0.00943631 0.504456 9.9991E-05 0.486008
0.0342991 0.66357 9.9991E-05 0.302031
0.0845192 0.732002 0.0848171 0.0986617
0.0352866 0.736213 9.9991E-05 0.2284
9.9991E-05 0.365976 0.157377 0.476547
0.0253546 0.760357 0.0256875 0.188601
0.0317188 0.708341 9.9991E-05 0.25984
9.9982E-05 0.588752 9.9982E-05 0.411048
0.0711165 0.654019 0.108768 0.166096
0.678711 0.0423156 9.9991E-05 0.278873
0.786039 0.0579537 9.9991E-05 0.155908
0.846531 9.9982E-05 9.9982E-05 0.153269
0.844715 9.9982E-05 9.9982E-05 0.155086
0.788929 0.0393233 9.9991E-05 0.171648
0.0217472 0.440504 9.9991E-05 0.537649
0.064828 0.401795 9.9991E-05 0.533277
9.9982E-05 0.470685 9.9982E-05 0.529115
0.118194 0.730192 0.0603124 0.0913019
0.113316 0.731727 0.0204488 0.134508
0.0616765 0.541813 0.0106199 0.385891
0.0168611 0.74447 0.0950096 0.143659
0.0765733 0.604205 0.0541314 0.26509
0.0159574 0.778484 0.0439561 0.161603
9.9991E-05 0.795119 0.0726528 0.132128
9.9991E-05 0.506706 0.00328766 0.489907
9.9982E-05 0.660204 9.9982E-05 0.339596
9.9982E-05 0.621005 9.9982E-05 0.378795
0.113301 0.634642 0.0873076 0.16475
0.00203503 0.691544 9.9991E-05 0.306321
0.0555968 0.663705 0.0402914 0.240407
0.0594312 0.452407 0.485559 0.00260272
0.117145 0.268034 0.530743 0.0840778
0.0744821 0.401249 0.524169 9.9991E-05
0.141672 0.330863 0.527365 9.9991E-05
0.103943 0.509477 0.386481 9.9991E-05
0.0160776 0.580656 0.0975802 0.305686
0.21857 9.9991E-05 0.765648 0.0156824
0.197896 0.297206 0.504798 9.9991E-05
0.141482 0.471507 0.266351 0.12066
0.139084 0.585571 0.120311 0.155034
0.141748 0.432183 0.108153 0.317916
0.150208 0.633804 0.108776 0.107212
0.101276 0.623383 0.074464 0.200877
0.227555 0.319136 0.453209 9.9991E-05
0.120961 0.45697 0.400337 0.0217321
0.0224509 0.445744 0.531705 9.9991E-05
0.135583 0.489616 0.32599 0.0488107
0.196939 0.304821 0.49814 9.9991E-05
0.136398 0.376042 0.370075 0.117485
0.089666 0.163596 0.695617 0.0511204
0.0885023 0.377475 0.40477 0.129253
0.120765 0.597747 0.0942483 0.18724
0.189869 0.491878 0.318153 9.9991E-05
0.153249 0.119045 0.727606 9.9991E-05
0.134262 0.491107 0.349752 0.024879
0.196577 0.315824 0.00947687 0.478123
0.014686 0.517717 0.224379 0.243218
0.213927 0.436071 0.346314 0.00368709
0.157627 0.644081 0.0582746 0.140018
0.195727 0.608783 0.0579227 0.137568
0.204214 0.463635 0.233574 0.0985768
0.206069 0.378755 0.334336 0.0808406
0.0937111 0.603334 0.197867 0.105088
0.147959 0.413704 0.433293 0.00504433
0.118883 0.292761 0.588256 9.9991E-05
0.176079 0.128496 0.67932 0.0161051
0.159193 0.679985 0.125964 0.0348577
0.170895 0.629922 9.9991E-05 0.199084
0.102623 0.176003 0.176256 0.545118
0.106029 0.551135 0.160782 0.182054
0.120663 0.361341 0.157769 0.360227
0.148076 0.502884 0.258783 0.0902571
0.122183 0.566385 0.136138 0.175294
0.302619 9.9991E-05 0.31151 0.385771
0.335513 9.9991E-05 0.2341 0.430287
0.0872282 0.202567 0.306932 0.403273
0.347938 9.9991E-05 0.309756 0.342206
0.452303 9.9991E-05 0.338305 0.209292
0.131396 0.348951 0.219785 0.299868
0.248508 0.348138 0.239987 0.163367
0.321131 0.0799241 0.298792 0.300152
0.386964 0.0302865 0.239535 0.343214
0.157161 0.465303 0.184475 0.19306
0.221839 0.0629424 0.26594 0.449279
0.497761 9.9991E-05 0.145268 0.356871
0.166335 0.58342 0.164583 0.0856622
0.134426 0.272024 0.373089 0.220462
0.351947 0.482577 0.140098 0.0253772
0.184072 0.54398 0.271849 9.9991E-05
0.198916 0.551203 0.249781 9.9991E-05
0.182563 0.517692 0.299644 9.9991E-05
0.392419 0.376142 0.231339 9.9991E-05
0.198644 0.543933 0.257323 9.9991E-05
0.229666 0.472963 0.297272 9.9991E-05
0.247486 0.378557 0.253552 0.120405
0.175936 0.430601 0.137444 0.25602
0.176736 0.616581 0.093988 0.112695
0.161643 0.603435 0.115091 0.11983
0.13095 0.671129 0.154694 0.0432259
0.31908 0.3299 0.35092 9.9991E-05
0.255581 0.563755 0.180565 9.9991E-05
0.398679 0.165721 0.287136 0.148465
0.137834 0.563954 0.264823 0.0333893
0.26132 0.18418 0.422925 0.131575
0.840237 9.9982E-05 9.9982E-05 0.159563
0.206411 0.182337 9.9991E-05 0.611152
0.203565 0.0637012 9.9991E-05 0.732633
0.160055 0.0776599 9.9991E-05 0.762185
0.133297 0.152857 9.9991E-05 0.713746
0.160897 0.129923 9.9991E-05 0.70908
0.135753 0.222427 9.9991E-05 0.64172
0.179742 0.00303624 9.9991E-05 0.817122
0.36965 0.0683328 9.9991E-05 0.561917
0.927174 0.0451493 0.0275765 9.9991E-05
0.843236 0.10382 9.9991E-05 0.0528446
0.864255 9.9991E-05 0.0871143 0.0485305
0.880552 0.0362762 9.9991E-05 0.0830715
0.92925 9.9982E-05 0.0705505 9.9982E-05
0.940854 0.0110566 9.9991E-05 0.0479897
0.796262 0.0631917 0.140446 9.9991E-05
0.863388 0.0331317 0.10338 9.9991E-05
0.753332 0.176796 9.9991E-05 0.0697717
0.915469 9.9982E-05 0.0843315 9.9982E-05
0.986654 0.00634697 9.9991E-05 0.0068995
0.877252 0.00308153 0.0574516 0.0622151
0.942155 0.0201445 0.0376001 9.9991E-05
0.918423 0.0353333 0.0461435 9.9991E-05
0.884871 0.098471 0.0165583 9.9991E-05
0.847955 0.0619856 0.0899597 9.9991E-05
0.806435 0.0206929 0.172772 9.9991E-05
0.754964 0.145191 0.0997452 9.9991E-05
0.849238 0.102872 0.0477892 9.9991E-05
0.175351 0.524306 0.0143181 0.286025
0.107254 0.81406 9.9991E-05 0.0785861
0.100005 0.572992 0.142707 0.184296
0.046046 0.0854026 0.164251 0.7043
0.198919 0.618858 0.0105467 0.171676
0.168059 0.126622 0.124422 0.580897
0.0506254 0.710409 0.0964543 0.142511
0.102964 0.545598 9.9991E-05 0.351338
0.124176 0.604033 0.0418582 0.229933
0.00336891 0.702421 0.0415658 0.252644
0.134949 0.576183 0.0181727 0.270696
0.0943406 0.646942 0.112791 0.145927
0.110619 0.76865 9.9991E-05 0.120631
9.9991E-05 0.150264 0.0861605 0.763475
0.0784768 0.00848616 0.038079 0.874958
0.0988194 0.125023 0.14155 0.634608
0.160659 0.682868 0.0688158 0.0876568
0.124979 0.587981 0.0729483 0.214091
0.147571 0.573483 0.065436 0.213511
0.00555774 0.615705 0.229916 0.148821
0.235812 0.546653 0.194704 0.0228312
0.190475 0.549614 0.227254 0.0326575
0.422347 0.23527 0.135593 0.20679
0.169862 0.682528 0.074117 0.073493
0.263823 0.488632 0.136113 0.111432
0.450355 9.9991E-05 0.232975 0.31657
0.265357 0.362441 0.265481 0.10672
0.329002 0.378102 0.183139 0.109757
0.337659 0.558369 0.0413821 0.0625899
0.125456 0.571219 0.206463 0.096862
0.226193 0.523255 0.180888 0.0696651
0.226814 0.660162 0.112923 9.9991E-05
0.213905 0.388452 0.233239 0.164405
0.473466 0.336381 0.175675 0.0144781
