0.41132 0.125012 0.402166 0.0615014
0.504996 0.113985 0.266279 0.114741
0.573184 9.9982E-05 9.9982E-05 0.426616
0.527692 0.298424 0.173785 9.9991E-05
0.556521 0.0913637 0.153567 0.198548
0.433515 0.015508 0.420461 0.130516
0.615865 0.104431 9.9991E-05 0.279604
0.697688 9.9991E-05 0.0245465 0.277666
0.674551 0.0408397 0.175927 0.108682
0.419 0.0778239 0.374885 0.12829
0.47 0.14162 0.207378 0.181001
0.499942 0.123913 9.9991E-05 0.376045
0.55385 0.203496 0.242554 9.9991E-05
0.755147 0.0341925 0.0592724 0.151388
0.62372 0.106399 0.161085 0.108797
0.475743 0.210998 0.227 0.0862584
0.19924 0.280042 0.0903228 0.430396
9.9982E-05 0.106094 9.9982E-05 0.893706
9.9982E-05 0.101209 9.9982E-05 0.898591
9.9991E-05 0.215571 0.221484 0.562845
0.620249 0.144467 0.235184 9.9991E-05
0.443776 0.16246 0.35551 0.0382543
0.111558 0.821245 0.0670975 9.9991E-05
0.257486 0.593864 0.14454 0.00411021
0.303954 0.485127 0.173008 0.0379107
0.795749 0.12262 0.0184148 0.063216
0.590669 0.132274 0.230376 0.0466814
0.772938 9.9982E-05 9.9982E-05 0.226862
0.543172 9.9982E-05 0.456628 9.9982E-05
0.672528 0.143038 0.146825 0.0376088
0.564573 0.0115487 0.412933 0.0109449
0.776 0.057565 9.9991E-05 0.166335
0.488636 0.241405 0.269859 9.9991E-05
0.507006 0.126029 0.366865 9.9991E-05
9.9982E-05 0.882038 0.117762 9.9982E-05
0.0618704 0.93793 9.9982E-05 9.9982E-05
0.176396 0.669164 0.150571 0.00386938
0.101965 0.670037 0.227898 9.9991E-05
0.0196642 0.837337 0.120102 0.0228972
9.998E-05 0.9997 9.998E-05 9.998E-05
9.9982E-05 0.927034 9.9982E-05 0.0727658
9.9982E-05 0.774872 0.224928 9.9982E-05
0.00716 0.99264 9.9982E-05 9.9982E-05
9.998E-05 0.9997 9.998E-05 9.998E-05
9.998E-05 0.9997 9.998E-05 9.998E-05
0.120449 0.796035 0.0834162 9.9991E-05
0.114556 0.874087 9.9991E-05 0.0112573
9.9982E-05 0.997161 9.9982E-05 0.00263912
0.290659 0.500029 0.168273 0.0410388
0.126076 0.621205 0.229977 0.0227421
9.9991E-05 0.747121 0.216803 0.0359762
9.9991E-05 0.875691 0.104906 0.0193031
9.9982E-05 0.810645 0.189155 9.9982E-05
9.9991E-05 0.773906 0.210264 0.0157302
9.9991E-05 0.904593 0.0619501 0.0333564
0.127002 0.567981 0.304917 9.9991E-05
0.0420156 0.957784 9.9982E-05 9.9982E-05
0.298822 0.0168799 9.9991E-05 0.684198
0.338533 9.9991E-05 0.425341 0.236026
0.33931 0.0761642 0.341784 0.242742
0.320893 0.107907 0.0620031 0.509197
0.330113 0.0754723 0.424621 0.169794
0.318611 0.108357 0.0876058 0.485426
0.41323 0.0856866 0.332001 0.169083
0.419995 0.210384 0.167133 0.202488
0.370057 0.18915 0.285323 0.155471
0.278774 0.119112 0.341471 0.260643
0.471876 0.181873 0.236379 0.109872
0.502753 0.13253 0.287861 0.0768564
0.722397 0.0952069 9.9991E-05 0.182296
0.490885 0.0410112 0.392996 0.075108
0.434652 0.188357 0.376891 9.9991E-05
0.757867 9.9991E-05 0.0926299 0.149403
0.493537 0.190149 0.28421 0.0321039
0.549617 0.0464369 0.366546 0.0373991
0.846961 9.9982E-05 9.9982E-05 0.152839
0.730385 9.9982E-05 9.9982E-05 0.269415
0.71916 0.128386 0.0974181 0.0550359
0.793399 9.9982E-05 9.9982E-05 0.206401
0.588732 9.9991E-05 0.314553 0.0966153
0.682526 0.173705 0.143669 9.9991E-05
0.49975 9.9982E-05 0.50005 9.9982E-05
0.964983 9.9982E-05 9.9982E-05 0.0348169
0.933969 9.9982E-05 9.9982E-05 0.065831
0.599777 0.10045 0.299673 9.9991E-05
0.150657 0.0146835 0.71315 0.12151
0.179896 9.9991E-05 0.697753 0.122252
0.11562 0.0234503 0.489633 0.371296
0.182656 9.9991E-05 0.600764 0.216479
0.741106 0.0167674 0.0168039 0.225323
0.633688 9.9991E-05 0.208618 0.157594
0.51448 0.0582135 0.427206 9.9991E-05
0.586459 9.9982E-05 0.413341 9.9982E-05
0.658766 9.9991E-05 0.252236 0.0888977
0.520672 9.9982E-05 0.479128 9.9982E-05
0.489211 0.0373626 0.473326 9.9991E-05
0.547064 0.174331 0.278505 9.9991E-05
0.933015 0.0571828 0.00970258 9.9991E-05
0.777911 0.0170563 0.184081 0.0209509
0.57822 0.0729016 0.348779 9.9991E-05
0.612459 0.0566665 0.317947 0.0129267
0.498017 0.161504 0.336267 0.00421196
0.767933 0.103397 0.12857 9.9991E-05
0.930915 9.9991E-05 0.020742 0.0482431
0.582105 0.118202 0.299593 9.9991E-05
0.899385 0.100415 9.9982E-05 9.9982E-05
0.733551 9.9982E-05 0.266249 9.9982E-05
0.520521 9.9991E-05 0.446321 0.0330574
0.719449 0.211822 0.0686289 9.9991E-05
0.319052 0.134997 0.412484 0.133467
0.350904 0.23959 0.226331 0.183176
0.320769 0.0928618 0.460692 0.125678
0.341236 0.0803062 0.416811 0.161647
0.320891 0.121635 0.525964 0.0315102
0.335045 0.0632429 0.500336 0.101376
0.527814 0.122277 0.000973759 0.348935
0.377819 0.0772282 0.544853 9.9991E-05
0.291642 0.0877985 0.060244 0.560316
0.449652 0.135016 0.366788 0.0485433
0.9997 9.998E-05 9.998E-05 9.998E-05
0.975334 9.9982E-05 9.9982E-05 0.0244656
0.750025 9.9982E-05 0.249775 9.9982E-05
0.577708 0.100677 0.321515 9.9991E-05
0.890044 0.0302355 0.0796208 9.9991E-05
0.712456 0.0926408 0.194803 9.9991E-05
0.732661 0.00293522 0.264304 9.9991E-05
0.157636 0.241813 0.600451 9.9991E-05
0.0568344 0.195064 0.748002 9.9991E-05
0.10059 0.133859 0.765451 9.9991E-05
0.093351 0.157391 0.691383 0.0578746
0.202405 9.9991E-05 0.776495 0.0210001
9.9991E-05 0.0542487 0.791101 0.15455
9.9991E-05 0.0464445 0.874425 0.0790304
9.9991E-05 0.0656045 0.839313 0.094983
0.063782 0.13813 0.72025 0.0778383
0.0488815 0.111738 0.800937 0.0384438
0.123359 0.0461808 0.827352 0.00310858
9.9991E-05 0.132621 0.785037 0.0822418
0.181408 0.0991341 0.678175 0.0412826
9.9991E-05 0.0598725 0.868211 0.071816
0.174531 0.286717 0.538652 9.9991E-05
0.133545 0.0132726 0.834907 0.0182747
9.9991E-05 0.0279649 0.929246 0.0426893
0.209357 0.274273 0.45382 0.06255
0.0971769 9.9991E-05 0.823861 0.0788618
0.234814 0.177265 0.453416 0.134505
0.228613 0.10837 0.476351 0.186666
0.15662 0.130486 0.667176 0.0457179
0.0614163 0.0327876 0.899305 0.00649091
9.9991E-05 0.0605655 0.807108 0.132227
0.207039 0.0951112 0.440384 0.257466
0.296952 0.141888 0.379185 0.181974
9.9982E-05 0.0139365 9.9982E-05 0.985864
9.998E-05 9.998E-05 9.998E-05 0.9997
0.247789 0.014633 0.285209 0.452369
0.0972199 0.0297527 0.0921223 0.780905
9.9991E-05 0.0503395 0.0297041 0.919856
0.310805 0.0121373 0.393535 0.283523
0.227461 0.113097 0.344629 0.314813
0.150616 9.9991E-05 0.357473 0.491811
0.059271 0.0147462 0.0592723 0.866711
0.229529 0.0702825 0.478828 0.221361
0.202525 9.9991E-05 0.172811 0.624565
9.998E-05 9.998E-05 9.998E-05 0.9997
0.295364 0.256219 0.433276 0.0151407
0.139694 9.9991E-05 0.522653 0.337553
