0.0473335 0.593032 0.0525523 0.307082
0.0550502 0.513356 0.131865 0.299728
0.338795 0.598799 0.0623065 9.9991E-05
9.999E-05 0.52299 0.193 0.28391
0.176159 0.678105 0.0487913 0.0969444
0.104571 0.502694 0.11656 0.276175
0.328247 0.671553 9.9982E-05 9.9982E-05
0.222202 0.694954 0.0827444 9.9991E-05
0.0950112 0.684874 0.133599 0.0865154
0.0540196 0.464937 0.127333 0.35371
0.0671895 0.574558 0.115267 0.242985
0.401798 0.402859 0.157909 0.0374339
0.0164491 0.462285 0.186867 0.3344
9.9982E-05 0.989035 9.9982E-05 0.0107647
0.0118117 0.641503 0.187146 0.159539
0.0373102 0.457337 0.102325 0.403028
0.435198 0.14502 0.0795316 0.34025
0.882649 9.9982E-05 9.9982E-05 0.117151
0.927647 9.9982E-05 9.9982E-05 0.0721535
0.585366 0.0799588 9.9991E-05 0.334576
9.9982E-05 0.798382 9.9982E-05 0.201418
0.0683613 0.470785 0.130485 0.330369
9.9991E-05 0.0613931 0.0543272 0.88418
0.03133 0.14211 0.136076 0.690484
0.0344531 0.293288 0.0662454 0.606013
0.0835256 0.83137 0.0573966 0.0277074
0.0439642 0.435208 0.175213 0.345615
0.141509 0.791032 0.0673592 9.9991E-05
9.9991E-05 0.724187 0.036968 0.238745
9.9991E-05 0.751541 0.114629 0.133729
9.9991E-05 0.753563 0.01313 0.233207
0.115398 0.821043 0.063459 9.9991E-05
9.9982E-05 0.613101 9.9982E-05 0.386699
0.0826817 0.494315 0.0869087 0.336094
0.0142151 9.9991E-05 0.0282318 0.957453
9.9991E-05 0.00143541 0.0685255 0.929939
9.9991E-05 0.219435 0.0303349 0.750131
9.9991E-05 0.0689852 0.0615416 0.869373
0.031002 0.0860277 9.9991E-05 0.88287
0.0282447 9.9982E-05 9.9982E-05 0.971555
0.00802005 9.9991E-05 0.0036923 0.988188
9.9982E-05 9.9982E-05 0.0658103 0.93399
9.998E-05 9.998E-05 9.998E-05 0.9997
9.998E-05 9.998E-05 9.998E-05 0.9997
0.0159399 9.9982E-05 9.9982E-05 0.98386
9.9982E-05 0.138885 9.9982E-05 0.860915
0.117437 0.00094223 0.0459893 0.835631
9.998E-05 9.998E-05 9.998E-05 0.9997
0.093388 0.269435 0.0241958 0.612981
0.09008 9.9991E-05 0.118104 0.791716
0.0852386 0.0238572 0.0193606 0.871544
0.0137404 0.00592655 9.9991E-05 0.980233
0.0525984 9.9982E-05 9.9982E-05 0.947202
0.048567 9.9991E-05 0.0381211 0.913212
9.998E-05 9.998E-05 9.998E-05 0.9997
9.9991E-05 0.147919 0.0464454 0.805536
0.0352367 9.9991E-05 0.0356273 0.929036
0.664066 0.24156 0.0942733 9.9991E-05
0.249491 0.509123 9.9991E-05 0.241286
0.198273 0.41447 0.144146 0.243111
0.430368 0.460736 9.9991E-05 0.108796
0.0589848 0.471068 0.100953 0.368995
0.465843 0.404434 9.9991E-05 0.129623
0.15857 0.417822 0.0604625 0.363145
0.269726 0.470837 9.9991E-05 0.259337
0.166021 0.536078 9.9991E-05 0.297801
0.278734 0.438453 9.9991E-05 0.282713
0.169344 0.417793 0.0546226 0.358241
0.115852 0.548955 0.091389 0.243803
0.171887 0.794397 0.0309172 0.00279861
0.00657472 0.764536 9.9991E-05 0.228789
9.9991E-05 0.613206 0.0453098 0.341384
0.0830325 0.863906 0.0529618 9.9991E-05
9.9991E-05 0.592686 0.0698938 0.33732
9.9991E-05 0.745862 0.0613415 0.192697
0.107153 0.892647 9.9982E-05 9.9982E-05
0.115609 0.884191 9.9982E-05 9.9982E-05
9.9982E-05 0.8711 9.9982E-05 0.1287
0.142905 0.799848 0.0571465 9.9991E-05
9.9982E-05 0.936688 9.9982E-05 0.0631118
9.9991E-05 0.318831 0.437483 0.243586
9.9991E-05 0.386939 0.291204 0.321757
0.0189797 9.9982E-05 0.98082 9.9982E-05
0.0208041 9.9982E-05 0.978996 9.9982E-05
0.00208912 0.167078 0.559605 0.271227
0.182287 0.305752 0.059787 0.452174
0.120292 0.0301632 0.374527 0.475018
0.288969 0.0881901 0.219487 0.403353
0.123498 0.163979 0.252668 0.459855
0.30332 9.9982E-05 0.69648 9.9982E-05
0.240565 9.9991E-05 0.725134 0.0342016
9.9991E-05 0.229855 0.456276 0.313769
9.9982E-05 9.9982E-05 0.724376 0.275424
0.152152 9.9991E-05 0.74115 0.106599
9.9991E-05 0.188338 0.471004 0.340559
9.9991E-05 0.249121 0.410154 0.340626
9.9991E-05 0.273152 0.341264 0.385484
9.9991E-05 0.223938 0.7323 0.0436618
9.9991E-05 0.259578 0.615528 0.124794
0.0791851 0.362781 0.28056 0.277474
0.0337763 0.288189 0.483694 0.194341
0.0353238 0.392581 0.178688 0.393407
9.9991E-05 0.423481 0.442025 0.134394
9.9982E-05 0.206006 0.793794 9.9982E-05
9.9991E-05 0.257506 0.508814 0.233581
0.0314191 0.0279366 0.914503 0.0261409
9.9991E-05 0.189866 0.606992 0.203042
9.9991E-05 0.197811 0.458173 0.343916
9.9991E-05 0.331573 0.427564 0.240763
0.0276785 0.468464 0.10297 0.400887
0.0988627 0.275153 0.230101 0.395883
0.209082 0.281626 0.121841 0.387451
0.156638 0.433706 0.0305749 0.379082
0.088221 0.368024 0.0632831 0.480472
0.116114 0.189924 0.314866 0.379096
0.349614 9.9991E-05 0.594655 0.0556311
9.9991E-05 0.326557 0.260001 0.413342
0.561273 9.9991E-05 0.389018 0.0496086
9.9991E-05 0.231613 0.418246 0.350041
0.0315987 0.0458383 0.922463 9.9991E-05
0.0235834 9.9982E-05 0.976217 9.9982E-05
9.9991E-05 0.27479 0.583701 0.141409
9.9991E-05 0.269165 0.493089 0.237646
9.9991E-05 0.164049 0.772485 0.0633664
9.9982E-05 9.9982E-05 0.847038 0.152762
9.9991E-05 0.223008 0.581884 0.195008
9.9982E-05 0.363795 9.9982E-05 0.636005
0.0949367 0.100861 0.134971 0.669232
0.0872121 0.280413 0.027492 0.604883
0.208048 0.177043 9.9991E-05 0.614809
0.00252488 0.305608 0.128448 0.563419
0.295181 9.9982E-05 9.9982E-05 0.704619
0.150701 0.129525 0.102215 0.617559
0.144792 0.0996891 0.0597874 0.695732
0.167383 0.107809 0.151234 0.573575
0.0443722 0.238788 9.9991E-05 0.71674
0.0695249 0.23739 0.129313 0.563772
0.161723 0.105591 0.0371513 0.695534
0.0151753 0.30732 0.157109 0.520396
0.168384 9.9991E-05 0.157067 0.674449
0.0028767 0.240744 0.190603 0.565776
0.0967991 0.245959 0.0581427 0.599099
0.244161 0.0103805 0.0338447 0.711614
0.0845451 0.173725 0.118671 0.623059
0.0928516 0.183897 0.103314 0.619938
0.159211 0.240347 0.196727 0.403715
0.155768 0.105034 0.242556 0.496642
0.0586323 0.317939 0.0321241 0.591305
0.0494876 0.145159 0.134335 0.671018
0.296869 0.0119148 9.9991E-05 0.691116
0.208554 0.354129 0.0538624 0.383454
0.0936703 0.420042 0.126628 0.35966
0.96501 9.9982E-05 9.9982E-05 0.0347898
0.9997 9.998E-05 9.998E-05 9.998E-05
0.36764 0.406032 0.0477168 0.178611
0.780817 0.0989648 0.0296402 0.0905782
0.878437 9.9982E-05 9.9982E-05 0.121363
0.327714 0.24034 0.189429 0.242517
0.335674 0.309519 0.0619618 0.292845
0.442312 0.396708 9.9991E-05 0.160879
0.827134 0.101963 0.000750628 0.0701526
0.184815 0.347741 0.148012 0.319432
0.611564 0.267466 0.00769193 0.113278
0.9997 9.998E-05 9.998E-05 9.998E-05
0.066045 0.338857 0.102918 0.492179
0.326138 0.265285 0.0955381 0.313039
