0.0551265 0.407559 0.360845 0.17647
0.0751924 0.288554 0.528864 0.107389
0.327319 9.9991E-05 0.613552 0.0590289
0.0568041 0.28299 0.565106 0.0951001
0.163678 0.0840084 0.664439 0.0878745
0.10319 0.327643 0.479716 0.0894514
0.237497 0.0232101 0.688013 0.0512801
0.179406 9.9991E-05 0.761037 0.0594568
0.0529764 0.128998 0.678601 0.139424
0.0039615 0.328653 0.543151 0.124234
0.117392 0.304168 0.517146 0.061293
0.336587 0.0646971 0.442467 0.156248
0.0704004 0.380911 0.424504 0.124185
9.999E-05 0.0513452 0.938595 0.00996004
9.999E-05 0.207866 0.723088 0.068946
9.9991E-05 0.426286 0.408559 0.165055
0.494984 0.294805 0.203283 0.00692841
0.940294 0.059506 9.9982E-05 9.9982E-05
0.933687 0.0395185 0.0266941 9.9991E-05
0.533954 0.363667 0.102279 9.9991E-05
9.9982E-05 0.205404 0.794397 9.9982E-05
9.9991E-05 0.381872 0.516947 0.101081
9.9991E-05 0.917299 0.0531147 0.0294865
9.9991E-05 0.666322 0.133779 0.199799
0.0212067 0.587897 0.287835 0.10306
0.0489166 0.0709464 0.665068 0.215069
0.0513328 0.36022 0.572102 0.0163454
0.103364 9.9991E-05 0.843431 0.0531048
9.9982E-05 0.27125 0.72855 9.9982E-05
9.9991E-05 0.180447 0.593708 0.225746
9.9991E-05 0.267455 0.677495 0.0549499
0.110085 9.9982E-05 0.889715 9.9982E-05
9.9982E-05 0.435636 0.564164 9.9982E-05
9.9991E-05 0.364191 0.534293 0.101416
0.0296771 0.964612 9.9991E-05 0.00561088
9.9991E-05 0.959855 0.0019192 0.0381261
9.9991E-05 0.791245 0.130699 0.0779559
9.9991E-05 0.845081 0.0996216 0.0551972
9.9991E-05 0.901836 0.0763815 0.0216823
0.035858 0.963942 9.9982E-05 9.9982E-05
0.0802814 0.919519 9.9982E-05 9.9982E-05
9.9982E-05 0.981971 9.9982E-05 0.0178289
9.998E-05 0.9997 9.998E-05 9.998E-05
9.998E-05 0.9997 9.998E-05 9.998E-05
0.00637084 0.993429 9.9982E-05 9.9982E-05
9.9982E-05 0.839257 0.160543 9.9982E-05
0.11598 0.8837 9.9991E-05 0.000220392
9.9982E-05 0.981595 0.0182046 9.9982E-05
0.0307672 0.58077 0.283289 0.105175
9.9982E-05 0.833921 0.165879 9.9982E-05
0.0728744 0.850142 0.0286546 0.0483287
0.0523724 0.938388 9.9991E-05 0.00913945
0.00642925 0.993371 9.9982E-05 9.9982E-05
0.0334484 0.925766 9.9991E-05 0.0406852
9.998E-05 0.9997 9.998E-05 9.998E-05
9.9991E-05 0.794928 0.0836575 0.121314
0.0206605 0.922334 9.9991E-05 0.0569056
0.63113 9.9991E-05 0.366652 0.00211823
0.18467 0.289134 0.407995 0.118201
0.150561 0.298259 0.480992 0.0701877
0.497404 0.0898451 0.412651 9.9991E-05
0.153496 0.339429 0.350535 0.15654
0.440002 0.146462 0.36358 0.0499561
0.0531804 0.3426 0.524222 0.0799975
0.209561 0.294412 0.495926 9.9991E-05
0.113442 0.385207 0.501251 9.9991E-05
0.191165 0.365247 0.40801 0.0355781
0.0928057 0.386269 0.440951 0.0799744
0.0310416 0.267102 0.658936 0.042921
0.0894198 0.0631985 0.798422 0.0489593
9.9982E-05 0.270239 0.729561 9.9982E-05
9.9991E-05 0.388001 0.503783 0.108115
0.116641 9.9991E-05 0.864963 0.0182956
9.9991E-05 0.366153 0.596239 0.0375079
9.9991E-05 0.208111 0.666818 0.124971
0.0168313 9.9982E-05 0.982969 9.9982E-05
0.0613073 9.9982E-05 0.938493 9.9982E-05
9.9991E-05 0.122518 0.812333 0.0650489
0.0769288 9.9991E-05 0.921748 0.00122281
9.9991E-05 0.0704117 0.915788 0.0137004
9.9991E-05 0.21581 0.257869 0.526221
0.0292653 0.343407 0.277794 0.349533
0.00417062 9.9991E-05 0.0475187 0.948211
0.016174 9.9982E-05 9.9982E-05 0.983626
0.0404854 0.305487 0.141597 0.51243
0.14379 0.487291 0.225379 0.14354
0.18665 0.440353 9.9991E-05 0.372897
0.348246 0.328478 0.130475 0.192801
0.21076 0.421776 0.156499 0.210965
0.269786 9.9991E-05 0.052849 0.677265
0.239865 0.0509816 9.9991E-05 0.709054
9.9991E-05 0.318892 0.156055 0.524952
9.9991E-05 0.301795 0.0986579 0.599447
0.143997 0.0727563 9.9991E-05 0.783147
0.07779 0.359376 0.0427602 0.520074
9.9991E-05 0.342648 0.234036 0.423216
0.0610211 0.370613 0.26496 0.303406
9.9991E-05 0.0575378 0.0745862 0.867776
0.0252589 0.127764 0.201815 0.645162
9.9991E-05 0.28002 0.388133 0.331747
0.0236834 0.214055 0.212612 0.54965
0.0475418 0.348146 0.299986 0.304327
9.9991E-05 0.134009 0.30773 0.558161
0.0253636 9.9991E-05 0.113862 0.860675
9.9991E-05 0.287961 0.135564 0.576375
0.0586354 9.9991E-05 0.0196 0.921665
9.9991E-05 0.124406 0.195448 0.680046
0.0244392 0.343967 0.17547 0.456124
9.9991E-05 0.224793 0.313849 0.461258
0.0660792 0.451458 0.182436 0.300027
0.21021 0.341957 0.136081 0.311751
0.264681 0.368157 0.17112 0.196042
0.197983 0.374751 0.20758 0.219686
9.9991E-05 0.509831 0.201082 0.288987
0.19048 0.355856 0.0469608 0.406703
0.395285 9.9982E-05 9.9982E-05 0.604515
0.00251313 0.506829 0.271607 0.219051
0.563899 0.0552974 9.9991E-05 0.380703
9.9991E-05 0.424842 0.201858 0.3732
9.9982E-05 9.9982E-05 0.0164165 0.983383
0.0218941 9.9982E-05 9.9982E-05 0.977906
9.9991E-05 0.124562 0.227076 0.648262
9.9991E-05 0.240956 0.137649 0.621295
9.9991E-05 0.0850732 0.104778 0.810049
9.9991E-05 0.188621 0.0830239 0.728256
9.9991E-05 0.208386 0.149869 0.641645
9.9991E-05 0.69975 0.253406 0.0467438
0.0379303 0.686688 0.214266 0.0611157
0.0526162 0.700317 0.120013 0.127054
0.150858 0.631654 0.148848 0.0686399
0.122138 0.591377 0.18029 0.106194
0.305195 0.694605 9.9982E-05 9.9982E-05
0.077417 0.720322 0.141402 0.0608597
0.10663 0.745094 0.0159563 0.13232
0.070005 0.587394 0.184893 0.157708
0.102696 0.749104 0.1481 9.9991E-05
0.07508 0.646084 0.192759 0.0860771
0.115671 0.758639 0.00807781 0.117612
0.0635988 0.597201 0.311492 0.0277078
0.162897 0.712467 9.9991E-05 0.124536
0.100986 0.630746 0.195065 0.0732029
0.0423732 0.651465 0.132204 0.173958
0.250355 0.749445 9.9982E-05 9.9982E-05
0.0669909 0.581447 0.202251 0.149312
0.180109 0.582964 0.236827 9.9991E-05
0.189497 0.466016 0.221775 0.122712
0.260101 0.432708 0.177635 0.129555
0.0210764 0.68239 0.150443 0.146091
0.0752823 0.716526 0.0171619 0.19103
0.32857 0.667398 0.00393205 9.9991E-05
0.167035 0.385932 0.405662 0.0413706
0.138407 0.407872 0.19129 0.262431
0.954796 0.0423097 0.00279422 9.9991E-05
0.9997 9.998E-05 9.998E-05 9.998E-05
0.440066 0.199368 0.285397 0.0751686
0.810676 0.0795008 0.0481045 0.0617189
0.930521 0.0692794 9.9982E-05 9.9982E-05
0.344594 0.24256 0.102768 0.310078
0.380789 0.314086 0.204272 0.100852
0.431447 0.219773 0.34868 9.9991E-05
0.744112 0.0827381 0.17305 9.9991E-05
0.20729 0.328698 0.446147 0.017865
0.58633 0.0711309 0.310505 0.0320343
0.9997 9.998E-05 9.998E-05 9.998E-05
0.0766783 0.53302 0.315429 0.074873
0.367939 0.369842 0.17292 0.0892997
