0.112141 9.9991E-05 0.887759
0.0179881 0.0581651 0.923847
0.215645 9.9991E-05 0.784255
0.166845 0.0322276 0.800927
0.13177 9.9991E-05 0.86813
0.119585 0.238547 0.641868
0.0495725 0.0718987 0.878529
0.0393457 0.161111 0.799544
9.9991E-05 0.0759628 0.923937
0.202517 0.0642337 0.733249
0.0716296 0.135287 0.793083
0.164444 0.726507 0.109049
0.396062 0.592127 0.0118111
0.192454 0.68837 0.119176
0.332518 0.550868 0.116614
0.332004 0.510823 0.157173
0.4484 0.534622 0.0169772
0.311862 0.688038 9.9991E-05
0.234619 0.586159 0.179222
9.9991E-05 0.756229 0.243671
0.293411 0.650036 0.056553
0.333777 0.655336 0.0108869
0.303626 0.676471 0.0199036
0.221601 0.69234 0.0860593
0.498994 0.479376 0.0216306
0.426818 0.507867 0.0653147
0.128289 0.719704 0.152007
0.253611 0.593396 0.152993
0.0860529 0.795991 0.117957
0.183975 9.9991E-05 0.815925
0.179987 9.9991E-05 0.819913
0.187663 0.0255447 0.786792
0.226149 0.0415907 0.73226
0.385447 0.614071 0.000482226
0.349215 0.590871 0.0599141
0.32873 0.67117 9.9991E-05
0.013414 0.748179 0.238407
0.237888 0.755854 0.00625707
0.397007 0.586746 0.0162473
0.432557 0.567343 9.9991E-05
0.343145 0.570004 0.0868511
0.424268 0.506198 0.0695338
0.0532005 0.91137 0.0354297
0.430101 0.55832 0.0115792
0.376262 0.623199 0.000538819
0.43178 0.476064 0.092156
0.215138 0.784762 9.9991E-05
0.413527 0.586373 9.9991E-05
0.428557 0.487628 0.0838155
9.9991E-05 0.810102 0.189798
0.0127596 0.931948 0.0552924
9.9991E-05 0.841147 0.158753
0.380952 0.552093 0.0669553
0.395669 0.581756 0.0225748
0.411424 0.538707 0.0498683
0.00881675 0.796069 0.195114
0.326488 0.673412 9.9991E-05
0.417126 0.55164 0.0312342
0.211081 0.643087 0.145832
0.0224186 0.637048 0.340534
0.340215 0.659685 9.9991E-05
0.270082 0.618653 0.111266
9.9991E-05 0.818554 0.181346
0.252446 0.747454 9.9991E-05
0.466185 0.531297 0.00251867
0.389181 0.523039 0.0877808
0.207549 0.685926 0.106525
0.375388 0.624512 9.9991E-05
0.396965 0.522823 0.0802117
0.00433212 0.832817 0.162851
0.246254 0.753646 9.9991E-05
0.0398112 0.938066 0.0221226
0.384039 0.535083 0.0808779
9.9991E-05 0.952868 0.0470321
9.999E-05 0.9998 9.999E-05
0.147504 0.852396 9.9991E-05
0.248413 0.751487 9.9991E-05
0.421316 0.557224 0.0214606
0.328227 0.671673 9.9991E-05
0.109199 0.834831 0.0559694
0.11532 0.810145 0.0745345
0.312573 0.631729 0.0556982
0.162543 0.810963 0.0264939
0.264424 0.735476 9.9991E-05
0.196388 0.803512 9.9991E-05
9.9991E-05 0.924813 0.0750866
0.379209 0.620691 9.9991E-05
0.184065 0.00962527 0.80631
0.122854 9.9991E-05 0.877046
0.145105 9.9991E-05 0.854795
0.112413 9.9991E-05 0.887487
0.127293 9.9991E-05 0.872607
0.124669 9.9991E-05 0.875231
0.114042 9.9991E-05 0.885858
0.343427 0.598252 0.0583217
0.418177 0.545878 0.0359452
9.9991E-05 0.935926 0.0639741
0.328334 0.610198 0.0614683
0.264678 0.735222 9.9991E-05
0.448752 0.551148 9.9991E-05
0.366309 0.633591 9.9991E-05
0.383035 0.616865 9.9991E-05
9.9991E-05 0.853436 0.146464
0.399361 0.502559 0.0980805
0.400115 0.599785 9.9991E-05
0.394447 0.54563 0.0599228
0.183706 0.779083 0.0372103
0.33361 0.66629 9.9991E-05
0.283291 0.686637 0.0300712
0.293812 0.706088 9.9991E-05
0.266776 0.733124 9.9991E-05
0.378961 0.507192 0.113847
0.132328 0.771142 0.0965294
0.290257 0.537278 0.172465
0.333569 0.62486 0.0415712
0.418133 0.508787 0.0730799
0.242695 0.675145 0.08216
0.365084 0.634816 9.9991E-05
0.264665 0.689814 0.0455213
0.326535 0.615862 0.0576032
0.391779 0.541183 0.0670383
0.297834 0.66341 0.0387566
0.192876 0.785203 0.0219212
0.491147 0.508753 9.9991E-05
0.304516 0.624491 0.0709928
0.401169 0.598731 9.9991E-05
0.379138 0.528668 0.0921936
0.361827 0.615004 0.0231692
0.203011 0.677334 0.119655
0.433716 0.566184 9.9991E-05
0.450147 0.549753 9.9991E-05
0.140719 0.728372 0.130909
0.105771 0.768783 0.125445
0.359377 0.5641 0.0765231
0.0189893 0.893515 0.0874962
0.075721 0.794449 0.12983
0.216303 0.745629 0.0380679
0.135474 0.767699 0.096827
0.154554 0.744346 0.1011
0.404404 0.555864 0.0397322
0.382096 0.52519 0.0927144
0.353692 0.646208 9.9991E-05
0.111118 0.770285 0.118597
0.358795 0.562619 0.0785856
0.339486 0.594664 0.0658503
9.9991E-05 0.702902 0.296998
0.457569 0.523381 0.0190503
0.200126 0.616164 0.18371
0.397427 0.569832 0.0327417
0.151744 0.645959 0.202297
0.0347158 0.776997 0.188287
0.214047 0.68539 0.100563
0.420841 0.508021 0.0711377
0.328699 0.531229 0.140072
0.119965 0.667431 0.212605
0.331478 0.609269 0.0592527
0.174217 0.825683 9.9991E-05
0.227012 0.722963 0.0500252
0.386676 0.51002 0.103304
0.346425 0.208328 0.445247
0.195526 0.0515042 0.75297
0.127455 0.21251 0.660035
0.418918 0.0807134 0.500368
0.41308 0.58682 9.9991E-05
0.426193 0.495309 0.0784979
0.898825 0.101075 9.9991E-05
0.625754 0.306711 0.0675349
0.642479 0.30122 0.0563011
0.170236 0.760751 0.0690135
0.407064 0.592836 9.9991E-05
0.0905136 0.825815 0.0836716
0.401526 0.598374 9.9991E-05
0.284592 0.607474 0.107934
0.423327 0.576573 9.9991E-05
0.0830987 0.793499 0.123403
0.419209 0.580691 9.9991E-05
0.433696 0.49742 0.0688839
0.961479 9.9991E-05 0.0384206
0.979815 9.9991E-05 0.020085
0.742171 0.173578 0.0842515
0.926369 0.0363424 0.0372886
0.881177 9.9991E-05 0.118723
0.939827 9.9991E-05 0.0600729
0.898858 9.9991E-05 0.101042
0.9998 9.999E-05 9.999E-05
0.977092 9.9991E-05 0.0228076
0.950985 9.9991E-05 0.0489154
0.934429 9.9991E-05 0.0654706
0.865816 0.0201608 0.114024
0.870194 9.9991E-05 0.129706
0.951759 9.9991E-05 0.0481407
0.623543 0.239174 0.137283
0.846732 0.067783 0.0854853
0.906472 9.9991E-05 0.0934278
0.872745 9.9991E-05 0.127156
0.991715 9.9991E-05 0.00818469
0.905153 9.9991E-05 0.094747
0.930399 9.9991E-05 0.0695011
0.737318 0.147514 0.115168
0.885034 9.9991E-05 0.114866
0.0160389 0.448896 0.535065
0.378872 0.421721 0.199407
0.29545 0.470125 0.234425
0.271219 0.434328 0.294453
0.462591 0.427844 0.109565
0.259427 0.40244 0.338133
0.414215 0.398496 0.187289
0.405089 0.391056 0.203855
0.439099 0.38142 0.179481
0.448184 0.34174 0.210075
0.348094 0.481431 0.170476
0.0840598 0.0635565 0.852384
0.0954236 9.9991E-05 0.904476
0.0425017 9.9991E-05 0.957398
0.055481 9.9991E-05 0.944419
0.0980872 9.9991E-05 0.901813
0.100248 9.9991E-05 0.899652
0.146781 9.9991E-05 0.853119
0.0827391 0.0576709 0.85959
0.0996759 9.9991E-05 0.900224
0.127181 9.9991E-05 0.872719
9.9991E-05 0.298217 0.701683
0.0128371 0.255381 0.731782
9.9991E-05 0.332084 0.667816
9.9991E-05 0.401118 0.598782
0.275897 0.705578 0.0185251
0.291523 0.708377 9.9991E-05
0.362027 0.637873 9.9991E-05
0.216131 0.754564 0.0293049
9.9991E-05 0.860253 0.139647
0.37003 0.628313 0.00165692
0.35088 0.64902 9.9991E-05
0.285374 0.714526 9.9991E-05
0.260456 0.739444 9.9991E-05
0.43886 0.550179 0.0109606
0.216793 0.783107 9.9991E-05
9.9991E-05 0.952722 0.0471776
0.260272 0.681002 0.0587254
0.15397 0.82369 0.0223402
0.285237 0.714663 9.9991E-05
9.9991E-05 0.921745 0.0781549
9.9991E-05 0.653656 0.346244
9.9991E-05 0.64386 0.35604
9.9991E-05 0.757235 0.242665
9.9991E-05 0.678694 0.321206
9.9991E-05 0.756507 0.243393
9.9991E-05 0.700714 0.299186
0.139409 0.0110774 0.849514
0.152056 9.9991E-05 0.847844
0.26247 9.9991E-05 0.73743
0.229947 0.00337414 0.766679
0.21209 9.9991E-05 0.78781
9.9991E-05 0.455267 0.544633
9.9991E-05 0.373478 0.626422
9.9991E-05 0.435147 0.564753
0.172301 9.9991E-05 0.827599
9.9991E-05 0.472854 0.527046
0.564874 0.160659 0.274467
0.533361 0.319705 0.146935
0.677989 0.162043 0.159968
0.488997 0.213781 0.297222
0.497348 0.375128 0.127523
0.350254 0.0813311 0.568415
0.213202 0.786698 9.9991E-05
0.214709 0.69392 0.0913711
0.10248 0.718521 0.178999
0.29611 0.702499 0.00139064
9.9991E-05 0.890202 0.109698
0.348147 0.545921 0.105932
0.288634 0.700167 0.0111985
0.0931796 0.773713 0.133108
0.397129 0.531906 0.0709644
0.00547553 0.869199 0.125326
0.330448 0.663152 0.00639938
0.321829 0.678071 9.9991E-05
0.415864 0.421602 0.162534
0.236809 0.763091 9.9991E-05
0.245198 0.686359 0.0684437
0.334237 0.665663 9.9991E-05
0.293426 0.706474 9.99974E-05
0.455702 0.536315 0.00798279
0.387092 0.545233 0.0676753
0.411232 0.554181 0.0345876
0.25582 9.9991E-05 0.74408
0.178095 9.9991E-05 0.821805
0.114708 0.0981831 0.787109
0.115513 0.0388116 0.845676
0.186971 9.9991E-05 0.812929
0.0918677 0.738376 0.169757
0.354449 0.574164 0.0713867
0.468326 0.35528 0.176393
0.431849 0.568051 9.9991E-05
0.282804 0.676848 0.0403478
0.104465 0.766221 0.129314
9.9991E-05 0.736567 0.263333
0.257836 0.660534 0.0816304
0.0589496 0.736611 0.20444
0.252758 0.684069 0.0631732
0.0314063 0.690541 0.278052
0.448263 0.500134 0.0516036
0.0549474 0.748003 0.197049
0.243889 0.715556 0.0405555
0.317108 0.652749 0.030143
0.1138 0.773511 0.112689
0.36158 0.590838 0.0475818
0.375398 0.507269 0.117333
0.131027 0.826137 0.0428364
0.356198 0.560226 0.083576
0.310615 0.626924 0.0624611
9.9991E-05 0.930499 0.0694013
0.0908396 0.829893 0.0792672
0.277176 0.686108 0.0367159
0.0134745 0.868321 0.118205
0.235799 0.742798 0.0214036
0.0105722 0.816056 0.173372
0.161077 0.838823 9.9991E-05
0.18025 0.705109 0.114641
0.405442 0.594458 9.9991E-05
0.149514 0.806116 0.0443706
0.381205 0.546462 0.0723324
0.413465 0.544565 0.0419697
0.315942 0.683958 9.9991E-05
0.389911 0.609989 9.9991E-05
0.278459 0.697233 0.0243077
0.149775 0.800117 0.0501084
0.294722 0.633861 0.0714169
0.356034 0.643866 9.9991E-05
0.439588 0.560312 9.9991E-05
0.231339 0.65989 0.10877
0.336415 0.663485 9.9991E-05
0.187768 0.653237 0.158995
0.431126 0.560298 0.00857668
0.356876 0.59322 0.0499036
0.379785 0.563611 0.0566041
0.433992 0.227643 0.338365
0.514057 0.406041 0.079902
0.432755 0.467387 0.0998584
0.464707 0.535193 9.9991E-05
0.524264 0.342077 0.13366
0.277904 0.721996 9.9991E-05
0.412626 0.471215 0.116159
0.14894 0.458465 0.392595
0.535997 0.41517 0.0488333
0.443474 0.510759 0.045767
0.510189 0.409973 0.079838
0.354576 0.429949 0.215475
0.523384 0.254314 0.222302
0.530076 0.348867 0.121056
0.144003 0.17646 0.679537
0.517304 0.345812 0.136884
0.637241 0.265169 0.0975901
0.506894 0.416808 0.0762981
0.575943 0.252532 0.171525
0.431424 0.38562 0.182957
0.346429 0.653471 9.9991E-05
0.380448 0.498309 0.121243
9.9991E-05 0.969996 0.0299038
9.9991E-05 0.884372 0.115528
0.400746 0.587057 0.0121962
0.595343 0.327101 0.0775561
0.590094 0.291427 0.118478
0.387241 0.328193 0.284566
0.483205 0.333644 0.183151
0.143418 0.649427 0.207155
0.185152 0.567065 0.247784
0.454836 0.545064 9.9991E-05
0.434649 0.543907 0.0214445
0.222815 0.656913 0.120272
0.474155 0.509514 0.0163317
0.454616 0.545284 9.9991E-05
0.433568 0.457539 0.108893
0.0923534 0.89429 0.0133569
0.240585 0.750485 0.00892993
0.346617 0.653283 9.9991E-05
0.244716 0.688628 0.0666562
0.396263 0.521038 0.0826984
0.309511 0.666907 0.0235816
0.137475 0.848259 0.0142654
0.400005 0.599895 9.9991E-05
0.138667 0.855165 0.00616832
0.288286 0.678618 0.0330957
0.371653 0.609667 0.0186797
0.296134 0.703766 9.9991E-05
0.465236 0.383148 0.151616
0.39564 0.40841 0.19595
0.475441 0.331296 0.193264
0.462566 0.370842 0.166591
0.416377 0.425169 0.158454
0.44011 0.41902 0.14087
0.142026 0.501929 0.356045
0.541864 0.372909 0.0852272
0.122618 0.300538 0.576844
0.513344 0.480004 0.00665181
9.9991E-05 0.988047 0.0118533
9.9991E-05 0.902383 0.0975165
0.246544 0.753356 9.9991E-05
0.377318 0.622582 9.9991E-05
0.170642 0.829258 9.9991E-05
0.322602 0.677298 9.9991E-05
0.31445 0.68545 9.9991E-05
0.174086 0.0313941 0.79452
0.147959 0.0634077 0.788634
0.130129 9.9991E-05 0.869771
0.0800203 9.9991E-05 0.91988
0.366409 0.633491 9.9991E-05
0.274719 0.669191 0.05609
0.24072 0.75918 9.9991E-05
0.397691 0.602209 9.9991E-05
0.373238 0.610815 0.0159467
0.0948667 0.843326 0.061807
0.41575 0.58415 9.9991E-05
0.149496 0.850404 9.9991E-05
0.488859 0.303062 0.208079
0.295593 0.704307 9.9991E-05
0.130706 0.869194 9.9991E-05
0.316876 0.683024 9.9991E-05
0.247114 0.752786 9.9991E-05
0.40134 0.59856 9.9991E-05
0.380261 0.591737 0.0280027
0.00278438 0.997116 9.9991E-05
0.170074 0.829826 9.9991E-05
0.221821 0.745521 0.0326575
9.999E-05 0.9998 9.999E-05
0.264772 0.735128 9.9991E-05
0.0496369 0.950263 9.9991E-05
9.9991E-05 0.94088 0.0590201
0.346533 0.653367 9.9991E-05
0.0700003 0.857411 0.0725887
0.277585 0.722315 9.9991E-05
0.402331 0.530831 0.0668376
0.293943 0.705957 9.9991E-05
0.232636 0.767264 9.9991E-05
0.360436 0.639464 9.9991E-05
0.297295 0.677306 0.0253993
0.13975 0.86015 9.9991E-05
0.320778 0.612844 0.0663783
9.9991E-05 0.257617 0.742283
0.0583291 0.163569 0.778102
9.9991E-05 0.118528 0.881373
9.9991E-05 0.141219 0.858681
0.000849284 0.177464 0.821686
0.0468242 0.852473 0.100703
0.0287913 0.846301 0.124907
0.0646014 0.935299 9.9991E-05
0.429149 0.551004 0.0198466
0.442942 0.497773 0.0592843
0.190052 0.771901 0.0380476
0.477519 0.522381 9.9991E-05
0.290088 0.698318 0.0115939
0.319864 0.680036 9.9991E-05
0.362243 0.637657 9.9991E-05
0.159993 0.839907 9.9991E-05
0.182266 0.817634 9.9991E-05
0.181916 0.806265 0.011819
0.419981 0.561278 0.0187417
0.195285 0.804615 9.9991E-05
0.321982 0.677918 9.9991E-05
0.65728 0.203687 0.139033
0.648654 0.216898 0.134448
0.727657 0.171339 0.101004
0.726794 0.123181 0.150025
0.661948 0.228061 0.10999
0.32594 0.67396 9.9991E-05
0.681456 9.9991E-05 0.318444
0.717419 0.1192 0.163382
0.433962 0.398162 0.167876
0.356052 0.514639 0.12931
0.249798 0.610911 0.139291
0.398446 0.526023 0.0755304
0.42963 0.494447 0.0759234
0.726398 0.0515663 0.222036
0.637622 0.21343 0.148948
0.836211 0.0652228 0.0985666
0.559592 0.318942 0.121466
0.716338 0.122713 0.160949
0.584174 0.25207 0.163756
0.743752 0.0864091 0.169839
0.676073 0.210915 0.113012
0.338292 0.553296 0.108411
0.532717 0.293828 0.173456
0.769743 9.9991E-05 0.230157
0.601004 0.257229 0.141767
0.116847 0.640694 0.242458
0.449666 0.550234 9.9991E-05
0.581446 0.248375 0.170179
0.404638 0.583623 0.0117388
0.337877 0.500651 0.161471
0.482619 0.297123 0.220258
0.509187 0.264689 0.226124
0.441055 0.474327 0.084618
0.596662 0.271354 0.131983
0.679243 0.146415 0.174343
0.709137 0.0180463 0.272817
0.409352 0.471409 0.119239
0.200141 0.658286 0.141573
0.132172 0.631788 0.236039
0.42743 0.491333 0.0812375
0.255913 0.627107 0.11698
0.516149 0.314806 0.169045
0.359063 0.518575 0.122362
0.183409 0.268046 0.548545
0.123677 0.330397 0.545926
0.24715 0.475077 0.277773
0.249516 0.28116 0.469324
0.247387 0.159223 0.593389
0.330939 0.513664 0.155397
0.405392 0.369422 0.225187
0.277235 0.388099 0.334666
0.254561 0.333247 0.412192
0.46996 0.437574 0.092466
0.245551 0.403054 0.351396
0.0875734 0.263047 0.649379
0.549539 0.405304 0.0451571
0.437149 0.359406 0.203445
0.452372 0.270988 0.27664
0.654287 0.218451 0.127262
0.556237 0.332886 0.110877
0.557447 0.300733 0.14182
0.45858 0.173744 0.367675
0.574278 0.256144 0.169577
0.562371 0.215784 0.221845
0.482121 0.254704 0.263175
0.297688 0.505203 0.197109
0.450934 0.405299 0.143766
0.379836 0.416245 0.203919
0.456356 0.520151 0.0234929
0.554779 0.134297 0.310925
0.507149 0.341422 0.15143
0.318083 0.247502 0.434415
0.552904 0.304099 0.142997
0.460483 0.232837 0.30668
0.0309266 0.112571 0.856503
9.9991E-05 0.794266 0.205634
9.9991E-05 0.73987 0.26003
9.9991E-05 0.736348 0.263552
9.9991E-05 0.825501 0.174399
9.9991E-05 0.749551 0.250349
9.9991E-05 0.817268 0.182632
9.9991E-05 0.675118 0.324782
9.9991E-05 0.567201 0.432699
0.0827907 9.9991E-05 0.917109
0.11104 0.0448688 0.844091
0.122469 9.9991E-05 0.877431
0.0425354 0.118578 0.838887
0.105868 9.9991E-05 0.894032
0.0417154 9.9991E-05 0.958185
0.239055 9.9991E-05 0.760845
0.133047 9.9991E-05 0.866853
0.166358 0.0844008 0.749242
0.127357 9.9991E-05 0.872543
0.0320975 9.9991E-05 0.967802
0.111554 0.0337135 0.854733
0.0748421 9.9991E-05 0.925058
0.136171 9.9991E-05 0.863729
0.125409 9.9991E-05 0.874491
0.225272 9.9991E-05 0.774628
0.258863 9.9991E-05 0.741037
0.235318 9.9991E-05 0.764582
0.208863 9.9991E-05 0.791037
0.256126 0.547178 0.196696
0.409341 0.588933 0.00172534
0.453943 0.494991 0.0510659
0.0448268 0.768318 0.186856
0.318249 0.53646 0.145291
0.0742699 0.631334 0.294396
0.392589 0.589507 0.0179043
0.170276 0.690385 0.139339
0.267977 0.637015 0.0950079
0.330115 0.657283 0.0126025
0.270192 0.586419 0.14339
0.374053 0.625847 9.9991E-05
0.37276 0.583973 0.0432671
9.9991E-05 0.86481 0.13509
9.9991E-05 0.796425 0.203475
0.0950944 0.703096 0.20181
0.40716 0.574498 0.0183425
0.33599 0.560767 0.103243
0.361725 0.518634 0.119642
0.462138 0.537762 9.9991E-05
0.522371 0.35589 0.121739
0.523007 0.332343 0.14465
0.225282 0.319884 0.454835
0.422783 0.483897 0.0933208
0.412103 0.383827 0.20407
0.145018 0.240295 0.614686
0.428298 0.245367 0.326335
0.353997 0.286008 0.359995
0.392927 0.289361 0.317712
0.424 0.400667 0.175332
0.519407 0.274886 0.205708
0.549162 0.305936 0.144902
0.418038 0.396448 0.185515
0.38423 0.190151 0.425619
