0.918469 9.9991E-05 0.0814313
0.960078 9.9991E-05 0.0398224
0.793839 9.9991E-05 0.206061
0.82493 0.0264279 0.148642
0.847376 9.9991E-05 0.152524
0.647297 0.203163 0.14954
0.830872 0.0557983 0.113329
0.788697 0.103443 0.10786
0.925264 0.074636 9.9991E-05
0.739735 0.0304493 0.229816
0.788216 0.151326 0.060458
0.0874928 0.775769 0.136738
0.0708586 0.598342 0.3308
0.148224 0.696778 0.154998
0.0991152 0.620049 0.280836
0.140758 0.48199 0.377252
0.0500512 0.49292 0.457029
0.0672444 0.631012 0.301744
0.191941 0.556253 0.251806
0.27049 0.72941 9.9991E-05
0.0330252 0.653789 0.313186
0.105502 0.628098 0.2664
0.0445792 0.639561 0.31586
0.112097 0.693353 0.19455
0.0486916 0.519315 0.431993
0.085275 0.526133 0.388592
0.188883 0.68846 0.122657
0.102029 0.636345 0.261626
0.105335 0.804166 0.0904985
0.804532 9.9991E-05 0.195368
0.815484 9.9991E-05 0.184416
0.761048 0.00875089 0.230202
0.751394 0.00706371 0.241542
0.0621453 0.674376 0.263478
0.0581598 0.610453 0.331388
9.9991E-05 0.689074 0.310826
0.221517 0.752146 0.026336
9.9991E-05 0.792103 0.207797
0.000648673 0.623752 0.375599
9.9991E-05 0.53391 0.46599
0.0479504 0.604012 0.348038
0.036923 0.576231 0.386846
0.0954125 0.904488 9.9991E-05
9.9991E-05 0.552845 0.447055
9.9991E-05 0.585529 0.414371
0.0216597 0.483764 0.494576
9.9991E-05 0.826889 0.173011
9.9991E-05 0.630724 0.369176
0.046226 0.518998 0.434776
0.189069 0.810831 9.9991E-05
0.0566187 0.908986 0.0343953
0.171739 0.819147 0.0091141
0.0738862 0.526268 0.399846
9.9991E-05 0.539145 0.460755
9.9991E-05 0.571492 0.428408
0.218659 0.76494 0.0164014
9.9991E-05 0.678826 0.321074
0.0421747 0.547754 0.410072
0.122219 0.700851 0.17693
0.348187 0.610677 0.041136
0.0279918 0.62791 0.344099
0.0567162 0.648898 0.294386
0.205296 0.794604 9.9991E-05
0.021995 0.67378 0.304225
9.9991E-05 0.606959 0.392941
0.106459 0.510771 0.38277
0.132882 0.707722 0.159397
0.0026272 0.69012 0.307252
9.9991E-05 0.625104 0.374796
0.147909 0.813091 0.0389999
9.9991E-05 0.751864 0.248036
0.016144 0.852215 0.131641
0.0163656 0.62769 0.355945
0.045631 0.954269 9.9991E-05
0.00976785 0.990132 9.9991E-05
9.9991E-05 0.865518 0.134382
9.9991E-05 0.751852 0.248048
0.063647 0.515045 0.421308
9.9991E-05 0.725376 0.274524
0.0614456 0.859478 0.0790765
0.0716984 0.834375 0.0939264
9.9991E-05 0.582917 0.416983
0.0136126 0.779429 0.206958
9.9991E-05 0.741096 0.258804
9.9991E-05 0.773268 0.226632
0.0883656 0.911534 9.9991E-05
9.9991E-05 0.643438 0.356462
0.801615 0.0265336 0.171852
0.883283 9.9991E-05 0.116617
0.845572 9.9991E-05 0.154328
0.869669 9.9991E-05 0.130231
0.858746 9.9991E-05 0.141154
0.864318 9.9991E-05 0.135582
0.884277 9.9991E-05 0.115623
0.0522907 0.520196 0.427513
0.0885784 0.520036 0.391385
0.0512772 0.948623 9.9991E-05
0.0368923 0.593105 0.370003
9.9991E-05 0.726859 0.273041
9.9991E-05 0.631886 0.368014
9.9991E-05 0.65247 0.34743
9.9991E-05 0.648242 0.351658
0.146263 0.853637 9.9991E-05
0.0443155 0.589889 0.365795
0.000224048 0.670408 0.329368
0.0216584 0.593326 0.385016
9.9991E-05 0.787356 0.212544
9.9991E-05 0.706071 0.293829
9.9991E-05 0.735168 0.264732
9.9991E-05 0.741699 0.258201
0.0607464 0.678993 0.260261
0.0889992 0.540978 0.370023
0.0901144 0.769196 0.14069
0.193655 0.514539 0.291806
0.0802376 0.545689 0.374074
9.9991E-05 0.613134 0.386766
0.066991 0.712216 0.220793
0.000728022 0.576788 0.422484
0.0602879 0.643903 0.295809
0.0527009 0.625241 0.322058
0.0554754 0.595823 0.348702
0.0330572 0.631735 0.335207
0.0360664 0.71726 0.246673
9.9991E-05 0.553208 0.446692
0.0115834 0.558286 0.430131
9.9991E-05 0.631135 0.368765
0.0502248 0.573105 0.37667
0.00273611 0.615888 0.381376
0.172722 0.611226 0.216052
9.9991E-05 0.566342 0.433558
9.9991E-05 0.501739 0.498161
0.0990105 0.732047 0.168942
0.16795 0.814391 0.0176587
0.0455041 0.638087 0.316409
0.0420941 0.900987 0.0569187
0.144221 0.788821 0.0669577
0.0514288 0.780242 0.168329
0.130894 0.788946 0.08016
0.0825605 0.830108 0.0873313
0.0362201 0.581272 0.382508
0.104375 0.586967 0.308657
9.9991E-05 0.612421 0.387479
0.119173 0.808081 0.0727463
0.0710679 0.586227 0.342705
0.070716 0.556672 0.372612
0.278268 0.721632 9.9991E-05
9.9991E-05 0.531586 0.468314
0.128519 0.552107 0.319374
0.0564815 0.560215 0.383303
0.221444 0.597882 0.180674
0.193633 0.789556 0.0168109
0.0509521 0.720732 0.228315
0.103897 0.601813 0.29429
0.140837 0.564544 0.294619
0.232698 0.640282 0.12702
0.0848652 0.560267 0.354868
9.9991E-05 0.878633 0.121267
0.021446 0.733827 0.244727
0.0478377 0.572773 0.379389
0.394746 0.254414 0.35084
0.749891 0.0874875 0.162621
0.670705 0.168126 0.161168
0.487429 0.0781789 0.434393
9.9991E-05 0.621665 0.378235
0.0150006 0.557244 0.427755
9.9991E-05 0.138347 0.861553
0.0647432 0.325265 0.609992
0.108482 0.273865 0.617653
0.0368871 0.773936 0.189177
0.0654627 0.6097 0.324838
0.0787817 0.783673 0.137545
9.9991E-05 0.662525 0.337375
9.9991E-05 0.706327 0.293573
9.9991E-05 0.593295 0.406605
0.0605533 0.857755 0.0816914
9.9991E-05 0.550109 0.449791
0.103072 0.584009 0.312918
0.0172194 9.9991E-05 0.982681
0.037927 9.9991E-05 0.961973
0.0827204 0.181799 0.73548
0.0195509 0.0806403 0.899809
0.0777146 0.014572 0.907713
0.0851238 9.9991E-05 0.914776
0.118982 9.9991E-05 0.880918
9.999E-05 9.999E-05 0.9998
0.0173297 9.9991E-05 0.98257
0.0053863 9.9991E-05 0.994514
0.0601393 9.9991E-05 0.939761
0.065259 0.073524 0.861217
0.131518 9.9991E-05 0.868382
0.0398903 9.9991E-05 0.96001
0.062938 0.362445 0.574617
0.0679829 0.0964022 0.835615
0.0505657 0.0915962 0.857838
0.0823554 9.9991E-05 0.917545
0.00995805 9.9991E-05 0.989942
0.0842338 9.9991E-05 0.915666
0.0539642 9.9991E-05 0.945936
0.0820572 0.180727 0.737216
0.0910936 9.9991E-05 0.908806
0.504776 0.448811 0.0464132
0.19406 0.48395 0.32199
0.2289 0.438279 0.332821
0.32997 0.47729 0.19274
0.11834 0.433396 0.448264
0.365851 0.438834 0.195314
0.205573 0.424929 0.369498
0.247172 0.398883 0.353945
0.147161 0.396042 0.456797
0.150692 0.367468 0.48184
0.197886 0.453826 0.348288
0.815131 0.0639063 0.120963
0.917509 9.9991E-05 0.0823913
0.962751 9.9991E-05 0.0371493
0.930333 9.9991E-05 0.0695667
0.893076 9.9991E-05 0.106824
0.874004 9.9991E-05 0.125896
0.854973 9.9991E-05 0.144927
0.932209 9.9991E-05 0.067691
0.905546 9.9991E-05 0.0943545
0.852897 9.9991E-05 0.147003
0.7176 0.2823 9.9991E-05
0.697592 0.302308 9.9991E-05
0.661591 0.338309 9.9991E-05
0.596701 0.403199 9.9991E-05
9.9991E-05 0.697057 0.302843
0.0501694 0.660874 0.288957
9.9991E-05 0.670637 0.329263
0.0648585 0.796662 0.13848
0.112978 0.886922 9.9991E-05
9.9991E-05 0.630293 0.369607
9.9991E-05 0.628514 0.371386
9.9991E-05 0.754108 0.245792
9.9991E-05 0.770272 0.229628
9.9991E-05 0.589994 0.409906
9.9991E-05 0.807704 0.192196
0.0332874 0.966613 9.9991E-05
0.0072411 0.649867 0.342891
0.0355086 0.839395 0.125096
9.9991E-05 0.698939 0.300961
0.117456 0.882444 9.9991E-05
0.337004 0.662896 9.9991E-05
0.316124 0.683776 9.9991E-05
0.257316 0.742584 9.9991E-05
0.341904 0.657996 9.9991E-05
0.238453 0.761447 9.9991E-05
0.305006 0.694894 9.9991E-05
0.857898 9.9991E-05 0.142002
0.812989 9.9991E-05 0.186911
0.733622 9.9991E-05 0.266278
0.802524 9.9991E-05 0.197376
0.818303 9.9991E-05 0.181597
0.552222 0.447678 9.9991E-05
0.594552 0.405348 9.9991E-05
0.599586 0.400314 9.9991E-05
0.803194 9.9991E-05 0.196706
0.545879 0.454021 9.9991E-05
0.257115 0.168616 0.574269
0.0697011 0.347926 0.582373
0.149053 0.197774 0.653173
0.236842 0.285427 0.477731
0.153937 0.36672 0.479343
0.590273 0.046636 0.363091
0.00102666 0.745965 0.253009
0.0788584 0.7653 0.155842
0.152715 0.725231 0.122054
9.9991E-05 0.771098 0.228802
0.0914338 0.908466 9.9991E-05
0.0518584 0.613152 0.334989
0.017209 0.72233 0.260461
0.111634 0.748815 0.139552
0.0496167 0.604796 0.345587
0.095065 0.904835 9.9991E-05
0.00725614 0.715509 0.277235
9.9991E-05 0.698469 0.301431
0.11288 0.467666 0.419454
0.00401348 0.813856 0.182131
0.00496822 0.749512 0.24552
9.9991E-05 0.632921 0.366979
9.9991E-05 0.723971 0.275929
9.9991E-05 0.514653 0.485247
0.0638907 0.530949 0.405161
0.0693696 0.551473 0.379157
0.761065 9.9991E-05 0.238835
0.824393 9.9991E-05 0.175507
0.788197 0.101023 0.11078
0.809434 0.0542305 0.136335
0.793421 9.9991E-05 0.206479
0.199573 0.739362 0.0610649
0.019525 0.637751 0.342724
0.164451 0.384103 0.451447
9.9991E-05 0.574972 0.424928
0.0454498 0.695048 0.259502
0.0938549 0.798269 0.107876
0.286733 0.713167 9.9991E-05
9.9991E-05 0.69446 0.30544
0.212532 0.723695 0.0637729
0.0802709 0.587081 0.332648
0.290377 0.693896 0.0157268
0.0658564 0.542612 0.391532
0.217952 0.756582 0.0254656
0.10411 0.638731 0.257159
0.0679205 0.652525 0.279554
0.0877263 0.763363 0.148911
9.9991E-05 0.658024 0.341876
0.129214 0.454274 0.416512
0.0393254 0.819244 0.14143
0.0591282 0.601685 0.339187
0.0423083 0.631607 0.326085
0.0495047 0.947798 0.00269738
0.0697931 0.851611 0.0785964
0.00600566 0.705889 0.288105
0.11877 0.88113 9.9991E-05
0.00869736 0.78019 0.211113
0.194152 0.787552 0.0182963
9.9991E-05 0.88628 0.11362
0.0410072 0.707962 0.25103
9.9991E-05 0.642835 0.357065
0.0301686 0.840047 0.129784
0.0625565 0.58617 0.351274
0.0541814 0.579431 0.366387
0.0116225 0.597356 0.391022
0.0092504 0.687335 0.303414
0.0998587 0.641559 0.258582
0.0704623 0.79847 0.131067
0.0249139 0.7679 0.207187
9.9991E-05 0.599724 0.400176
0.025365 0.606169 0.368466
0.0722827 0.714524 0.213194
9.9991E-05 0.633679 0.366221
0.152215 0.607308 0.240477
9.9991E-05 0.610065 0.389835
0.0174005 0.640677 0.341922
0.0330883 0.544649 0.422263
0.274716 0.270728 0.454556
0.1589 0.349101 0.491999
0.0749021 0.423414 0.501684
9.9991E-05 0.560095 0.439805
0.149105 0.307472 0.543423
9.9991E-05 0.737777 0.262123
0.0410329 0.504202 0.454765
0.381622 0.472217 0.146162
0.0645487 0.403466 0.531986
9.9991E-05 0.471681 0.528219
0.106477 0.354711 0.538812
0.24247 0.401169 0.356361
0.163678 0.387703 0.448619
0.109436 0.396135 0.494429
0.685775 0.153461 0.160764
0.143202 0.35957 0.497228
0.118591 0.301692 0.579718
0.00243979 0.522832 0.474728
0.135146 0.270186 0.594669
0.127464 0.429154 0.443383
0.0143924 0.685427 0.300181
0.10587 0.53056 0.36357
0.0417295 0.958171 9.9991E-05
0.083627 0.916273 9.9991E-05
0.0831869 0.513683 0.40313
0.0598664 0.374607 0.565526
0.106094 0.270983 0.622923
0.28786 0.252092 0.460049
0.243885 0.237018 0.519097
0.19249 0.666908 0.140602
0.170011 0.579914 0.250076
9.9991E-05 0.58466 0.41524
0.0404429 0.55824 0.401317
0.131554 0.642578 0.225869
0.0128959 0.582849 0.404255
9.9991E-05 0.603842 0.396058
0.0890082 0.573439 0.337552
0.0373599 0.829234 0.133406
9.9991E-05 0.777177 0.222723
0.000151832 0.63614 0.363708
0.0831029 0.649108 0.267789
0.0703968 0.595057 0.334546
9.9991E-05 0.725223 0.274677
0.0539333 0.848834 0.0972328
9.9991E-05 0.588439 0.411461
0.0250766 0.858463 0.116461
0.0307108 0.723924 0.245365
0.00237387 0.559738 0.437888
0.00208994 0.762239 0.235671
0.104192 0.342433 0.553374
0.176168 0.45014 0.373693
0.233622 0.326663 0.439715
0.16532 0.42973 0.40495
0.149091 0.452319 0.398591
0.186998 0.352208 0.460794
0.325023 0.549786 0.125191
0.0141769 0.364488 0.621335
0.530208 0.329379 0.140413
0.0122913 0.483165 0.504544
0.0547114 0.941545 0.00374373
0.0722079 0.927692 9.9991E-05
9.9991E-05 0.702857 0.297043
9.9991E-05 0.645949 0.353951
9.9991E-05 0.833525 0.166375
9.9991E-05 0.688391 0.311509
9.9991E-05 0.65796 0.34194
0.798274 0.0125503 0.189176
0.795362 0.0681481 0.13649
0.8807 9.9991E-05 0.1192
0.896321 9.9991E-05 0.103579
0.0132684 0.670974 0.315758
0.0241483 0.664902 0.31095
9.9991E-05 0.770944 0.228956
0.0094485 0.598077 0.392475
0.0705315 0.570408 0.35906
0.044862 0.881247 0.0738908
9.9991E-05 0.642831 0.357069
9.9991E-05 0.837874 0.162026
0.197901 0.340888 0.461211
9.9991E-05 0.699379 0.300521
0.0141535 0.828301 0.157545
9.9991E-05 0.687848 0.312052
9.9991E-05 0.76059 0.23931
9.9991E-05 0.651354 0.348546
0.0247643 0.586117 0.389119
9.999E-05 0.9998 9.999E-05
0.0219907 0.803349 0.17466
9.9991E-05 0.836073 0.163827
9.999E-05 0.9998 9.999E-05
0.0245784 0.660051 0.315371
0.0567602 0.886876 0.0563637
0.0861087 0.913791 9.9991E-05
9.9991E-05 0.65863 0.34127
0.0929061 0.831366 0.0757274
9.9991E-05 0.687012 0.312888
0.0479487 0.587394 0.364657
9.9991E-05 0.718604 0.281296
9.9991E-05 0.763409 0.236491
9.9991E-05 0.66986 0.33004
9.9991E-05 0.718371 0.281529
9.9991E-05 0.867647 0.132253
0.0371658 0.587845 0.374989
0.750649 0.23005 0.0193005
0.794318 0.0972065 0.108476
0.893064 0.106836 9.9991E-05
0.872421 0.122269 0.00530967
0.798591 0.182301 0.0191074
0.05174 0.866748 0.0815124
0.12921 0.86941 0.0013805
9.9991E-05 0.918204 0.0816962
0.0524226 0.555715 0.391862
0.113183 0.526284 0.360533
0.00375673 0.802973 0.19327
9.9991E-05 0.590105 0.409795
9.9991E-05 0.704132 0.295768
9.9991E-05 0.693391 0.306509
9.9991E-05 0.630513 0.369387
0.0145256 0.870378 0.115097
9.9991E-05 0.820513 0.179387
9.9991E-05 0.850081 0.149819
0.0797585 0.545945 0.374297
9.9991E-05 0.764621 0.235279
9.9991E-05 0.682732 0.317168
0.0205455 0.254026 0.725428
0.116619 0.233163 0.650218
0.146061 0.164534 0.689406
0.133166 0.122025 0.744809
0.0844338 0.328669 0.586897
9.9991E-05 0.685089 0.314811
0.300862 9.9991E-05 0.699038
0.149157 0.155216 0.695627
0.19326 0.417832 0.388908
0.0992746 0.58512 0.315605
0.107373 0.633248 0.259379
0.0257127 0.548982 0.425306
0.0018879 0.606416 0.391696
0.192081 0.0910709 0.716849
0.141626 0.185913 0.672461
0.0307518 0.207824 0.761424
0.151254 0.267938 0.580808
0.124011 0.136739 0.73925
0.1428 0.264147 0.593053
0.182173 0.0625103 0.755317
0.136644 0.240623 0.622733
0.0931382 0.5297 0.377162
0.120027 0.263635 0.616338
0.214368 9.9991E-05 0.785532
0.13606 0.272705 0.591235
0.266906 0.645561 0.0875333
0.0214924 0.580516 0.397992
0.104249 0.367742 0.52801
0.045478 0.558573 0.395949
0.1326 0.545077 0.322323
0.213927 0.364833 0.42124
0.218305 0.261632 0.520063
0.0310298 0.469821 0.499149
0.119308 0.226985 0.653707
0.106662 0.17427 0.719068
0.220021 0.0435958 0.736383
0.0839142 0.475101 0.440985
0.126834 0.654505 0.218661
0.275098 0.612945 0.111957
0.0552789 0.47378 0.470941
0.119928 0.630084 0.249988
0.181946 0.378112 0.439942
0.11203 0.503952 0.384018
0.483115 0.306652 0.210233
0.489189 0.34799 0.16282
0.167877 0.508762 0.323361
0.472591 0.31194 0.21547
0.57905 0.132059 0.288892
0.104125 0.568997 0.326878
0.205054 0.388593 0.406354
0.342274 0.370147 0.287579
0.370902 0.369676 0.259422
0.153104 0.473111 0.373786
0.296046 0.444733 0.25922
0.665129 0.253443 0.0814272
0.0526879 0.485251 0.462061
0.197563 0.368443 0.433994
0.248446 0.240949 0.510605
0.113036 0.240044 0.646919
0.0785935 0.374797 0.54661
0.129838 0.329687 0.540476
0.360838 0.153443 0.485719
0.126354 0.345883 0.527763
0.201097 0.247436 0.551467
0.256145 0.307924 0.435931
0.185087 0.489901 0.325012
0.16407 0.444687 0.391243
0.0689004 0.430244 0.500856
0.0339232 0.532741 0.433336
0.233797 0.190752 0.575451
0.110973 0.381046 0.507981
0.442607 0.207961 0.349431
0.0871168 0.370195 0.542688
0.310774 0.18821 0.501016
0.866033 0.114396 0.019571
0.238547 0.761353 9.9991E-05
0.285132 0.714768 9.9991E-05
0.261534 0.738366 9.9991E-05
0.205594 0.794306 9.9991E-05
0.255615 0.744285 9.9991E-05
0.210021 0.789879 9.9991E-05
0.280615 0.719285 9.9991E-05
0.430309 0.569591 9.9991E-05
0.894559 9.9991E-05 0.105341
0.853229 0.0338599 0.112911
0.898459 9.9991E-05 0.101441
0.869223 0.0741046 0.0566725
0.864871 9.9991E-05 0.135029
0.949163 0.0170305 0.0338066
0.717018 0.044821 0.238161
0.865722 9.9991E-05 0.134178
0.713811 0.174114 0.112074
0.874322 9.9991E-05 0.125578
0.964372 0.00927 0.0263578
0.839845 9.9991E-05 0.160055
0.935431 9.9991E-05 0.0644691
0.875004 9.9991E-05 0.124896
0.820192 9.9991E-05 0.179708
0.768288 9.9991E-05 0.231613
0.758676 9.9991E-05 0.241224
0.760561 9.9991E-05 0.239339
0.80615 9.9991E-05 0.19375
0.15055 0.606924 0.242526
9.9991E-05 0.596222 0.403678
0.126184 0.481985 0.391831
0.181252 0.778705 0.0400439
0.0780908 0.628457 0.293452
0.311887 0.655091 0.0330224
0.0698258 0.509756 0.420418
0.138418 0.701786 0.159796
0.0775049 0.620389 0.302106
0.0320807 0.685576 0.282344
0.0935828 0.659742 0.246675
0.0575601 0.567097 0.375343
0.0741111 0.598538 0.327351
0.124581 0.86619 0.00922872
0.235765 0.764135 9.9991E-05
0.209062 0.680382 0.110556
0.0905378 0.565854 0.343608
0.0827584 0.532125 0.385116
0.168993 0.542643 0.288364
0.0290172 0.515249 0.455734
0.128606 0.4146 0.456795
0.119077 0.335572 0.545351
0.46688 0.285191 0.247929
0.0304459 0.555009 0.414545
0.210728 0.342216 0.447057
0.607153 0.244027 0.148819
0.328501 0.269009 0.40249
0.338415 0.279036 0.382549
0.257007 0.359434 0.383559
0.0414185 0.470304 0.488278
0.199764 0.349576 0.45066
0.091657 0.334528 0.573815
0.184 0.398039 0.417961
0.438363 0.146768 0.414869
