0.0298714 9.9991E-05 0.0172043 0.0359886 0.891841 0.0249943
9.9982E-05 9.9982E-05 0.0413919 0.024878 0.922969 0.010561
0.0633926 9.9991E-05 0.0345769 0.00819041 0.810914 0.0828263
0.0340563 9.9982E-05 0.079612 9.9982E-05 0.825805 0.0603267
9.9982E-05 0.031875 0.00215395 9.9982E-05 0.881001 0.0847699
0.0448561 0.110972 0.0928878 0.0266467 0.615804 0.108833
0.000498443 0.123056 0.0667047 9.9982E-05 0.809541 9.9982E-05
9.9982E-05 0.123384 0.110054 9.9982E-05 0.734756 0.0316065
9.9982E-05 0.042571 0.0689494 0.045763 0.842517 9.9982E-05
0.0962248 0.0168269 0.0853815 0.0500849 0.672516 0.0789656
9.9973E-05 0.119364 0.117299 9.9973E-05 0.763037 9.9973E-05
0.0783562 0.00410951 0.420624 0.254493 9.9991E-05 0.242317
0.130209 0.0805938 0.238582 0.0671793 9.9991E-05 0.483336
0.0694164 0.147349 0.453704 0.0858602 0.0128543 0.230816
0.174087 0.0425733 0.353439 0.110296 0.00146574 0.318138
0.165978 0.0819334 0.211709 0.0825416 0.110002 0.347836
0.130409 0.00350419 0.169024 0.0650601 0.0218527 0.610149
0.0713207 0.181288 0.189119 0.0781157 9.9991E-05 0.480056
0.152618 0.00452096 0.394022 0.129014 0.080302 0.239523
0.0867157 0.142341 0.652859 0.117885 9.9982E-05 9.9982E-05
0.151951 0.0502929 0.298264 0.199919 9.9991E-05 0.299473
0.0372646 0.175022 0.163708 0.0984624 0.0260508 0.499492
0.0558601 9.9991E-05 0.180678 0.184101 0.0686629 0.510598
0.168016 0.0493634 0.426986 0.180989 9.9991E-05 0.174546
0.00414163 0.152735 0.0764405 0.0719034 0.0432893 0.65149
0.0952832 9.9991E-05 0.230477 0.149088 0.00603188 0.51902
0.107712 0.0592658 0.479602 0.197154 9.9991E-05 0.156166
0.218409 9.9982E-05 0.492819 0.164727 9.9982E-05 0.123844
9.9991E-05 0.151955 0.435057 0.180598 0.00891721 0.223372
0.0379246 9.9973E-05 9.9973E-05 9.9973E-05 0.841965 0.119811
0.0431373 9.9973E-05 9.9973E-05 9.9973E-05 0.833213 0.12335
0.00974356 9.9982E-05 9.9982E-05 0.015783 0.783271 0.191002
0.0972446 9.9982E-05 9.9982E-05 0.0603557 0.743101 0.0990986
0.0206779 0.102003 0.0670107 0.287831 0.0242134 0.498265
0.0644077 9.9991E-05 0.029786 0.391341 0.0635714 0.450794
9.9982E-05 9.9982E-05 0.00972602 0.398524 0.00529922 0.58625
0.0146338 9.9991E-05 0.567477 0.195984 0.0902271 0.131578
9.9982E-05 0.0130266 9.9982E-05 0.629386 0.077891 0.279496
0.0124136 0.0168751 0.128796 0.241287 0.0865399 0.514088
0.068891 0.0729587 9.9982E-05 0.155853 9.9982E-05 0.702097
0.0231336 0.0947992 0.0226078 0.170578 0.112148 0.576734
9.9991E-05 0.0608012 0.0492052 0.181542 0.0968541 0.611497
9.9991E-05 0.0442109 0.0959078 0.738891 0.0190228 0.101867
0.0870591 0.0783112 0.0738426 0.103087 0.0742054 0.583494
0.0660346 0.0658248 0.0359604 0.27768 0.0399071 0.514593
0.0395714 0.134139 9.9991E-05 0.144941 0.138737 0.542512
9.9973E-05 0.0405562 9.9973E-05 0.70298 9.9973E-05 0.256164
0.0515421 9.9982E-05 9.9982E-05 0.330773 0.0533048 0.56418
0.0565877 9.9991E-05 0.0566463 0.200794 0.122756 0.563116
9.9973E-05 0.29069 9.9973E-05 0.648876 0.0601343 9.9973E-05
0.0140765 0.14694 0.477327 0.222545 9.9991E-05 0.139011
0.00972907 0.483165 0.201748 0.175612 9.9991E-05 0.129647
9.9982E-05 9.9982E-05 0.246798 0.0783728 0.0108605 0.663768
0.0234607 0.212183 0.0796386 0.00733286 0.0424261 0.634958
0.0640052 0.133574 0.0423077 0.129771 0.0632465 0.567096
9.9991E-05 0.0632603 0.306227 0.317714 0.119695 0.193004
9.9982E-05 0.127123 0.236332 9.9982E-05 0.0463011 0.590044
0.117356 0.10854 0.100992 0.0633936 0.0998269 0.509892
0.0145138 0.0363487 0.272563 0.203963 0.123018 0.349593
0.0953757 0.22084 0.306955 0.173712 0.164283 0.0388344
0.0133051 0.108475 0.174862 0.0603306 0.0603238 0.582704
0.0575175 0.0883961 0.28167 0.13678 0.00981128 0.425826
9.9991E-05 0.208471 0.43152 0.310472 0.0463439 0.00309303
0.0630202 0.108589 0.173211 0.229698 0.0084048 0.417077
0.0672266 0.169896 0.0565367 0.155603 9.9991E-05 0.550639
0.0459618 0.0545339 0.191768 0.0144926 0.0947702 0.598473
0.119429 0.0886742 0.325725 0.262492 0.0202272 0.183452
0.0302412 0.134626 0.174815 0.117488 0.0154392 0.527391
0.0268446 0.0812953 0.138037 0.0316595 0.10948 0.612684
9.9991E-05 0.194064 0.365023 0.226234 0.0325862 0.181993
9.9973E-05 9.9973E-05 0.0760746 0.43618 9.9973E-05 0.487445
0.0295055 9.9982E-05 0.146139 0.719209 9.9982E-05 0.104947
0.0749935 0.105364 0.0668461 0.190438 0.0560087 0.50635
9.9964E-05 0.175509 9.9964E-05 0.824091 9.9964E-05 9.9964E-05
9.9973E-05 0.0981388 0.0219411 0.87962 9.9973E-05 9.9973E-05
9.9982E-05 0.0576674 0.00956711 0.729749 9.9982E-05 0.202817
9.9973E-05 9.9973E-05 0.105976 0.482398 9.9973E-05 0.411326
0.031959 0.114417 0.0854796 0.0535719 0.127516 0.587056
0.0740123 0.0575526 0.0425433 0.478905 9.9991E-05 0.346887
0.0902546 9.9991E-05 0.178296 0.670437 0.0106891 0.0502234
9.9982E-05 9.9982E-05 0.231535 0.5041 0.0377699 0.226396
0.043215 0.0133731 0.0857367 0.311098 0.0939744 0.452603
0.0951771 9.9991E-05 0.0312034 0.703491 0.0103726 0.159656
0.0245872 9.9991E-05 0.0285905 0.544351 0.0551931 0.347178
9.9973E-05 0.0179988 9.9973E-05 0.661729 9.9973E-05 0.319972
9.9964E-05 0.294702 9.9964E-05 0.704898 9.9964E-05 9.9964E-05
0.0259079 9.9982E-05 0.0222701 0.303702 9.9982E-05 0.64792
0.0720609 9.9982E-05 0.0837234 9.9982E-05 0.765477 0.0785386
9.9964E-05 9.9964E-05 9.9964E-05 9.9964E-05 0.922528 0.0770723
0.0297024 9.9973E-05 9.9973E-05 9.9973E-05 0.864284 0.105714
9.9964E-05 9.9964E-05 9.9964E-05 9.9964E-05 0.91731 0.0822902
9.9982E-05 0.00879395 9.9982E-05 0.0107756 0.890872 0.0893585
0.0590874 0.0218684 0.0312538 0.0124534 0.851198 0.0241387
9.9964E-05 9.9964E-05 9.9964E-05 9.9964E-05 0.904308 0.0952917
0.017665 0.0931276 0.0316155 0.280668 0.0786583 0.498266
0.0278386 9.9991E-05 0.0691018 0.311047 0.124097 0.467816
9.9973E-05 9.9973E-05 0.0634151 0.887371 0.0489138 9.9973E-05
0.0807229 0.0280387 0.0673546 0.277377 0.0513562 0.49515
0.00314625 9.9991E-05 0.0502287 0.507328 0.0412873 0.39791
0.0131206 0.0177576 9.9991E-05 0.337162 0.0843048 0.547555
9.9982E-05 0.108296 0.0132004 0.268139 9.9982E-05 0.610165
0.0989374 0.0380754 9.9991E-05 0.470776 0.00192718 0.390184
9.9973E-05 9.9973E-05 0.204469 0.744997 0.0502338 9.9973E-05
0.0421929 0.0536529 0.124019 0.173261 0.080597 0.526278
0.0704141 9.9991E-05 0.0708031 0.21401 0.0643994 0.580274
0.161321 9.9991E-05 0.144832 0.206185 0.00367339 0.483889
0.0610101 0.0859099 9.9991E-05 0.605651 0.0299211 0.217408
9.9982E-05 0.075491 9.9982E-05 0.338819 0.0252781 0.560212
9.9982E-05 9.9982E-05 0.0605077 0.517168 0.0047293 0.417395
0.0961796 9.9973E-05 9.9973E-05 0.604354 9.9973E-05 0.299166
0.00349916 9.9991E-05 0.0895869 0.486253 0.0704103 0.350151
9.9982E-05 9.9982E-05 0.148445 0.204811 0.152156 0.494388
9.9982E-05 0.233129 0.37202 0.102886 9.9982E-05 0.291766
0.0575642 0.13076 0.317051 9.9991E-05 0.0959324 0.398592
9.9991E-05 0.0112343 0.184255 0.0362258 0.171101 0.597084
0.084677 0.0926101 0.100413 0.0892304 0.048696 0.584374
9.9973E-05 9.9973E-05 0.412806 9.9973E-05 0.0496903 0.537204
0.0194863 9.9991E-05 0.287848 0.0805341 0.0189883 0.593043
0.00412337 9.9991E-05 0.413106 0.0646963 0.0342517 0.483723
9.9982E-05 0.119816 0.193248 0.139507 9.9982E-05 0.547229
9.9982E-05 0.156675 0.121808 9.9982E-05 0.0596741 0.661643
9.9991E-05 0.0589519 0.262684 0.0148923 0.031222 0.63215
9.9973E-05 9.9973E-05 0.346441 0.150493 9.9973E-05 0.502766
0.0264636 0.090491 0.195346 9.9991E-05 0.0643001 0.623299
0.125577 0.0400012 0.0990341 0.180097 0.0843632 0.470927
0.0482819 9.9982E-05 0.308207 0.112904 9.9982E-05 0.530407
9.9982E-05 0.158823 0.15645 9.9982E-05 0.0258001 0.658727
0.0408429 0.0741369 0.229016 0.0822979 0.00128381 0.572422
0.0332081 0.241041 0.231369 9.9991E-05 0.0992631 0.395018
0.0682185 0.108982 0.145522 9.9991E-05 0.103771 0.573406
0.0257258 0.159448 0.183539 9.9982E-05 9.9982E-05 0.631087
0.139256 0.0100907 0.461572 0.274372 0.00148366 0.113226
0.0710973 0.310979 0.296099 0.151171 9.9991E-05 0.170553
0.0341493 0.0757175 0.251713 0.0939462 9.9991E-05 0.544374
0.0215386 0.374783 0.303724 0.198828 9.9991E-05 0.101026
9.9991E-05 0.0605323 0.430505 0.19895 0.0360449 0.273868
9.9982E-05 9.9982E-05 0.353372 0.145823 0.0100253 0.490579
9.9973E-05 9.9973E-05 0.431027 0.246516 9.9973E-05 0.322157
0.00458127 0.0375813 0.487899 0.149028 9.9991E-05 0.320811
0.0394877 0.0824031 0.176504 0.02586 0.0573271 0.618418
0.103391 0.0889084 0.171707 0.0379274 0.0393981 0.558668
0.0130737 9.9991E-05 0.19019 0.142986 0.0949421 0.558708
0.119373 0.303263 0.320424 0.16187 9.9991E-05 0.0949698
0.0612385 0.0505956 0.0698411 0.026213 0.130773 0.661339
0.038431 0.288605 0.025131 0.105509 9.9991E-05 0.542224
9.9991E-05 0.563892 0.134623 0.158722 0.131354 0.0113091
0.0588292 0.18149 9.9982E-05 9.9982E-05 0.0773521 0.682129
9.9991E-05 0.267329 0.0622054 0.202282 0.129323 0.338761
0.0754565 0.211134 0.0581269 0.0861956 0.0455108 0.523576
0.0285971 0.457278 0.103006 0.0585338 0.118556 0.234029
9.9991E-05 0.501959 0.179854 0.0311176 0.0393621 0.247608
9.9991E-05 0.2295 0.117078 0.0946582 0.0461538 0.512511
0.0384898 0.126151 0.0445823 0.123695 0.098132 0.56895
0.1058 0.25353 0.131599 0.0205506 0.0749926 0.413527
0.139476 0.414487 0.0840285 0.332637 0.0292719 9.9991E-05
0.0508303 0.205593 9.9991E-05 0.0302184 0.104908 0.608351
9.9982E-05 0.29 0.0765529 0.268834 9.9982E-05 0.364413
9.9982E-05 0.20795 0.148452 0.135062 9.9982E-05 0.508336
9.9991E-05 0.0757865 0.070961 0.0701173 0.134538 0.648497
0.265762 0.260696 9.9982E-05 9.9982E-05 0.289425 0.183917
0.142216 0.358044 9.9973E-05 9.9973E-05 0.49944 9.9973E-05
0.129895 0.450093 9.9973E-05 9.9973E-05 0.419712 9.9973E-05
0.338383 0.215388 0.0110998 9.9991E-05 0.355031 0.0799991
9.9973E-05 0.201164 9.9973E-05 0.117809 9.9973E-05 0.680726
0.0964731 0.104094 0.111756 0.090266 0.0366257 0.560785
0.694216 9.9973E-05 9.9973E-05 0.0389191 9.9973E-05 0.266565
0.411467 9.9982E-05 0.142985 0.105245 9.9982E-05 0.340102
0.366715 9.9991E-05 0.0265947 0.222809 0.0662279 0.317554
9.9973E-05 0.546431 9.9973E-05 0.0280074 9.9973E-05 0.425262
0.100425 0.200648 0.112262 0.0938474 0.0266928 0.466125
9.9982E-05 0.67058 0.0146395 0.0490913 9.9982E-05 0.265489
0.0833686 0.251587 9.9982E-05 0.117964 9.9982E-05 0.546881
9.9991E-05 0.381765 0.0645806 0.0406366 0.00164782 0.51127
0.0628951 0.321518 9.9973E-05 9.9973E-05 9.9973E-05 0.615287
9.9982E-05 0.610235 0.0253047 0.0606407 9.9982E-05 0.303619
0.152061 0.204817 0.0415293 0.0500785 9.9991E-05 0.551414
0.0253885 0.214334 9.9991E-05 0.142942 0.068959 0.548276
0.960558 9.9973E-05 9.9973E-05 0.0223397 9.9973E-05 0.0168021
0.905664 9.9973E-05 0.0458158 9.9973E-05 9.9973E-05 0.0482204
0.646511 9.9982E-05 0.118642 0.0837982 9.9982E-05 0.150849
0.700688 9.9964E-05 9.9964E-05 9.9964E-05 9.9964E-05 0.298912
0.729002 9.9973E-05 9.9973E-05 9.9973E-05 0.0564278 0.21427
0.9995 9.996E-05 9.996E-05 9.996E-05 9.996E-05 9.996E-05
0.957061 9.9964E-05 0.0425395 9.9964E-05 9.9964E-05 9.9964E-05
0.817834 9.9964E-05 9.9964E-05 9.9964E-05 9.9964E-05 0.181766
0.979655 9.9964E-05 9.9964E-05 0.0199448 9.9964E-05 9.9964E-05
0.9995 9.996E-05 9.996E-05 9.996E-05 9.996E-05 9.996E-05
0.9995 9.996E-05 9.996E-05 9.996E-05 9.996E-05 9.996E-05
0.787859 0.0145721 0.00717919 9.9991E-05 0.0460191 0.144271
0.754452 9.9982E-05 0.0146746 9.9982E-05 0.0634233 0.16725
0.982203 9.9964E-05 9.9964E-05 0.017397 9.9964E-05 9.9964E-05
0.416289 0.000909713 0.0996509 0.0530793 0.074115 0.355956
0.583472 9.9982E-05 0.0113933 9.9982E-05 0.0774475 0.327487
0.777153 9.9982E-05 0.000536513 9.9982E-05 0.0433785 0.178732
0.923517 9.9973E-05 0.0117744 9.9973E-05 9.9973E-05 0.0644088
0.9995 9.996E-05 9.996E-05 9.996E-05 9.996E-05 9.996E-05
0.937167 9.9982E-05 0.00398373 9.9982E-05 0.0122081 0.0464416
0.9995 9.996E-05 9.996E-05 9.996E-05 9.996E-05 9.996E-05
0.513391 9.9982E-05 9.9982E-05 0.0654399 0.115789 0.30518
0.829497 9.9982E-05 0.0342269 0.07799 9.9982E-05 0.0580862
0.0592128 0.629573 9.9973E-05 9.9973E-05 0.310914 9.9973E-05
0.0424934 0.191602 0.0972065 9.9991E-05 0.172816 0.495782
0.0533915 0.334784 9.9982E-05 9.9982E-05 0.171566 0.440058
0.104383 0.499438 9.9991E-05 0.00865049 0.207285 0.180142
0.147749 0.182853 9.9991E-05 0.138952 0.101133 0.429213
0.115946 0.386022 9.9991E-05 0.112087 0.225396 0.16045
0.0499605 0.158119 0.0901149 0.0381421 0.214193 0.449471
0.227512 0.33241 9.9991E-05 0.0741813 0.0877147 0.278082
0.119783 0.154407 9.9991E-05 0.0501866 0.185043 0.490481
0.144351 0.298578 9.9982E-05 9.9982E-05 0.176032 0.380839
0.081396 0.17139 0.107604 9.9991E-05 0.166878 0.472632
9.9982E-05 0.0189962 0.0808726 9.9982E-05 0.818044 0.0818869
0.0720087 9.9973E-05 9.9973E-05 0.0227717 0.90492 9.9973E-05
9.9982E-05 0.003585 0.0333189 9.9982E-05 0.959586 0.00331014
9.9973E-05 9.9973E-05 0.0364559 9.9973E-05 0.932194 0.0310501
0.0328841 0.0261557 0.0721456 9.9991E-05 0.868125 0.000590061
0.101495 9.9973E-05 9.9973E-05 0.00653607 0.891669 9.9973E-05
0.125159 9.9973E-05 9.9973E-05 0.023795 0.850747 9.9973E-05
9.9973E-05 0.0717694 9.9973E-05 9.9973E-05 0.903178 0.024753
0.0218719 9.9982E-05 9.9982E-05 0.0654749 0.886663 0.0257898
0.0725835 0.0561323 0.0171296 9.9991E-05 0.842071 0.0119839
0.000234568 9.9982E-05 0.222267 0.166787 0.610511 9.9982E-05
9.9973E-05 9.9973E-05 0.360651 0.0369967 0.602052 9.9973E-05
9.9982E-05 0.192958 0.279067 0.038542 0.489233 9.9982E-05
9.9982E-05 0.0852927 0.292968 0.107958 0.513582 9.9982E-05
0.0410027 9.9991E-05 0.0890735 0.421348 0.000859104 0.447616
0.0509694 9.9991E-05 0.023233 0.36246 0.0535114 0.509726
0.0499359 9.9991E-05 0.0804592 0.34515 0.0412952 0.48306
9.9991E-05 0.00770126 0.2878 0.267581 0.0287723 0.408045
0.00637119 9.9982E-05 0.626431 0.147403 9.9982E-05 0.219595
0.08475 0.0490934 0.0213566 0.275243 0.0763747 0.493183
0.0109752 9.9989E-05 0.119101 0.256003 9.9989E-05 0.613721
0.028679 0.0424935 0.0593799 0.347341 0.0355742 0.486533
0.0601356 0.0327467 9.9982E-05 0.595155 9.9982E-05 0.311763
9.9982E-05 0.0845727 0.106935 0.152472 9.9982E-05 0.65582
9.9982E-05 0.00437805 0.163743 0.445203 9.9982E-05 0.386476
9.9973E-05 0.208235 0.0871865 0.704279 9.9973E-05 9.9973E-05
0.0348628 0.0916054 0.194118 0.17394 0.0391207 0.466354
0.00542434 0.183247 0.0117197 0.525381 0.000730899 0.273498
9.9973E-05 9.9973E-05 0.0535918 0.450989 9.9973E-05 0.495119
9.9982E-05 9.9982E-05 0.222249 0.68491 0.0556767 0.0369644
9.9982E-05 0.145951 0.728076 9.9982E-05 0.125101 0.000672303
9.9982E-05 0.172103 0.687882 9.9982E-05 0.0652751 0.0745395
9.9982E-05 0.165336 0.778851 9.9982E-05 0.0347135 0.020899
9.9982E-05 0.102299 0.762867 0.0412157 0.0934189 9.9982E-05
0.00741285 0.195319 0.748802 9.9991E-05 0.00102229 0.0473442
0.0552822 0.0766416 0.766142 9.9991E-05 0.0340846 0.0677494
9.9973E-05 9.9973E-05 9.9973E-05 0.0165023 0.890123 0.0930747
0.0723467 9.9982E-05 0.105311 9.9982E-05 0.779719 0.0424226
0.0833577 9.9973E-05 9.9973E-05 9.9973E-05 0.77134 0.145002
0.152833 9.9982E-05 0.127076 9.9982E-05 0.716766 0.00312438
0.0523782 9.9982E-05 0.0452498 9.9982E-05 0.796873 0.105299
9.9982E-05 0.0100125 0.588819 0.0171113 0.383858 9.9982E-05
9.9982E-05 0.0825493 0.396867 0.0889287 0.431455 9.9982E-05
0.00348916 0.0121486 0.468544 0.0578039 0.457915 9.9991E-05
0.0244265 9.9982E-05 0.0414171 9.9982E-05 0.828373 0.105583
9.9982E-05 0.0119796 0.504965 0.0890933 0.393762 9.9982E-05
0.312984 0.165895 9.9982E-05 9.9982E-05 0.203683 0.317238
0.204063 0.0111793 0.0306551 0.0762862 0.101503 0.576313
0.294614 9.9973E-05 9.9973E-05 9.9973E-05 0.193623 0.511463
0.15528 0.1371 9.9991E-05 0.00597123 0.282657 0.418892
0.240459 9.9991E-05 0.0922768 0.097922 0.155795 0.413448
0.302534 0.292462 9.9973E-05 9.9973E-05 0.404704 9.9973E-05
9.9991E-05 0.0543214 0.313555 0.185174 0.0214736 0.425376
9.9982E-05 0.355854 0.157286 0.108338 9.9982E-05 0.378322
9.9991E-05 0.00446177 0.484913 0.0922303 0.0888418 0.329453
9.9982E-05 0.215793 0.0970367 0.181289 9.9982E-05 0.505681
9.9973E-05 0.588485 0.156862 0.254353 9.9973E-05 9.9973E-05
9.9991E-05 0.12065 0.0760657 0.156905 0.113261 0.533019
9.9982E-05 0.241423 0.162285 0.0101519 9.9982E-05 0.58594
9.9991E-05 0.0434782 0.437847 0.110385 0.0303858 0.377804
0.104803 9.9991E-05 0.147616 0.178821 0.111286 0.457374
9.9982E-05 0.388456 0.256815 0.201809 9.9982E-05 0.15272
9.9982E-05 0.18495 0.12391 0.216404 9.9982E-05 0.474535
0.061454 9.9982E-05 0.322639 0.179457 9.9982E-05 0.43625
0.212521 0.0975798 0.0925842 0.129052 0.136652 0.331611
9.9982E-05 0.266824 0.245624 0.113177 9.9982E-05 0.374176
9.9982E-05 0.126934 0.297547 0.105701 9.9982E-05 0.469617
0.0602397 0.171494 0.129513 0.0828858 9.9991E-05 0.555767
9.9991E-05 0.110482 0.150572 0.0921594 0.0232954 0.623391
0.0539751 0.0646334 0.164636 0.0366186 9.9991E-05 0.680037
0.0492586 0.0854508 0.0698089 0.094192 0.0775174 0.623772
0.0347204 0.0390131 0.171963 0.140704 0.0730658 0.540534
0.116061 9.9973E-05 9.9973E-05 9.9973E-05 0.745916 0.137723
0.0846753 0.00675764 9.9991E-05 0.0192279 0.837577 0.0516618
0.00233125 9.9991E-05 0.0521106 0.0824481 0.777501 0.0855092
0.0569125 9.9982E-05 0.0121243 0.125317 0.805446 9.9982E-05
0.0185009 9.9973E-05 9.9973E-05 9.9973E-05 0.846762 0.134437
0.0572911 0.0342778 0.611971 0.191092 9.9991E-05 0.105267
9.9982E-05 0.148477 0.259881 0.0221981 9.9982E-05 0.569244
0.14398 0.177633 9.9991E-05 0.00217512 0.169048 0.507064
0.0124307 0.000988087 0.195281 0.0273628 0.0193357 0.744602
9.9982E-05 9.9982E-05 0.192449 0.256303 0.109736 0.441312
0.0655315 0.283102 0.349843 9.9982E-05 9.9982E-05 0.301323
9.9991E-05 0.0750813 0.600729 0.18913 0.126116 0.00884427
0.021227 0.00676042 0.428657 0.0372495 0.00891137 0.497194
0.0217982 0.071969 0.476449 0.132109 0.10231 0.195365
0.104688 0.183254 0.108719 0.116257 0.0861292 0.400953
0.00498337 0.0509989 0.475192 0.185754 0.149258 0.133814
0.0486434 9.9982E-05 0.270825 9.9982E-05 0.0863095 0.594022
0.0226872 0.159164 0.487057 0.0795959 0.0335132 0.217983
0.0195615 0.201411 0.302292 0.0172639 0.0219058 0.437565
0.0226016 0.262447 0.156809 0.0460474 9.9991E-05 0.511995
9.9982E-05 0.569116 0.106324 0.00584458 9.9982E-05 0.318516
0.0201958 0.123292 0.145627 0.154587 0.0574765 0.498822
9.9982E-05 0.155473 9.9982E-05 0.147114 0.109031 0.588183
9.9982E-05 0.447158 0.0731366 0.104611 9.9982E-05 0.374895
0.0246326 0.172208 0.034277 0.0934075 0.0910487 0.584426
9.9991E-05 0.252422 0.00099878 0.149234 0.0392727 0.557973
9.9982E-05 0.615043 0.0481588 0.198241 9.9982E-05 0.138357
9.9973E-05 0.635705 9.9973E-05 0.0667007 9.9973E-05 0.297294
9.9982E-05 0.320486 0.111368 0.0207231 9.9982E-05 0.547223
9.9982E-05 0.548966 0.0697014 0.207938 9.9982E-05 0.173195
9.9982E-05 0.31851 0.0714459 0.138089 9.9982E-05 0.471756
0.0632743 0.0643909 0.560106 0.227749 9.9991E-05 0.0843799
9.9982E-05 0.22013 0.396677 0.126295 9.9982E-05 0.256698
0.108454 9.9982E-05 0.524566 0.0903148 9.9982E-05 0.276466
0.0616769 0.0281596 0.192077 0.0661126 0.0238424 0.628131
0.00656421 0.0079415 0.489723 0.248033 9.9991E-05 0.247639
0.0662968 0.151518 0.212491 9.9991E-05 0.0337455 0.535849
0.113745 9.9991E-05 0.231208 0.0825239 0.0578043 0.514619
9.9991E-05 0.0448019 0.234305 0.163257 0.0258715 0.531664
0.0762465 0.0448817 0.260083 0.131712 0.000418657 0.486658
9.9982E-05 9.9982E-05 0.291238 0.187887 0.0509555 0.469719
0.115441 9.9982E-05 0.55325 0.17533 9.9982E-05 0.155779
0.10956 0.00806387 0.437064 0.117071 9.9991E-05 0.328141
0.0247279 0.0436025 0.169049 0.0796109 0.0255562 0.657453
9.9991E-05 0.149147 0.21476 0.000243389 0.0205305 0.615219
9.9991E-05 0.12558 0.245245 0.115069 0.0595168 0.454489
0.0202146 0.0873407 0.339672 9.9982E-05 9.9982E-05 0.552573
0.010291 0.0824798 0.467038 0.00615126 0.0463705 0.387669
0.0236291 9.9982E-05 0.290217 0.058417 9.9982E-05 0.627537
0.0271654 0.0719678 0.306996 0.0312834 0.0270602 0.535527
0.0869566 0.0476618 0.201313 0.121521 0.0766337 0.465914
0.116698 9.9991E-05 0.0496763 0.0974142 0.326802 0.40931
0.164295 0.0756278 9.9991E-05 0.115543 0.11094 0.533495
0.189074 0.116133 0.0950466 0.132217 0.0837759 0.383754
0.100283 0.0260647 0.0286437 0.143527 0.0958821 0.605599
0.27102 0.0506918 0.0185351 0.0463592 0.220274 0.393119
0.0134538 0.190031 0.217859 0.067317 9.9991E-05 0.511239
0.157776 0.0475931 0.121892 0.158337 0.0629796 0.451422
0.188136 0.539468 9.9982E-05 0.0480262 0.224169 9.9982E-05
0.141755 0.0664103 0.0999379 0.00392463 0.156336 0.531636
0.157431 0.141157 0.139079 0.00739453 0.0125761 0.542363
0.225923 0.100622 0.102975 0.0245381 0.0578945 0.488047
0.0974001 0.195217 0.0119027 0.138332 0.209326 0.347822
0.0375148 9.9982E-05 9.9982E-05 0.0800313 0.243074 0.63918
0.124006 0.121034 9.9982E-05 9.9982E-05 0.144412 0.610349
0.206525 0.367807 9.9973E-05 9.9973E-05 0.425369 9.9973E-05
0.260171 9.9991E-05 0.0441389 0.0671399 0.207544 0.420906
0.257885 0.049253 0.00332158 0.0484492 0.208068 0.433023
0.0829426 9.9991E-05 0.118924 0.0841038 0.166805 0.547125
0.117869 0.033288 9.9982E-05 9.9982E-05 0.201521 0.647122
0.158371 0.0694745 0.0949301 0.0595753 0.118736 0.498913
0.0720296 0.162518 0.144021 0.105887 0.000725066 0.514819
9.9991E-05 0.142399 0.174019 0.0485283 0.0891817 0.545772
9.9982E-05 0.494574 0.0521246 0.44487 9.9982E-05 0.00823162
9.9982E-05 0.553123 0.0899599 0.279728 9.9982E-05 0.0769889
0.0700331 0.158109 0.0613686 0.0905482 0.0800217 0.539919
0.296375 0.178464 9.9982E-05 9.9982E-05 0.0783828 0.446579
0.40348 0.209935 9.9991E-05 0.0804057 0.0415434 0.264536
0.271168 0.289702 9.9982E-05 9.9982E-05 0.179849 0.259082
0.233153 0.12153 9.9991E-05 0.0453741 0.206457 0.393385
0.0887788 0.724002 0.00693375 9.9991E-05 0.00619871 0.173987
0.0159852 0.581958 9.9991E-05 0.0380216 0.0693181 0.294617
0.15665 0.2147 0.0102297 0.109684 9.9991E-05 0.508636
0.0707363 0.217423 9.9991E-05 0.156647 0.0735496 0.481544
0.100338 0.452379 9.9991E-05 0.129203 0.0643158 0.253664
0.0766522 0.172873 0.0868333 0.0631377 0.0422005 0.558304
0.103842 0.253667 9.9991E-05 0.0297065 0.00255021 0.610135
0.167823 0.209932 0.0944456 0.0361005 0.0471529 0.444546
9.9982E-05 0.26671 0.115125 0.278944 9.9982E-05 0.339021
0.00567854 0.258572 0.0484384 0.227719 9.9991E-05 0.459492
0.0920437 0.186509 0.0706142 0.162665 0.0104969 0.477671
0.0724518 0.244598 0.1581 0.166449 0.0137952 0.344607
0.057733 0.14542 0.0905346 0.181578 0.0518054 0.472929
9.9982E-05 0.327318 0.0456868 0.101837 9.9982E-05 0.524959
9.9982E-05 0.434301 0.0890588 0.203828 9.9982E-05 0.272612
0.0119258 0.170164 9.9991E-05 0.110434 0.0707529 0.636623
9.9982E-05 0.429261 0.0990587 0.189868 9.9982E-05 0.281612
9.9973E-05 0.300183 9.9973E-05 0.268948 9.9973E-05 0.430569
0.0517728 0.0977551 0.0701397 0.0949483 0.0532038 0.63218
0.0155732 0.148861 0.121579 0.244509 0.0107464 0.458732
0.191405 0.0805406 0.00584351 0.0096239 0.140397 0.57219
0.167462 0.169572 9.9991E-05 0.131208 0.204135 0.327522
0.187092 0.153125 0.0907708 9.9991E-05 0.174669 0.394243
0.217831 0.191886 0.109821 9.9991E-05 0.163266 0.317096
0.158951 0.0533221 0.0721117 0.00405441 0.212424 0.499136
0.0971078 0.20388 0.0261799 0.0370091 0.125991 0.509832
0.205879 0.572128 0.044684 0.0486173 0.128592 9.9991E-05
0.153531 0.0803754 0.0498083 0.00648741 0.0766467 0.633151
0.127618 0.534665 9.9973E-05 9.9973E-05 0.337417 9.9973E-05
0.172253 0.112556 9.9991E-05 0.141073 0.0632377 0.510779
9.9973E-05 0.498674 9.9973E-05 0.319693 9.9973E-05 0.181334
9.9973E-05 0.520725 0.0627419 0.416233 9.9973E-05 9.9973E-05
9.9982E-05 0.211122 0.0671972 0.234983 9.9982E-05 0.486497
9.9982E-05 0.217388 9.9982E-05 0.0773188 0.0252417 0.679851
9.9982E-05 0.335929 0.0246096 0.204949 9.9982E-05 0.434312
0.0172143 0.100895 0.115925 0.320382 9.9991E-05 0.445483
9.9973E-05 0.219727 9.9973E-05 0.186371 9.9973E-05 0.593602
0.0766001 9.9991E-05 0.00938327 0.0490808 0.801868 0.0629674
0.135836 0.00736297 0.0956595 0.043002 0.718039 9.9991E-05
0.0686615 9.9973E-05 0.052446 9.9973E-05 0.878593 9.9973E-05
9.9964E-05 9.9964E-05 9.9964E-05 9.9964E-05 0.924522 0.0750777
0.000383338 9.9991E-05 0.0914073 0.302416 0.0903628 0.515331
0.0299069 9.9973E-05 9.9973E-05 0.524119 9.9973E-05 0.445674
9.9973E-05 9.9973E-05 0.0423753 0.494753 9.9973E-05 0.462572
9.9973E-05 9.9973E-05 9.9973E-05 0.296187 0.144658 0.558856
0.0627426 0.146354 0.0732044 0.142635 0.114035 0.461029
0.0419562 0.0412544 0.151682 0.558062 0.0327173 0.174328
0.0148288 9.9982E-05 9.9982E-05 0.345849 0.00463101 0.634491
9.9973E-05 0.203998 9.9973E-05 0.500969 9.9973E-05 0.294733
0.162357 9.9982E-05 0.0967975 9.9982E-05 0.267316 0.47333
0.0252769 0.115969 9.9982E-05 0.42304 9.9982E-05 0.435515
0.0312968 9.9982E-05 0.133873 0.548771 9.9982E-05 0.285858
0.0368836 0.0183132 0.0773147 0.432299 9.9991E-05 0.435089
0.0116307 0.0116625 0.142417 0.478547 9.9991E-05 0.355643
0.0127999 0.0560626 0.0154229 0.360426 9.9991E-05 0.555189
9.9973E-05 9.9973E-05 9.9973E-05 0.398198 0.127597 0.473905
9.9964E-05 0.0611066 9.9964E-05 0.938494 9.9964E-05 9.9964E-05
9.9991E-05 0.075709 0.00198576 0.615424 0.0466671 0.260115
0.0313052 0.0436647 0.0450951 0.614359 9.9991E-05 0.265476
9.9964E-05 0.239017 9.9964E-05 0.760583 9.9964E-05 9.9964E-05
9.9982E-05 9.9982E-05 0.117174 0.474106 0.055125 0.353395
9.9973E-05 0.309931 9.9973E-05 0.57919 9.9973E-05 0.11058
9.9973E-05 0.248586 9.9973E-05 0.746428 0.00468585 9.9973E-05
0.0659886 9.9991E-05 0.0474551 0.336253 0.038516 0.511687
9.9991E-05 0.00443483 0.120349 0.651542 0.0546659 0.168908
0.0990577 9.9982E-05 0.135908 0.396094 9.9982E-05 0.36874
9.9982E-05 0.156645 9.9982E-05 0.145623 0.0818631 0.615669
9.9982E-05 9.9982E-05 0.0996794 0.355473 0.022259 0.522389
0.0249279 0.19484 0.238914 0.173168 9.9991E-05 0.36805
0.0489457 9.9982E-05 0.10197 0.352412 9.9982E-05 0.496472
0.0339075 9.9991E-05 0.0556404 0.422166 0.0615538 0.426632
9.9973E-05 0.0181661 9.9973E-05 0.715686 9.9973E-05 0.265848
0.0222528 0.116583 0.0682704 0.318408 9.9991E-05 0.474386
9.9973E-05 0.12324 0.259975 9.9973E-05 0.616485 9.9973E-05
9.9991E-05 0.0663411 0.107863 0.0164701 0.743531 0.0656947
9.9982E-05 0.0619175 0.109705 0.0437773 0.7844 9.9982E-05
9.9982E-05 0.0883959 0.107266 0.000792962 0.803346 9.9982E-05
9.9982E-05 0.0238812 0.193139 9.9982E-05 0.718879 0.0639016
0.0597276 9.9991E-05 0.145167 0.755828 0.0236769 0.015501
9.9991E-05 0.0264017 0.0856937 0.747277 0.0853769 0.0551506
0.0144634 0.0555499 9.9982E-05 0.843009 9.9982E-05 0.0867773
0.0609218 0.0880661 9.9991E-05 0.286046 0.111564 0.453302
0.0775176 9.9982E-05 9.9982E-05 0.29652 0.0761072 0.549655
0.0785637 0.0859059 9.9991E-05 0.651151 0.0259691 0.158311
9.9982E-05 0.0966295 9.9982E-05 0.257387 0.0702962 0.575487
9.9991E-05 0.0750591 0.0389838 0.411641 0.100702 0.373514
9.9982E-05 0.0924496 0.0393865 0.357761 9.9982E-05 0.510203
0.049174 9.9982E-05 9.9982E-05 0.378133 0.0461985 0.526295
0.0167097 0.00191073 0.147273 0.611462 0.0132849 0.20936
9.9982E-05 9.9982E-05 0.0460124 0.623276 0.00874954 0.321762
9.9973E-05 9.9973E-05 0.146331 0.55652 9.9973E-05 0.296849
9.9982E-05 0.222488 0.0515942 9.9982E-05 0.0458634 0.679854
9.9982E-05 9.9982E-05 0.0901483 0.505369 0.0377734 0.366509
0.0221419 0.031966 9.9991E-05 0.553452 0.0765283 0.315811
0.275415 0.0189342 0.00282295 0.0368356 0.143249 0.522742
0.419929 0.050656 9.9982E-05 9.9982E-05 0.122475 0.40674
0.402925 0.00471208 0.0114566 9.9991E-05 0.121316 0.45949
0.420047 0.0625193 9.9991E-05 0.0504324 0.165138 0.301764
0.327105 0.0558923 0.110174 9.9991E-05 0.0630717 0.443658
0.0111781 0.148426 9.9982E-05 0.358553 9.9982E-05 0.481642
0.644187 0.0541407 9.9982E-05 9.9982E-05 0.301113 0.000359448
0.519167 0.0267332 9.9991E-05 0.0210554 0.111033 0.321911
0.141993 0.192589 0.0092616 0.0848786 0.125781 0.445497
9.9973E-05 0.230816 9.9973E-05 9.9973E-05 0.138653 0.630231
0.0344554 0.340066 0.102059 0.0253899 0.0854761 0.412553
0.0221087 0.173587 0.112363 0.0520007 0.0271767 0.612763
0.0246385 0.159246 0.0251052 0.135032 0.0976868 0.558291
0.474257 9.9973E-05 9.9973E-05 9.9973E-05 0.17571 0.349733
0.295893 9.9991E-05 0.0024595 0.0254374 0.188993 0.487117
0.406362 0.00118622 9.9982E-05 9.9982E-05 0.0649897 0.527262
0.272442 0.0630334 0.003468 0.0776253 0.127438 0.455994
0.56436 0.0494003 0.0520364 9.9991E-05 0.0588497 0.275254
0.323559 0.00561151 0.0983918 0.0202293 0.156896 0.395312
0.553206 0.0525451 0.00786005 9.9991E-05 0.138431 0.247857
0.372719 0.012624 0.0830496 9.9991E-05 0.0938321 0.437675
0.0235489 0.169666 9.9991E-05 0.142029 0.122093 0.542564
0.279486 0.0624666 0.0190106 0.00526412 0.228975 0.404798
0.626403 9.9973E-05 9.9973E-05 9.9973E-05 0.162649 0.210648
0.403802 0.017083 0.113635 0.110022 0.0582609 0.297197
9.9991E-05 0.237977 0.227708 0.161948 0.13775 0.234517
0.107632 0.229602 0.0638656 9.9982E-05 9.9982E-05 0.598701
0.347309 0.0349154 0.043554 0.0244919 0.147859 0.40187
9.9982E-05 0.133256 0.0851871 9.9982E-05 0.13874 0.642617
0.00259726 0.131422 0.0725964 0.162381 0.171865 0.459139
0.228839 0.110709 9.9991E-05 0.0845534 0.180825 0.394974
0.298309 0.0914778 0.0518482 9.9991E-05 0.228588 0.329678
0.108466 0.102444 0.0556198 0.0938545 0.116444 0.523172
0.351013 0.0195563 9.9991E-05 0.101515 0.104273 0.423543
0.379101 0.0291291 9.9982E-05 9.9982E-05 0.179752 0.411818
0.55965 0.0260091 9.9982E-05 9.9982E-05 0.219882 0.194258
0.0195035 0.0767484 0.0608397 0.0209189 0.136229 0.68576
9.9991E-05 0.0586973 0.114247 0.151113 0.163634 0.512209
9.9973E-05 0.620979 9.9973E-05 9.9973E-05 0.102362 0.276359
0.0813092 0.177039 0.0437794 0.056284 0.064142 0.577447
0.0194918 0.167082 0.225135 0.0572254 0.0623258 0.46874
0.0467418 0.189252 9.9991E-05 0.0190454 0.167224 0.577636
0.0577909 0.260559 0.0395918 0.0108771 0.142535 0.488646
0.162655 0.559909 9.9973E-05 9.9973E-05 0.277136 9.9973E-05
0.117733 0.617015 9.9973E-05 9.9973E-05 0.264952 9.9973E-05
0.0884583 0.341116 0.0663521 9.9991E-05 0.198445 0.305529
0.208174 0.451476 9.9982E-05 9.9982E-05 0.294102 0.0460479
0.224682 0.390511 9.9973E-05 9.9973E-05 0.384507 9.9973E-05
0.0904801 0.304792 0.013832 0.00261055 0.134781 0.453505
0.109106 0.203018 9.9991E-05 0.0524748 0.209699 0.425602
0.14862 0.304193 0.00171187 0.0624404 0.264279 0.218756
0.146273 0.459026 9.9982E-05 9.9982E-05 0.272702 0.121798
0.110662 0.283684 0.0580766 0.0118503 0.0634222 0.472305
0.133804 0.439276 9.9991E-05 0.101901 0.188612 0.136307
0.0321202 0.551822 9.9973E-05 9.9973E-05 0.415758 9.9973E-05
0.166854 0.038284 0.115154 0.0521624 0.158452 0.469094
0.232329 0.139454 0.0417016 9.9991E-05 0.174323 0.412092
0.138304 9.9991E-05 0.0867309 0.0415063 0.257857 0.475502
0.168706 0.000691591 9.9982E-05 9.9982E-05 0.213967 0.616436
0.157454 0.011463 0.0458206 0.0541322 0.199335 0.531795
0.23535 0.0261731 9.9991E-05 0.0401352 0.145123 0.553119
0.247919 9.9991E-05 0.0162788 0.0400834 0.366367 0.329252
0.142214 0.0939 0.0755315 9.9991E-05 0.14003 0.548224
0.228799 9.9991E-05 0.0258836 0.00260889 0.270488 0.472121
0.212908 0.110557 0.0426202 0.0557438 0.256097 0.322073
0.102604 0.0616796 0.165983 0.24134 0.115178 0.313216
0.0587649 0.0100312 0.102865 0.0906246 0.176764 0.56095
0.105631 0.109792 0.0354607 0.0150851 0.201112 0.532919
0.0298809 0.0352211 9.9991E-05 0.134866 0.102782 0.697149
0.234679 0.0193682 9.9982E-05 9.9982E-05 0.310334 0.435418
0.236149 0.075418 0.0710252 0.0480952 0.125805 0.443508
0.211524 0.264535 9.9982E-05 9.9982E-05 0.351391 0.17235
0.129421 0.00124269 0.0798161 0.0239885 0.202738 0.562794
0.342981 0.157309 9.9991E-05 0.0659213 0.269841 0.163848
0.0158952 0.0642261 0.116945 0.0227366 0.780098 9.9991E-05
0.0347689 9.9991E-05 0.739631 0.0507214 0.0920622 0.0827167
9.9973E-05 0.00482021 0.989098 9.9973E-05 0.00578153 9.9973E-05
9.996E-05 9.996E-05 0.9995 9.996E-05 9.996E-05 9.996E-05
0.011701 9.9964E-05 0.987899 9.9964E-05 9.9964E-05 9.9964E-05
0.0380446 9.9964E-05 0.961556 9.9964E-05 9.9964E-05 9.9964E-05
9.9964E-05 9.9964E-05 0.891994 9.9964E-05 9.9964E-05 0.107606
9.9964E-05 9.9964E-05 0.979195 9.9964E-05 0.0204055 9.9964E-05
9.9964E-05 9.9964E-05 0.825869 9.9964E-05 0.173731 9.9964E-05
0.01047 9.9982E-05 0.0141265 9.9982E-05 0.912867 0.0623364
9.9982E-05 0.0258727 0.0972206 9.9982E-05 0.811128 0.0655789
0.0191341 9.9991E-05 0.0286406 0.0155799 0.883616 0.0529292
9.9982E-05 0.103183 0.0719789 9.9982E-05 0.807693 0.0169448
0.0441266 9.9991E-05 0.0427048 0.00863473 0.892071 0.0123629
0.0293193 9.9982E-05 0.0207997 0.0441522 0.905529 9.9982E-05
0.111621 0.0229016 0.0141884 0.105172 0.733708 0.0124095
0.123403 9.9973E-05 9.9973E-05 0.0525588 0.823738 9.9973E-05
0.0220806 9.9991E-05 0.104712 0.0878688 0.75319 0.032049
0.0720041 0.0133914 0.00746721 0.0130767 0.893961 9.9991E-05
9.9991E-05 0.00676789 0.0427912 0.00275877 0.929357 0.0182255
0.0717685 0.0235566 0.00875662 0.0192979 0.841683 0.0349369
0.00832606 9.9982E-05 0.0197646 9.9982E-05 0.958549 0.0131609
0.0190923 0.0337309 9.9982E-05 9.9982E-05 0.890844 0.0561333
0.030343 9.9982E-05 0.0161785 9.9982E-05 0.87 0.0832781
0.0178292 9.9973E-05 9.9973E-05 9.9973E-05 0.848341 0.13353
0.170409 9.9973E-05 9.9973E-05 9.9973E-05 0.751428 0.0778629
0.110758 9.9973E-05 9.9973E-05 9.9973E-05 0.740083 0.14886
0.0608271 9.9973E-05 9.9973E-05 9.9973E-05 0.808937 0.129936
9.9991E-05 0.287589 0.049445 0.118545 0.151278 0.393044
9.9991E-05 0.116336 0.0453323 0.0533379 0.0898391 0.695055
0.0309021 0.043068 0.0196432 0.122891 0.140468 0.643028
0.00965268 0.726888 0.00874198 0.057438 0.0102154 0.187064
9.9991E-05 0.0908576 0.142425 0.0584251 0.116781 0.591411
0.0324556 0.656276 9.9982E-05 9.9982E-05 0.146336 0.164732
0.0155057 0.232166 9.9991E-05 0.0208998 0.0706282 0.6607
9.9991E-05 0.153137 0.166266 0.188509 0.0831737 0.408814
9.9991E-05 0.201463 0.0916188 0.109883 0.0823084 0.514627
9.9991E-05 0.0422799 0.0447363 0.396323 0.0456935 0.470867
9.9991E-05 0.108346 0.223411 0.12478 0.122196 0.421167
9.9982E-05 0.115167 9.9982E-05 0.0875085 0.0921564 0.704968
9.9991E-05 0.13761 0.142838 0.0537807 0.0793826 0.586289
0.0234593 0.251152 0.49913 0.152259 9.9991E-05 0.0738989
9.9973E-05 0.860464 0.0393717 0.0998642 9.9973E-05 9.9973E-05
9.9982E-05 0.700521 0.0174645 9.9982E-05 0.0436007 0.238214
0.0526404 0.0785176 0.178541 0.0277504 0.031207 0.631344
9.9982E-05 0.313392 0.0487533 9.9982E-05 0.0750492 0.562606
9.9973E-05 0.332426 9.9973E-05 9.9973E-05 0.134511 0.532763
0.00280725 0.102498 0.0181744 0.054998 0.108508 0.713014
0.127452 0.138845 0.0558401 9.9991E-05 0.169187 0.508575
0.0695423 9.9982E-05 0.0264681 9.9982E-05 0.234148 0.669642
0.175519 0.176048 0.11836 0.0257975 0.375905 0.12837
0.0715842 9.9991E-05 0.133351 0.0229737 0.170691 0.6013
0.214686 0.0731819 0.125529 0.0339944 0.176602 0.376007
0.181967 0.427676 9.9973E-05 9.9973E-05 0.390057 9.9973E-05
0.203129 0.215991 9.9982E-05 9.9982E-05 0.238541 0.342139
0.134782 0.0602477 0.0944953 0.0579525 0.365615 0.286907
0.0970833 0.000965871 0.121363 0.0624294 0.328001 0.390158
0.177408 0.0406102 0.0187049 0.189938 0.103809 0.46953
0.144413 0.0535677 9.9991E-05 0.0457008 0.237626 0.518593
0.14937 0.084443 0.0182613 0.0484268 0.165766 0.533733
0.170656 0.196821 0.0284828 0.0470813 0.126932 0.430027
0.0937669 0.0087241 0.0453644 0.0498489 0.453646 0.348649
