0.0526765 0.0229487 0.837172 0.0870026 9.9982E-05 9.9982E-05
0.050244 9.9973E-05 0.919196 0.0302597 9.9973E-05 9.9973E-05
0.0459992 0.0318155 0.75852 0.0710508 9.9991E-05 0.0925146
0.124255 0.0866762 0.717683 0.071186 9.9982E-05 9.9982E-05
0.0128809 0.0667837 0.870869 0.00292119 9.9991E-05 0.0464458
0.0947779 0.0658146 0.621565 0.0215522 0.117311 0.0789801
0.0681316 0.0103555 0.816557 0.0796223 0.0252339 9.9991E-05
0.114919 9.99865E-05 0.749028 0.0440483 0.0918053 9.99865E-05
0.0721211 9.9982E-05 0.811346 0.0451111 0.0712223 9.9982E-05
0.0562462 0.00506809 0.734539 0.0379758 9.9991E-05 0.166071
0.130032 9.9982E-05 0.815701 9.9982E-05 0.0302012 0.0238662
0.528359 0.0738806 9.9982E-05 9.9982E-05 0.10181 0.295751
0.315131 0.0301563 9.9991E-05 0.0643303 0.0188026 0.57148
0.448148 0.103625 0.026319 0.0129404 0.155639 0.253328
0.372479 0.142702 0.0202796 0.0216842 0.081784 0.361071
0.239512 0.199677 0.1471 9.9991E-05 0.0643918 0.349219
0.183442 0.11798 0.0493248 0.0265557 0.094047 0.52865
0.25946 0.142107 9.9991E-05 0.00144328 0.132222 0.464667
0.407582 0.112623 0.119921 9.9991E-05 0.0130766 0.346698
0.720692 0.0496377 0.0376671 0.0060428 0.15015 0.0358098
0.233597 0.103105 9.9991E-05 0.0336224 0.25249 0.377085
0.124307 0.0827222 0.0289344 0.0469726 0.207083 0.509981
0.166005 0.0482836 0.0551031 9.9991E-05 0.166144 0.564364
0.43046 0.107463 0.00465683 9.9991E-05 0.0848009 0.372519
0.10733 0.0754203 0.145552 0.0148551 9.9991E-05 0.656742
0.264314 0.151118 0.0339468 0.014883 9.9991E-05 0.535638
0.544545 0.0918826 0.0123379 0.030902 0.0827038 0.237629
0.479824 0.213609 9.9982E-05 9.9982E-05 0.0673787 0.238988
0.452029 0.0512811 9.9982E-05 9.9982E-05 0.242507 0.253982
9.996E-05 9.996E-05 9.996E-05 0.9995 9.996E-05 9.996E-05
9.996E-05 9.996E-05 9.996E-05 0.9995 9.996E-05 9.996E-05
9.9973E-05 9.9973E-05 0.551787 0.341757 9.9973E-05 0.106156
9.999E-05 0.123466 0.50538 0.30134 0.00163112 0.0680825
0.0961564 0.0433079 0.0230977 0.0239083 0.229054 0.584476
0.0803796 0.0474507 0.125298 0.0177827 0.163474 0.565614
0.0206022 9.9982E-05 0.0268912 9.9982E-05 0.187433 0.764874
0.628763 9.9982E-05 0.0531304 9.9982E-05 0.0939632 0.223943
9.9982E-05 9.9982E-05 0.0217566 0.0185048 0.44927 0.510269
0.188392 9.9991E-05 0.0846163 0.0124255 0.0930438 0.621423
0.0167924 0.0187554 0.0199143 0.0409782 0.139311 0.764248
0.00330247 0.0333153 0.201556 0.00866863 0.135313 0.617845
0.130232 0.0248791 0.108327 0.0465277 0.0443813 0.645653
0.196755 9.9982E-05 9.9982E-05 0.03011 0.470901 0.302034
0.0711058 0.04342 0.079975 0.0221537 0.0753968 0.707949
0.0177672 0.0926719 0.0694323 0.00590434 0.168558 0.645667
9.99924E-05 0.117425 0.0691408 0.062388 0.183853 0.567093
0.0289624 9.9982E-05 9.9982E-05 0.0172494 0.443348 0.51024
9.9982E-05 0.0730441 9.9982E-05 0.0209606 0.198527 0.707269
0.0981545 0.11601 0.108322 0.0458 0.0974114 0.534301
0.0886023 9.9982E-05 0.0794752 9.9982E-05 0.807688 0.0240343
0.480006 9.9973E-05 9.9973E-05 9.9973E-05 0.235016 0.284678
0.284248 0.0219817 0.0252034 9.9991E-05 0.520451 0.148016
0.134495 0.120031 0.0217618 0.0219941 0.103057 0.598661
0.0678348 0.12498 0.0300146 0.0823362 0.0900116 0.604823
0.147283 0.122906 0.0751912 9.9991E-05 0.0577883 0.596732
0.375301 9.9991E-05 0.0887539 0.0302287 0.256319 0.249298
0.226823 0.0748985 9.9991E-05 0.0567674 0.0678256 0.573585
0.18262 0.189089 0.137044 9.9991E-05 0.0831744 0.407972
0.21326 0.0668095 0.102346 0.0493754 0.20608 0.362129
0.41673 0.0186873 0.154548 0.0551608 0.254922 0.0999519
0.113177 0.0246984 0.062689 0.0846687 0.0832258 0.631541
0.296457 0.0837093 0.0331161 0.0305727 0.115617 0.440528
0.541443 9.9982E-05 9.9982E-05 0.0542539 0.291418 0.112685
0.258071 0.0591255 9.9991E-05 0.0169325 0.099292 0.566479
0.0366695 0.079675 0.00937191 9.9991E-05 0.216912 0.657272
0.144151 0.0968277 9.9991E-05 0.0856467 0.118307 0.554967
0.311731 0.041728 0.0144293 0.0340677 0.21345 0.384594
0.116407 0.0564085 0.0232007 0.0244074 0.17061 0.608966
0.269654 0.0995054 0.0131484 0.0608953 0.0317707 0.525027
0.406638 9.9982E-05 9.9982E-05 0.0567066 0.270476 0.265979
0.0654503 9.9973E-05 9.9973E-05 9.9973E-05 0.170549 0.763701
0.147315 9.9982E-05 9.9982E-05 0.019379 0.450617 0.382488
0.0199089 0.046695 0.0877267 0.00414899 0.268321 0.573199
0.0266289 9.9973E-05 9.9973E-05 9.9973E-05 0.774053 0.199018
0.117486 9.9973E-05 9.9973E-05 9.9973E-05 0.737392 0.144822
0.0399765 9.9973E-05 9.9973E-05 9.9973E-05 0.495673 0.464051
0.148555 9.9982E-05 0.0149134 9.9982E-05 0.217165 0.619167
0.0748249 0.0629849 0.114139 0.0656955 0.121816 0.560539
0.133737 0.024701 9.9991E-05 0.0420299 0.308528 0.490904
0.327033 0.00164252 0.00753347 0.00233202 0.325586 0.335873
0.370844 9.9982E-05 0.0021653 9.9982E-05 0.206365 0.420426
0.123423 0.126963 0.0495743 0.0761307 0.168228 0.455682
0.10042 0.000598313 0.0210824 0.0137754 0.395507 0.468617
0.0522398 9.9982E-05 9.9982E-05 0.042456 0.355501 0.549603
9.9973E-05 9.9973E-05 9.9973E-05 0.00494777 0.424719 0.570034
0.0825092 9.9982E-05 0.0087389 9.9982E-05 0.793274 0.115278
0.0211774 0.0549762 9.9991E-05 0.01439 0.178905 0.730451
0.104313 0.0211736 0.733069 0.0588583 9.9991E-05 0.0824861
9.9973E-05 9.9973E-05 0.773923 0.121137 9.9973E-05 0.10464
9.9982E-05 0.0616364 0.739499 0.135226 9.9982E-05 0.0634388
9.9991E-05 0.0137969 0.833165 0.105368 0.00666772 0.0409017
9.9982E-05 0.0480982 0.774212 0.111557 9.9982E-05 0.0659328
0.00407756 0.0258719 0.830815 0.063916 0.0109638 0.0643561
9.9973E-05 9.9973E-05 0.833827 0.0853657 9.9973E-05 0.0805078
0.177286 9.9991E-05 0.06933 0.0321895 0.0833067 0.637787
0.0982018 0.0361957 0.055634 0.0406424 0.0869909 0.682335
0.151454 9.9982E-05 0.0180703 9.9982E-05 0.656245 0.174031
0.0259073 0.078093 0.0329429 0.0886132 0.144245 0.630199
0.166587 9.9991E-05 0.0113199 0.00362918 0.203878 0.614486
9.9991E-05 0.00105832 0.0444962 0.0117182 0.218548 0.72408
9.9991E-05 0.0595266 0.0230085 0.028753 0.28312 0.605492
0.0309168 9.9982E-05 9.9982E-05 0.0255513 0.289135 0.654197
0.255043 9.9982E-05 0.0453179 9.9982E-05 0.618635 0.0808049
0.0865608 0.0318534 0.161189 9.9991E-05 0.0429998 0.677297
0.0487194 0.0638954 0.0657037 0.0170041 0.0948094 0.709868
0.102214 0.0737995 0.116492 0.0112312 9.9991E-05 0.696163
9.9982E-05 0.0317723 0.00564243 9.9982E-05 0.609672 0.352714
9.9991E-05 0.0324688 0.00399115 0.0123792 0.271942 0.679119
0.120159 0.0269706 9.9991E-05 0.0112992 0.311989 0.529483
0.00730634 0.14242 9.9982E-05 9.9982E-05 0.434097 0.415976
0.184114 9.9982E-05 0.112196 9.9982E-05 0.190445 0.513045
0.109104 0.0464907 0.0676965 0.0110794 0.115637 0.649993
0.355053 0.0998096 9.9991E-05 0.0724629 0.258674 0.213901
0.258954 0.123026 0.0329349 0.0655029 0.115477 0.404105
0.215362 0.104637 0.137477 0.00427367 0.055961 0.482289
0.162368 0.061576 0.0686878 0.000489832 0.115228 0.59165
0.344783 9.9982E-05 9.9982E-05 0.0963217 0.0146328 0.544063
0.334526 0.095555 0.0299988 9.9982E-05 9.9982E-05 0.539721
0.388275 0.0150488 0.0405113 0.0411445 9.9991E-05 0.514921
0.160943 0.103871 0.0879468 0.0164581 0.0797463 0.551035
0.218803 0.0594887 0.117606 9.9991E-05 0.0364561 0.567546
0.241099 0.049206 9.9991E-05 0.0227073 0.104737 0.58215
0.382887 9.9973E-05 9.9973E-05 0.0338125 9.9973E-05 0.583001
0.14968 0.131779 0.0449547 9.9991E-05 0.0683769 0.60511
0.0826639 0.0949685 0.0714113 0.0168566 0.140484 0.593616
0.241499 0.125621 9.9982E-05 0.0195519 9.9982E-05 0.613127
0.127386 0.0796504 0.111935 0.055423 0.0219188 0.603687
0.217615 0.129288 9.9991E-05 0.0542088 0.132427 0.466361
0.214776 0.00286726 0.0910736 0.0349158 0.228642 0.427725
0.197472 0.110238 9.9982E-05 0.0267294 9.9982E-05 0.66536
0.169605 0.0867272 0.020115 9.9982E-05 9.9982E-05 0.723352
0.478895 0.0721103 0.0130884 0.0139316 0.210007 0.211968
0.320643 0.106193 0.00809238 9.9991E-05 0.395277 0.169694
0.242484 0.022896 0.0605685 0.0107432 0.0601369 0.603171
0.302525 0.0731745 9.9991E-05 0.0147686 0.509539 0.0998935
0.426011 9.9991E-05 0.0760085 0.0208533 0.131117 0.34591
0.304253 9.9982E-05 0.0311535 9.9982E-05 0.126859 0.537535
0.483318 9.9982E-05 9.9982E-05 0.0400151 0.0821681 0.394298
0.469205 9.9982E-05 0.0292573 9.9982E-05 0.171682 0.329655
0.109923 9.9991E-05 0.0825224 0.043511 0.0212765 0.742667
0.0951835 0.147911 0.11381 9.9991E-05 0.113339 0.529657
0.194604 0.0285131 0.0910939 9.9991E-05 0.0620108 0.623678
0.349275 0.0548747 9.9991E-05 0.0174903 0.372784 0.205476
0.0995208 0.0768822 0.145035 0.00943821 0.16009 0.509034
0.0449409 0.0819025 0.087903 9.9991E-05 0.252202 0.532952
0.191483 0.000994962 0.17298 0.0318552 0.595647 0.00704078
0.0154923 0.0696527 0.125216 0.0292742 0.10882 0.651545
0.0290468 0.0640943 0.124719 9.9991E-05 0.442661 0.339379
0.0618325 0.143808 0.0364052 0.063028 0.244166 0.45076
0.073533 0.0522013 0.142682 0.0251579 0.446343 0.260083
0.113875 9.9991E-05 0.134604 0.0329002 0.444946 0.273574
0.160699 9.9991E-05 0.080493 0.0131016 0.274468 0.471138
0.13834 0.0758232 0.149269 9.9991E-05 0.185319 0.451148
0.0868278 0.147602 0.0884703 0.0571586 0.217049 0.402892
0.0638404 0.198987 0.0468671 0.0288045 0.635738 0.0257623
0.118065 0.111355 0.0229955 9.9991E-05 0.121291 0.626195
0.109424 9.9982E-05 9.9982E-05 0.00493979 0.449749 0.435687
0.0842358 0.0877527 9.9982E-05 9.9982E-05 0.301464 0.526347
0.0544146 9.9991E-05 0.0923526 0.0415086 0.106182 0.705443
9.9991E-05 0.271314 0.325212 0.0799452 0.178016 0.145412
9.9982E-05 0.164717 0.584974 0.00655719 0.243551 9.9982E-05
9.9982E-05 0.122571 0.503939 0.042784 0.330506 9.9982E-05
0.0487584 0.372371 0.424904 0.0160118 0.120786 0.0171689
9.9982E-05 0.0231213 9.9982E-05 0.00413528 0.238513 0.734031
0.0332816 0.0865954 0.0536444 0.0957243 0.218587 0.512167
9.9964E-05 0.706912 9.9964E-05 9.9964E-05 9.9964E-05 0.292689
0.117166 0.49213 9.9991E-05 0.0311138 0.0449535 0.314536
0.0482313 0.403765 0.182303 9.9982E-05 9.9982E-05 0.365501
0.0272746 0.0109789 9.9991E-05 0.0272715 0.491611 0.442764
0.121395 0.142805 0.0426994 0.0241297 0.143722 0.525249
0.0242479 0.0631492 9.9991E-05 0.0232749 0.684634 0.204594
0.00599306 0.00835644 0.034786 0.00864928 0.26738 0.674835
0.0465462 0.0438366 0.0470455 0.0316487 0.308362 0.522561
9.9991E-05 0.0677418 0.0562761 0.0161739 0.257528 0.60218
0.0433456 0.0050771 0.0253695 9.9991E-05 0.648828 0.27728
0.0268662 0.140555 0.055807 0.0486047 0.0878951 0.640272
0.0215012 0.137639 0.0930115 9.9991E-05 0.192064 0.555685
9.9964E-05 0.969255 9.9964E-05 9.9964E-05 0.0303453 9.9964E-05
0.0052644 0.90958 9.9973E-05 9.9973E-05 9.9973E-05 0.0848555
0.0559401 0.540437 0.0446706 0.0261044 9.9991E-05 0.332748
9.9973E-05 0.663289 9.9973E-05 0.0337052 9.9973E-05 0.302706
0.0191129 0.795563 0.00502269 0.0201569 9.9991E-05 0.160044
9.996E-05 0.9995 9.996E-05 9.996E-05 9.996E-05 9.996E-05
0.0448091 0.952442 0.00244949 9.9973E-05 9.9973E-05 9.9973E-05
9.9964E-05 0.897837 9.9964E-05 9.9964E-05 9.9964E-05 0.101763
0.046246 0.949645 9.9973E-05 9.9973E-05 9.9973E-05 0.00380902
9.996E-05 0.9995 9.996E-05 9.996E-05 9.996E-05 9.996E-05
9.9964E-05 0.967346 9.9964E-05 0.0322539 9.9964E-05 9.9964E-05
0.0235955 0.719723 0.0205625 0.0874441 9.9991E-05 0.148575
0.00609494 0.824448 0.0682453 0.0194301 9.9991E-05 0.0816813
0.022575 0.959278 9.9973E-05 0.0178474 9.9973E-05 9.9973E-05
0.165841 0.397233 0.0586572 9.9991E-05 0.072136 0.306033
0.0371568 0.698769 9.9982E-05 0.0489296 9.9982E-05 0.214945
0.0355951 0.766873 0.0555943 0.0318373 9.9991E-05 0.11
0.00455633 0.869349 0.0340131 0.0282895 9.9991E-05 0.0636916
9.9964E-05 0.987617 0.011983 9.9964E-05 9.9964E-05 9.9964E-05
0.0234203 0.868994 0.0791993 0.0281868 9.9982E-05 9.9982E-05
9.9964E-05 0.968296 9.9964E-05 0.0313038 9.9964E-05 9.9964E-05
0.018553 0.624495 0.0233971 9.9991E-05 0.0021193 0.331336
0.0166262 0.876033 9.9991E-05 0.0107171 0.0683517 0.0281724
9.9973E-05 0.027452 0.432195 9.9973E-05 0.540053 9.9973E-05
0.148504 0.122875 0.221964 9.9991E-05 0.066972 0.439586
0.0608516 0.0717542 0.262788 0.00377717 0.156765 0.444064
0.00167528 0.174369 0.25493 0.0148412 0.431332 0.122852
0.070295 0.160262 0.114337 0.0190869 0.106825 0.529195
9.9991E-05 0.0873224 0.316015 0.0276727 0.347618 0.221272
0.17269 0.141872 0.152542 9.9991E-05 0.133948 0.398849
9.9982E-05 0.182237 0.22402 9.9982E-05 0.225111 0.368433
0.0266759 0.13896 0.137975 0.0731124 0.119315 0.503962
9.9991E-05 0.327443 0.144228 0.0539284 0.258962 0.215337
0.0708258 0.172671 0.150996 9.9991E-05 0.192058 0.41335
0.0605978 9.9973E-05 0.857714 9.9973E-05 9.9973E-05 0.0813884
9.9973E-05 0.0558973 0.860819 0.082984 9.9973E-05 9.9973E-05
0.0296092 9.9973E-05 0.923823 0.0462675 9.9973E-05 9.9973E-05
0.0434028 9.9973E-05 0.932512 0.023785 9.9973E-05 9.9973E-05
0.0703451 0.0152392 0.786141 0.128074 9.9982E-05 9.9982E-05
9.9982E-05 0.0626889 0.810516 0.0993909 0.0272047 9.9982E-05
9.9982E-05 0.0584291 0.837725 0.078083 9.9982E-05 0.0255635
9.9982E-05 9.9982E-05 0.827972 0.0928985 0.0271801 0.0517491
9.9982E-05 0.0317307 0.878046 0.0255595 9.9982E-05 0.0644638
0.0224112 0.120687 0.847824 0.00887825 9.9982E-05 9.9982E-05
0.285861 0.0115423 0.549341 0.0646261 0.088529 9.9991E-05
0.318004 0.00759119 0.580655 0.022353 0.0712972 9.9991E-05
0.346336 9.9982E-05 0.479875 0.0395879 0.134001 9.9982E-05
0.371175 9.9973E-05 0.496861 9.9973E-05 0.131664 9.9973E-05
0.124398 0.0348275 0.0646711 0.0343229 0.163438 0.578343
0.109545 0.0424412 0.0696596 0.00300381 0.226141 0.54921
0.204902 0.0697349 0.0383545 9.9991E-05 0.0883493 0.598559
0.340267 0.0467821 9.9991E-05 0.00534841 0.114511 0.492991
0.682284 0.010554 9.9982E-05 9.9982E-05 0.121388 0.185575
9.9991E-05 0.0473017 0.0526315 0.0453043 0.204765 0.649898
0.0501824 0.00662635 0.0729116 9.9991E-05 0.167536 0.702644
0.106386 0.0377927 9.9982E-05 9.9982E-05 0.231608 0.624014
9.9973E-05 0.0248707 9.9973E-05 9.9973E-05 0.430425 0.544404
0.147255 9.9991E-05 0.120108 0.0028755 0.0504484 0.679213
0.217982 9.9982E-05 9.9982E-05 0.015048 0.209542 0.557229
0.169597 9.9973E-05 9.9973E-05 9.9973E-05 0.776374 0.053729
0.154405 0.0217489 0.0742179 0.0331427 0.141018 0.575468
9.9973E-05 9.9973E-05 0.0171928 9.9973E-05 0.570925 0.411583
0.0242646 9.9982E-05 9.9982E-05 0.0365087 0.322064 0.616962
0.255952 9.9982E-05 0.0169056 9.9982E-05 0.429939 0.297003
0.821809 9.9982E-05 0.122624 0.0090628 0.0463043 9.9982E-05
0.720043 0.00845916 0.133092 9.9991E-05 0.0849739 0.0533321
0.865239 9.9991E-05 0.0445536 0.016014 0.045798 0.0282952
0.816102 9.9973E-05 0.1275 9.9973E-05 0.0560987 9.9973E-05
0.83814 0.0523895 9.9991E-05 0.0195555 0.0804579 0.00935712
0.75262 0.0112312 0.106951 0.00565606 0.0363097 0.0872316
9.9982E-05 0.0513208 0.785873 0.102484 9.9982E-05 0.0601223
0.0964503 0.0569171 0.771906 0.0302039 9.9991E-05 0.0444232
9.9982E-05 0.115754 0.704389 0.0567186 9.9982E-05 0.122938
0.0601861 0.135075 0.735602 0.0326415 9.9991E-05 0.036395
9.9982E-05 0.0779035 0.755189 0.0437895 9.9982E-05 0.122918
0.578202 9.9982E-05 0.338096 0.02401 0.0594921 9.9982E-05
0.441921 9.9982E-05 0.447646 0.000744288 0.109489 9.9982E-05
0.530158 9.9982E-05 0.381824 0.0354786 0.05234 9.9982E-05
9.996E-05 9.996E-05 9.996E-05 0.9995 9.996E-05 9.996E-05
0.477177 9.9982E-05 0.355771 0.0326502 0.134202 9.9982E-05
9.9991E-05 0.399247 0.268106 0.00572092 0.0895481 0.237278
0.0642954 0.1822 0.149077 0.0460073 9.9991E-05 0.558321
9.9982E-05 0.290995 0.165982 0.0396905 9.9982E-05 0.503133
0.0235487 0.233951 0.225387 0.0428037 0.0941169 0.380192
0.0540005 0.151435 0.17366 0.0492372 0.0729389 0.498728
9.9973E-05 0.311747 0.521243 9.9973E-05 0.16671 9.9973E-05
0.349958 9.9973E-05 9.9973E-05 9.9973E-05 0.105512 0.54423
0.208234 0.0249793 0.0160912 0.000403008 0.32668 0.423613
0.550563 0.0571055 0.0369701 0.0507238 0.00122706 0.303411
0.157998 9.9973E-05 9.9973E-05 9.9973E-05 0.296998 0.544704
0.198777 9.9964E-05 9.9964E-05 9.9964E-05 0.800823 9.9964E-05
0.221485 0.0163542 0.134397 0.0296701 0.0332522 0.564841
0.143921 0.0775875 0.0675479 0.00326693 0.163415 0.544261
0.412343 0.0388978 9.9991E-05 0.0520014 0.0923959 0.404262
0.21194 0.0472598 0.06632 9.9991E-05 0.0424508 0.631929
0.265019 9.9982E-05 9.9982E-05 0.00583321 0.538132 0.190816
0.108844 0.116261 0.0225302 0.0256121 0.258183 0.46857
0.245063 0.0892925 9.9991E-05 0.0236745 0.0409042 0.600966
0.0571229 0.214914 0.158334 0.0259266 0.125038 0.418665
0.240514 0.086221 9.9982E-05 9.9982E-05 0.276302 0.396762
0.233443 0.0663458 0.0581423 9.9991E-05 0.207212 0.434757
0.166369 0.0570861 9.9982E-05 9.9982E-05 0.285927 0.490418
0.135667 9.9982E-05 0.0148467 9.9982E-05 0.256648 0.592638
0.0927731 0.135723 0.0180715 0.00639793 0.100015 0.64702
0.0845778 0.169315 0.0692442 0.0157728 0.10489 0.5562
0.262034 0.0885087 0.0415262 0.0384182 0.0182314 0.551282
9.9973E-05 0.105155 0.791877 9.9973E-05 9.9973E-05 0.102668
9.9991E-05 0.0433956 0.826488 0.0301509 0.0232113 0.0766541
0.0433378 0.0282925 0.821954 9.9991E-05 0.0632193 0.0430966
9.9991E-05 0.0200903 0.774411 0.0712913 0.065851 0.0682562
9.9982E-05 0.025825 0.787584 0.0824058 9.9982E-05 0.103985
0.639011 0.0374498 0.00344506 0.0224782 0.0567615 0.240855
0.190947 0.123758 0.0168726 0.0169052 0.137025 0.514493
0.00702411 0.263826 0.193387 0.0363285 0.0376639 0.461771
0.0837458 0.123235 9.9991E-05 0.0432408 0.109421 0.640257
0.241296 0.0647621 9.9991E-05 0.0351683 0.10635 0.552323
0.314556 0.116775 0.0205966 0.0258516 0.272255 0.249966
0.644234 9.9991E-05 0.0970688 0.0410737 0.204145 0.0133789
0.345448 9.9982E-05 9.9982E-05 0.0621698 0.0150295 0.577153
0.567025 0.0319033 0.0992429 0.0145851 0.0928741 0.19437
0.1825 0.114058 0.0564064 9.9991E-05 0.232178 0.414757
0.565592 0.0278456 0.131077 0.0280356 0.163728 0.083722
0.242003 0.0639799 0.107862 0.00324798 9.9991E-05 0.582807
0.593106 9.9991E-05 0.0245697 0.0311204 0.120993 0.230111
0.313624 0.0321689 0.0465598 0.0138407 0.183283 0.410524
0.197703 0.148652 9.9982E-05 9.9982E-05 0.215269 0.438176
0.08445 0.0177211 0.0854796 0.001888 0.47168 0.338782
0.0491078 0.0714724 0.10599 0.0050954 0.177088 0.591246
0.022286 0.00870462 0.0975786 0.0388597 0.158341 0.67423
0.0660517 9.9982E-05 0.0439448 9.9982E-05 0.43859 0.451214
0.129791 9.9991E-05 0.0838917 0.0100534 0.170729 0.605435
0.0197563 9.9991E-05 0.120974 0.0118661 0.237972 0.609332
0.132021 9.9982E-05 9.9982E-05 0.010388 0.702688 0.154703
0.0516976 9.9991E-05 0.00107177 0.0107795 0.587489 0.348862
0.0162601 0.0107872 0.042111 0.0509676 0.342425 0.537449
0.130908 9.9991E-05 0.0161039 0.0204415 0.61894 0.213507
0.240928 9.9982E-05 0.0449692 9.9982E-05 0.202675 0.511228
0.630275 0.0138756 9.9991E-05 0.0471443 0.157021 0.151584
0.324912 0.0861032 9.9982E-05 9.9982E-05 0.37291 0.215874
0.479863 0.103765 9.9991E-05 0.00704158 0.00641518 0.402815
0.200197 0.10661 0.0114063 0.0273373 0.062754 0.591695
0.533244 9.9973E-05 9.9973E-05 9.9973E-05 0.128802 0.337654
0.221746 0.215285 0.0401821 0.022291 0.250848 0.249648
0.233328 0.0884518 9.9991E-05 0.0293266 0.0433676 0.605426
0.322255 0.0593796 0.0520067 9.9982E-05 9.9982E-05 0.566158
0.25506 0.0746191 0.0356034 0.0482479 0.0561848 0.530284
0.298603 0.165006 0.00570192 0.0146092 0.106707 0.409373
0.590846 0.0972071 9.9991E-05 0.00594002 0.0793311 0.226576
0.4765 0.133315 9.9982E-05 9.9982E-05 0.0379762 0.352009
0.155896 0.0969975 9.9991E-05 0.00812563 0.119082 0.619799
0.293341 0.0495961 9.9991E-05 0.0607019 0.0157469 0.580514
0.217202 0.0916149 9.9991E-05 0.0279137 0.233929 0.42924
0.193925 0.203345 9.9982E-05 9.9982E-05 0.102783 0.499747
0.472746 0.132635 0.0321202 0.0336585 9.9991E-05 0.32874
0.212228 0.0410723 0.0100397 9.9991E-05 0.105053 0.631508
0.237766 0.175217 0.0754706 0.00477194 0.0651392 0.441636
0.140501 0.228325 0.0260371 0.0104572 0.142499 0.452181
0.0724598 0.148324 0.320102 0.0625075 9.9991E-05 0.396506
9.9991E-05 0.210388 0.173065 0.0278221 0.134154 0.454471
0.0826095 0.204196 0.0754398 0.0803151 0.113075 0.444365
0.0567484 0.225963 0.0294074 0.0828839 0.10143 0.503567
0.0549915 0.262809 0.132677 0.0308646 0.071428 0.44723
0.16399 0.0420102 9.9991E-05 0.0390813 0.227807 0.527012
0.0201659 0.179655 0.155258 0.0367792 0.136267 0.471875
9.9973E-05 0.189836 0.303918 9.9973E-05 0.505947 9.9973E-05
0.105501 0.172421 0.0967502 0.0308789 0.0809247 0.513525
9.9991E-05 0.184025 0.14327 0.0239521 0.137945 0.510708
0.111808 0.27782 0.053795 0.0256487 0.0242978 0.50663
0.101886 0.194924 0.12617 0.0460332 0.239126 0.29186
9.9991E-05 0.119918 0.244799 0.00634416 0.0508279 0.578011
9.9991E-05 0.194737 0.147794 0.0497345 0.103738 0.503896
9.9982E-05 0.192094 0.485411 0.0413907 0.280904 9.9982E-05
0.0433177 0.269769 0.0941133 0.0682097 0.19016 0.334431
9.9982E-05 0.228229 0.153776 9.9982E-05 0.101182 0.516614
0.059485 0.126508 0.15431 0.0125669 0.0735177 0.573613
0.0170035 0.261429 0.173376 0.0354807 0.0770264 0.435684
0.101088 0.126943 0.189343 0.0353286 0.0822193 0.465078
0.0722186 0.0562113 9.9991E-05 0.045333 0.31581 0.510327
0.0581533 0.161468 0.070435 9.9991E-05 0.293682 0.416161
0.0971541 0.0158577 9.9982E-05 9.9982E-05 0.793763 0.0930248
0.0843279 0.0139375 9.9982E-05 9.9982E-05 0.822121 0.0794137
0.0838163 0.108322 9.9991E-05 0.0322145 0.334791 0.440757
0.0127132 0.351432 0.123773 9.9991E-05 0.131667 0.380315
9.9991E-05 0.415164 0.139644 0.0092967 0.209806 0.225989
9.9982E-05 0.293193 0.269489 9.9982E-05 0.259762 0.177356
9.9991E-05 0.30878 0.165008 0.0649981 0.140456 0.320658
9.9982E-05 0.16333 0.0856649 9.9982E-05 0.679526 0.0712792
9.9991E-05 0.156976 0.08365 0.0495365 0.576108 0.133629
9.9982E-05 0.219225 9.9982E-05 0.00577837 0.295425 0.479372
9.9991E-05 0.116038 0.0582764 0.00317532 0.307324 0.515086
9.9991E-05 0.170531 0.0710537 0.0485383 0.563447 0.14633
0.0841675 0.19653 0.0286429 0.0257895 0.233596 0.431274
0.0357878 0.18309 9.9982E-05 9.9982E-05 0.258526 0.522396
0.218348 0.254229 0.054778 9.9991E-05 0.0189276 0.453618
0.081851 9.9991E-05 0.0130972 0.00788626 0.462702 0.434363
0.051785 0.0607739 9.9991E-05 0.0194278 0.392042 0.475871
0.0440305 0.206623 0.0249391 0.00776978 0.30153 0.415108
0.088448 0.113022 0.0724461 0.0659586 0.287957 0.372168
0.0307051 0.110102 0.0786646 0.0515982 0.305071 0.423859
9.9991E-05 0.0493495 0.0191672 0.00345712 0.489231 0.438695
0.142659 0.000403405 9.9982E-05 9.9982E-05 0.568747 0.287991
9.9991E-05 0.0811416 0.0337237 0.0109041 0.322588 0.551543
0.0095383 0.00546661 9.9982E-05 9.9982E-05 0.679089 0.305706
9.9991E-05 0.0748783 0.00265317 0.00867279 0.469357 0.444339
9.9991E-05 0.069804 0.0293695 0.0725746 0.282827 0.545325
0.0386176 0.00258837 9.9991E-05 0.112865 0.344723 0.501105
9.9982E-05 0.220962 0.199449 9.9982E-05 0.125978 0.453411
0.124405 0.157245 0.0719522 0.0277363 0.219762 0.3989
0.0801167 0.276465 0.188052 0.0102123 0.11878 0.326374
0.0903454 0.199003 0.188626 0.0584375 0.152475 0.311113
0.0547845 0.119718 0.215422 9.9991E-05 0.115712 0.494264
9.9982E-05 0.225272 0.141745 9.9982E-05 0.154922 0.47786
9.9982E-05 0.164683 0.17489 0.028165 0.632063 9.9982E-05
0.064961 0.29536 0.106423 0.0319155 0.015096 0.486245
9.9982E-05 0.165044 0.391606 0.00828727 0.434863 9.9982E-05
9.9982E-05 0.194824 0.0891761 9.9982E-05 0.182959 0.532841
9.9964E-05 9.9964E-05 9.9964E-05 9.9964E-05 0.788027 0.211574
0.0125813 0.00290149 9.9982E-05 0.0331001 0.951217 9.9982E-05
9.9982E-05 0.0274888 9.9982E-05 0.0433182 0.394439 0.534554
9.9982E-05 0.0777908 9.9982E-05 0.00570794 0.179393 0.736908
0.0259419 9.9982E-05 0.0107339 9.9982E-05 0.489136 0.473988
9.9982E-05 0.0460723 0.00899889 9.9982E-05 0.395144 0.549585
9.9973E-05 0.0531404 9.9973E-05 9.9973E-05 0.372854 0.573706
0.0230907 0.040953 0.742503 0.101915 9.9991E-05 0.0914379
0.124668 0.129786 0.694559 0.0347569 9.9991E-05 0.0161303
0.0294779 0.0793766 0.842166 0.0487797 9.9982E-05 9.9982E-05
9.9973E-05 9.9973E-05 0.843 0.13176 9.9973E-05 0.0249398
0.100871 0.0641342 0.0437306 0.0333469 0.203879 0.554038
0.0287434 0.0439661 0.128842 9.9991E-05 0.183715 0.614634
0.198739 9.9982E-05 9.9982E-05 0.0137803 0.101785 0.685496
0.00907684 9.9982E-05 0.119283 9.9982E-05 0.173284 0.698157
0.114283 0.095738 0.059875 9.9991E-05 0.153159 0.576844
0.153885 9.9982E-05 0.0336337 9.9982E-05 0.40493 0.407351
9.9991E-05 0.00200239 0.0428874 0.00750453 0.20143 0.746076
9.9982E-05 9.9982E-05 0.0117756 0.0303322 0.502925 0.454768
0.0964219 0.199252 0.241022 0.0129669 0.0180206 0.432317
0.085194 0.0621108 9.9982E-05 9.9982E-05 0.333266 0.51923
0.111284 9.9982E-05 9.9982E-05 0.0249335 0.374017 0.489565
9.9973E-05 9.9973E-05 0.0549989 9.9973E-05 0.269881 0.67482
0.123039 9.9991E-05 0.0236656 0.00237622 0.265385 0.585434
9.9982E-05 0.00552121 0.00276233 9.9982E-05 0.299042 0.692474
0.0578043 9.9982E-05 0.0300033 9.9982E-05 0.181838 0.730155
9.9964E-05 9.9964E-05 9.9964E-05 9.9964E-05 0.708139 0.291461
0.0277198 0.0128458 0.0457096 9.9991E-05 0.499113 0.414512
0.134297 9.9982E-05 9.9982E-05 0.0253988 0.408587 0.431517
9.9964E-05 9.9964E-05 9.9964E-05 9.9964E-05 0.931802 0.0677982
0.157897 0.0271637 9.9991E-05 0.0282578 0.239629 0.546953
0.0532456 9.9982E-05 9.9982E-05 0.00529023 0.695204 0.246061
0.0609605 9.9982E-05 0.0163123 9.9982E-05 0.857735 0.0647924
0.00617715 0.0730684 0.00468488 0.00476844 0.236398 0.674904
0.227847 9.9991E-05 0.00480767 0.0187492 0.383729 0.364767
0.12076 0.0275485 0.0567253 9.9991E-05 0.206652 0.588214
0.108322 0.0918527 0.0708438 0.0629277 0.161641 0.504412
0.139619 0.0122735 9.9982E-05 9.9982E-05 0.206938 0.64097
0.252094 0.0694227 9.9982E-05 9.9982E-05 0.278703 0.399581
0.075848 9.9982E-05 0.0292706 9.9982E-05 0.139114 0.755568
0.209387 0.0173922 0.0238864 0.0233771 0.133432 0.592525
9.9964E-05 9.9964E-05 9.9964E-05 9.9964E-05 0.512444 0.487156
0.0758213 0.0657092 0.0269242 0.0273961 0.225072 0.579078
0.263181 9.9982E-05 0.557722 0.0951691 0.0837277 9.9982E-05
0.105473 9.9991E-05 0.688925 0.0741462 0.0900432 0.0413125
0.126012 9.9982E-05 0.705964 0.15238 0.0154447 9.9982E-05
0.150063 9.9982E-05 0.715077 0.104328 0.0303322 9.9982E-05
0.200454 9.9982E-05 0.724078 0.0294906 9.9982E-05 0.045778
0.235066 9.9982E-05 0.0117389 9.9982E-05 0.36753 0.385466
0.108959 9.9982E-05 9.9982E-05 0.0398055 0.545988 0.305047
9.9964E-05 9.9964E-05 9.9964E-05 9.9964E-05 0.619159 0.380441
0.116614 0.0220054 0.0913906 0.00783538 0.136542 0.625613
0.057974 0.00393191 0.139683 0.052097 0.061052 0.685262
9.9973E-05 9.9973E-05 0.058477 9.9973E-05 0.45485 0.486373
9.9991E-05 0.0903147 0.0183284 0.00170828 0.18181 0.707739
0.0356319 0.0419016 0.0509063 0.00409266 0.379756 0.487711
0.140831 0.0256454 0.0136703 0.0307419 0.14676 0.642351
0.115941 0.0179856 0.0424762 9.9991E-05 0.0724939 0.751003
0.170758 9.9973E-05 9.9973E-05 9.9973E-05 0.375889 0.453054
0.135384 9.9973E-05 9.9973E-05 9.9973E-05 0.304293 0.560024
0.260531 9.9982E-05 9.9982E-05 0.0243431 0.235168 0.479758
0.113135 9.9982E-05 0.073133 9.9982E-05 0.108712 0.704821
0.100549 9.9991E-05 0.00685509 0.0363313 0.243849 0.612316
0.0815045 0.0144964 0.0408081 9.9991E-05 0.282454 0.580637
0.0599208 0.433329 0.0989203 9.9982E-05 9.9982E-05 0.40763
0.0847026 0.50042 0.0814789 0.0116777 0.00602092 0.3157
9.9991E-05 0.485719 0.110049 0.00265808 0.00880564 0.392669
9.9991E-05 0.491393 0.161751 0.0816699 0.0174026 0.247683
0.0726097 0.354448 0.121741 0.023209 9.9991E-05 0.427892
9.9982E-05 0.0116363 0.068734 9.9982E-05 0.31352 0.60591
0.0664481 0.635511 0.23811 0.0417348 0.0180966 9.9991E-05
9.9991E-05 0.496072 0.157608 0.0494534 0.0877298 0.209037
9.9991E-05 0.136565 0.226452 0.0206935 0.170035 0.446155
0.0517568 9.9991E-05 0.194467 0.032662 0.108192 0.612822
0.151946 0.0634215 0.149953 0.0318601 0.174305 0.428515
0.00874566 0.0257148 0.182507 0.0268344 0.102704 0.653494
0.0587721 0.0265878 0.0996347 0.039409 0.0912865 0.68431
9.9982E-05 0.434529 0.205117 0.00832537 9.9982E-05 0.351829
0.038368 0.336086 0.109298 0.0441786 9.9991E-05 0.47197
0.0168007 0.54158 0.0818686 9.9982E-05 9.9982E-05 0.35955
0.0479798 0.30682 0.0738708 0.0524364 0.0195226 0.49937
9.9982E-05 0.536487 0.152849 0.00190169 9.9982E-05 0.308563
0.00185146 0.367329 0.0984243 0.0895519 0.0217071 0.421136
9.9991E-05 0.61307 0.137821 0.00857193 0.0124009 0.228037
0.115436 0.49949 0.0844899 0.0528831 0.0137933 0.233907
9.9991E-05 0.0487943 0.117907 0.0280429 0.228844 0.576312
0.0616389 0.38636 0.233803 9.9991E-05 0.0985647 0.219534
9.9982E-05 0.606007 0.175808 0.042489 9.9982E-05 0.175496
0.105932 0.367118 0.127015 9.9991E-05 0.102528 0.297307
0.250176 9.9991E-05 0.167556 0.0290334 0.302938 0.250196
0.0729992 0.0592687 0.0327855 0.0379416 0.178358 0.618647
0.080126 0.321614 0.180635 9.9991E-05 0.00415828 0.413367
0.132615 0.00525978 0.151863 0.0306295 0.019582 0.66005
0.140419 9.9991E-05 0.161866 0.0128567 0.128955 0.555803
0.0217103 0.294735 0.201614 0.0296027 0.139239 0.313099
0.0355591 0.319609 0.187246 0.0372366 0.129585 0.290764
0.0567062 0.100654 0.0935807 0.0905224 9.9991E-05 0.658436
0.0502677 0.492831 0.055862 9.9991E-05 0.0502737 0.350665
0.0350433 0.505671 0.0541455 0.0240079 0.025777 0.355356
9.9973E-05 0.653249 0.232808 9.9973E-05 9.9973E-05 0.113643
0.0045619 0.044895 0.118124 0.0306398 0.0652076 0.736571
0.066004 9.9991E-05 0.151152 0.0257379 0.185792 0.571215
9.9991E-05 0.0827153 0.105926 0.0563338 0.574406 0.180519
9.9982E-05 0.115872 0.173738 9.9982E-05 0.108769 0.60142
0.262781 0.036499 0.0927589 0.0145681 0.161059 0.432334
9.9991E-05 0.125904 0.189555 0.0208543 0.174733 0.488854
0.107718 0.168355 0.1051 0.0454791 0.13014 0.443207
9.9973E-05 0.215822 0.370939 9.9973E-05 0.412939 9.9973E-05
9.9982E-05 0.138797 0.335847 0.0378091 0.487347 9.9982E-05
0.0754019 0.204254 0.19762 0.0164569 0.295055 0.211213
9.9991E-05 0.253529 0.327887 0.0331516 0.37967 0.00566253
9.9982E-05 0.229727 0.470066 0.00525372 0.294754 9.9982E-05
9.9982E-05 0.150127 0.143984 9.9982E-05 0.340456 0.365233
9.9991E-05 0.190307 0.201265 0.0335077 0.201053 0.373767
0.0438839 0.254205 0.27071 0.00312463 0.30763 0.120446
9.9991E-05 0.145772 0.336504 0.016207 0.427083 0.0743337
0.0880022 0.157781 0.199497 0.0247724 0.0747274 0.455221
9.9991E-05 0.215759 0.188926 0.0421989 0.495048 0.0579674
9.9982E-05 0.0658989 0.55768 0.0221115 0.354109 9.9982E-05
0.0632554 0.244376 0.116442 0.0249551 0.0331536 0.517818
0.0319374 0.287518 0.186914 9.9991E-05 0.196616 0.296915
0.0245423 0.193897 0.283338 0.0353744 9.9991E-05 0.462748
9.9973E-05 0.287298 0.183075 9.9973E-05 9.9973E-05 0.529327
9.9991E-05 0.264606 0.169511 0.0238726 0.0616674 0.480243
0.0139497 0.181043 0.206864 9.9991E-05 0.0374116 0.560632
9.9982E-05 0.204308 0.389842 0.0177343 9.9982E-05 0.387915
0.0601851 0.130614 0.284458 0.0232097 9.9991E-05 0.501433
9.9991E-05 0.300225 0.17038 0.0812182 0.0197067 0.42837
0.0100017 0.287503 0.207589 0.0738666 0.132585 0.288455
0.118172 0.163236 0.192012 9.9991E-05 0.206152 0.320328
0.0880962 0.137447 0.180248 0.0293334 0.0930251 0.47185
0.00202543 0.174699 0.18843 0.0604723 0.0714813 0.502892
0.0369187 0.213682 0.111575 0.0151287 0.0397653 0.58293
0.0198992 0.275046 0.269105 0.0436921 0.0102621 0.381996
9.9991E-05 0.20998 0.15461 0.0424084 0.1272 0.465701
9.9982E-05 0.266446 0.383424 9.9982E-05 0.198742 0.151189
0.0668396 0.229473 0.0873706 0.0672236 9.9991E-05 0.548994
9.9982E-05 0.369124 0.320763 9.9982E-05 0.191665 0.118248
0.115861 0.0064978 0.737634 0.0614137 0.0784933 9.9991E-05
0.715271 9.9991E-05 0.0977816 0.00484918 0.0274082 0.15459
0.96856 9.9964E-05 0.0310401 9.9964E-05 9.9964E-05 9.9964E-05
0.973435 9.9964E-05 9.9964E-05 0.0261654 9.9964E-05 9.9964E-05
0.95748 0.0421197 9.9964E-05 9.9964E-05 9.9964E-05 9.9964E-05
0.91948 0.0276652 9.9982E-05 0.026359 9.9982E-05 0.026296
0.905854 0.000473047 9.9982E-05 0.0362491 9.9982E-05 0.0572239
0.956935 9.9973E-05 0.0369147 0.00585059 9.9973E-05 9.9973E-05
0.734849 0.0507749 0.18392 0.0302561 9.9982E-05 9.9982E-05
0.0507205 0.0320591 0.851885 0.0651357 9.9982E-05 9.9982E-05
0.133643 9.9982E-05 0.768093 0.0528735 9.9982E-05 0.0451912
0.0350521 0.0545713 0.803667 0.0921447 0.00991214 0.00465263
0.0960001 9.9991E-05 0.794611 0.0669366 0.00754023 0.0348117
0.0521102 0.0855979 0.851486 0.0106064 9.9982E-05 9.9982E-05
0.0389368 0.0343559 0.852559 0.0521391 0.0219094 9.9991E-05
0.0906482 0.126368 0.675081 0.0854364 9.9991E-05 0.0223668
0.0247018 0.0728035 0.816012 0.071297 9.9991E-05 0.015086
0.0945193 0.0901924 0.678914 0.0702368 0.0387452 0.0273917
9.9973E-05 0.033519 0.875064 0.0911169 9.9973E-05 9.9973E-05
0.0419477 9.9982E-05 0.878662 0.0756366 0.00355418 9.9982E-05
0.0341644 0.0489556 0.80808 0.0760719 0.00750432 0.0252238
0.0286366 9.9973E-05 0.944845 0.0262181 9.9973E-05 9.9973E-05
9.9982E-05 0.025404 0.850366 0.0878897 9.9982E-05 0.0361405
9.9973E-05 9.9973E-05 0.80873 0.0789448 9.9973E-05 0.112025
9.9982E-05 0.0118639 0.847115 0.0447169 9.9982E-05 0.0961046
9.9982E-05 0.140316 0.747394 0.0203843 9.9982E-05 0.0917063
9.9982E-05 0.0420147 0.774303 0.0396213 9.9982E-05 0.143861
9.9982E-05 0.0281612 0.759567 0.0719102 9.9982E-05 0.140161
0.0882116 0.0503162 0.169227 0.00476291 0.219914 0.467569
9.9973E-05 9.9973E-05 0.15874 9.9973E-05 0.116214 0.724746
0.0602118 0.0362957 0.0975055 0.031927 0.198065 0.575995
9.9982E-05 0.0711998 0.140434 9.9982E-05 0.630375 0.157792
0.10165 9.9991E-05 0.144544 0.0345436 0.158848 0.560314
9.9982E-05 0.0354658 0.236405 9.9982E-05 0.592363 0.135566
9.9991E-05 0.0582981 0.106052 0.0294506 0.0713476 0.734752
0.146516 9.9982E-05 0.108662 9.9982E-05 0.24304 0.501581
0.11303 9.9991E-05 0.102182 0.0296487 0.174506 0.580533
0.0754946 9.9982E-05 0.0784702 9.9982E-05 0.198825 0.64701
0.140568 0.0130044 0.0746458 0.05336 0.188848 0.529574
0.014604 0.0634072 0.0637955 0.0559434 0.0991698 0.70308
0.162326 9.9991E-05 0.0581042 0.0588656 0.0667374 0.653867
0.492831 0.064436 9.9982E-05 9.9982E-05 0.386003 0.0565295
0.098329 9.9973E-05 0.126136 9.9973E-05 0.775236 9.9973E-05
0.0102726 0.0124924 0.173982 9.9991E-05 0.573594 0.229559
0.0663182 0.0995877 0.0799304 0.0942906 0.0275586 0.632315
0.0637614 9.9991E-05 0.154068 0.0263987 0.178716 0.576956
9.9973E-05 9.9973E-05 0.135075 9.9973E-05 0.259311 0.605314
9.9991E-05 0.0725007 0.0291199 0.0554634 0.169201 0.673615
0.0216164 0.169381 0.173057 0.0208594 0.03273 0.582356
9.9982E-05 0.255134 0.207125 0.0216544 9.9982E-05 0.515886
0.160291 0.205611 0.415535 9.9991E-05 0.126668 0.0917942
0.144382 0.08641 0.0884673 0.0527546 9.9991E-05 0.627886
0.0732555 0.13683 0.215517 0.0478414 0.101493 0.425064
9.9973E-05 0.155043 0.481571 9.9973E-05 0.363086 9.9973E-05
9.9991E-05 0.239045 0.273612 0.00884199 0.215353 0.263047
0.0554312 0.180698 0.354981 0.0389646 0.0570051 0.31292
0.136277 0.069707 0.266557 0.0725041 9.9991E-05 0.454855
0.109927 0.229661 0.12859 0.0204482 0.012417 0.498957
0.000815908 0.195795 0.209372 0.034688 0.111529 0.4478
0.00447533 0.135876 0.194259 0.0268049 9.9991E-05 0.638485
9.9991E-05 0.163329 0.217674 0.00678404 0.197648 0.414465
0.00700105 0.222959 0.413178 0.0662353 0.0392495 0.251378
