0.0202776 0.924079 0.0145158 0.0288327 0.012195 9.9991E-05
9.9982E-05 0.929087 0.000216698 0.0594273 9.9982E-05 0.011069
0.122338 0.854942 0.00176017 9.9982E-05 0.0207595 9.9982E-05
0.00863725 0.761472 0.127373 9.9982E-05 0.102318 9.9982E-05
0.0762823 0.897054 0.00576441 9.9991E-05 0.00090077 0.0198987
0.012294 0.574924 0.113039 0.0733937 0.0784997 0.14785
0.00444735 0.818228 0.0643993 9.9991E-05 0.00468781 0.108137
9.9982E-05 0.692801 0.196455 9.9982E-05 0.0348586 0.0756853
9.9982E-05 0.795312 0.113189 0.026897 9.9982E-05 0.0644021
0.105264 0.716762 0.00782317 9.9991E-05 0.0500239 0.120027
0.0345291 0.738846 0.130079 9.9982E-05 9.9982E-05 0.0963459
0.29224 9.9991E-05 0.440703 0.183116 0.0601171 0.0237235
0.524765 9.9991E-05 0.275562 0.0752479 0.108561 0.0157638
0.212636 0.0276601 0.422039 0.125368 0.108216 0.104082
0.249376 0.0241053 0.363608 0.0937182 0.168636 0.100556
0.385957 0.0916134 0.240686 0.00461123 0.129596 0.147536
0.574141 0.0490458 0.114183 0.0194523 0.0955531 0.147624
0.503744 9.9991E-05 0.234758 0.0974081 0.0428083 0.121181
0.395442 0.150001 0.304902 0.0877652 0.06179 9.9991E-05
9.9982E-05 9.9982E-05 0.676663 0.140203 0.122712 0.0602218
0.391469 9.9991E-05 0.254417 0.134497 0.112851 0.106666
0.421241 0.0321991 0.164736 0.13068 0.0183683 0.232775
0.584621 0.0663362 0.160629 0.168471 0.00224846 0.0176951
0.303863 0.00750981 0.395921 0.145016 0.118685 0.0290052
0.540792 0.120479 0.117011 0.0798709 0.0930643 0.0487835
0.477731 0.0519934 0.284879 0.0699113 0.115385 9.9991E-05
0.195487 0.00106991 0.488372 0.19714 0.117832 9.9991E-05
0.199605 0.00270034 0.41521 0.178481 0.203904 9.9991E-05
0.289465 0.00450657 0.456388 0.0358052 0.00464049 0.209195
0.136176 0.833464 9.9973E-05 9.9973E-05 0.0300602 9.9973E-05
0.16088 0.83872 9.9964E-05 9.9964E-05 9.9964E-05 9.9964E-05
0.115504 0.785771 9.9982E-05 0.0530857 0.0454394 9.9982E-05
0.163064 0.78026 9.9982E-05 0.0149396 0.0415363 9.9982E-05
0.429151 0.0206096 0.172324 0.284468 0.0933478 9.9991E-05
0.53235 0.0329488 0.0459479 0.337362 0.0512907 9.9991E-05
0.632675 0.00826458 9.9991E-05 0.237324 0.00982646 0.11181
0.213472 0.0595867 0.564414 0.126307 0.0361198 9.9991E-05
0.311874 0.00313883 9.9991E-05 0.586868 0.0280135 0.0700055
0.400543 0.035301 0.0764367 0.378698 0.108921 9.9991E-05
0.688446 9.9982E-05 9.9982E-05 0.1975 0.0600796 0.053775
0.553628 0.106388 0.0273437 0.145683 0.0448965 0.122061
0.636816 0.158088 0.0237462 0.109926 9.9991E-05 0.0713231
0.0916199 0.0334508 0.131716 0.743013 9.9982E-05 9.9982E-05
0.656038 0.0536509 9.9991E-05 0.0315436 0.0531156 0.205552
0.527228 0.0851534 0.00306907 0.345479 0.0389704 9.9991E-05
0.525865 0.0663438 0.110803 0.0694982 0.179972 0.0475185
0.306465 9.9973E-05 9.9973E-05 0.594324 9.9973E-05 0.0989117
0.617075 0.0380869 9.9973E-05 0.344538 9.9973E-05 9.9973E-05
0.578269 0.114482 9.9991E-05 0.210691 0.0218163 0.0746414
9.9973E-05 0.088603 9.9973E-05 0.633835 9.9973E-05 0.277262
0.152269 9.9982E-05 0.4132 0.320739 9.9982E-05 0.113591
0.0927886 0.0248974 0.156349 0.257455 0.024372 0.444138
0.515614 0.00538681 0.1603 0.0792569 0.0647169 0.174726
0.657601 0.101759 0.0450135 0.0389314 0.025808 0.130887
0.638553 0.0945159 0.0714434 0.0692872 9.9991E-05 0.126101
0.241288 0.0877209 0.337955 0.188509 9.9991E-05 0.144428
0.510502 0.0124576 0.214292 0.101597 0.0424182 0.118733
0.552508 0.0142652 0.093936 0.134527 0.0977371 0.107026
0.333534 0.0846423 0.213789 0.190414 0.0197955 0.157825
0.0184563 0.184607 0.336496 0.186554 0.075951 0.197936
0.540279 0.109137 0.115655 0.202779 0.0320509 9.9991E-05
0.393384 0.0445522 0.18603 0.138419 0.079457 0.158157
0.113252 0.0370198 0.504555 0.174831 9.9991E-05 0.170242
0.493773 9.9991E-05 0.311138 0.111992 0.0462021 0.0367949
0.682429 0.0116482 0.102108 0.0508735 0.0657033 0.0872381
0.519 0.0769369 0.181729 0.0867392 0.0774923 0.0581034
0.337197 0.0203664 0.277259 0.170514 0.022717 0.171947
0.503048 9.9991E-05 0.174346 0.14644 0.0589573 0.117108
0.63366 0.0913109 0.208521 0.0061673 0.0120844 0.0482569
0.226975 0.0277061 0.339711 0.224169 9.9991E-05 0.181339
0.522543 9.9973E-05 0.0499784 0.427179 9.9973E-05 9.9973E-05
0.101402 0.0047889 0.164543 0.729065 9.9982E-05 9.9982E-05
0.52031 0.0962442 0.126885 0.212403 0.0440584 9.9991E-05
9.9964E-05 9.9964E-05 9.9964E-05 0.8233 9.9964E-05 0.1763
9.9964E-05 9.9964E-05 9.9964E-05 0.84904 9.9964E-05 0.15056
0.249485 9.9964E-05 9.9964E-05 0.750115 9.9964E-05 9.9964E-05
0.478248 9.9991E-05 0.0600899 0.426502 0.00160322 0.0334566
0.567066 0.0538285 0.108205 0.0634739 0.0743037 0.133123
0.382774 0.00222335 0.0633909 0.460432 0.0778547 0.0133249
0.119551 0.055854 0.142301 0.659203 0.0229908 9.9991E-05
0.226661 0.0053858 0.262493 0.492687 0.012674 9.9991E-05
0.357018 0.102381 0.0137179 0.287422 0.147966 0.0914944
0.238237 0.0290791 0.0749831 0.614049 0.0435517 9.9991E-05
0.496222 0.085353 0.0442605 0.37381 0.000254302 9.9991E-05
0.409362 9.9973E-05 9.9973E-05 0.521514 9.9973E-05 0.0688239
9.9973E-05 9.9973E-05 9.9973E-05 0.710517 0.0136472 0.275536
0.547616 0.0375522 0.0420117 0.28947 0.0832498 9.9991E-05
0.0564328 0.793849 0.0651115 9.9982E-05 0.0844069 9.9982E-05
0.0913181 0.908282 9.9964E-05 9.9964E-05 9.9964E-05 9.9964E-05
0.112467 0.876388 0.010845 9.9973E-05 9.9973E-05 9.9973E-05
0.0563806 0.934376 9.9973E-05 9.9973E-05 9.9973E-05 0.00894302
0.0860046 0.90112 9.9973E-05 0.0125756 9.9973E-05 9.9973E-05
9.9982E-05 0.884566 9.9982E-05 0.0309317 0.0670796 0.0172231
0.0743658 0.91193 9.9982E-05 9.9982E-05 0.0091135 0.00439039
0.499705 0.12759 9.9991E-05 0.281143 0.0509357 0.0405262
0.495527 0.113884 0.0164634 0.32162 0.0177036 0.0348018
9.9982E-05 0.0302384 0.0684904 0.875547 9.9982E-05 0.0255242
0.580377 0.164766 0.0834846 0.140932 0.0303406 9.9991E-05
0.41038 0.0345253 0.0492724 0.453457 0.0522653 9.9991E-05
0.51432 0.0207725 9.9991E-05 0.376762 0.0710499 0.0169961
0.475844 0.0322666 0.0189989 0.362964 0.0384675 0.0714598
0.45663 0.038046 9.9982E-05 0.405883 0.0992406 9.9982E-05
9.9973E-05 0.0586329 0.226369 0.714698 9.9973E-05 9.9973E-05
0.468831 0.108827 0.119399 0.148022 0.0853344 0.0695868
0.769001 0.0188098 0.0196991 0.118519 9.9991E-05 0.0738713
0.584599 0.147211 9.9991E-05 0.135245 0.0497305 0.0831147
0.235028 0.0186886 9.9991E-05 0.608556 0.0421122 0.0955154
0.544467 0.0399976 9.9982E-05 0.407748 9.9982E-05 0.0075876
0.437872 9.9982E-05 0.0819533 0.424353 0.0556224 9.9982E-05
0.269579 9.9973E-05 9.9973E-05 0.57301 0.157111 9.9973E-05
0.404514 0.0609137 0.0830379 0.449219 0.00221454 9.9991E-05
0.578666 0.142898 0.0694815 0.208754 9.9982E-05 9.9982E-05
0.229735 0.0543988 0.334179 0.140396 0.0527968 0.188495
0.420485 0.113848 0.26039 0.00585726 0.0691374 0.130282
0.55742 0.069075 0.221842 0.0386148 0.0741629 0.0388857
0.535494 9.9982E-05 0.162955 9.9982E-05 0.120036 0.181316
0.562475 0.025886 0.345726 9.9982E-05 9.9982E-05 0.0657123
0.671469 9.9982E-05 0.149518 0.0889628 9.9982E-05 0.0898503
0.496409 0.00511011 0.405747 0.0648414 0.0196874 0.00820463
0.535318 0.0565007 0.277147 0.0799782 9.9991E-05 0.0509554
0.569606 0.0956815 0.144216 0.0674155 0.0564518 0.0666294
0.623768 0.0226263 0.170745 0.0919983 9.9991E-05 0.0907618
0.526916 0.0225723 0.354742 0.0557517 9.9991E-05 0.0399176
0.689763 9.9991E-05 0.171396 0.013964 0.0342883 0.0904885
0.597938 0.0997234 0.0245198 0.0612911 0.0742803 0.142248
0.604715 9.9982E-05 0.271995 0.0592563 0.0638333 9.9982E-05
0.618413 0.126344 0.0353631 9.9991E-05 0.0174766 0.202304
0.543681 9.9991E-05 0.186883 0.0924675 0.0505668 0.126302
0.462948 0.0678205 0.182507 9.9982E-05 9.9982E-05 0.286524
0.605705 0.0377742 0.170187 0.0894389 0.0967952 9.9991E-05
0.706937 0.0561053 0.107635 9.9982E-05 9.9982E-05 0.129123
0.181573 9.9991E-05 0.431461 0.174339 0.156796 0.0557305
0.148287 9.9991E-05 0.308472 0.132204 0.0560951 0.354843
0.604705 0.00420769 0.259107 0.068415 0.0484541 0.0151108
0.0692803 9.9991E-05 0.344101 0.210747 0.0518257 0.323947
0.351168 0.0743611 0.410038 0.130947 9.9991E-05 0.033386
0.447377 9.9982E-05 0.284621 0.219661 9.9982E-05 0.0481419
0.357745 0.0143681 0.453206 0.17448 9.9982E-05 9.9982E-05
0.365129 9.9991E-05 0.506185 0.0556271 0.0136433 0.059315
0.616937 0.128981 0.0659843 0.136428 0.0051715 0.0464976
0.624299 0.0993998 0.104698 0.0240373 0.0269149 0.120651
0.501296 0.0318642 0.201617 0.115517 0.0138651 0.135841
0.122914 9.9991E-05 0.336985 0.123594 0.0822882 0.334119
0.60757 0.161974 0.0169365 0.160732 9.9991E-05 0.0526874
0.51898 0.00626581 0.10824 0.0559308 0.091946 0.218637
0.046936 0.142874 0.135264 0.07391 9.9991E-05 0.600917
0.611422 0.136021 9.9991E-05 0.161089 0.0351375 0.0562303
0.435661 0.100543 9.9982E-05 0.115651 9.9982E-05 0.347946
0.453819 0.00197725 0.0503356 0.118406 0.102913 0.272548
0.308633 0.0875649 0.0818131 0.11694 9.9991E-05 0.404949
0.264706 0.0553825 0.130947 0.0765366 9.9991E-05 0.472329
0.467099 0.0291452 0.125339 0.12512 9.9991E-05 0.253196
0.441745 0.0579149 0.149187 0.0192906 0.120994 0.210869
0.422427 0.144093 0.0741517 0.122182 0.0750299 0.162116
9.9991E-05 0.0244807 0.0437755 0.256356 0.212326 0.462962
0.563403 0.00987426 0.153956 9.9991E-05 0.0828105 0.189856
0.479412 9.9982E-05 0.0683383 0.0771518 9.9982E-05 0.374898
0.567548 9.9982E-05 0.0711481 0.158713 9.9982E-05 0.202391
0.574141 0.0744091 0.0430617 0.148972 0.0096219 0.149794
0.126181 0.329818 9.9982E-05 9.9982E-05 0.268437 0.275364
9.9973E-05 0.54944 9.9973E-05 9.9973E-05 0.143206 0.307054
9.9973E-05 0.436479 9.9973E-05 9.9973E-05 0.125298 0.437923
0.060052 0.362432 0.022026 9.9991E-05 0.316818 0.238572
0.724301 9.9973E-05 9.9973E-05 0.0615682 9.9973E-05 0.21383
0.482102 0.0473409 0.114766 0.0837115 0.139527 0.132552
0.291027 9.9964E-05 9.9964E-05 9.9964E-05 0.708573 9.9964E-05
0.272776 0.0898558 0.0450958 0.154606 0.437567 9.9991E-05
0.380069 0.0493502 0.0869022 0.115885 0.367694 9.9991E-05
0.348663 9.9973E-05 9.9973E-05 0.123536 9.9973E-05 0.527502
0.578189 0.0844179 0.047559 0.131692 0.0565404 0.101602
0.241104 9.9991E-05 0.0303737 0.0554759 0.00174444 0.671202
0.608797 9.9982E-05 9.9982E-05 0.0772596 0.0228775 0.290866
0.500941 0.0397165 0.0464199 0.0972342 9.9991E-05 0.315588
0.572693 9.9991E-05 0.0565982 0.0223311 0.0554986 0.292779
0.21341 9.9991E-05 0.0410942 0.160733 0.0157682 0.568894
0.62129 9.9991E-05 0.0269747 0.110456 0.131795 0.109384
0.608968 0.0403261 0.0917124 0.0204382 0.0794678 0.159088
0.102406 9.9964E-05 9.9964E-05 9.9964E-05 0.897194 9.9964E-05
0.0820478 9.9973E-05 0.0065153 9.9973E-05 0.911137 9.9973E-05
0.320092 9.9982E-05 9.9982E-05 0.0681804 0.574013 0.0375144
0.333381 9.9973E-05 9.9973E-05 9.9973E-05 0.657452 0.00886695
0.122116 0.0136959 0.0309955 0.00568138 0.827412 9.9991E-05
9.996E-05 9.996E-05 9.996E-05 9.996E-05 0.9995 9.996E-05
9.9964E-05 9.9964E-05 0.0445815 9.9964E-05 0.955019 9.9964E-05
0.114239 9.9973E-05 9.9973E-05 0.00876526 0.876695 9.9973E-05
0.0124611 9.9982E-05 0.00318046 0.0239199 0.960239 9.9982E-05
9.996E-05 9.996E-05 9.996E-05 9.996E-05 0.9995 9.996E-05
9.996E-05 9.996E-05 9.996E-05 9.996E-05 0.9995 9.996E-05
0.173551 0.035372 0.035345 9.9982E-05 0.755533 9.9982E-05
0.117382 0.0684996 0.0311112 9.9982E-05 0.782807 9.9982E-05
9.9973E-05 9.9973E-05 0.0126267 0.00182497 0.985248 9.9973E-05
0.499913 0.0589379 9.9982E-05 9.9982E-05 0.320679 0.12027
0.248721 0.0386395 0.046218 9.9991E-05 0.62189 0.0444315
0.185562 0.0653174 9.9973E-05 9.9973E-05 0.748821 9.9973E-05
0.164332 0.0449728 9.9973E-05 9.9973E-05 0.790396 9.9973E-05
0.0434611 9.9964E-05 9.9964E-05 9.9964E-05 0.956139 9.9964E-05
0.0745868 0.0558172 9.9973E-05 9.9973E-05 0.869296 9.9973E-05
9.996E-05 9.996E-05 9.996E-05 9.996E-05 0.9995 9.996E-05
0.207189 0.0415887 0.0647087 0.0384602 0.618511 0.0295428
0.0461304 0.0234749 9.9982E-05 0.0596721 0.870523 9.9982E-05
9.9982E-05 0.330621 9.9982E-05 0.00548158 0.0288711 0.634827
0.51421 0.185036 0.0416327 0.04228 0.0121817 0.204659
0.463506 0.25778 0.036119 0.0507553 0.0307399 0.161099
0.163357 0.208253 0.0254399 9.9991E-05 0.131933 0.470917
0.492669 0.166936 0.0342561 0.0304266 0.0745687 0.201144
0.184983 0.201481 9.9991E-05 0.0564311 0.124893 0.432113
0.54441 0.157113 0.0931081 0.0064147 0.0488982 0.150055
0.355466 0.129083 9.9982E-05 9.9982E-05 0.175802 0.339448
0.447151 0.0858846 9.9982E-05 9.9982E-05 0.191959 0.274806
0.360929 0.16314 9.9982E-05 9.9982E-05 0.1692 0.306531
0.405158 0.125899 0.0367825 0.0405035 0.166433 0.225225
0.0753501 0.820535 0.0501752 9.9982E-05 9.9982E-05 0.0537397
0.00731814 0.908452 9.9982E-05 0.024263 0.0597673 9.9982E-05
9.9973E-05 0.935045 0.0220678 0.042587 9.9973E-05 9.9973E-05
0.046563 0.927132 0.0260051 9.9973E-05 9.9973E-05 9.9973E-05
0.0387075 0.880926 0.0620798 9.9982E-05 9.9982E-05 0.0180867
9.9982E-05 0.894423 9.9982E-05 0.0154008 0.0792149 0.0107618
0.0484823 0.869554 0.00476644 9.9982E-05 0.0769971 9.9982E-05
0.043337 0.866762 9.9973E-05 9.9973E-05 9.9973E-05 0.0896011
0.0752492 0.893386 9.9973E-05 0.031065 9.9973E-05 9.9973E-05
9.9982E-05 0.856508 0.00737724 9.9982E-05 0.107974 0.0279407
9.9973E-05 0.585441 0.247816 0.166443 9.9973E-05 9.9973E-05
9.9973E-05 0.602485 0.277984 0.119231 9.9973E-05 9.9973E-05
9.9982E-05 0.52863 0.280723 0.116561 9.9982E-05 0.0738856
9.9982E-05 0.483079 0.346768 0.1377 9.9982E-05 0.0322528
0.54579 9.9982E-05 0.0825403 0.335108 0.0363622 9.9982E-05
0.438432 0.0153778 0.139126 0.310565 0.0964002 9.9991E-05
0.463038 9.9982E-05 0.249417 0.217993 0.069352 9.9982E-05
0.464839 0.0253303 0.231625 0.265313 9.9991E-05 0.0127924
0.182015 9.9991E-05 0.572333 0.168563 0.0186936 0.0582952
0.565486 0.0829026 9.9991E-05 0.160687 0.0850618 0.105763
0.509955 9.9991E-05 0.135608 0.224724 0.060603 0.0690102
0.580867 9.9982E-05 0.054222 0.211073 9.9982E-05 0.153638
0.309196 9.9982E-05 9.9982E-05 0.553582 0.0728459 0.0641764
0.659862 0.0603345 0.0751449 0.195273 9.9991E-05 0.00928577
0.423553 0.00588308 0.104635 0.429903 9.9991E-05 0.0359256
9.9973E-05 9.9973E-05 0.0955149 0.699271 9.9973E-05 0.204914
0.574928 0.0591215 0.211094 0.0888901 0.0403407 0.0256255
0.254165 0.028129 9.9982E-05 0.457681 9.9982E-05 0.259824
0.567464 9.9982E-05 0.025979 0.359355 9.9982E-05 0.0470023
0.0495837 0.0390347 0.269558 0.641623 9.9982E-05 9.9982E-05
9.9973E-05 0.104623 0.787666 9.9973E-05 9.9973E-05 0.107411
0.0724596 0.113386 0.705497 9.9982E-05 9.9982E-05 0.108457
0.0320887 0.0145503 0.830615 9.9982E-05 9.9982E-05 0.122546
9.9982E-05 0.0996769 0.725379 0.161728 9.9982E-05 0.0130164
0.0497068 9.9982E-05 0.84204 9.9982E-05 0.0471222 0.0609313
0.0779903 0.0444226 0.803417 9.9991E-05 0.0474542 0.0266157
0.124945 0.873181 9.9973E-05 0.0015732 9.9973E-05 9.9973E-05
0.0965424 0.81751 0.0710297 9.9982E-05 0.0147177 9.9982E-05
0.193341 0.736553 9.9973E-05 9.9973E-05 0.0698058 9.9973E-05
0.0618699 0.733808 0.0825972 9.9982E-05 0.121525 9.9982E-05
0.0753404 0.759403 0.0514058 9.9982E-05 0.113651 9.9982E-05
9.9973E-05 0.406155 0.581568 9.9973E-05 9.9973E-05 0.0119778
9.9982E-05 0.455999 0.409325 0.0445377 9.9982E-05 0.0899383
9.9991E-05 0.407403 0.461765 0.0518825 0.020543 0.0583063
0.150609 0.835442 0.00528834 9.9982E-05 0.00846072 9.9982E-05
9.9982E-05 0.348293 0.513886 0.10636 9.9982E-05 0.0312604
0.33099 0.237929 9.9982E-05 9.9982E-05 0.341973 0.0889087
0.509118 0.075625 0.0368486 0.0634809 0.250002 0.0649261
0.566502 0.14075 0.0253959 9.9982E-05 0.267152 9.9982E-05
0.378211 0.249278 9.9991E-05 0.0454131 0.204042 0.122957
0.559836 0.10205 0.0563193 0.0358467 0.131639 0.11431
9.9973E-05 0.446501 9.9973E-05 9.9973E-05 0.321338 0.231861
0.489296 0.0167134 0.263398 0.139831 9.9991E-05 0.0906619
0.394665 9.9982E-05 0.157664 0.139989 9.9982E-05 0.307483
0.270967 0.0651344 0.504731 0.0817208 0.044285 0.0331617
0.489745 9.9991E-05 0.145692 0.119934 0.0327547 0.211775
9.9973E-05 9.9973E-05 0.160869 0.253658 9.9973E-05 0.585173
0.57765 0.103639 0.118105 0.0258541 0.0412397 0.133513
0.449159 0.0130095 0.216893 0.166582 9.9991E-05 0.154257
0.401978 9.9982E-05 0.400033 0.154489 9.9982E-05 0.0433001
0.567029 0.0244885 0.225795 0.0517337 0.0473097 0.0836439
0.160868 9.9982E-05 0.248244 0.243692 9.9982E-05 0.346996
0.486405 9.9982E-05 0.170181 9.9982E-05 0.0862808 0.256933
0.583761 0.0315058 0.248171 0.108682 0.000480505 0.0273994
0.441064 0.132953 0.0235669 0.131021 0.157197 0.114198
0.416802 9.9991E-05 0.269703 0.0448897 0.0172132 0.251292
0.467726 9.9991E-05 0.242402 0.111637 0.0448787 0.133257
0.432804 9.9991E-05 0.15797 0.18228 0.0989283 0.127918
0.569968 9.9982E-05 0.1285 0.147884 9.9982E-05 0.153448
0.759525 0.0186042 0.127446 9.9991E-05 0.0235161 0.070808
0.574095 0.0930595 0.114999 0.124621 0.0309674 0.0622589
0.570554 0.0817306 0.160873 0.0339329 0.0942313 0.0586782
0.114459 0.792963 9.9973E-05 9.9973E-05 0.092278 9.9973E-05
0.0700216 0.845822 9.9982E-05 0.0461089 0.0378475 9.9982E-05
0.111518 0.741436 0.0528385 9.9991E-05 0.000176933 0.0939306
9.9973E-05 0.812469 9.9973E-05 0.127106 0.0601257 9.9973E-05
0.12554 0.856488 9.9973E-05 9.9973E-05 0.0176721 9.9973E-05
0.223584 9.9982E-05 0.616666 0.149539 0.0100106 9.9982E-05
0.5361 0.0709418 0.0909558 0.122971 0.00823625 0.170795
0.368022 0.257416 9.9991E-05 0.138078 0.165263 0.0711211
0.65946 0.00667935 0.224263 0.0249511 0.0700966 0.014549
0.60247 0.0156372 0.197649 0.184044 9.9982E-05 9.9982E-05
0.334455 9.9982E-05 0.365634 9.9982E-05 0.0381598 0.261551
0.0124251 0.134215 0.636478 0.18451 9.9991E-05 0.0322712
0.514567 0.0125007 0.229257 0.162176 0.0271428 0.0543568
0.179081 0.0657292 0.511303 0.105339 0.0591367 0.0794119
0.412906 9.9991E-05 0.139926 0.148623 0.07387 0.224575
0.107199 0.123473 0.554422 0.14475 0.0207978 0.0493584
0.594115 0.103062 0.1794 0.0626871 0.0606358 9.9991E-05
0.227689 0.0374217 0.516272 0.097825 9.9991E-05 0.120692
0.36207 0.014796 0.313025 0.137665 0.0707886 0.101655
0.526784 0.044354 0.0257588 0.110586 0.0196132 0.272904
0.367941 9.9973E-05 0.0904365 9.9973E-05 9.9973E-05 0.541322
0.542129 0.0680106 0.110823 9.9991E-05 0.0380771 0.240861
0.573296 0.0749204 0.106057 0.0706611 0.00999452 0.165071
0.36304 9.9982E-05 0.0984741 0.0581277 9.9982E-05 0.480158
0.475437 0.0312979 0.115049 9.9991E-05 0.107215 0.270901
0.64053 9.9973E-05 9.9973E-05 0.0876365 9.9973E-05 0.271533
0.214413 9.9982E-05 0.106915 0.00937987 9.9982E-05 0.669093
0.307484 9.9973E-05 9.9973E-05 0.0326816 9.9973E-05 0.659534
0.51233 9.9973E-05 0.144782 9.9973E-05 9.9973E-05 0.342589
0.196556 9.9982E-05 0.0908536 0.148303 9.9982E-05 0.564087
0.511228 9.9982E-05 0.116942 0.0935593 9.9982E-05 0.278071
0.0385274 9.9991E-05 0.54671 0.296921 0.111071 0.00667017
0.292787 9.9991E-05 0.253718 0.17911 0.0148148 0.259469
0.411477 0.00300956 0.37746 0.140235 0.067719 9.9991E-05
0.563651 0.0156902 0.225064 0.102195 0.0775716 0.0158285
0.25242 9.9991E-05 0.513906 0.223443 0.00150391 0.00862755
0.44688 0.0326251 0.157385 0.0670239 0.144376 0.15171
0.631876 0.0776188 0.162459 9.9991E-05 0.0632371 0.0647091
0.486694 9.9991E-05 0.204292 0.0845871 0.0867102 0.137616
0.493074 9.9982E-05 0.266632 0.146317 0.0937768 9.9982E-05
0.493509 0.0511318 0.275687 0.179473 9.9982E-05 9.9982E-05
0.218273 9.9982E-05 0.551389 0.155238 0.0749007 9.9982E-05
0.296693 9.9991E-05 0.433644 0.0405658 0.170395 0.0586026
0.592359 9.9991E-05 0.166509 0.0063192 0.0518653 0.182848
0.506646 0.0986937 0.115091 0.15759 0.0577652 0.064213
0.440525 0.0704396 0.252343 0.152551 9.9991E-05 0.0840411
0.408654 9.9991E-05 0.243256 0.0980614 0.155093 0.0948351
0.282892 0.0388775 0.432899 9.9991E-05 0.110768 0.134464
0.578982 9.9991E-05 0.218067 0.0450558 0.103976 0.0538189
0.465158 0.00787678 0.288835 0.013345 0.155369 0.069416
0.503287 0.0982206 0.109622 0.096111 0.122554 0.0702059
0.439819 0.35379 0.0202287 0.0420112 0.103346 0.0408039
0.511032 0.183027 9.9991E-05 0.0566316 0.19143 0.0577791
0.534534 0.153628 0.01953 9.9991E-05 0.125899 0.166309
0.478107 0.130869 0.057646 0.116607 0.123567 0.0932044
0.469912 0.215301 9.9982E-05 0.114093 0.200494 9.9982E-05
0.451294 9.9991E-05 0.236813 0.0573083 0.0565946 0.19789
0.481466 0.133625 0.0304562 9.9991E-05 0.201845 0.152507
0.000577775 0.293483 9.9991E-05 0.173026 0.142554 0.390259
0.544759 0.0725258 0.102558 0.0130594 0.156849 0.110249
0.516355 0.0776191 0.16145 0.0783585 0.150893 0.0153248
0.435869 0.0400318 0.109809 0.125678 0.20817 0.0804425
0.282755 0.172565 0.0927474 0.12483 0.178088 0.149015
0.523 0.207412 9.9991E-05 0.0256756 0.130684 0.113128
0.543419 0.126758 0.0724086 9.9991E-05 0.134694 0.12262
9.9973E-05 0.496352 9.9973E-05 9.9973E-05 0.198541 0.304807
0.453353 0.0707475 0.113756 0.0209064 0.283371 0.0578668
0.543547 0.197585 9.9991E-05 0.021115 0.208883 0.02877
0.553722 0.116858 0.029844 0.0416516 0.0914121 0.166512
0.549437 0.137118 0.00911138 9.9991E-05 0.245628 0.0586051
0.559607 0.162905 9.9991E-05 0.0212461 0.175119 0.0810227
0.449748 0.0191808 9.99919E-05 0.168994 0.101626 0.260352
0.507337 0.0659014 0.0494231 0.055386 0.0169041 0.305048
0.0524947 9.9982E-05 0.05997 0.337169 9.9982E-05 0.550167
0.0677626 9.9982E-05 0.0758411 0.254338 9.9982E-05 0.601858
0.582709 0.0409513 0.0374843 0.0805153 0.0455598 0.21278
0.435377 0.0817759 9.9982E-05 9.9982E-05 0.281234 0.201413
0.308877 0.0796748 9.9991E-05 0.0691545 0.347647 0.194547
0.163703 0.181318 0.00223105 9.9991E-05 0.310701 0.341947
0.433407 0.193292 9.9982E-05 9.9982E-05 0.241482 0.131619
0.212044 0.0615525 9.9982E-05 9.9982E-05 0.0598172 0.666386
0.282475 0.103456 9.9991E-05 0.0613624 0.0740869 0.47852
0.520678 9.9982E-05 9.9982E-05 0.0562813 0.185075 0.237766
0.45749 0.0563033 9.9991E-05 0.13542 0.148828 0.20186
0.325224 0.0714923 0.0110061 0.0442261 0.060681 0.48737
0.566501 0.0211092 0.0323328 0.0417048 0.129374 0.208978
0.604909 9.9982E-05 0.0569302 9.9982E-05 0.104516 0.233445
0.485855 0.0934076 0.0406769 9.9991E-05 0.12966 0.250301
0.400198 9.9982E-05 0.0731971 0.227085 9.9982E-05 0.29932
0.315321 9.9991E-05 0.0870974 0.189212 0.0479097 0.36036
0.569947 0.0529915 9.9982E-05 0.104497 9.9982E-05 0.272365
0.37463 0.097902 0.112684 0.102135 0.0534585 0.259191
0.366494 9.9991E-05 0.0300252 0.223774 0.205968 0.173638
0.460569 9.9982E-05 0.00685796 0.0560789 9.9982E-05 0.476294
0.328027 9.9982E-05 0.0796682 0.0847582 9.9982E-05 0.507347
0.635873 0.0372068 9.9982E-05 0.140367 9.9982E-05 0.186353
0.256104 9.9991E-05 0.0522327 0.207065 0.00314942 0.481349
0.5049 0.00791902 9.9982E-05 0.153755 9.9982E-05 0.333226
0.647773 0.0882028 0.0575761 0.145334 9.9991E-05 0.0610146
0.515825 0.0311078 0.0204566 0.112483 0.0178205 0.302307
0.449942 0.11559 0.0163564 0.0552002 0.237365 0.125547
0.358948 0.0914786 0.0297733 0.124683 0.169263 0.225855
0.315381 0.117751 0.0543932 0.0139872 0.306356 0.192132
0.342144 0.161431 0.166549 9.9991E-05 0.17898 0.150796
0.541477 0.0670537 0.115215 0.0267274 0.169323 0.080203
0.407114 0.150587 0.00643437 0.0451755 0.19904 0.19165
9.9991E-05 0.157405 0.0280543 0.0224319 0.172332 0.619677
0.600711 0.0822077 9.99883E-05 9.99883E-05 0.188309 0.128573
9.9973E-05 0.34482 9.9973E-05 9.9973E-05 0.112308 0.542573
0.503739 0.0163726 9.9991E-05 0.0445902 0.227302 0.207896
0.0819296 9.9973E-05 9.9973E-05 0.419279 9.9973E-05 0.498492
9.9964E-05 9.9964E-05 9.9964E-05 0.331084 9.9964E-05 0.668516
0.51662 9.9982E-05 0.0038136 0.240143 9.9982E-05 0.239223
0.663796 9.9982E-05 0.0134526 0.115553 9.9982E-05 0.206998
0.409893 9.9982E-05 0.0610884 0.207372 9.9982E-05 0.321447
0.507397 9.9973E-05 9.9973E-05 0.283189 9.9973E-05 0.209114
0.621215 9.9973E-05 9.9973E-05 0.0956689 9.9973E-05 0.282816
0.116304 0.809651 0.00729653 0.0350148 0.00688271 0.0248501
9.9991E-05 0.704895 0.133096 0.00774262 0.132288 0.0218782
9.9973E-05 0.877848 0.0572193 9.9973E-05 0.0646327 9.9973E-05
0.0599706 0.936222 9.9973E-05 9.9973E-05 9.9973E-05 0.00350801
0.480968 0.0400069 0.116685 0.32094 0.0412992 9.9991E-05
0.498619 0.0479157 0.0991677 0.334099 9.9991E-05 0.0200991
0.489866 0.0101659 0.0471226 0.452645 9.9982E-05 9.9982E-05
0.604203 0.0676357 0.0797093 0.183016 9.9991E-05 0.0653364
0.480517 0.0857514 0.0444496 0.250804 0.0565807 0.0818969
0.18144 0.0560108 0.100312 0.587136 9.9991E-05 0.0750006
0.617223 0.00196164 0.0148547 0.324409 0.0414513 9.9991E-05
0.269596 0.0168559 9.9982E-05 0.488705 9.9982E-05 0.224643
0.528609 0.278641 0.0580363 9.9991E-05 0.112388 0.0222254
0.417352 9.9991E-05 0.00147711 0.416378 0.0490905 0.115602
0.358024 9.9973E-05 0.165354 0.476322 9.9973E-05 9.9973E-05
0.521653 9.9973E-05 9.9973E-05 0.434291 0.0437567 9.9973E-05
0.433119 9.9973E-05 0.111769 0.454812 9.9973E-05 9.9973E-05
0.573729 9.9973E-05 9.9973E-05 0.393701 9.9973E-05 0.0322707
0.523549 0.0743436 0.00503883 0.340288 0.0566806 9.9991E-05
0.0264595 9.9973E-05 9.9973E-05 0.8874 9.9973E-05 0.0858403
0.254889 9.9973E-05 9.9973E-05 0.57079 9.9973E-05 0.174021
0.22408 0.0255805 0.0873804 0.547388 0.0612865 0.0542844
9.9964E-05 9.9964E-05 9.9964E-05 0.781642 9.9964E-05 0.217958
0.372995 0.0551972 0.142636 0.350927 0.0290251 0.0492205
0.105767 9.9973E-05 9.9973E-05 0.661335 9.9973E-05 0.232599
9.9964E-05 9.9964E-05 9.9964E-05 0.727223 9.9964E-05 0.272377
0.470856 0.0555958 9.9982E-05 0.406962 0.0663867 9.9982E-05
0.126297 0.0716431 0.0826817 0.673021 0.0286764 0.017681
0.28143 9.9982E-05 0.0686559 0.503249 0.146465 9.9982E-05
0.561567 0.0694254 9.9991E-05 0.216988 0.0815502 0.07037
0.583612 9.9991E-05 0.0493827 0.329842 0.00325379 0.0338098
0.424547 9.9991E-05 0.242354 0.0538968 0.00564344 0.273459
0.557511 0.00998552 0.0797414 0.352562 9.9982E-05 9.9982E-05
0.479549 9.9991E-05 0.0746773 0.323723 0.0586453 0.0633057
0.335225 9.9973E-05 9.9973E-05 0.607148 9.9973E-05 0.0573272
0.399561 0.0284117 0.0970465 0.331306 0.096351 0.0473237
0.00143165 0.620162 0.263544 0.00267864 9.9991E-05 0.112084
0.0667627 0.763666 0.101169 0.0448913 9.9991E-05 0.0234109
9.9982E-05 0.817864 0.104073 0.0198179 9.9982E-05 0.0580449
9.9982E-05 0.793192 0.164773 0.00779362 9.9982E-05 0.0340415
0.0051018 0.731355 0.180297 9.9982E-05 9.9982E-05 0.0830468
0.119858 0.0423898 0.111685 0.685573 0.0403939 9.9991E-05
0.15021 0.0915438 0.128327 0.611573 9.9991E-05 0.0182463
0.108437 9.9973E-05 9.9973E-05 0.77994 9.9973E-05 0.111323
0.383901 0.105447 9.9991E-05 0.404065 0.100911 0.00557717
0.431431 0.12403 9.9991E-05 0.295388 0.107078 0.0419732
0.316633 0.0520427 9.9982E-05 0.507898 9.9982E-05 0.123226
0.539241 9.9973E-05 9.9973E-05 0.394215 0.0662444 9.9973E-05
0.319729 0.0592579 9.9991E-05 0.459098 0.0436699 0.118144
0.589103 0.0551286 9.9973E-05 0.355469 9.9973E-05 9.9973E-05
0.680224 0.0371583 0.00765519 0.240028 0.0348355 9.9991E-05
0.181172 9.9991E-05 0.109981 0.613171 0.0471641 0.0484113
0.345987 9.9973E-05 0.0853238 0.568389 9.9973E-05 9.9973E-05
0.293037 9.9973E-05 0.161931 0.544732 9.9973E-05 9.9973E-05
0.598492 0.101775 0.0730213 9.9982E-05 9.9982E-05 0.226511
0.336773 0.0532573 0.0508102 0.558959 9.9982E-05 9.9982E-05
0.356211 0.00525236 0.1124 0.442899 0.0831376 9.9991E-05
0.32221 0.0444125 0.0263379 0.160812 0.422469 0.0237597
0.368348 0.0966332 0.00670239 0.0610898 0.398024 0.0692029
0.435144 0.137422 9.9982E-05 0.0228894 0.404345 9.9982E-05
0.281479 0.130141 9.9991E-05 0.0445524 0.472703 0.0710257
0.519894 0.150516 9.9991E-05 0.0239618 0.254225 0.051303
0.446556 0.0195435 9.9991E-05 0.250876 0.0684436 0.214481
0.115776 0.265608 9.9982E-05 9.9982E-05 0.590185 0.0282311
0.224999 0.166921 9.9991E-05 0.0657383 0.517538 0.024705
0.381822 0.139581 9.9991E-05 0.1182 0.159175 0.201122
0.624617 0.144157 9.9973E-05 9.9973E-05 9.9973E-05 0.230926
0.484772 0.112108 0.0780458 0.00227303 9.9991E-05 0.322701
0.615697 0.0894465 0.03801 9.9991E-05 0.0306001 0.226146
0.581189 0.107421 0.0111091 0.1746 9.9991E-05 0.125581
0.311596 0.185096 9.9982E-05 0.0499163 0.453192 9.9982E-05
0.421697 0.134088 0.0828726 9.9982E-05 0.361142 9.9982E-05
0.443981 0.0512229 9.9982E-05 9.9982E-05 0.497477 0.00711957
0.491204 0.10572 0.0058345 0.0930553 0.249025 0.0551611
0.241812 0.14344 9.9982E-05 0.0698251 0.544722 9.9982E-05
0.370405 0.146168 9.9991E-05 0.0933223 0.341082 0.0489225
0.237805 0.145902 9.9982E-05 9.9982E-05 0.576526 0.0395672
0.392179 0.0852341 0.0766536 9.9991E-05 0.370358 0.0754753
0.619606 0.0715957 0.0295685 0.0154144 9.9991E-05 0.263716
0.324891 0.241115 9.9991E-05 0.0825845 0.324418 0.026891
0.188568 0.213338 9.9982E-05 0.014633 0.583262 9.9982E-05
0.298574 0.087668 0.120303 0.101983 0.391372 9.9991E-05
0.209251 0.0942461 0.255564 0.0584294 0.0372945 0.345215
0.547806 9.9991E-05 0.103936 0.0313194 0.117337 0.199501
0.407981 0.17263 0.0396877 9.9991E-05 0.324781 0.0548203
0.62148 0.0275945 0.0982367 0.00481308 0.0737791 0.174096
0.496939 0.181427 0.0788046 0.0579651 0.00124882 0.183616
0.411293 0.136625 9.9991E-05 0.120579 0.209136 0.122267
0.349859 0.271495 9.9991E-05 0.0481823 0.223166 0.107198
0.679401 0.137204 9.9982E-05 9.9982E-05 0.0373981 0.145797
0.428666 0.0755651 9.9991E-05 0.0918365 0.353078 0.0507543
0.412075 0.135132 9.9982E-05 9.9982E-05 0.440231 0.0123618
0.182444 0.195494 9.9973E-05 9.9973E-05 0.621762 9.9973E-05
0.630822 0.110397 9.9982E-05 0.0296018 9.9982E-05 0.228979
0.525762 0.139319 0.0964612 0.0567005 9.9991E-05 0.181658
0.258633 0.104643 9.9973E-05 9.9973E-05 9.9973E-05 0.636425
0.608355 0.10943 0.0700345 0.0330713 0.0428266 0.136283
0.473961 0.0731874 0.173666 9.9982E-05 9.9982E-05 0.278986
0.484865 0.212288 9.9982E-05 9.9982E-05 0.123 0.179647
0.518094 0.14518 0.0622695 0.020151 0.06877 0.185536
9.9973E-05 0.281537 9.9973E-05 9.9973E-05 0.219217 0.498947
9.9973E-05 0.282658 9.9973E-05 9.9973E-05 0.110493 0.606549
0.321197 0.188603 0.0377967 0.0322027 0.0954587 0.324742
0.0137144 0.33314 9.9982E-05 9.9982E-05 0.199031 0.453914
9.9973E-05 0.406493 9.9973E-05 9.9973E-05 0.234249 0.358959
0.408621 0.0945909 0.0169987 0.0343303 0.11361 0.331849
0.310673 0.181944 9.9991E-05 0.0454422 0.25533 0.206511
0.216238 0.263811 0.00113517 9.9991E-05 0.188342 0.330374
0.0920154 0.263885 9.9982E-05 9.9982E-05 0.163499 0.4804
0.490181 0.1672 9.9991E-05 0.041797 0.0824384 0.218284
0.14171 0.2116 9.9991E-05 0.0479229 0.121109 0.477558
9.9973E-05 0.406934 9.9973E-05 9.9973E-05 0.0649316 0.527835
0.43817 0.143171 0.0276958 0.0548854 0.258088 0.0779899
0.377227 0.182585 9.9982E-05 9.9982E-05 0.174273 0.265716
0.476066 0.283998 0.0628204 0.0502187 0.126797 9.9991E-05
0.576536 0.1701 9.9982E-05 9.9982E-05 0.252933 0.000231917
0.5198 0.21512 9.9982E-05 0.103465 0.161415 9.9982E-05
0.548767 0.162853 9.9982E-05 9.9982E-05 0.225425 0.0627556
0.37367 0.342046 0.0264034 9.9982E-05 0.257681 9.9982E-05
0.604971 0.215606 0.0150605 9.9991E-05 0.0960199 0.0682428
0.362417 0.203357 0.035939 0.0920272 0.30616 9.9991E-05
0.381014 0.258578 9.9982E-05 9.9982E-05 0.215742 0.144466
0.250588 0.149817 0.105737 0.294816 0.149983 0.0490588
0.638521 0.234487 9.9982E-05 9.9982E-05 0.0314603 0.0953318
0.557672 0.140959 0.0212563 0.0276049 0.14585 0.106658
0.59531 0.18219 9.9991E-05 0.10936 0.049236 0.0638039
0.37524 0.282176 9.9982E-05 9.9982E-05 0.296164 0.0462191
0.553706 0.193206 0.00582778 9.9991E-05 0.187727 0.059434
0.0777123 0.335982 9.9991E-05 0.0823908 0.261333 0.242482
0.599819 0.12244 9.9982E-05 9.9982E-05 0.20989 0.0676515
0.164098 0.258465 9.9991E-05 0.0496727 0.355941 0.171724
9.9982E-05 0.782128 0.124882 0.0222224 9.9982E-05 0.0705684
0.0247894 0.116026 0.708548 0.131588 9.9991E-05 0.0189487
9.9964E-05 9.9964E-05 0.978796 0.0208039 9.9964E-05 9.9964E-05
0.00105533 9.9964E-05 0.998545 9.9964E-05 9.9964E-05 9.9964E-05
0.0230146 9.9968E-05 0.976585 9.9968E-05 9.9968E-05 9.9968E-05
0.0502699 9.9973E-05 0.896834 9.9973E-05 0.0525964 9.9973E-05
0.0831278 9.9964E-05 0.916472 9.9964E-05 9.9964E-05 9.9964E-05
9.9964E-05 0.0631843 0.936416 9.9964E-05 9.9964E-05 9.9964E-05
9.9964E-05 0.201274 0.798326 9.9964E-05 9.9964E-05 9.9964E-05
0.031598 0.917017 0.0322064 0.0186649 9.9991E-05 0.000413883
0.0877245 0.812705 0.0992706 9.9973E-05 9.9973E-05 9.9973E-05
9.9982E-05 0.872867 0.00723616 0.0164006 0.103296 9.9982E-05
0.0402491 0.800185 0.110646 9.9982E-05 9.9982E-05 0.0487197
9.9973E-05 0.893858 9.9973E-05 0.0494743 0.0563675 9.9973E-05
9.9982E-05 0.891173 0.0122213 0.0689299 9.9982E-05 0.0274757
0.0688849 0.740284 0.0398977 0.0279124 0.122921 9.9991E-05
9.9982E-05 0.86881 0.00342431 0.0420562 0.0855094 9.9982E-05
0.0491852 0.72215 0.146426 0.0509976 0.0311419 9.9991E-05
9.9973E-05 0.900579 9.9973E-05 0.0356981 0.0634229 9.9973E-05
9.9973E-05 0.959483 0.0383175 0.00189967 9.9973E-05 9.9973E-05
9.9991E-05 0.849684 0.0314486 0.00479534 0.0769181 0.0370535
0.0347433 0.948475 0.0164821 9.9973E-05 9.9973E-05 9.9973E-05
0.0597903 0.85906 0.00849534 9.9991E-05 0.0522927 0.0202618
0.0412203 0.854533 0.0173819 0.0355171 0.0512473 9.9991E-05
0.0954991 0.824304 9.9973E-05 9.9973E-05 0.0798972 9.9973E-05
0.130066 0.761982 9.9973E-05 9.9973E-05 0.107652 9.9973E-05
0.102353 0.784669 9.9973E-05 9.9973E-05 0.112677 9.9973E-05
0.108441 0.820941 9.9982E-05 0.0299085 0.0405093 9.9982E-05
0.438274 0.154508 0.0526366 0.0832268 0.00439475 0.26696
0.753018 0.0499964 9.9982E-05 0.0725667 9.9982E-05 0.124218
0.559914 0.08652 0.0595745 0.0531263 0.10228 0.138585
0.178862 0.0234229 0.00824392 0.0282072 9.9991E-05 0.761164
0.54926 0.0988719 0.124738 9.9982E-05 9.9982E-05 0.226931
0.181387 0.113447 9.9973E-05 9.9973E-05 9.9973E-05 0.704866
0.708884 0.0642973 0.00289845 9.9982E-05 9.9982E-05 0.22372
0.410331 0.0776188 0.110497 0.213538 9.9991E-05 0.187916
0.552802 0.0500845 0.0704923 0.0379352 9.9991E-05 0.288586
0.534475 0.0222475 0.0397874 0.386509 0.0168808 9.9991E-05
0.525899 0.0818868 0.137296 9.9982E-05 9.9982E-05 0.254718
0.649354 0.130305 0.0508626 9.9982E-05 9.9982E-05 0.169278
0.595215 0.0894321 0.167508 9.9982E-05 9.9982E-05 0.147645
0.0624951 9.9991E-05 0.409521 0.200891 0.0588159 0.268177
9.9982E-05 0.00153535 0.112735 0.012253 9.9982E-05 0.873277
0.204387 0.0641825 0.0294623 9.9982E-05 9.9982E-05 0.701769
0.686876 0.0736189 9.9991E-05 0.0046252 0.0171552 0.217625
0.605532 0.0732158 0.031273 9.9982E-05 9.9982E-05 0.289779
0.556092 0.131173 9.9973E-05 9.9973E-05 9.9973E-05 0.312435
0.665023 0.0840347 9.9991E-05 0.0338597 0.0686532 0.148329
0.565618 0.175143 9.9991E-05 0.00144848 0.138449 0.119241
0.696849 0.154127 0.052085 9.9982E-05 0.0967397 9.9982E-05
0.202452 0.37445 0.101291 9.9991E-05 0.13845 0.183257
0.631848 0.0821462 0.122418 0.00282469 9.9991E-05 0.160663
0.39014 0.236667 0.064149 0.0453476 0.133678 0.130019
9.9973E-05 0.408584 9.9973E-05 9.9973E-05 0.199915 0.3912
0.338476 0.310729 9.9982E-05 9.9982E-05 0.173587 0.177007
0.260513 0.333712 0.0184493 0.152894 0.190545 0.0438875
0.505779 0.321412 0.0959419 9.9982E-05 0.0766671 9.9982E-05
0.455307 0.150948 0.0288525 0.0276546 0.213795 0.123443
0.497353 0.232408 0.0448345 0.00625491 0.194856 0.0242939
0.586276 0.183246 0.0050171 0.0715036 0.153858 9.9991E-05
0.488682 0.161592 0.0601866 9.9991E-05 0.103938 0.185502
0.307925 0.485588 9.9991E-05 0.0617133 0.125784 0.0188906
