9.9973E-05 9.9973E-05 0.0922468 0.00795361 0.8995 9.9973E-05
9.9973E-05 0.0469992 0.0113585 9.9973E-05 0.941342 9.9973E-05
0.13386 9.9982E-05 0.0328152 0.0249797 0.808145 9.9982E-05
0.0655038 0.00552702 0.0638341 0.0625618 0.802473 9.9991E-05
0.0188186 9.9991E-05 0.00586371 0.0654409 0.849 0.060777
0.0979417 0.0369523 0.0622758 0.0488475 0.616209 0.137773
0.0662987 9.9991E-05 0.0141591 0.0117027 0.796961 0.110779
9.9982E-05 9.9982E-05 0.117651 0.0344882 0.727318 0.120343
9.9982E-05 0.00907438 0.0934301 9.9982E-05 0.839345 0.0579501
0.0927554 9.9982E-05 9.9982E-05 0.0295853 0.71338 0.164079
0.0359479 0.00439357 0.14203 9.9991E-05 0.725587 0.0919418
0.285118 0.22449 0.399513 0.0906795 9.9982E-05 9.9982E-05
0.581249 9.9991E-05 0.332577 0.0654782 0.010284 0.0103121
0.247897 0.104722 0.418765 0.0845047 0.0393928 0.104718
0.319666 0.0807613 0.365772 0.181689 0.00512806 0.0469836
0.463194 0.121264 0.115444 0.0866081 0.112731 0.100758
0.604912 0.113201 0.0624289 0.115189 0.0877168 0.0165521
0.414062 0.204927 0.15676 0.0984883 9.9991E-05 0.125663
0.368717 0.124997 0.257814 0.0410223 0.126852 0.0805977
9.9991E-05 0.100523 0.600621 0.0820376 0.023715 0.193004
0.337875 0.224166 0.305697 0.121326 0.010837 9.9991E-05
0.475855 0.101518 0.114547 0.0511181 0.0477157 0.209247
0.469066 0.172222 0.202648 0.081269 0.00272483 0.0720703
0.247874 0.282096 0.272693 0.121486 0.00968371 0.0661683
0.725236 9.9991E-05 0.0686555 0.0403618 0.0869418 0.0787053
0.555791 0.0646422 0.17728 0.13376 0.00647819 0.0620498
0.180259 0.222429 0.443091 0.109732 0.021957 0.022531
0.166774 0.197694 0.392868 0.208267 0.0294429 0.00495285
0.301099 0.133719 0.439755 9.9982E-05 9.9982E-05 0.125228
0.0700376 9.9973E-05 9.9973E-05 0.08171 0.847952 9.9973E-05
0.125042 9.9973E-05 9.9973E-05 0.0468552 0.827803 9.9973E-05
0.0940303 0.0614041 9.9982E-05 0.0945274 0.749838 9.9982E-05
0.0752452 0.119858 9.9982E-05 0.10836 0.696337 9.9982E-05
0.576545 0.285755 0.118578 9.9982E-05 0.0189222 9.9982E-05
0.454059 0.31983 0.0764209 0.0457595 0.103831 9.9991E-05
0.47834 0.441221 9.9982E-05 0.0311426 0.0490965 9.9982E-05
0.207225 0.114156 0.532667 0.0104455 0.113948 0.0215575
0.271108 0.633278 0.0139843 0.042842 0.0386875 9.9991E-05
0.538561 0.289245 0.0866978 0.0224436 0.0470746 0.0159787
0.738144 0.172534 9.9982E-05 9.9982E-05 0.05342 0.0357026
0.606692 0.0247708 0.00656613 0.0590375 0.0449204 0.258013
0.620678 0.196311 0.0808388 9.9982E-05 0.101972 9.9982E-05
0.108422 0.710205 0.119117 0.0110553 0.0510999 9.9991E-05
0.632163 9.9991E-05 0.012674 0.0585434 0.0281518 0.268368
0.559996 0.27835 9.9991E-05 0.0316928 0.0798979 0.0499635
0.554463 0.144056 9.9991E-05 0.0875037 0.18023 0.0336468
0.234524 0.721743 9.9973E-05 0.0434332 9.9973E-05 9.9973E-05
0.634802 0.272902 9.9973E-05 9.9973E-05 0.0919951 9.9973E-05
0.557111 0.174442 0.0869202 0.0183217 0.163105 9.9991E-05
9.9973E-05 0.689843 9.9973E-05 9.9973E-05 0.0907746 0.219082
0.216734 0.230497 0.380774 9.9982E-05 9.9982E-05 0.171795
0.093721 0.306606 0.193592 9.9991E-05 0.0675504 0.338431
0.57921 0.0716961 0.094954 0.0726161 0.112757 0.0687667
0.638209 0.0513623 0.0705594 0.0590591 0.152646 0.0281641
0.568025 0.159273 0.084409 0.100404 0.000120948 0.0877677
0.169969 0.319166 0.298155 0.00924696 0.115887 0.0875767
0.567855 0.0622918 0.276456 9.9991E-05 0.00628207 0.0870152
0.516284 0.111215 0.148942 0.136489 0.0304771 0.0565935
0.382573 0.177825 0.233614 0.0342774 0.0719551 0.0997551
0.10512 0.157915 0.352537 0.0232642 0.221375 0.139788
0.640129 0.094005 0.0736871 9.9991E-05 0.12808 0.063999
0.455233 0.0897918 0.265689 0.046763 0.0155947 0.126929
0.058814 0.272103 0.504307 9.9991E-05 0.0285314 0.136144
0.509988 0.121923 0.232579 0.0671211 9.9991E-05 0.0682887
0.633499 0.115771 0.0383172 0.0776627 9.9991E-05 0.13465
0.451611 0.122716 0.232478 0.113496 0.0198136 0.0598852
0.240392 0.213288 0.276004 0.0810242 0.0201866 0.169104
0.516015 0.0966056 0.139448 0.0401328 9.9991E-05 0.207699
0.679141 0.0393131 0.129653 9.9991E-05 0.104298 0.0474944
0.268613 0.21025 0.334304 9.9991E-05 0.0344527 0.152281
0.508014 0.491586 9.9964E-05 9.9964E-05 9.9964E-05 9.9964E-05
0.195221 0.706871 0.0727409 9.9982E-05 0.0249676 9.9982E-05
0.399053 0.207856 0.119252 0.162322 0.0300186 0.0814994
9.9964E-05 0.844099 9.9964E-05 9.9964E-05 9.9964E-05 0.155501
9.9982E-05 0.876853 0.0686009 0.00371142 9.9982E-05 0.0506352
0.241864 0.741132 0.000307532 0.0164965 9.99889E-05 9.99889E-05
0.398341 0.464522 0.0725364 9.9982E-05 0.0644008 9.9982E-05
0.558232 0.215163 0.0546123 0.0274127 0.106884 0.0376955
0.356243 0.51675 0.0232742 0.0836151 0.00495717 0.0151606
0.135696 0.629175 0.165594 0.0275357 0.0418997 9.9991E-05
0.239679 0.520222 0.21754 9.9982E-05 0.0223591 9.9982E-05
0.399811 0.317539 9.9982E-05 0.181964 0.100486 9.9982E-05
0.259698 0.614309 0.0154297 0.0541777 0.0562857 9.9991E-05
0.427238 0.486596 0.0416446 9.9982E-05 0.0443219 9.9982E-05
0.385085 0.510161 9.9982E-05 9.9982E-05 0.033228 0.0713263
9.9973E-05 0.708161 9.9973E-05 0.00879327 9.9973E-05 0.282746
0.609491 0.309458 0.0672065 0.0136447 9.9982E-05 9.9982E-05
0.136674 9.9982E-05 0.0689688 0.00293618 0.791221 9.9982E-05
0.115354 9.9964E-05 9.9964E-05 9.9964E-05 0.884246 9.9964E-05
0.114628 9.9973E-05 9.9973E-05 0.0286201 0.856452 9.9973E-05
0.0702806 9.9973E-05 9.9973E-05 0.00747682 0.921943 9.9973E-05
0.118399 0.0100374 9.9982E-05 0.00645923 0.864904 9.9982E-05
0.0202586 0.0646076 9.9982E-05 0.0373985 0.877535 9.9982E-05
0.0964243 9.9964E-05 9.9964E-05 9.9964E-05 0.903176 9.9964E-05
0.487313 0.260033 0.054242 0.0605824 0.113971 0.0238584
0.584879 0.153631 0.143979 0.117311 9.9982E-05 9.9982E-05
0.0487361 0.793534 0.133453 9.9991E-05 0.0231531 0.00102448
0.541092 0.162162 0.0545588 0.0492539 0.061642 0.131291
0.420461 0.459122 0.114327 0.00588964 9.9982E-05 9.9982E-05
0.569166 0.300881 0.00592563 9.9991E-05 0.0909026 0.0330252
0.575025 0.245421 9.9991E-05 0.0104462 0.0275432 0.141464
0.477347 0.421894 9.9982E-05 0.0131229 0.0874362 9.9982E-05
9.9973E-05 0.763766 0.140758 9.9973E-05 0.0951765 9.9973E-05
0.526593 0.098816 0.0925131 0.0480945 0.168933 0.0650501
0.638002 0.187202 9.9991E-05 0.0244215 0.123468 0.0268063
0.689653 0.047973 9.9991E-05 0.0430161 0.0895803 0.129678
0.258146 0.544498 9.9982E-05 0.0119349 9.9982E-05 0.185221
0.535471 0.423273 9.9991E-05 0.0130812 0.0108221 0.0172524
0.431278 0.377253 0.123158 9.9982E-05 0.0681114 9.9982E-05
0.345713 0.583989 9.9973E-05 0.0699979 9.9973E-05 9.9973E-05
0.481028 0.409254 0.0457721 9.9982E-05 0.0637454 9.9982E-05
0.558989 0.157574 0.0573851 0.0254274 0.15149 0.0491348
0.263022 0.151932 0.317111 9.9991E-05 0.0343463 0.233489
0.4436 0.0343453 0.266184 0.0606862 0.0606553 0.134529
0.502277 0.0636869 0.208463 0.135882 0.0124248 0.0772666
0.56381 0.184564 0.0731221 0.131298 0.047105 9.9991E-05
0.552888 0.0996506 0.271033 9.9991E-05 0.00118508 0.0751435
0.638405 9.9991E-05 0.26561 0.0116501 0.0523874 0.0318484
0.512725 0.0698447 0.363538 0.00622803 0.0475646 9.9991E-05
0.555728 0.133394 0.0961156 0.000264743 0.0909586 0.123539
0.604206 9.9982E-05 0.157102 9.9982E-05 0.163911 0.0745799
0.63405 0.113276 0.0828678 9.9991E-05 0.0595304 0.110175
0.546167 0.13675 0.266568 9.9991E-05 0.0307323 0.0196824
0.625453 0.0357367 0.16632 0.0309135 0.048569 0.0930082
0.569944 0.101035 0.0715581 0.0806624 0.0705318 0.106268
0.609815 0.10977 0.245503 0.0237097 0.011101 9.9991E-05
0.526951 0.143918 0.0879251 0.0832177 0.116856 0.0411322
0.5844 0.152007 0.198253 0.0265934 9.99963E-05 0.0386466
0.395906 0.0719529 0.271341 9.9991E-05 0.0347262 0.225974
0.638175 0.00509088 0.227985 0.04312 0.0435793 0.0420491
0.73648 9.9982E-05 0.13171 0.00360533 9.9982E-05 0.128004
0.282248 0.205581 0.321795 0.0772526 0.0123021 0.100821
0.187567 0.15794 0.315766 9.9991E-05 0.0363814 0.302245
0.597894 9.9991E-05 0.232757 0.0151104 0.0417782 0.112361
0.0861321 0.265157 0.245483 0.0674043 9.9991E-05 0.335724
0.321932 0.11113 0.454143 9.9991E-05 0.0512908 0.0614041
0.441668 0.168605 0.348855 9.9982E-05 9.9982E-05 0.0406723
0.325429 0.270838 0.352651 9.9982E-05 0.0508827 9.9982E-05
0.250587 0.234882 0.479084 0.0180212 9.9991E-05 0.0173266
0.64072 0.0639857 0.0694845 9.99998E-05 0.0949108 0.130799
0.528761 0.0546706 0.132474 0.0793537 0.13721 0.0675308
0.54968 0.0865793 0.174435 0.0519893 9.9991E-05 0.137216
0.175054 0.0742574 0.378677 0.0719804 9.9991E-05 0.299931
0.504058 0.177216 0.000665525 0.0217763 0.184565 0.111718
0.540997 0.0979753 9.9991E-05 0.0248908 0.0788956 0.257141
0.0151039 0.178077 0.103713 9.9991E-05 0.146629 0.556377
0.666334 0.113499 9.9982E-05 9.9982E-05 0.12931 0.0906568
0.420137 0.140496 9.9982E-05 9.9982E-05 0.109166 0.330001
0.483865 0.031905 0.0711122 0.068762 0.0499314 0.294424
0.258841 0.107894 0.113729 0.00377003 0.0668932 0.448873
0.237342 0.0613519 0.122397 9.9991E-05 0.0614668 0.517343
0.491361 0.0999732 0.123719 9.9991E-05 0.0224809 0.262366
0.582144 0.0864388 0.0394933 9.9991E-05 0.0525495 0.239275
0.449146 0.0999688 0.146372 0.0768021 0.114844 0.112868
0.0267426 0.271093 0.113705 0.162015 0.084705 0.34174
0.563122 0.178056 0.0878763 0.0285558 0.101844 0.0405451
0.424452 0.131145 0.118523 9.9982E-05 9.9982E-05 0.32568
0.462493 0.183798 0.145136 9.9982E-05 9.9982E-05 0.208374
0.63267 0.151105 0.0099075 0.0085786 0.0797639 0.117975
0.162837 9.9991E-05 0.0204542 0.243084 0.317869 0.255656
9.9973E-05 9.9973E-05 9.9973E-05 0.11783 0.54812 0.33375
9.9973E-05 9.9973E-05 9.9973E-05 0.142937 0.425021 0.431743
0.0862541 9.9991E-05 0.0206816 0.310124 0.39095 0.19189
0.640326 0.0493461 9.9982E-05 0.0492735 9.9982E-05 0.260854
0.520221 0.0459387 0.134969 0.0960025 0.0726461 0.130223
0.300554 0.0355764 9.9973E-05 0.663569 9.9973E-05 9.9973E-05
0.41087 0.0953295 0.0690116 0.415239 0.00944941 9.9991E-05
0.324551 0.0400564 0.0896607 0.393441 0.0166499 0.135641
0.354061 0.161971 0.0192196 9.9982E-05 9.9982E-05 0.464548
0.47782 0.149933 0.113861 0.100363 9.9991E-05 0.157923
0.259086 0.0272377 9.9973E-05 9.9973E-05 9.9973E-05 0.713377
0.60813 0.056986 0.0297065 9.9991E-05 0.0435749 0.261502
0.484009 0.101138 0.0759911 0.0260803 0.0440967 0.268685
0.621227 9.9973E-05 0.0284205 9.9973E-05 9.9973E-05 0.350052
0.258721 0.110204 0.0458921 9.9982E-05 9.9982E-05 0.584983
0.607775 0.173995 0.0221046 0.085122 9.9991E-05 0.110904
0.658599 0.0113553 0.0765821 0.0127776 0.0494727 0.191213
9.9973E-05 0.0312888 9.9973E-05 0.967125 9.9973E-05 0.00128649
0.111666 9.9964E-05 9.9964E-05 0.887934 9.9964E-05 9.9964E-05
0.259367 0.0262803 0.0428474 0.604056 0.054535 0.0129145
0.272389 9.9964E-05 9.9964E-05 0.727211 9.9964E-05 9.9964E-05
0.112235 9.9973E-05 0.0197835 0.867682 9.9973E-05 9.9973E-05
9.996E-05 9.996E-05 9.996E-05 0.9995 9.996E-05 9.996E-05
9.9964E-05 9.9964E-05 0.0169022 0.982698 9.9964E-05 9.9964E-05
0.123047 9.9964E-05 9.9964E-05 0.876553 9.9964E-05 9.9964E-05
0.00650556 9.9973E-05 0.00397387 0.989221 9.9973E-05 9.9973E-05
9.996E-05 9.996E-05 9.996E-05 0.9995 9.996E-05 9.996E-05
9.996E-05 9.996E-05 9.996E-05 0.9995 9.996E-05 9.996E-05
0.152606 9.9982E-05 0.0453871 0.799975 0.00183187 9.9982E-05
0.0890688 9.9982E-05 0.000701379 0.829174 0.0808562 9.9982E-05
9.9964E-05 0.0338334 9.9964E-05 0.965767 9.9964E-05 9.9964E-05
0.392318 0.0557672 0.0761189 0.369849 0.105846 9.9991E-05
0.14033 0.0212273 0.0788822 0.727823 0.0316375 9.9991E-05
0.188587 9.9982E-05 0.0161132 0.708712 0.0863876 9.9982E-05
0.0799758 9.9982E-05 0.00818276 0.878933 0.0327088 9.9982E-05
9.996E-05 9.996E-05 9.996E-05 0.9995 9.996E-05 9.996E-05
0.0711892 9.9973E-05 9.9973E-05 0.868189 0.0603223 9.9973E-05
9.996E-05 9.996E-05 9.996E-05 0.9995 9.996E-05 9.996E-05
0.263045 0.0350567 0.0550827 0.622366 0.0243499 9.9991E-05
0.0195909 0.0308566 9.9982E-05 0.917986 0.031367 9.9982E-05
9.9973E-05 9.9973E-05 9.9973E-05 0.0312753 0.299933 0.668492
0.461984 9.9982E-05 0.170892 9.9982E-05 0.167994 0.19893
0.44679 0.0283738 0.0117353 0.0290991 0.214234 0.269768
0.202398 9.9982E-05 9.9982E-05 0.0927326 0.235917 0.468753
0.443153 0.0298237 0.103352 0.210022 0.0702264 0.143423
0.206107 9.9982E-05 9.9982E-05 0.12031 0.258559 0.414824
0.426529 0.0214893 0.117824 0.152642 0.157486 0.12403
0.345009 0.0189657 9.9991E-05 0.127683 0.159891 0.348351
0.432567 0.070049 9.9991E-05 0.1426 0.135483 0.219201
0.395301 9.9982E-05 9.9982E-05 0.158423 0.116105 0.329971
0.474741 0.0181181 0.0842385 0.0734921 0.18633 0.163081
0.0962566 9.9982E-05 0.0652835 9.9982E-05 0.803226 0.0350342
0.00933113 9.9982E-05 9.9982E-05 0.0456873 0.930965 0.013817
0.041295 9.9964E-05 9.9964E-05 9.9964E-05 0.958305 9.9964E-05
0.0331215 9.9973E-05 0.0213461 9.9973E-05 0.945232 9.9973E-05
0.0214492 9.9991E-05 0.0765627 0.0366622 0.853044 0.012182
9.9973E-05 9.9973E-05 9.9973E-05 0.0931475 0.901409 0.00514344
0.0163771 9.9973E-05 9.9973E-05 0.108327 0.874996 9.9973E-05
9.9982E-05 0.0493476 0.0275976 9.9982E-05 0.880575 0.0422795
0.0395662 0.0183588 9.9973E-05 9.9973E-05 0.941775 9.9973E-05
0.0619447 9.9982E-05 9.9982E-05 0.0402741 0.864534 0.0330469
9.9973E-05 0.126676 0.265888 9.9973E-05 0.607136 9.9973E-05
0.00591827 0.0624777 0.315791 9.9982E-05 0.615613 9.9982E-05
9.9982E-05 0.0475874 0.296661 9.9982E-05 0.520131 0.13542
9.9982E-05 0.123741 0.329403 9.9982E-05 0.485905 0.0607518
0.519877 0.231758 0.150164 0.0125835 0.0855172 9.9991E-05
0.518042 0.295027 0.0924143 0.0764215 0.0179958 9.9991E-05
0.531879 0.253356 0.125501 9.9991E-05 0.0734721 0.0156908
0.389541 0.26047 0.253248 0.00884681 0.0485505 0.0393435
0.177629 0.178328 0.602825 0.0238837 0.00909679 0.00823709
0.573787 0.222039 0.0448979 0.0632924 0.0837805 0.0122031
0.609957 0.284936 0.0821715 0.0182803 9.9991E-05 0.00455499
0.509958 0.31373 0.0704415 9.9982E-05 9.9982E-05 0.10567
0.279355 0.632409 9.9973E-05 0.0879358 9.9973E-05 9.9973E-05
0.552478 0.135318 0.0957328 0.086349 0.0395915 0.0905307
0.40124 0.397394 0.155824 9.9991E-05 0.013662 0.03178
9.9973E-05 0.778361 0.0717369 9.9973E-05 9.9973E-05 0.149603
0.583289 0.0474986 0.205183 9.9991E-05 0.0439508 0.119979
0.293459 0.521045 0.0541759 9.9991E-05 0.00874143 0.122478
0.480963 0.42378 0.0159312 0.0295429 0.016101 0.0336819
0.0892328 0.721497 0.141931 9.9982E-05 0.047139 9.9982E-05
9.9973E-05 9.9973E-05 0.693889 9.9973E-05 0.0942142 0.211597
0.0547392 9.9982E-05 0.716099 9.9982E-05 0.0642415 0.16472
9.9973E-05 9.9973E-05 0.849987 9.9973E-05 0.0200822 0.129631
9.9982E-05 0.0206575 0.771453 9.9982E-05 0.0749124 0.132777
0.0298448 9.9982E-05 0.850404 0.0408829 9.9982E-05 0.0786683
0.0564548 9.9991E-05 0.789253 0.0780312 0.0454463 0.0307145
0.0987211 9.9973E-05 9.9973E-05 0.0146661 0.886313 9.9973E-05
0.116643 9.9973E-05 0.0358054 9.9973E-05 0.847251 9.9973E-05
0.125465 9.9982E-05 0.00285843 0.126353 0.745123 9.9982E-05
0.0744826 9.9982E-05 0.0719198 0.0921148 0.761283 9.9982E-05
0.0836497 9.9982E-05 9.9982E-05 0.0731006 0.821819 0.0212309
9.9982E-05 0.00950125 0.551091 9.9982E-05 0.384595 0.054612
9.9982E-05 0.101308 0.389664 9.9982E-05 0.441193 0.0676347
9.9982E-05 0.0907216 0.411832 9.9982E-05 0.435584 0.0616619
0.102388 9.9982E-05 0.0343763 0.0506983 0.812338 9.9982E-05
9.9982E-05 0.0975409 0.495327 9.9982E-05 0.36811 0.0388224
0.264662 0.0229332 9.9991E-05 0.332044 0.233444 0.146817
0.574756 0.0293575 9.9991E-05 0.243821 0.132494 0.0194713
0.515033 9.9973E-05 9.9973E-05 0.309968 0.174699 9.9973E-05
0.348634 9.9991E-05 0.0706054 0.206355 0.245135 0.129172
0.522014 9.9991E-05 0.145762 0.120444 0.165537 0.0461424
9.9973E-05 9.9973E-05 9.9973E-05 0.323958 0.430545 0.245197
0.440499 0.0908845 0.330389 9.9982E-05 9.9982E-05 0.138027
0.383231 0.201034 0.187416 9.9991E-05 0.0094268 0.218793
0.314675 0.0550223 0.55408 9.9991E-05 0.050215 0.0259076
0.416832 0.221676 0.15802 0.0175904 9.9991E-05 0.185781
9.9973E-05 0.300582 0.153257 9.9973E-05 9.9973E-05 0.545861
0.479353 0.111347 0.194319 0.0630068 0.0867863 0.0651878
0.494629 0.100172 0.193966 9.9982E-05 9.9982E-05 0.211033
0.320365 0.231675 0.351253 9.9991E-05 0.0381179 0.0584897
0.520792 0.119979 0.204196 0.0543225 0.0636896 0.0370216
0.108047 0.268927 0.236275 9.9982E-05 9.9982E-05 0.38655
0.52736 0.0852183 0.122356 0.0318957 0.00538253 0.227787
0.502921 0.161431 0.272982 0.0175269 0.025436 0.019702
0.493908 0.085396 0.0332711 0.108152 0.167125 0.112148
0.37296 0.144946 0.225333 0.00940821 9.9991E-05 0.247253
0.454088 0.187087 0.271973 0.00145135 9.9991E-05 0.0853009
0.470863 0.188445 0.124474 0.0910115 9.9991E-05 0.125106
0.568925 0.121246 0.183802 9.9982E-05 9.9982E-05 0.125827
0.685306 0.0691126 0.110275 0.0488783 0.0506441 0.0357839
0.466964 0.269854 0.0590762 0.0801962 0.123809 9.9991E-05
0.695009 9.9991E-05 0.145072 0.00876322 0.0826157 0.0684403
0.143077 9.9973E-05 9.9973E-05 0.0963765 0.760247 9.9973E-05
0.093684 0.0320132 9.9982E-05 0.0404047 0.833698 9.9982E-05
0.0689044 0.0694064 0.0308774 0.0178532 0.769472 0.0434868
0.0173965 0.136755 9.9982E-05 0.0246037 0.821045 9.9982E-05
0.140081 9.9982E-05 0.0169623 0.0108775 0.831879 9.9982E-05
0.188151 0.132638 0.576729 0.030623 9.9991E-05 0.0717592
0.446268 0.262953 0.128815 0.0554873 0.0502663 0.0562097
0.459003 0.0874568 9.9991E-05 0.197022 0.197561 0.0588575
0.712842 0.0212432 0.214421 9.9982E-05 0.0512938 9.9982E-05
0.488229 0.205819 0.211465 9.9982E-05 0.0942881 9.9982E-05
0.258521 9.9982E-05 0.352071 0.0891868 9.9982E-05 0.300022
0.0335685 0.0887942 0.564934 9.9991E-05 0.126914 0.185689
0.526386 0.0662301 0.362762 0.0254207 0.0191019 9.9991E-05
0.199243 0.086104 0.513741 0.091099 0.00466975 0.105144
0.393148 0.0963384 0.20441 0.0428229 0.113849 0.149432
0.142958 0.124455 0.560891 0.00753668 0.138118 0.0260417
0.54889 0.0743607 0.0628712 0.0693068 0.126425 0.118147
0.163135 0.13449 0.530985 0.0473381 0.0638488 0.0602032
0.390483 0.102978 0.283378 0.0487842 0.0235235 0.150852
0.575414 9.9991E-05 0.137632 0.00198845 0.0104157 0.274449
0.323949 9.9982E-05 0.0660293 9.9982E-05 0.00256426 0.607258
0.504974 0.0641731 0.147836 0.02903 0.0438724 0.210115
0.657601 0.0341467 0.045917 9.9991E-05 0.119602 0.142633
0.39394 0.0320838 0.107177 9.9982E-05 9.9982E-05 0.4666
0.559924 0.178074 0.0257564 0.0329421 0.0841579 0.119146
0.607956 0.0419274 0.0541399 9.9991E-05 0.0162666 0.27961
0.12556 0.0859176 0.0566799 9.9982E-05 9.9982E-05 0.731643
0.300054 0.0291718 9.9973E-05 9.9973E-05 9.9973E-05 0.670475
0.532111 9.9982E-05 0.0495714 0.0446252 9.9982E-05 0.373492
0.229645 0.0924116 0.115811 9.9991E-05 0.000888817 0.561144
0.495633 0.141992 0.0898295 9.9982E-05 9.9982E-05 0.272345
0.129082 0.185519 0.62548 0.0170537 9.9991E-05 0.042766
0.245163 0.165029 0.370308 0.0467194 9.9991E-05 0.172681
0.343033 0.130566 0.39227 0.0652066 0.0688242 9.9991E-05
0.589693 0.0652719 0.186929 0.139889 0.0136951 0.00452293
0.245025 0.214308 0.501176 9.9982E-05 9.9982E-05 0.0392918
0.458253 0.106221 0.0683304 0.106721 0.0611312 0.199344
0.501599 0.122955 0.224382 0.134279 0.0166848 9.99943E-05
0.440945 0.202101 0.240998 0.115756 9.9982E-05 9.9982E-05
0.388805 0.236484 0.222607 0.15027 0.00173369 9.9991E-05
0.345164 0.234435 0.315035 0.087922 0.0173447 9.9991E-05
0.1707 0.231572 0.515928 0.0816004 9.9982E-05 9.9982E-05
0.225104 0.200601 0.462669 0.111426 9.9982E-05 9.9982E-05
0.592904 0.07311 0.208617 0.125169 9.9982E-05 9.9982E-05
0.55652 0.0720564 0.173409 0.0856504 0.0926424 0.0197215
0.498026 0.112565 0.232495 0.00103984 0.0388493 0.117026
0.477371 0.175692 0.177068 0.0985478 0.0145283 0.0567935
0.347438 0.0534248 0.392333 0.0688165 0.0480792 0.0899081
0.645017 0.0592034 0.281096 0.0144836 9.9982E-05 9.9982E-05
0.454296 0.117449 0.291668 0.130635 0.00585114 9.9991E-05
0.507493 0.126848 0.0881202 0.0861146 0.0753496 0.116074
0.439373 9.9991E-05 0.0241306 0.126313 0.354078 0.0560052
0.565964 0.0370652 0.0173809 0.179504 0.0887735 0.111312
0.46031 0.0484606 0.0627882 0.177686 0.133823 0.116932
0.632486 9.9991E-05 0.077473 0.089469 0.0527828 0.147689
0.414427 0.0960726 9.9991E-05 0.238364 0.214155 0.0368818
0.494327 0.0495033 0.196501 9.9982E-05 9.9982E-05 0.25947
0.474049 0.0959906 0.0213561 0.123531 0.24861 0.0364641
0.0543652 0.155244 9.9991E-05 0.111393 0.222737 0.45616
0.538637 9.9991E-05 0.0948093 0.168229 0.116247 0.0819777
0.55545 0.0606257 0.142182 0.0885132 0.132588 0.0206405
0.461703 0.0129183 0.0855564 0.224687 0.0678043 0.147331
0.276126 0.148486 0.0339147 0.1472 0.180847 0.213427
0.536643 0.0822786 0.0461548 0.107549 0.208257 0.0191167
0.570115 0.00398536 0.0987189 0.118321 0.180493 0.0283672
9.9973E-05 9.9973E-05 9.9973E-05 0.175692 0.46913 0.354878
0.411963 0.0933238 0.0437341 0.262359 0.18852 9.9991E-05
0.462342 9.9991E-05 0.0490058 0.274355 0.159655 0.0545415
0.411665 0.0696402 0.086232 0.210822 0.0518278 0.169814
0.575335 0.00357333 9.9991E-05 0.158514 0.217387 0.0450902
0.483567 0.126162 0.0294357 0.189195 0.171541 9.9991E-05
0.369912 0.287823 0.033864 0.129237 9.9991E-05 0.179064
0.538144 9.9991E-05 0.119378 0.0320872 0.0897234 0.220568
0.0131115 0.443141 0.048893 0.0117457 9.9991E-05 0.483008
0.0232517 0.365382 0.097701 9.9982E-05 9.9982E-05 0.513465
0.559096 0.0308752 0.0471528 0.0507689 0.107074 0.205033
0.449438 9.9982E-05 9.9982E-05 0.310448 0.0898608 0.150053
0.357919 9.9982E-05 9.9982E-05 0.310996 0.144903 0.185981
0.16889 9.9991E-05 0.0140978 0.329189 0.182341 0.305382
0.359574 0.0349573 0.00349408 0.251866 0.202731 0.147377
0.108908 0.148086 0.000877387 0.115644 0.0133565 0.613129
0.17152 0.151104 9.9991E-05 0.0936893 0.0603218 0.523266
0.469348 0.186007 9.9982E-05 0.181669 9.9982E-05 0.162777
0.487347 0.209477 9.9991E-05 0.0767462 0.0675818 0.158749
0.182039 0.0850108 9.9991E-05 0.163981 0.0335208 0.535348
0.468558 0.106016 0.0334024 0.128571 0.0561604 0.207293
0.519462 0.0688553 0.0425246 0.139722 9.9991E-05 0.229336
0.468615 0.0746526 0.108621 0.119921 0.0808347 0.147356
0.392552 0.242479 0.0540398 9.9982E-05 9.9982E-05 0.310729
0.367533 0.26362 0.074748 0.0774124 9.9991E-05 0.216587
0.55659 0.152409 0.0277668 9.9991E-05 0.04515 0.217984
0.396155 0.130511 0.179727 0.110745 9.9991E-05 0.182761
0.502856 0.18796 0.100106 0.0278846 9.9991E-05 0.181094
0.518406 0.102033 0.0254843 9.9982E-05 9.9982E-05 0.353876
0.204912 0.286724 0.0724179 9.9982E-05 9.9982E-05 0.435745
0.552566 0.282501 9.9991E-05 0.043483 0.0291431 0.092206
0.257371 0.379172 0.023214 9.9982E-05 9.9982E-05 0.340043
0.373108 0.211758 0.016299 0.0879635 9.9991E-05 0.310771
0.500297 0.295587 9.9991E-05 0.0963247 0.0466729 0.0610186
0.469404 0.177531 0.112457 0.0477151 9.9991E-05 0.192793
0.463161 0.0711629 0.049013 0.124261 0.177754 0.114648
0.430201 0.0738901 0.0921914 0.149472 0.181276 0.0729697
0.38906 0.0530502 0.0651101 0.211974 0.183668 0.0971386
0.289189 0.00580308 0.0877827 0.262675 0.125974 0.228577
0.410788 0.186742 0.0374109 0.199515 0.147539 0.0180043
0.418067 9.9982E-05 9.9982E-05 0.255234 0.130734 0.195764
9.9982E-05 0.141557 9.9982E-05 0.151475 0.17079 0.535978
0.581483 9.9991E-05 0.0608186 0.218823 0.0233608 0.115415
9.9973E-05 9.9973E-05 9.9973E-05 0.136181 0.332956 0.530563
0.464657 0.0826706 9.9991E-05 0.224808 0.0443032 0.183461
0.110554 0.360117 9.9973E-05 9.9973E-05 9.9973E-05 0.529029
9.9973E-05 0.444752 0.0322237 9.9973E-05 9.9973E-05 0.522725
0.496879 0.157874 0.055451 9.9982E-05 9.9982E-05 0.289596
0.488931 0.277198 9.9991E-05 0.0888148 0.00638918 0.138567
0.408211 0.238731 9.9973E-05 9.9973E-05 9.9973E-05 0.352758
0.463118 0.250266 9.9991E-05 0.0241498 0.0325632 0.229804
0.552793 0.169188 0.0518584 0.00312449 9.9991E-05 0.222936
0.0823429 9.9991E-05 0.0470269 0.0398058 0.808453 0.0222716
9.9982E-05 9.9982E-05 0.163946 0.156293 0.668588 0.0109737
9.9973E-05 9.9973E-05 0.0347678 0.0593796 0.905553 9.9973E-05
0.0935181 9.9964E-05 9.9964E-05 9.9964E-05 0.906082 9.9964E-05
0.460336 0.397299 9.9991E-05 0.0738153 0.0630956 0.00535479
0.535288 0.384236 9.9973E-05 9.9973E-05 0.0801761 9.9973E-05
0.528169 0.446975 9.9973E-05 9.9973E-05 0.0245562 9.9973E-05
0.517498 0.279949 0.0425189 0.0447703 0.115164 9.9991E-05
0.514638 0.200667 0.0845547 9.9991E-05 0.153031 0.0470097
0.208368 0.581973 0.124346 0.0407283 9.9991E-05 0.0444851
0.549185 0.41097 9.9982E-05 0.0328787 0.00676702 9.9982E-05
0.372471 0.419144 9.9973E-05 9.9973E-05 9.9973E-05 0.208085
0.428019 0.0469704 0.0654875 0.19189 0.262066 0.00556689
0.383913 0.441008 0.0645433 0.0446114 9.9991E-05 0.0658244
0.311838 0.576313 0.11155 9.9973E-05 9.9973E-05 9.9973E-05
0.551805 0.447795 9.9964E-05 9.9964E-05 9.9964E-05 9.9964E-05
0.392322 0.547793 0.0138062 9.9982E-05 0.0458786 9.9982E-05
0.569346 0.430254 9.9964E-05 9.9964E-05 9.9964E-05 9.9964E-05
0.69391 0.287504 9.9973E-05 9.9973E-05 0.0182864 9.9973E-05
0.0720681 0.906867 9.9973E-05 9.9973E-05 9.9973E-05 0.0207646
0.164539 0.649784 0.00261105 0.0449768 0.0320806 0.106008
0.381459 0.572939 0.0356168 0.00841819 9.9991E-05 0.00146677
9.9964E-05 0.828873 9.9964E-05 9.9964E-05 9.9964E-05 0.170727
0.396428 0.479532 0.0890145 9.9982E-05 0.0348258 9.9982E-05
0.100034 0.638268 0.0276157 9.9982E-05 9.9982E-05 0.233882
9.9973E-05 0.788375 9.9973E-05 9.9973E-05 0.021421 0.189904
0.577277 0.317778 0.0515739 0.0304361 9.9991E-05 0.0228348
0.217413 0.585894 0.133215 9.9982E-05 0.0632781 9.9982E-05
0.390192 0.384657 0.112052 0.0857818 0.0114576 0.0158601
0.517087 0.232947 0.027935 0.0595253 0.162405 9.9991E-05
0.531596 0.390416 0.0630553 0.0147329 9.9982E-05 9.9982E-05
0.3592 0.109418 0.245593 0.0888115 9.9991E-05 0.196877
0.593304 0.319653 0.0432461 0.0272397 0.0164569 9.9991E-05
0.439023 0.379071 0.121399 0.0186647 0.0281112 0.0137311
0.339181 0.654958 9.9973E-05 9.9973E-05 9.9973E-05 0.00556169
0.526739 0.284765 0.0765117 0.0829184 0.0041643 0.024901
9.9982E-05 0.0437994 0.236582 9.9982E-05 0.657764 0.0616554
0.0200913 0.0911556 0.0946258 0.0408423 0.740877 0.0124077
9.9973E-05 9.9973E-05 0.132415 9.9973E-05 0.816587 0.0506982
9.9982E-05 0.0263419 0.142997 9.9982E-05 0.803525 0.0269363
0.0104061 9.9973E-05 0.265509 9.9973E-05 0.723785 9.9973E-05
0.0710227 0.687769 0.15571 0.0235641 0.0618336 9.9991E-05
0.111003 0.632863 0.155782 9.9991E-05 0.0694132 0.0308389
0.148856 0.765876 9.9973E-05 9.9973E-05 9.9973E-05 0.0849686
0.499217 0.273352 0.0413582 0.0829605 0.103012 9.9991E-05
0.572469 0.0721579 0.125761 0.0861304 0.0713549 0.0721264
0.210273 0.59126 0.0131625 0.0573673 0.0262511 0.101686
0.622732 0.314035 0.0230745 0.0399583 9.9982E-05 9.9982E-05
0.36157 0.426915 9.9991E-05 0.0395608 0.0798962 0.091958
0.576558 0.305532 0.0631348 9.9982E-05 0.0545748 9.9982E-05
0.691267 0.150118 0.0499206 0.00905963 0.0498395 0.0497954
0.173891 0.65528 0.111067 0.0595625 9.9982E-05 9.9982E-05
0.353559 0.571627 0.0745138 9.9973E-05 9.9973E-05 9.9973E-05
0.291554 0.56652 0.141627 9.9973E-05 9.9973E-05 9.9973E-05
0.62344 0.0611006 0.0622942 9.9991E-05 0.0704162 0.182649
0.422061 0.516074 0.0615656 9.9973E-05 9.9973E-05 9.9973E-05
0.358366 0.440321 0.0284982 0.0402032 0.078087 0.0545246
0.361812 0.0223028 0.0225865 0.478441 0.0948499 0.0200082
0.410375 9.9982E-05 9.9982E-05 0.411429 0.129949 0.0480474
0.37698 9.9982E-05 9.9982E-05 0.444998 0.113967 0.0638548
0.275916 9.9982E-05 9.9982E-05 0.535305 0.120119 0.0684602
0.432631 9.9982E-05 9.9982E-05 0.290303 0.145219 0.131647
0.453126 0.245616 0.00191317 0.0592856 0.0758439 0.164215
0.0590333 9.9973E-05 9.9973E-05 0.656077 0.284589 9.9973E-05
0.304669 0.00902503 0.00278751 0.487552 0.151465 0.0445025
0.429749 0.0480618 9.9991E-05 0.172335 0.118143 0.231611
0.603652 9.9973E-05 9.9973E-05 9.9973E-05 0.16179 0.234258
0.460025 0.0588489 0.0375249 0.0245807 0.15852 0.260501
0.623856 0.0193928 0.0493398 0.00148344 0.0995413 0.206387
0.633506 0.0161154 0.0430143 9.9991E-05 0.11231 0.194955
0.336995 0.0058177 9.9982E-05 0.455716 0.201271 9.9982E-05
0.295111 0.126146 0.0789495 0.366631 0.133063 9.9991E-05
0.458619 9.9982E-05 0.00658289 0.45934 0.0752575 9.9982E-05
0.430735 0.0759441 0.0249448 0.21666 0.10168 0.150035
0.234293 0.0245598 0.000714255 0.546985 0.100259 0.0931882
0.398722 0.157684 9.9991E-05 0.251334 0.179924 0.0122363
0.233221 9.9982E-05 9.9982E-05 0.574562 0.124709 0.0673085
0.333424 0.0122313 0.0925131 0.436046 0.0618911 0.0638943
0.580829 0.028411 0.0126012 9.9991E-05 0.06848 0.309579
0.28923 9.9982E-05 0.122483 0.370025 0.218061 9.9982E-05
0.141199 9.9982E-05 9.9982E-05 0.647131 0.162043 0.0494276
0.365368 0.02182 0.133611 0.369248 0.109853 9.9991E-05
0.297599 0.00209913 0.271199 9.9991E-05 0.140165 0.288838
0.594965 9.9982E-05 0.132883 0.0788462 9.9982E-05 0.193106
0.431747 0.0310318 0.042044 0.250931 0.229307 0.0149392
0.717947 9.9991E-05 0.0356112 0.00830656 0.0549378 0.183098
0.567702 0.0670257 0.0164684 9.9991E-05 0.183957 0.164747
0.371203 0.136003 0.0222397 0.242896 0.165904 0.0617546
0.32347 0.0175783 9.9991E-05 0.301273 0.214787 0.142791
0.619278 0.13155 9.9991E-05 0.0383318 0.0781141 0.132626
0.290008 0.120075 0.0515132 0.401575 0.0996626 0.0371666
0.33222 9.9982E-05 9.9982E-05 0.4475 0.0799443 0.140135
0.201089 9.9982E-05 9.9982E-05 0.573911 0.201708 0.0230917
0.658057 0.010168 0.120799 9.9991E-05 0.110716 0.10016
0.469742 0.0995307 0.0922478 9.9991E-05 0.130749 0.207631
0.243297 9.9973E-05 9.9973E-05 9.9973E-05 0.11241 0.643994
0.621149 0.0743019 0.0825864 9.9991E-05 0.153861 0.0680018
0.404463 0.0551545 0.191282 0.0357139 0.153333 0.160054
0.43069 0.0455587 9.9991E-05 0.188651 0.181202 0.153798
0.513062 0.0873811 0.0286388 0.0668251 0.123384 0.180709
9.9973E-05 9.9973E-05 9.9973E-05 0.207647 0.296345 0.495708
9.9973E-05 9.9973E-05 9.9973E-05 0.117807 0.263487 0.618406
0.288359 0.0174351 0.106709 0.130458 0.134665 0.322374
9.9982E-05 0.0668675 9.9982E-05 0.213167 0.296421 0.423344
9.9973E-05 9.9973E-05 9.9973E-05 0.227707 0.399977 0.372016
0.331414 0.00502504 9.9991E-05 0.178778 0.12302 0.361663
0.353897 0.0779802 9.9991E-05 0.102947 0.257301 0.207775
0.179798 0.0478153 0.0118236 0.174057 0.247423 0.339082
0.096409 0.0113518 9.9991E-05 0.141582 0.283187 0.467371
0.509205 0.0307108 0.0188384 0.0984874 0.145076 0.197683
0.170247 0.107846 9.9991E-05 0.113901 0.194905 0.413002
9.9973E-05 9.9973E-05 9.9973E-05 0.0517778 0.424629 0.523293
0.480301 9.9991E-05 0.0592916 0.141088 0.152412 0.166807
0.340873 9.9991E-05 0.0740016 0.274986 0.115252 0.194788
0.509072 0.0242179 0.0165235 0.0972975 0.352789 9.9991E-05
0.624602 9.9982E-05 9.9982E-05 0.17263 0.19286 0.00970817
0.538506 0.103623 0.00620084 0.171793 0.179778 9.9991E-05
0.429359 9.9982E-05 9.9982E-05 0.335423 0.125292 0.109726
0.362193 9.9991E-05 0.00925542 0.210137 0.392124 0.0261912
0.641005 9.9982E-05 0.0111687 0.0976382 0.249989 9.9982E-05
0.396861 0.0926905 9.9982E-05 0.295686 0.214563 9.9982E-05
0.332572 9.9991E-05 0.00569155 0.277586 0.1951 0.188951
0.226087 0.35837 0.10474 0.118509 0.189336 0.00295886
0.56534 0.0541875 0.0399088 0.112297 0.140272 0.0879958
0.410728 0.156785 0.0986419 0.250374 0.0732318 0.0102393
0.652744 0.17413 0.00799558 0.0838529 0.0585224 0.0227555
0.38576 9.9982E-05 9.9982E-05 0.237241 0.299586 0.0772124
0.402922 9.9991E-05 0.0467563 0.209469 0.158358 0.182394
0.160689 0.0553344 9.9991E-05 0.22489 0.393193 0.165794
0.394526 0.0581106 0.0614159 0.262698 0.163913 0.0593366
0.246578 9.9982E-05 9.9982E-05 0.320966 0.301234 0.131023
9.9982E-05 0.0317938 0.143327 9.9982E-05 0.778736 0.0459436
0.120375 0.016451 0.819218 9.9982E-05 0.0437557 9.9982E-05
9.9964E-05 9.9964E-05 0.998244 9.9964E-05 0.00135632 9.9964E-05
9.9964E-05 9.9964E-05 0.979473 9.9964E-05 0.0201274 9.9964E-05
0.0257014 9.9964E-05 0.973899 9.9964E-05 9.9964E-05 9.9964E-05
0.022453 9.9973E-05 0.944228 0.0330196 9.9973E-05 9.9973E-05
0.0709739 9.9964E-05 0.928626 9.9964E-05 9.9964E-05 9.9964E-05
9.9973E-05 0.00275849 0.967503 9.9973E-05 0.0294387 9.9973E-05
9.9964E-05 9.9964E-05 0.800512 9.9964E-05 0.199088 9.9964E-05
0.0477723 0.0100024 9.9991E-05 0.0220055 0.90499 0.0151298
0.0596354 9.9982E-05 0.123062 0.0254364 0.791667 9.9982E-05
0.0627447 9.9982E-05 0.019788 0.0326737 0.884594 9.9982E-05
0.052098 9.9982E-05 0.0674234 9.9982E-05 0.812951 0.0673272
0.0336243 9.9982E-05 0.0195232 0.0472025 0.89945 9.9982E-05
9.9982E-05 9.9982E-05 0.0402105 0.0325658 0.894773 0.0322507
0.0188132 9.9991E-05 0.0435126 0.167122 0.732428 0.0380244
0.000248267 0.00139678 9.9991E-05 0.104595 0.861632 0.0320283
0.0581521 0.0665694 0.0712105 0.0623612 0.741607 9.9991E-05
0.0141905 0.0227905 9.9982E-05 0.0668463 0.895973 9.9982E-05
9.9973E-05 0.0462646 0.0318596 9.9973E-05 0.921576 9.9973E-05
0.0304255 0.0473577 0.0133309 0.0597127 0.849073 9.9991E-05
0.00630239 9.9982E-05 0.0208951 0.0180194 0.954583 9.9982E-05
0.0706484 9.9982E-05 9.9982E-05 0.00890111 0.896286 0.023965
0.0659636 0.0265345 9.9982E-05 0.0390025 0.868299 9.9982E-05
0.0925196 9.9973E-05 9.9973E-05 0.0761004 0.83108 9.9973E-05
0.0812498 9.9973E-05 9.9973E-05 0.148562 0.769888 9.9973E-05
0.126454 9.9973E-05 9.9973E-05 0.0844666 0.78878 9.9973E-05
0.106373 0.0088408 9.9982E-05 0.0647284 0.819858 9.9982E-05
0.455228 0.0458754 0.0343361 0.00801343 0.134243 0.322304
0.705112 0.0864615 9.9982E-05 9.9982E-05 0.102064 0.106163
0.648215 0.0760109 0.041071 9.9991E-05 0.131892 0.102712
0.201879 0.0269283 0.035628 9.9982E-05 9.9982E-05 0.735364
0.535271 9.9982E-05 0.150358 9.9982E-05 0.126213 0.187958
0.15443 9.9973E-05 9.9973E-05 9.9973E-05 0.106356 0.738914
0.631325 9.9973E-05 9.9973E-05 9.9973E-05 0.0830429 0.285332
0.442184 0.110924 0.19512 9.9991E-05 0.0347933 0.216878
0.613486 9.9973E-05 0.0888183 9.9973E-05 9.9973E-05 0.297396
0.44731 0.355196 0.126487 0.0416963 0.0276183 0.00169252
0.465064 0.0302323 0.171028 9.9991E-05 0.0946973 0.238879
0.64448 9.9982E-05 0.00679397 9.9982E-05 0.0895492 0.258977
0.589175 0.0315186 0.198814 9.9991E-05 0.0176221 0.16277
0.13961 0.222102 0.415704 0.0288117 9.9991E-05 0.193672
9.9973E-05 0.0353848 0.0928288 9.9973E-05 9.9973E-05 0.871486
0.224503 9.9982E-05 0.0377789 9.9982E-05 0.00477944 0.732739
0.65967 9.9982E-05 0.097385 0.0432192 9.9982E-05 0.199526
0.570111 9.9982E-05 0.0153658 9.9982E-05 0.0993798 0.314944
0.59987 9.9973E-05 9.9973E-05 9.9973E-05 0.099728 0.300102
0.612592 0.0538588 0.0260249 0.0344151 0.0856961 0.187414
0.531473 0.064399 9.9991E-05 0.12319 0.219509 0.0613287
0.654877 0.0101832 9.9982E-05 0.155318 0.179422 9.9982E-05
0.173833 0.0599326 0.106258 0.103879 0.415739 0.140357
0.611265 0.0862724 0.0506905 0.0266319 0.124199 0.100941
0.463198 0.00190529 0.106086 0.0901742 0.266924 0.0717113
9.9982E-05 9.9982E-05 0.031415 0.17807 0.382842 0.407472
0.277649 0.0467832 9.9991E-05 0.189694 0.284567 0.201207
0.26974 0.150578 0.070634 0.183692 0.322879 0.00247667
0.462664 0.0391384 0.090264 0.0607733 0.34706 9.9991E-05
0.491585 9.9991E-05 0.119184 0.248476 0.0350176 0.105637
0.462046 0.0590827 9.9991E-05 0.16851 0.216023 0.0942385
0.589241 0.059197 0.0294324 0.133742 0.188287 9.9991E-05
0.257334 0.194965 9.9991E-05 0.229076 0.189977 0.128547
0.338053 0.0679694 9.9991E-05 0.0816601 0.499506 0.0127112
