0.0065329 0.0356807 0.893081 0.0424136 9.9982E-05 0.0220914 9.9982E-05
9.9964E-05 0.00141737 0.925302 9.9964E-05 0.0728803 9.9964E-05 9.9964E-05
0.0386755 9.9973E-05 0.835408 0.0211756 9.9973E-05 9.9973E-05 0.104441
9.9973E-05 0.0876057 0.806011 0.0357771 9.9973E-05 9.9973E-05 0.070306
9.9973E-05 9.9973E-05 0.840398 0.0745886 0.0774062 9.9973E-05 0.00730735
0.14916 0.0470507 0.635358 0.0390611 9.9991E-05 0.0849583 0.0443119
0.0779409 9.9982E-05 0.814415 0.0198545 0.0141697 0.0734196 9.9982E-05
0.0201642 0.124095 0.714547 0.0195499 0.00694027 0.114603 9.9991E-05
0.0549942 0.0541803 0.828758 9.99729E-05 9.99729E-05 0.0617676 9.99729E-05
9.999E-05 0.0587722 0.66715 0.0612849 0.0273841 0.0828725 0.102437
0.0380923 0.0699364 0.721096 9.9982E-05 9.9982E-05 0.132009 0.0386668
0.146211 0.441504 9.9982E-05 0.0861416 9.9982E-05 0.0643598 0.261583
0.0517799 0.25289 0.0116681 9.9982E-05 9.9982E-05 0.118872 0.56459
0.135346 0.38048 0.0340886 0.0757651 0.0430279 0.0597302 0.271562
0.0506071 0.346698 9.9991E-05 0.138163 0.0634928 0.0770555 0.323884
0.147283 0.177149 0.11242 0.0447587 0.0428065 0.0829547 0.392628
0.0158025 0.0857332 0.120727 0.0390016 9.9991E-05 0.0817078 0.656928
0.146455 0.185758 9.9982E-05 0.104267 9.9982E-05 0.115334 0.447986
0.119615 0.331033 0.132515 0.0355152 9.9991E-05 0.023972 0.35725
0.155822 0.64175 9.9973E-05 0.0623 9.9973E-05 0.139827 9.9973E-05
0.200882 0.251953 9.9982E-05 0.097783 9.9982E-05 0.0898988 0.359283
9.9982E-05 0.210892 9.9982E-05 0.0363886 0.0990748 0.182603 0.470841
0.135494 0.198181 0.0528999 9.9991E-05 0.0313389 0.0142438 0.567743
0.165013 0.336208 9.9991E-05 0.114464 0.00840042 0.0750562 0.300759
0.069301 0.0260614 0.115173 0.00307104 0.0828102 0.0562046 0.647378
0.0535669 0.23481 0.0221907 0.0945891 9.9991E-05 0.0475574 0.547186
0.14748 0.416478 0.0268794 0.081897 9.9991E-05 0.105129 0.222036
0.168694 0.425984 9.9982E-05 0.204834 9.9982E-05 0.0442912 0.155997
0.0889753 0.460747 9.9982E-05 9.9982E-05 0.0442195 0.150632 0.255226
9.9964E-05 9.9964E-05 0.834224 0.0776155 9.9964E-05 9.9964E-05 0.0877604
9.9955E-05 9.9955E-05 0.858273 9.9955E-05 9.9955E-05 9.9955E-05 0.141227
9.9964E-05 9.9964E-05 0.778972 0.0129351 9.9964E-05 9.9964E-05 0.207693
0.00170325 9.9982E-05 0.722684 0.0779817 9.9982E-05 0.0110159 0.186416
0.207506 0.0741418 0.0516102 9.9991E-05 0.0658606 0.0278868 0.572895
0.248031 0.056056 0.0879638 0.0544049 9.9982E-05 9.9982E-05 0.553344
0.423295 9.9982E-05 0.0154264 0.030767 9.9982E-05 0.0156935 0.514618
0.14535 0.574888 0.0809048 9.9982E-05 0.057104 9.9982E-05 0.141553
0.605847 9.9982E-05 0.0127577 0.0679389 9.9982E-05 0.0280502 0.285206
0.154231 0.111822 0.0450902 0.0256075 0.124811 0.0101405 0.528298
0.12934 9.9991E-05 0.00135428 0.0183159 0.0142381 0.157199 0.679452
0.142475 0.00330199 0.160807 9.9991E-05 0.0252435 0.0731985 0.594874
0.134125 0.0736468 0.131313 9.9982E-05 0.00703874 9.9982E-05 0.653677
0.697438 0.0551729 0.0613898 9.9982E-05 9.9982E-05 0.0907822 0.095017
0.0167145 0.0754392 0.00346869 0.0151622 9.9991E-05 0.252028 0.637088
0.264065 9.9982E-05 9.9982E-05 0.135176 0.043506 0.127124 0.429929
0.0901445 0.091402 0.146818 0.0494241 0.0358384 9.9991E-05 0.586273
0.653379 9.9964E-05 9.9964E-05 9.9964E-05 0.0526601 9.9964E-05 0.293561
0.305895 9.9982E-05 0.00969806 9.9982E-05 0.0205883 0.0126184 0.651001
0.177986 0.0455176 0.143928 0.00772353 9.9991E-05 0.031153 0.593592
0.725601 9.9973E-05 0.0444114 9.9973E-05 0.00720445 0.222483 9.9973E-05
0.253425 0.460328 9.9991E-05 0.00247115 0.0362387 0.0934103 0.154026
0.292331 0.159637 9.9982E-05 9.9982E-05 0.0712937 0.399762 0.0767771
0.100376 0.0766987 0.127716 0.0571209 9.9991E-05 0.0995079 0.53848
0.0554274 9.9991E-05 0.0933507 0.0892264 0.0521456 0.118982 0.590768
9.9991E-05 0.0944806 0.0122009 0.0725158 0.0250319 0.171641 0.62403
0.321973 0.324519 0.13478 9.9991E-05 0.0195157 0.028948 0.170164
0.0100914 0.200654 0.0398083 9.9982E-05 9.9982E-05 0.122171 0.627075
0.105817 0.157036 0.0152902 0.129767 9.9991E-05 0.0473333 0.544656
0.100165 0.214493 0.129923 0.0024178 0.0778281 0.072529 0.402644
0.166061 0.31406 0.148695 0.0702157 0.0546939 0.181129 0.0651455
0.0151083 0.129055 0.0207835 0.0986556 0.0690355 0.151143 0.516219
0.0272801 0.315129 0.0193912 0.0707368 0.137969 0.0480394 0.381455
0.221076 0.50406 0.0161826 9.9982E-05 9.9982E-05 0.201839 0.0566417
0.12282 0.223523 9.9982E-05 9.9982E-05 0.0620743 0.0683941 0.522988
0.0216006 0.093325 9.9991E-05 0.0581515 0.195904 0.0191393 0.611779
0.00904335 0.152076 0.0477366 0.0834678 0.0376631 0.118444 0.551569
0.28523 0.234337 0.0173708 0.0875418 0.000828347 0.123646 0.251047
9.9982E-05 0.164567 9.9982E-05 0.0541655 0.0300294 0.231339 0.519699
0.132107 0.123871 0.130566 9.9982E-05 9.9982E-05 0.0528276 0.560429
0.221413 0.384192 0.0358377 9.9991E-05 0.0444873 0.08883 0.22514
0.441628 0.0259271 9.9964E-05 9.9964E-05 9.9964E-05 9.9964E-05 0.532045
0.73464 0.04909 0.0231369 0.00485865 9.9982E-05 9.9982E-05 0.188075
0.118573 0.0237753 0.038373 0.0833634 0.109575 0.119724 0.506616
0.86473 9.9955E-05 9.9955E-05 9.9955E-05 9.9955E-05 0.13477 9.9955E-05
0.834864 9.9964E-05 9.9964E-05 9.9964E-05 0.0886845 0.0760516 9.9964E-05
0.771094 9.9955E-05 9.9955E-05 9.9955E-05 9.9955E-05 9.9955E-05 0.228406
0.529104 0.0591296 9.9964E-05 9.9964E-05 9.9964E-05 9.9964E-05 0.411366
0.181069 0.0952611 0.144162 9.9982E-05 0.0218859 9.9982E-05 0.557422
0.528309 0.0133703 9.9982E-05 0.0889834 9.9982E-05 0.021153 0.347984
0.604888 0.198861 9.9973E-05 0.0377913 9.9973E-05 9.9973E-05 0.158159
0.516652 0.188106 0.0400109 9.9973E-05 9.9973E-05 9.9973E-05 0.254931
0.20077 0.0372322 0.0301512 0.117964 0.160915 9.9991E-05 0.452868
0.64585 0.0150368 0.0324742 0.0211435 9.9982E-05 9.9982E-05 0.285296
0.4375 0.0293242 0.0632967 0.0324206 9.9991E-05 0.0342421 0.403117
0.617285 9.9973E-05 0.000569191 9.9973E-05 9.9973E-05 0.0626248 0.319221
0.704603 9.9973E-05 9.9973E-05 0.00447238 0.125291 0.165334 9.9973E-05
0.351118 9.9982E-05 9.9982E-05 0.0540908 0.000789833 0.0268977 0.566904
9.9973E-05 0.0512126 0.786747 0.0421915 9.9973E-05 9.9973E-05 0.119549
0.00739194 9.9964E-05 0.90847 9.9964E-05 9.9964E-05 9.9964E-05 0.0837378
9.9973E-05 9.9973E-05 0.840367 0.0663414 9.9973E-05 0.00755191 0.0854402
0.0152254 9.9982E-05 0.878714 0.0400249 9.9982E-05 0.0343349 0.0315005
0.0455351 9.9973E-05 0.862495 0.0530056 9.9973E-05 9.9973E-05 0.0386647
0.0735661 9.9973E-05 0.88119 0.0243193 0.0206249 9.9973E-05 9.9973E-05
9.9964E-05 9.9964E-05 0.924626 0.00608804 9.9964E-05 9.9964E-05 0.068886
0.184332 0.0794773 0.150109 0.069938 9.9991E-05 0.050119 0.465925
0.0998036 9.9991E-05 0.10095 0.0934803 0.108352 0.00715792 0.590157
0.819779 0.102909 0.0494165 9.9982E-05 0.0170774 9.9982E-05 0.0106182
0.139929 0.0181032 0.0521008 0.0364921 0.075292 0.0824385 0.595644
0.444773 0.079269 0.0471204 0.00113234 9.9991E-05 0.00520181 0.422404
0.311882 0.0298363 0.0534656 9.9973E-05 9.9973E-05 9.9973E-05 0.604516
0.317747 9.9991E-05 0.0437805 0.017063 0.0411691 0.0415028 0.538638
0.437744 9.9973E-05 9.9973E-05 0.0902994 0.0516732 9.9973E-05 0.419983
0.795181 0.154358 0.0500619 9.9964E-05 9.9964E-05 9.9964E-05 9.9964E-05
0.192516 0.0367026 0.110934 0.0710472 9.9991E-05 0.0642606 0.52444
0.164595 0.00123256 0.0744153 9.9973E-05 9.9973E-05 9.9973E-05 0.759457
0.171664 0.113821 0.0876007 0.0583725 0.0455774 9.9991E-05 0.522865
0.551369 9.9991E-05 0.00560986 0.0472452 0.0703325 0.0846193 0.240724
0.373935 9.9991E-05 0.000499649 0.0682349 0.0875756 0.0532788 0.416377
0.359779 0.0924719 0.0261488 9.9982E-05 9.9982E-05 0.0310064 0.490394
0.666367 9.9964E-05 9.9964E-05 0.119085 9.9964E-05 9.9964E-05 0.214149
0.412852 0.00119048 0.110649 9.9973E-05 9.9973E-05 9.9973E-05 0.475008
0.195252 0.0416775 0.096078 0.0387891 9.9991E-05 0.0589504 0.569153
0.0767026 0.272487 0.0245708 9.9991E-05 0.253342 0.122895 0.249903
0.071289 0.287595 0.0786624 0.00617788 9.9991E-05 0.125675 0.4305
0.071312 0.0731344 0.191188 0.0416878 0.0299387 0.00382111 0.588918
0.0123365 0.129562 0.060869 0.0364716 0.108334 0.025547 0.62688
0.0600649 0.297444 0.0554133 9.9982E-05 0.117469 9.9982E-05 0.469409
0.0812578 0.222152 0.0406694 0.0599473 0.00177243 0.0393851 0.554816
0.0602597 0.351974 0.0376452 0.0296707 0.0389802 9.9991E-05 0.48137
0.0284139 0.16341 0.0924237 0.00543876 0.114307 0.0954562 0.500551
0.00152423 0.184916 0.0668782 0.0966483 9.9991E-05 0.0407652 0.609168
0.151751 0.067706 0.0609504 9.9982E-05 0.14664 9.9982E-05 0.572752
0.0655282 0.318665 0.000685294 9.9982E-05 0.0697971 9.9982E-05 0.545124
9.9991E-05 0.083216 0.051424 0.0214816 0.0914979 0.13057 0.621711
9.9982E-05 0.145459 0.0599393 0.0669258 9.9982E-05 0.0865352 0.64094
0.0639036 0.272552 9.9982E-05 0.02072 0.0545959 9.9982E-05 0.588029
0.0571811 0.100894 0.0354089 9.9991E-05 0.0755712 0.138555 0.59229
0.000846584 0.241611 9.9991E-05 0.133592 0.0347706 0.0907851 0.498295
9.9982E-05 0.275839 0.0293171 9.9982E-05 0.0907279 0.174092 0.429824
0.0400102 0.225915 9.9991E-05 0.108846 0.0545679 0.00466435 0.565896
9.9982E-05 0.13445 9.9982E-05 0.016007 0.0524025 0.115778 0.681163
0.194666 0.38263 0.0120258 0.138723 0.0903457 9.9991E-05 0.181509
0.0142483 0.34555 9.9982E-05 9.9982E-05 0.121151 0.324759 0.194091
0.16333 0.191309 9.9982E-05 0.0258392 9.9982E-05 0.0766808 0.542641
0.14358 0.275791 9.9991E-05 0.0320555 0.299543 0.172053 0.0768783
0.195905 0.360504 0.000431325 9.9991E-05 0.133069 0.0205688 0.289423
0.2717 0.293216 9.9973E-05 9.9973E-05 0.0456327 9.9973E-05 0.389152
0.257787 0.381908 0.0175834 9.9982E-05 0.0393882 9.9982E-05 0.303134
0.162222 0.431407 9.9991E-05 0.0393128 0.0452783 0.0233127 0.298367
0.0264492 0.168545 9.9991E-05 0.017986 0.050131 0.092192 0.644597
0.082691 0.0859991 0.0567172 0.0692059 0.0886699 0.14092 0.475797
0.0208503 0.191805 0.0643702 9.9991E-05 0.0711672 0.0392628 0.612445
0.047126 0.320821 9.9991E-05 0.0100126 0.13859 0.279168 0.204183
0.16624 0.104089 0.069167 9.9991E-05 0.0352531 0.107794 0.517357
0.0837181 0.0491062 0.0405565 0.0532448 0.0523979 0.220112 0.500865
0.158804 0.172947 0.090695 9.9982E-05 0.18177 0.395584 9.9982E-05
0.0663289 0.0487605 0.0834188 0.0191506 0.088003 0.0712093 0.623129
0.254908 0.124278 0.0457337 9.9982E-05 9.9982E-05 0.236002 0.338878
9.9991E-05 0.0617224 0.0700961 0.0268507 0.0614249 0.254234 0.525572
0.0748062 0.115177 0.0709516 9.9991E-05 0.130053 0.339214 0.269697
0.0721804 0.169526 0.00581486 9.9991E-05 0.217066 0.336266 0.199047
0.0630803 0.0770085 0.065798 9.9991E-05 0.174466 0.168227 0.45132
0.170339 9.9991E-05 0.120964 0.0548686 0.113177 0.0875499 0.453002
0.0857248 0.146925 0.140987 0.0494561 0.116257 0.0684567 0.392193
0.273979 0.146334 9.9982E-05 0.119237 0.119203 0.341046 9.9982E-05
0.0896731 0.0840507 0.0271245 0.0502442 0.149101 0.100096 0.49971
0.27092 0.0897645 9.9982E-05 9.9982E-05 0.122396 0.201 0.31572
0.102982 0.0889732 9.9982E-05 9.9982E-05 0.126466 0.150934 0.530445
9.9991E-05 0.0454881 0.0555462 0.0766034 0.0593248 0.195033 0.567904
9.9973E-05 9.9973E-05 0.26575 0.211634 9.9973E-05 0.332862 0.189454
9.9964E-05 9.9964E-05 0.480188 0.0906853 9.9964E-05 0.428727 9.9964E-05
9.9964E-05 9.9964E-05 0.349711 0.129197 9.9964E-05 0.520692 9.9964E-05
9.9982E-05 0.0363081 0.316202 0.347749 9.9982E-05 0.261883 0.0376583
0.0901332 9.9973E-05 9.9973E-05 9.9973E-05 0.0357253 0.239763 0.634078
0.160406 0.117978 9.9991E-05 0.151491 0.077945 0.0613838 0.430696
9.9964E-05 0.0599395 9.9964E-05 0.721938 9.9964E-05 9.9964E-05 0.217723
0.161561 0.0765951 0.014454 0.50419 9.9982E-05 9.9982E-05 0.243
0.117513 0.0830554 0.0643906 0.327902 9.9991E-05 0.0496426 0.357397
0.10085 9.9973E-05 9.9973E-05 9.9973E-05 0.228341 0.357751 0.312759
0.192023 0.0596511 9.9982E-05 0.0646538 9.9982E-05 0.223795 0.459677
0.0894926 0.0326681 9.9982E-05 9.9982E-05 0.215242 0.433064 0.229333
0.102597 0.0513445 9.9982E-05 0.00397681 9.9982E-05 0.269616 0.572266
0.24788 0.00453902 9.9982E-05 9.9982E-05 0.0883957 0.268328 0.390658
0.157063 9.9982E-05 9.9982E-05 0.00115531 0.0472744 0.252419 0.541888
0.29993 0.0235233 9.9982E-05 9.9982E-05 0.0258275 0.48054 0.169979
0.143144 0.0898997 0.023557 0.0974049 9.9991E-05 0.0667949 0.579099
0.0395071 9.9991E-05 0.0405203 0.0261535 0.0993144 0.195785 0.598619
9.9964E-05 9.9964E-05 9.9964E-05 0.960095 0.0140419 9.9964E-05 0.0254637
9.9964E-05 9.9964E-05 9.9964E-05 0.918771 0.0173522 9.9964E-05 0.0634774
0.0637408 0.0427886 9.9991E-05 0.670299 0.0050787 0.0520289 0.165965
9.9955E-05 9.9955E-05 9.9955E-05 0.684389 9.9955E-05 9.9955E-05 0.315111
0.0186953 9.9973E-05 9.9973E-05 0.798968 9.9973E-05 0.0264848 0.155552
9.995E-05 9.995E-05 9.995E-05 0.9994 9.995E-05 9.995E-05 9.995E-05
9.9955E-05 0.0357599 9.9955E-05 0.96374 9.9955E-05 9.9955E-05 9.9955E-05
9.9955E-05 9.9955E-05 9.9955E-05 0.906251 9.9955E-05 9.9955E-05 0.0932489
9.9955E-05 0.036755 9.9955E-05 0.962745 9.9955E-05 9.9955E-05 9.9955E-05
9.995E-05 9.995E-05 9.995E-05 0.9994 9.995E-05 9.995E-05 9.995E-05
9.995E-05 9.995E-05 9.995E-05 0.9994 9.995E-05 9.995E-05 9.995E-05
9.9982E-05 0.0664272 0.0381529 0.785609 0.0188542 9.9982E-05 0.0907568
9.9982E-05 0.0242543 0.0032664 0.821334 9.9982E-05 0.0433219 0.107623
0.0338771 9.9955E-05 9.9955E-05 0.965623 9.9955E-05 9.9955E-05 9.9955E-05
0.0504668 0.0630787 0.0477109 0.378378 9.9991E-05 0.0889422 0.371323
9.9982E-05 0.0346417 0.0249999 0.651696 9.9982E-05 0.0138451 0.274617
9.9982E-05 0.0245772 0.0168525 0.736652 9.9982E-05 0.000831094 0.220887
9.9973E-05 0.0290712 0.00936655 0.860659 9.9973E-05 9.9973E-05 0.100604
0.00279513 9.9964E-05 0.00215971 0.994645 9.9964E-05 9.9964E-05 9.9964E-05
0.00374066 9.9982E-05 0.0576644 0.83992 0.00648276 9.9982E-05 0.0919923
0.011379 9.9955E-05 9.9955E-05 0.988121 9.9955E-05 9.9955E-05 9.9955E-05
0.0226124 0.00699246 0.0734746 0.607187 0.083534 9.9991E-05 0.206099
0.000217888 0.0466628 0.0180922 0.870723 0.00964227 9.9991E-05 0.0545618
0.00777411 0.00942046 0.268809 0.00148079 0.0907909 0.621625 9.9991E-05
9.9973E-05 0.0899957 0.123032 9.9973E-05 9.9973E-05 0.316751 0.469921
0.0361486 0.0170066 0.168382 0.0680356 0.0498917 0.213877 0.446659
0.0661923 0.0201741 0.168221 0.06809 0.0396229 0.384639 0.253061
0.0338372 0.126545 0.0889595 0.115485 0.00824671 0.249599 0.377327
0.0318086 9.9991E-05 0.165087 0.111933 0.0801684 0.415553 0.195351
0.0172319 0.0658849 0.143632 0.0315317 0.0486862 0.163467 0.529566
0.0219511 9.9982E-05 0.0621729 0.173012 9.9982E-05 0.406471 0.336193
0.00692505 0.000654359 0.129902 0.127688 9.9991E-05 0.327347 0.407384
9.9982E-05 9.9982E-05 0.0876443 0.17266 0.0601862 0.336406 0.342904
9.9982E-05 9.9982E-05 0.145426 0.0914636 0.0327719 0.210023 0.520115
9.9982E-05 0.0855722 0.838104 9.9982E-05 0.0117677 0.018999 0.0453572
9.9964E-05 9.9964E-05 0.904291 0.0663628 0.0289464 9.9964E-05 9.9964E-05
0.0208397 0.0291014 0.945752 9.9973E-05 9.9973E-05 0.00400648 9.9973E-05
9.9964E-05 0.0382668 0.945838 9.9964E-05 9.9964E-05 9.9964E-05 0.0154949
9.9973E-05 0.0639239 0.882811 0.0496208 9.9973E-05 0.00334432 9.9973E-05
9.9955E-05 9.9955E-05 0.917998 0.0815022 9.9955E-05 9.9955E-05 9.9955E-05
9.9973E-05 9.9973E-05 0.893786 0.0668623 9.9973E-05 0.00867449 0.0303774
0.00776247 9.9982E-05 0.868377 9.9982E-05 0.0321394 0.0759688 0.0155526
0.0413966 9.9973E-05 0.902672 9.9973E-05 0.0225029 9.9973E-05 0.0331283
9.9964E-05 9.9964E-05 0.835545 0.0783597 9.9964E-05 0.0856957 9.9964E-05
0.153448 0.248477 0.597675 9.9964E-05 9.9964E-05 9.9964E-05 9.9964E-05
0.152156 0.237409 0.610035 9.9964E-05 9.9964E-05 9.9964E-05 9.9964E-05
0.101456 0.298685 0.505652 9.9973E-05 9.9973E-05 0.0939068 9.9973E-05
0.150088 0.266498 0.537838 9.9973E-05 0.0452765 9.9973E-05 9.9973E-05
0.303985 0.0962713 0.0487409 9.9982E-05 0.0652553 9.9982E-05 0.485548
0.345734 0.0452126 9.9982E-05 0.0767051 0.0595923 9.9982E-05 0.472556
0.192432 0.215231 0.0256524 0.0383784 0.0293063 9.9991E-05 0.4989
0.22184 0.271593 9.9982E-05 9.9982E-05 0.0383544 0.0370906 0.430921
0.192717 0.614442 9.9982E-05 0.00205217 9.9982E-05 0.0395889 0.151
0.172445 9.9991E-05 0.0504764 0.015803 0.107674 0.00704862 0.646454
0.253567 0.147452 9.9982E-05 0.0199258 9.9982E-05 0.016768 0.562087
0.32567 0.037546 9.9982E-05 9.9982E-05 0.0169893 0.0678171 0.551778
0.565048 0.00944872 9.9982E-05 0.117623 0.0383767 9.9982E-05 0.269303
0.0826205 0.168969 0.023134 0.0506057 0.0740127 9.9991E-05 0.600558
0.372064 0.130852 9.9982E-05 9.9982E-05 0.0513207 0.0149206 0.430643
0.64245 0.121955 9.9973E-05 9.9973E-05 0.215061 0.0202347 9.9973E-05
0.131488 0.163934 0.0441591 9.9982E-05 9.9982E-05 0.0593668 0.600852
0.472151 9.9973E-05 9.9973E-05 9.9973E-05 0.101408 0.175914 0.250227
0.309906 0.0144945 0.00871413 9.9982E-05 0.159399 9.9982E-05 0.507287
0.708672 0.177412 0.0388193 9.9982E-05 0.00726091 9.9982E-05 0.0676355
9.9982E-05 0.739723 0.118526 0.00549819 9.9982E-05 0.133466 0.00258675
9.9982E-05 0.750213 0.0890935 9.9982E-05 0.032406 0.116866 0.0112213
9.9973E-05 0.820677 0.0861962 9.9973E-05 0.0359827 0.0568438 9.9973E-05
0.0181698 0.775011 0.129052 9.9982E-05 0.0268654 0.0507012 9.9982E-05
0.0104707 0.779176 9.9982E-05 0.00256841 9.9982E-05 0.127399 0.0801858
9.9991E-05 0.792437 0.0365884 0.0731717 0.0242053 0.0421722 0.0313257
0.00745528 9.9973E-05 0.85443 0.0141403 9.9973E-05 9.9973E-05 0.123675
9.9973E-05 0.100235 0.804466 0.0319795 9.9973E-05 9.9973E-05 0.06302
9.9973E-05 9.9973E-05 0.738829 0.104452 9.9973E-05 0.0439338 0.112486
9.9973E-05 0.108768 0.748849 0.106636 9.9973E-05 9.9973E-05 0.0354466
9.9982E-05 0.0454547 0.76667 0.0211385 9.9982E-05 0.0699087 0.0966281
0.00908658 0.557583 0.379653 9.9973E-05 9.9973E-05 0.053378 9.9973E-05
0.0474352 0.377127 0.460346 9.9982E-05 0.0683971 0.0464949 9.9982E-05
0.0549583 0.419273 0.441699 9.9973E-05 0.0837702 9.9973E-05 9.9973E-05
9.9973E-05 0.0362498 0.792565 0.00269904 9.9973E-05 9.9973E-05 0.168186
0.0820248 0.50939 0.406884 9.9973E-05 9.9973E-05 0.00140151 9.9973E-05
9.9982E-05 0.0105144 0.163231 0.38866 9.9982E-05 0.178989 0.258405
0.0663058 9.9991E-05 0.125483 0.0975999 0.0726124 0.00336129 0.634538
9.9973E-05 9.9973E-05 0.182025 0.257299 9.9973E-05 0.0012155 0.559161
0.0643485 9.9982E-05 0.236066 0.191304 9.9982E-05 0.0864715 0.42161
9.9991E-05 0.212242 0.0824839 0.136985 0.0453839 0.0448808 0.477924
9.9964E-05 9.9964E-05 0.35167 0.295828 9.9964E-05 0.352102 9.9964E-05
0.00147346 0.423646 9.9982E-05 9.9982E-05 0.113185 0.0370268 0.424469
0.109717 0.13195 0.0107936 0.0401344 0.214576 0.1379 0.354929
0.136109 0.467556 0.0781721 9.9982E-05 9.9982E-05 0.0143409 0.303622
0.145707 0.083391 0.0419849 9.9991E-05 0.210572 0.0441912 0.474054
0.272676 0.158807 9.9973E-05 9.9973E-05 0.333508 0.234709 9.9973E-05
0.0604808 0.156953 0.0812622 0.0143913 0.0938449 0.0317878 0.56128
0.0531988 0.21081 0.0154761 9.9991E-05 0.209053 0.0430019 0.468361
0.202341 0.380828 0.0360561 9.9982E-05 0.0488268 9.9982E-05 0.331748
0.118287 0.149483 0.0785526 0.0360131 0.135984 9.9991E-05 0.48158
0.204133 0.236039 9.9982E-05 9.9982E-05 0.126572 0.330284 0.102773
0.0904072 0.163495 9.9991E-05 0.0655759 0.0930263 0.115834 0.471563
0.158299 0.282639 9.9991E-05 0.00807306 0.0141679 0.0691218 0.467599
0.0519928 0.117259 0.0933437 0.163919 0.0251612 0.103205 0.44512
0.116796 0.252659 9.9991E-05 0.0310381 0.180827 0.101594 0.316985
0.0592026 0.244777 0.0179866 0.00841222 0.129702 0.0593092 0.48061
0.261363 0.0549079 9.9991E-05 0.131012 0.120552 0.110376 0.32169
0.135625 0.215642 0.00487269 9.9991E-05 0.0253747 0.0437437 0.574642
0.0807981 0.0653393 0.0163277 0.0957406 0.0644819 0.0696251 0.607687
0.121652 0.103896 0.124178 0.00639168 0.0834635 9.9991E-05 0.560319
0.11227 0.171856 9.9982E-05 0.0575085 9.9982E-05 0.0797439 0.578422
9.9973E-05 9.9973E-05 0.772184 0.0872203 0.0190493 9.9973E-05 0.121246
9.9964E-05 9.9964E-05 0.845847 9.9964E-05 0.0839098 9.9964E-05 0.0698432
0.101072 0.00523742 0.765753 0.000550008 0.0107745 0.0848197 0.0317934
0.0260462 0.00493364 0.825894 0.054625 0.0883016 9.9982E-05 9.9982E-05
9.9955E-05 9.9955E-05 0.853872 9.9955E-05 9.9955E-05 9.9955E-05 0.145629
0.0885005 0.550619 0.00400749 0.0333399 9.9991E-05 0.120292 0.203141
0.0282858 0.155615 0.104274 0.0405419 0.112292 0.0539415 0.50505
0.0593455 9.9991E-05 0.247679 0.0584733 0.0128141 0.183842 0.437747
0.0168775 0.0961803 9.9991E-05 0.0380823 0.066103 0.0658031 0.716854
0.1746 0.149495 0.0699142 0.0815059 0.0696867 9.9991E-05 0.454698
9.9982E-05 0.371112 9.9982E-05 0.0417835 0.131631 0.183935 0.271339
0.172039 0.524672 0.132622 9.9982E-05 0.0142129 0.156255 9.9982E-05
0.0925221 0.290759 0.0661388 9.9982E-05 0.016421 9.9982E-05 0.533959
0.0512384 0.440372 0.057314 0.0337361 0.211079 0.0435261 0.162735
0.17193 0.21397 0.0622907 0.103119 0.102703 0.00882175 0.337166
0.0794682 0.527702 0.114804 0.0474076 0.131623 9.9991E-05 0.0988954
9.9964E-05 0.222466 0.15126 9.9964E-05 9.9964E-05 9.9964E-05 0.625875
0.107542 0.489501 0.0701087 9.9991E-05 0.0919673 0.0410613 0.19972
0.0929767 0.322177 0.0160275 0.078334 0.074921 0.0886286 0.326936
0.022237 0.0843723 0.0410193 0.0287379 0.0760099 0.233738 0.513885
0.012263 0.104792 9.9982E-05 9.9982E-05 0.149768 0.435205 0.297772
0.0773879 0.117224 9.9991E-05 0.00948271 0.0140055 0.207657 0.574142
0.0651541 9.9982E-05 0.0948421 9.9982E-05 0.109648 0.200156 0.529999
0.0944743 0.0454443 9.9982E-05 9.9982E-05 0.158025 0.358818 0.343038
9.9991E-05 0.0564971 0.0337143 0.0550098 0.153358 0.129721 0.5716
0.115053 0.00719046 9.9982E-05 9.9982E-05 0.0529384 0.330953 0.493665
0.168396 0.116617 9.9982E-05 9.9982E-05 0.245367 0.412406 0.057014
0.153972 9.9973E-05 9.9973E-05 9.9973E-05 0.0647637 0.521945 0.259019
0.0169537 0.0655127 9.9982E-05 9.9982E-05 0.12447 0.239034 0.55383
0.227886 0.0851688 9.9982E-05 9.9982E-05 0.171365 0.383654 0.131726
0.08447 0.130241 9.9973E-05 9.9973E-05 9.9973E-05 0.342972 0.442017
0.192427 0.611403 0.0388826 9.9973E-05 9.9973E-05 9.9973E-05 0.156987
0.0537912 0.375451 9.9982E-05 9.9982E-05 0.217435 0.0731623 0.27996
0.113695 0.34404 0.0750065 0.0280746 0.0393377 9.9991E-05 0.399747
0.0583737 0.188958 0.09746 0.0388474 0.00142669 0.0379161 0.577019
0.23269 0.478071 9.9982E-05 0.00909955 0.0221536 9.9982E-05 0.257785
9.9991E-05 0.124784 0.118087 0.0886316 0.0623709 0.127814 0.478213
9.9982E-05 0.162791 0.0434321 0.0301051 9.9982E-05 0.139806 0.623666
0.0153081 0.242501 0.0628925 0.0359412 0.0461731 0.100975 0.49621
0.032872 0.297327 9.9982E-05 0.0952853 0.0730727 9.9982E-05 0.501243
0.066194 0.387407 9.9973E-05 0.0894146 9.9973E-05 9.9973E-05 0.456685
0.176739 0.486672 9.9982E-05 0.133079 0.0147427 9.9982E-05 0.188567
0.0474713 0.447209 9.9982E-05 0.0849966 0.0499026 9.9982E-05 0.370221
0.0303666 0.156005 9.9991E-05 0.0207407 0.0889963 0.0594432 0.644348
0.0180975 0.163464 0.0146148 0.0426534 0.0336584 0.0701418 0.657371
0.0266043 0.300644 9.9982E-05 9.9982E-05 0.147219 0.110261 0.415072
9.9982E-05 0.220796 9.9982E-05 0.040655 0.121795 0.0971193 0.519435
9.9991E-05 0.494966 0.0383931 0.0420551 0.0614419 0.014714 0.34833
0.127691 0.213169 0.0112546 9.9982E-05 0.0188062 9.9982E-05 0.62888
0.0497974 0.243007 9.9991E-05 0.094063 0.0234552 0.0890287 0.500548
0.0287422 0.191934 0.00956222 0.134674 0.0471639 0.0414027 0.546522
0.0260422 9.9991E-05 0.351511 0.0969543 0.012447 0.0774734 0.435472
0.0934295 9.9991E-05 0.0845128 0.22967 0.0234745 0.117409 0.451404
0.18913 0.045184 0.0622593 0.160981 9.9991E-05 0.031311 0.511035
0.0493616 0.125072 0.0861158 0.0896455 0.0381914 9.9991E-05 0.611513
0.174306 9.9982E-05 0.166768 0.262262 0.0528887 9.9982E-05 0.343576
0.0361817 0.260496 9.9991E-05 0.0453998 0.192054 0.0454297 0.420339
9.9982E-05 0.0603693 0.171614 0.104237 9.9982E-05 0.0416141 0.621966
0.199771 9.9982E-05 0.185073 0.119565 9.9982E-05 0.455995 0.0393957
0.0270998 0.0292088 0.0787147 0.115228 0.0725876 0.135239 0.541923
0.0434499 0.0324297 0.197761 0.126409 0.0290994 0.098356 0.472495
0.0610338 0.0015943 0.0947716 0.215198 0.129447 9.9991E-05 0.497855
0.0956614 0.0299769 0.139136 0.125222 0.163777 0.170187 0.276039
0.119988 9.9982E-05 0.14968 0.13731 9.9982E-05 0.107007 0.485815
9.9982E-05 9.9982E-05 0.138867 0.168777 0.0626633 0.100451 0.529042
9.9973E-05 9.9973E-05 0.407034 0.165556 0.0537481 0.373362 9.9973E-05
0.0207124 9.9991E-05 0.202345 0.135034 0.0125864 0.0838491 0.545373
9.9991E-05 0.00283873 0.155742 0.171977 0.0399187 0.118841 0.510583
0.0968006 0.0555846 0.105807 0.13661 0.0413153 0.0358368 0.528046
9.9982E-05 0.0119181 0.157578 0.0948439 9.9982E-05 0.106425 0.629035
9.9991E-05 0.089657 0.141063 0.155437 0.0464088 0.0983084 0.469026
0.0575613 0.0826985 0.00427293 0.0196375 0.367374 9.9991E-05 0.468356
0.130772 0.00672388 0.120562 0.104129 0.242799 9.9991E-05 0.394913
0.0872862 0.101511 9.9964E-05 9.9964E-05 0.810803 9.9964E-05 9.9964E-05
9.9955E-05 0.0665806 9.9955E-05 9.9955E-05 0.93292 9.9955E-05 9.9955E-05
0.0414592 0.017193 0.0388916 0.0926679 0.32707 0.0133116 0.469407
9.9982E-05 9.9982E-05 0.122324 0.262565 0.111362 0.103147 0.400403
9.9982E-05 9.9982E-05 0.0707607 0.338056 0.254225 0.0461412 0.290618
9.9982E-05 9.9982E-05 0.23536 0.291715 0.168361 0.141356 0.163008
9.9982E-05 9.9982E-05 0.154978 0.28469 0.176909 0.0801758 0.303047
9.9982E-05 9.9982E-05 0.0582497 0.0792374 0.705594 0.0968188 0.0599004
9.9982E-05 9.9982E-05 0.119814 0.119923 0.687564 0.0190569 0.0534425
0.036125 9.9982E-05 0.00212517 0.133462 0.381863 9.9982E-05 0.446225
9.9973E-05 9.9973E-05 0.0220791 0.127501 0.475421 9.9973E-05 0.374699
9.9973E-05 9.9973E-05 0.0807642 0.0994281 0.709505 9.9973E-05 0.110003
0.0124823 0.0206632 0.116276 0.148058 0.266076 9.9991E-05 0.436345
9.9982E-05 0.0289285 0.00937953 0.167465 0.346938 9.9982E-05 0.447089
0.034904 0.0843714 0.10218 0.0696176 0.218745 0.0249141 0.465268
0.0584786 0.0441859 0.0372166 9.9982E-05 0.587671 9.9982E-05 0.272248
0.0445081 0.0648546 0.0161254 0.0654649 0.518835 0.00033178 0.289881
0.114107 0.0768118 0.0214579 0.0765963 0.176384 0.0905016 0.444141
0.0634893 0.0897069 0.0920834 0.0328473 0.371754 0.0297693 0.32035
0.151371 0.0543118 0.0984178 0.077806 0.0431655 0.124603 0.450326
9.9973E-05 0.0239832 9.9973E-05 9.9973E-05 0.524596 0.06891 0.38221
9.9973E-05 0.0506357 9.9973E-05 9.9973E-05 0.780459 0.00154134 0.167064
0.0424454 9.9982E-05 0.0305118 0.0692111 0.354456 9.9982E-05 0.503176
0.119283 9.9973E-05 9.9973E-05 0.0113606 0.726633 9.9973E-05 0.142423
0.0300535 9.9982E-05 0.00765452 0.0234925 0.568381 9.9982E-05 0.370218
0.170701 9.9982E-05 0.0936713 0.0463453 0.203105 9.9982E-05 0.485977
0.0552157 0.0131984 9.9982E-05 0.0388371 0.40697 9.9982E-05 0.485579
0.052786 0.0181281 0.149413 0.193452 0.137097 0.0920786 0.357045
9.9991E-05 0.105756 0.0508195 0.127299 0.132244 0.145829 0.437953
0.0275167 0.0749659 0.108745 0.250923 0.0502212 0.16615 0.321479
9.9991E-05 0.127885 0.154345 0.198703 0.0489209 0.0784447 0.391602
0.183664 0.0108347 0.160505 0.145138 0.0102368 0.00290394 0.486717
9.9991E-05 0.0401878 0.0720623 0.225108 0.12964 0.180991 0.351912
9.9973E-05 9.9973E-05 0.176 0.103874 0.574358 0.145469 9.9973E-05
9.9991E-05 0.0415244 0.0950063 0.27501 0.0865463 0.0268212 0.474992
9.9973E-05 9.9973E-05 0.328064 0.103277 0.331115 0.237244 9.9973E-05
9.9982E-05 9.9982E-05 0.00880276 0.189811 0.274983 0.0184488 0.507754
0.14789 9.9964E-05 9.9964E-05 9.9964E-05 0.802612 9.9964E-05 0.0490977
0.0579867 9.9964E-05 0.00638766 9.9964E-05 0.935226 9.9964E-05 9.9964E-05
0.0464188 9.9964E-05 9.9964E-05 9.9964E-05 0.559574 9.9964E-05 0.393607
9.9955E-05 9.9955E-05 9.9955E-05 9.9955E-05 0.334287 9.9955E-05 0.665213
9.9964E-05 0.026159 9.9964E-05 9.9964E-05 0.640375 9.9964E-05 0.333066
0.108851 9.9973E-05 9.9973E-05 0.0205586 0.470296 9.9973E-05 0.399994
0.0311203 9.9964E-05 9.9964E-05 9.9964E-05 0.52396 9.9964E-05 0.44452
9.9982E-05 0.0327308 0.818294 0.0126129 0.0686747 9.9982E-05 0.0674873
9.9973E-05 0.148838 0.704807 0.0918868 0.054169 9.9973E-05 9.9973E-05
9.9964E-05 0.0374833 0.896088 0.0660286 9.9964E-05 9.9964E-05 9.9964E-05
9.9973E-05 9.9973E-05 0.923747 9.9973E-05 0.0336592 0.00775053 0.0345429
0.400456 9.99929E-05 0.025145 0.00183662 0.0384297 0.102689 0.431344
0.34958 9.9982E-05 0.0821858 0.0632417 0.00545224 9.9982E-05 0.49934
0.371812 0.0165599 0.00972107 9.9982E-05 0.0347673 9.9982E-05 0.56694
0.204727 9.9973E-05 0.0482913 9.9973E-05 9.9973E-05 0.150696 0.595986
0.183734 0.0850483 0.0561583 0.119343 0.0277904 0.0937561 0.43417
0.53112 0.112052 0.0345518 9.9991E-05 0.0433867 0.0352523 0.243538
0.354273 9.9973E-05 9.9973E-05 0.0174224 0.0114372 9.9973E-05 0.616567
0.413087 9.9991E-05 0.00194007 0.00305517 0.1712 0.102861 0.307756
9.9991E-05 0.0743546 0.271097 0.075527 0.0119687 0.0659315 0.501021
0.307734 0.0925637 9.9991E-05 0.039268 0.0888231 0.0446034 0.426907
0.479832 0.142736 0.00998525 9.9982E-05 0.00993679 9.9982E-05 0.35731
0.394852 0.0433855 9.9973E-05 9.9973E-05 0.0352849 9.9973E-05 0.526178
0.429037 0.00740269 0.0232725 9.9982E-05 0.119106 9.9982E-05 0.420982
0.343813 9.9964E-05 9.9964E-05 9.9964E-05 0.0593734 9.9964E-05 0.596414
0.314569 9.9982E-05 0.0779847 0.032919 0.0299617 9.9982E-05 0.544365
0.919764 9.9973E-05 9.9973E-05 0.00166441 0.066668 9.9973E-05 0.0116034
0.594767 0.020819 9.9991E-05 0.0108763 0.0660573 0.0181418 0.289238
0.600742 9.9973E-05 0.0201137 9.9973E-05 0.113693 9.9973E-05 0.265152
0.822371 9.9964E-05 9.9964E-05 9.9964E-05 0.0859034 0.0913254 9.9964E-05
0.450266 0.063417 0.06978 9.9982E-05 0.0628613 9.9982E-05 0.353476
0.682873 9.9973E-05 9.9973E-05 9.9973E-05 0.022667 0.219471 0.0746885
0.722931 9.9964E-05 9.9964E-05 9.9964E-05 0.184615 0.0920539 9.9964E-05
0.327368 9.9982E-05 0.0255347 0.0510095 0.0349989 9.9982E-05 0.560889
0.670229 0.0619067 0.0638868 9.9982E-05 0.049681 9.9982E-05 0.154096
0.353501 0.0857874 0.00469494 0.0643434 9.9991E-05 0.0579333 0.43364
0.232831 0.0382398 0.0954521 0.0356201 9.9991E-05 0.0367995 0.560958
0.47065 0.0312308 9.9964E-05 9.9964E-05 9.9964E-05 9.9964E-05 0.497719
0.0150341 0.311859 9.9991E-05 0.0170082 0.177073 0.117266 0.36166
0.348335 0.00567798 9.9982E-05 0.000154167 0.0674146 9.9982E-05 0.578218
0.406459 0.0968891 0.0426865 0.0498898 9.9982E-05 9.9982E-05 0.403876
0.645119 0.0216222 9.9973E-05 9.9973E-05 9.9973E-05 0.0268131 0.306146
0.0854002 0.035892 0.0942244 0.00515901 0.0923275 0.0811649 0.605832
0.0160015 0.256716 0.637431 9.9982E-05 9.9982E-05 0.067803 0.0218486
0.0980603 0.0875586 0.72091 9.9991E-05 0.0109411 0.0180011 0.0644287
9.9973E-05 0.108722 0.788902 9.9973E-05 0.00431509 0.0977618 9.9973E-05
0.0100825 0.100051 0.814742 9.9982E-05 0.0246005 0.0503241 9.9982E-05
9.9973E-05 0.179952 0.704876 9.9973E-05 9.9973E-05 0.0664984 0.0483736
0.75274 0.0955992 0.0378237 0.0273701 9.9982E-05 9.9982E-05 0.0862675
0.63218 0.114275 0.108281 9.9982E-05 0.0109099 9.9982E-05 0.134154
0.852219 9.9973E-05 9.9973E-05 0.0316598 0.0600837 9.9973E-05 0.0557377
0.0902192 0.125282 0.124225 0.0209181 0.0697677 0.0349744 0.534614
0.286056 0.0575059 0.112335 0.0532443 0.0227298 9.9991E-05 0.468029
0.622511 9.9991E-05 0.00744249 0.0349652 0.0611574 0.0307115 0.243112
0.335698 0.0514755 9.9973E-05 0.120651 9.9973E-05 9.9973E-05 0.491876
0.524515 9.9982E-05 0.0293902 0.0135868 9.9982E-05 0.00742254 0.424886
0.318 0.0198288 9.9982E-05 0.0156598 0.0866922 9.9982E-05 0.55962
0.195554 0.0263545 0.0607516 0.0840339 0.065095 9.9991E-05 0.568111
0.565558 0.0949452 9.9991E-05 0.0245942 0.0608268 0.0295337 0.224442
0.590781 0.0799659 9.9964E-05 9.9964E-05 9.9964E-05 9.9964E-05 0.328854
0.528582 0.113671 0.00767844 9.9973E-05 9.9973E-05 9.9973E-05 0.349769
9.9973E-05 0.0911625 0.0758518 9.9973E-05 9.9973E-05 0.224269 0.608416
0.628377 0.0104521 0.0284158 9.9982E-05 0.00721427 9.9982E-05 0.325341
0.466826 0.0199796 0.0301558 0.056343 9.9982E-05 9.9982E-05 0.426496
9.9991E-05 0.0367258 0.012359 0.502716 0.0297189 0.0859863 0.332394
9.9982E-05 9.9982E-05 0.125592 0.483585 0.0019121 0.115952 0.272758
9.9982E-05 9.9982E-05 0.0486608 0.468017 0.0118401 0.0909834 0.380298
9.9982E-05 9.9982E-05 0.0932562 0.426438 0.000539674 0.146078 0.333488
0.0189685 0.0223372 0.138951 0.254841 0.0495162 0.0433723 0.472013
0.248434 9.9973E-05 9.9973E-05 9.9973E-05 0.0213644 0.171162 0.55874
9.9973E-05 9.9973E-05 0.222746 0.681562 9.9973E-05 0.091904 0.00348879
9.9991E-05 0.00697201 0.156957 0.444908 0.0735048 0.0446885 0.27287
0.0419922 9.9982E-05 0.118164 0.0737407 9.9982E-05 0.297399 0.468504
9.9973E-05 0.018114 0.0932388 9.9973E-05 9.9973E-05 0.292829 0.595518
0.0202292 0.115492 0.109103 9.9991E-05 0.0460913 0.251001 0.457984
0.00479893 0.0781634 0.0585455 9.9982E-05 9.9982E-05 0.218755 0.639538
0.111516 0.0131305 0.130844 0.0272037 0.0161393 0.0963633 0.604803
9.9982E-05 9.9982E-05 0.15723 0.413 0.0083265 0.0288168 0.392427
0.0944044 0.0120637 0.090563 0.387987 0.000100225 0.0809829 0.333899
9.9973E-05 9.9973E-05 0.0514769 0.537583 9.9973E-05 0.0655373 0.345102
0.215914 0.030879 0.0574383 0.305004 9.9991E-05 0.0711883 0.319476
0.00338005 9.9991E-05 0.0793345 0.487471 0.0290954 0.0929513 0.307667
0.0226511 0.0551044 0.0734942 0.39901 0.0425138 0.0623026 0.344924
9.9982E-05 9.9982E-05 0.13296 0.560355 0.075071 0.0329311 0.198483
0.0193996 0.0758738 0.105349 0.383556 0.0203227 0.0534312 0.342067
0.0185042 9.9964E-05 9.9964E-05 9.9964E-05 9.9964E-05 0.357135 0.623961
9.9982E-05 0.0394852 0.155961 0.279778 9.9982E-05 0.141223 0.383354
9.9973E-05 9.9973E-05 0.15072 0.619573 9.9973E-05 0.100827 0.12858
0.160351 0.0572494 0.0861691 0.417599 9.9991E-05 0.0167413 0.261791
0.157507 0.229377 0.0891078 9.9982E-05 9.9982E-05 0.317928 0.205881
9.9973E-05 0.0574473 9.9973E-05 0.034279 9.9973E-05 0.259254 0.64872
9.9991E-05 0.0350331 0.14884 0.232355 0.0134535 0.164287 0.405932
9.9991E-05 0.118822 0.0739195 0.0285154 0.0432079 0.149512 0.585922
0.00760816 0.115929 0.120363 9.9982E-05 9.9982E-05 0.265476 0.490423
0.0819699 0.0410157 0.13708 0.262041 0.104225 0.123028 0.250641
9.9982E-05 9.9982E-05 0.165622 0.2945 0.0556481 0.117823 0.366207
0.0334971 9.9991E-05 0.0826152 0.0838442 0.00677704 0.119104 0.674063
9.9982E-05 9.9982E-05 0.167251 0.380966 0.0312618 0.00511452 0.415207
9.9982E-05 0.0181203 0.0870525 0.537293 9.9982E-05 0.0362669 0.321067
0.0370387 9.9982E-05 0.164479 0.640205 9.9982E-05 0.0498074 0.10827
9.9991E-05 0.0362654 0.0520056 0.00836194 0.079417 0.123681 0.700169
0.132624 0.0948266 0.117442 9.9982E-05 9.9982E-05 0.155967 0.498941
0.0636269 9.9991E-05 0.0487872 0.00637793 0.0890534 0.607336 0.184719
0.032332 0.0818327 0.0622972 9.9982E-05 9.9982E-05 0.19934 0.623998
0.154134 0.288427 0.077999 0.107901 0.105123 0.0799903 0.186426
0.0490004 0.0310876 0.167146 0.146195 9.9991E-05 0.156268 0.450203
0.0779189 0.0340879 0.0767911 0.0883377 0.132125 0.0962337 0.494505
9.9964E-05 9.9964E-05 0.18175 0.157007 9.9964E-05 0.660843 9.9964E-05
9.9964E-05 9.9964E-05 0.120246 0.0572103 9.9964E-05 0.822144 9.9964E-05
9.9991E-05 0.0457984 0.0280604 0.109593 0.0768189 0.437953 0.301677
0.0101615 9.9982E-05 0.256832 0.131282 9.9982E-05 0.516026 0.0854982
9.9964E-05 9.9964E-05 0.326702 0.179097 9.9964E-05 0.493801 9.9964E-05
0.00132811 9.9991E-05 0.169102 0.0516977 0.193094 0.237929 0.34675
0.0452932 9.9991E-05 0.175799 0.148168 0.0600016 0.247541 0.323097
9.9982E-05 0.00375068 0.166722 0.156434 9.9982E-05 0.467548 0.205345
9.9973E-05 9.9973E-05 0.205771 0.117656 9.9973E-05 0.580848 0.0954243
0.0822768 0.0248189 0.009954 0.14937 0.00596538 0.293493 0.434122
0.1463 9.9982E-05 0.141448 0.0857086 9.9982E-05 0.487229 0.139114
9.9955E-05 9.9955E-05 0.297875 9.9955E-05 9.9955E-05 0.701625 9.9955E-05
0.0319785 0.0493445 0.0868742 0.131196 0.0231292 0.163508 0.51397
0.0190032 0.083797 0.118145 0.198017 9.9991E-05 0.245404 0.335534
0.029822 0.00244965 0.259426 0.131244 9.9991E-05 0.105969 0.470989
9.9973E-05 9.9973E-05 0.175907 0.191476 9.9973E-05 0.0418968 0.59042
0.0358571 0.0103179 0.206876 0.240753 9.9982E-05 9.9982E-05 0.505996
9.9991E-05 0.00190276 0.0960401 0.234639 0.03322 0.111178 0.52292
9.9973E-05 9.9973E-05 0.292237 0.250715 9.9973E-05 0.126564 0.330185
9.9991E-05 0.00646237 0.18138 0.0624708 0.0138452 0.108255 0.627487
0.0665038 9.9982E-05 0.203878 0.219625 9.9982E-05 0.0367995 0.472994
9.9982E-05 9.9982E-05 0.241865 0.156651 0.067736 0.179985 0.353562
0.332176 0.0563014 0.175807 0.125067 0.0166386 0.0597939 0.234216
0.0234089 0.0903048 0.194968 0.117827 9.9991E-05 0.0788191 0.494573
0.139931 0.00388219 0.144167 0.182209 0.00294141 0.0727731 0.454096
0.134553 9.9991E-05 0.109053 0.112411 0.0274778 0.0393431 0.577062
9.9982E-05 9.9982E-05 0.296297 0.197675 0.0110167 0.0722443 0.422567
0.0307424 0.0703355 0.179109 0.113184 0.0209328 0.0960298 0.489667
0.0157239 9.9982E-05 0.289513 0.155405 9.9982E-05 0.295459 0.243699
9.9973E-05 9.9973E-05 0.178306 0.214074 0.104437 9.9973E-05 0.502883
9.9973E-05 9.9973E-05 0.163139 0.291289 9.9973E-05 0.370835 0.174438
0.0586627 0.104801 0.773172 9.9982E-05 9.9982E-05 0.0606825 0.00248155
9.9982E-05 0.830365 0.0471955 0.036707 9.9982E-05 0.00356195 0.0819707
9.995E-05 0.9994 9.995E-05 9.995E-05 9.995E-05 9.995E-05 9.995E-05
9.9955E-05 0.951071 0.0484291 9.9955E-05 9.9955E-05 9.9955E-05 9.9955E-05
9.9955E-05 0.963404 9.9955E-05 9.9955E-05 9.9955E-05 9.9955E-05 0.0360967
9.9964E-05 0.933164 9.9964E-05 0.00733469 9.9964E-05 9.9964E-05 0.0591015
9.9964E-05 0.9286 0.0111211 9.9964E-05 9.9964E-05 9.9964E-05 0.0598789
9.9955E-05 0.944755 0.0547455 9.9955E-05 9.9955E-05 9.9955E-05 9.9955E-05
9.9955E-05 0.797247 0.202253 9.9955E-05 9.9955E-05 9.9955E-05 9.9955E-05
0.0279589 0.0287549 0.886756 0.0116971 9.9991E-05 0.032227 0.0125062
9.9973E-05 0.115649 0.81715 9.9973E-05 0.0129652 9.9973E-05 0.0539357
0.0337165 9.9964E-05 0.89521 0.0706739 9.9964E-05 9.9964E-05 9.9964E-05
9.9973E-05 0.0884618 0.808507 9.9973E-05 9.9973E-05 0.0642825 0.0384487
9.9982E-05 0.00757139 0.905274 0.0604405 9.9982E-05 0.0138756 0.0126384
9.9973E-05 0.0555067 0.884446 0.00185973 0.0578881 9.9973E-05 9.9973E-05
9.9982E-05 0.0334177 0.706889 0.183449 9.9982E-05 0.0565507 0.0194937
9.9982E-05 0.00736941 0.856744 0.0845464 0.0324209 9.9982E-05 0.0187192
9.9982E-05 0.14155 0.741035 0.0315823 0.0220783 9.9982E-05 0.0635545
9.9964E-05 9.9964E-05 0.927313 0.0607654 0.0115217 9.9964E-05 9.9964E-05
9.9964E-05 0.0162538 0.938157 9.9964E-05 0.0451895 9.9964E-05 9.9964E-05
0.0670136 0.0200427 0.832527 0.0512659 0.0289505 9.9982E-05 9.9982E-05
9.9973E-05 0.0115403 0.932725 0.0201011 9.9973E-05 0.0353339 9.9973E-05
9.9964E-05 9.9964E-05 0.920491 9.9964E-05 9.9964E-05 0.0181747 0.0609348
0.0233381 0.00552389 0.86592 0.040409 9.9982E-05 9.9982E-05 0.0646093
9.9964E-05 9.9964E-05 0.831787 0.0112699 9.9964E-05 9.9964E-05 0.156544
9.9973E-05 9.9973E-05 0.748056 0.136387 9.9973E-05 0.0278938 0.0873635
9.9964E-05 9.9964E-05 0.767814 0.0554032 9.9964E-05 9.9964E-05 0.176382
9.9964E-05 9.9964E-05 0.833541 0.0541613 9.9964E-05 9.9964E-05 0.111898
0.0829355 0.0707765 0.0801422 9.9982E-05 9.9982E-05 0.306075 0.459871
0.0115048 0.102738 0.0489589 9.9991E-05 0.0282181 0.199284 0.609197
0.0744798 0.0907335 0.117057 0.0568664 0.0405094 9.9991E-05 0.620254
0.150197 0.00150149 9.9982E-05 9.9982E-05 0.0457527 0.654552 0.147797
0.0933464 0.0494998 0.0889196 9.9991E-05 0.0221288 0.223352 0.522654
0.0838139 9.9973E-05 0.0463105 9.9973E-05 9.9973E-05 0.750898 0.118678
9.9964E-05 9.9964E-05 0.0515264 9.9964E-05 9.9964E-05 0.340482 0.607592
0.0892527 0.155739 0.0199917 9.9982E-05 9.9982E-05 0.284517 0.450299
0.00427112 0.0773118 0.0521326 9.9982E-05 9.9982E-05 0.319806 0.546278
0.337685 9.9982E-05 0.0346465 9.9982E-05 0.0168141 0.12083 0.489824
0.100326 0.0809246 0.0350544 9.9982E-05 9.9982E-05 0.332221 0.451274
0.176793 0.00495056 0.0423999 0.0301192 0.02662 0.170019 0.549098
0.00191736 0.183881 9.9973E-05 9.9973E-05 9.9973E-05 0.204184 0.609718
0.150182 0.503599 9.9991E-05 0.0414039 0.210426 0.0647993 0.0294892
0.0504351 0.120207 9.9973E-05 9.9973E-05 0.168732 0.660326 9.9973E-05
9.9964E-05 0.0775668 9.9964E-05 9.9964E-05 9.9964E-05 0.715054 0.206979
0.142828 9.9982E-05 0.00901949 0.0293577 9.9982E-05 0.244945 0.57365
0.0863301 9.9982E-05 0.0812798 9.9982E-05 0.000407711 0.296221 0.535562
0.0888252 0.00539602 0.0825894 9.9982E-05 9.9982E-05 0.267386 0.555603
0.0314265 9.9991E-05 0.0260432 0.130233 0.107509 0.167532 0.537155
