0.0104356 0.0675234 9.9973E-05 9.9973E-05 9.9973E-05 0.0202366 0.901504
9.9973E-05 9.9973E-05 0.0684902 0.0129467 0.0076725 9.9973E-05 0.910591
0.074511 0.008745 0.0183844 9.9982E-05 9.9982E-05 0.0700904 0.828069
0.0361374 0.0837319 9.9982E-05 0.0137735 9.9982E-05 0.0753098 0.790847
0.010616 9.9973E-05 9.9973E-05 0.0974759 9.9973E-05 0.050265 0.841343
0.0256144 0.0614321 0.0794771 0.027195 0.132029 0.073034 0.601218
9.9973E-05 9.9973E-05 0.0250814 0.0312341 0.0812544 9.9973E-05 0.86213
9.9973E-05 0.114983 9.9973E-05 9.9973E-05 0.121214 0.0520401 0.711463
9.99729E-05 0.0813334 0.0575074 9.99729E-05 0.0503984 9.99729E-05 0.810461
0.107494 0.0389042 9.9991E-05 0.0631495 0.0599356 0.0226385 0.707778
0.0453307 0.0759548 0.0205101 9.9982E-05 0.137319 9.9982E-05 0.720685
0.268279 0.375127 0.198442 9.9982E-05 0.0928867 0.065066 9.9982E-05
0.681321 0.225909 9.9982E-05 0.0204716 0.0702831 0.00181478 9.9982E-05
0.259008 0.384919 0.0872137 0.0645954 0.107972 0.0622409 0.0340515
0.409308 0.284402 0.0691725 0.0305424 0.0469446 0.102156 0.0574744
0.42283 0.138695 0.12545 0.00479625 0.0896298 0.0714054 0.147194
0.621008 0.0687476 0.0801474 9.9991E-05 0.0485779 0.0758707 0.105548
0.43888 0.215494 0.180495 0.00254984 0.0715425 0.0858104 0.0052285
0.380338 0.255454 0.150636 9.9991E-05 0.0553897 0.0256691 0.132414
0.0710182 0.584578 0.0600541 0.0305183 0.215645 0.0380866 9.9991E-05
0.437141 0.187746 0.108005 0.0895692 0.00755865 0.0644194 0.105561
0.46249 0.153324 0.119257 0.0130514 0.244283 0.00749372 9.9991E-05
0.50277 0.166737 0.128423 0.0432239 0.0536455 0.0546337 0.0505678
0.266615 0.3463 0.161836 9.9991E-05 0.0906334 0.1307 0.00381639
0.646954 0.118272 9.9982E-05 9.9982E-05 0.125306 0.0548147 0.0544533
0.564281 0.252425 0.0296196 9.9991E-05 0.0641784 0.0444622 0.0449334
0.253033 0.422192 0.149714 9.9991E-05 0.0886545 0.0513828 0.0349233
0.24475 0.351298 0.112964 9.9991E-05 0.124506 0.152609 0.0137732
0.258852 0.418267 0.0813218 0.10665 0.129366 0.00544445 9.9991E-05
0.114924 9.9964E-05 9.9964E-05 9.9964E-05 9.9964E-05 0.0386839 0.845992
0.121358 9.9964E-05 9.9964E-05 9.9964E-05 9.9964E-05 0.0049314 0.87331
0.157567 9.9973E-05 0.0319718 9.9973E-05 9.9973E-05 0.0179547 0.792207
0.0724919 9.9973E-05 0.0783267 9.9973E-05 9.9973E-05 0.103823 0.745058
0.500427 0.088594 0.335666 9.9991E-05 0.028951 0.0343199 0.0119425
0.530431 9.9982E-05 0.289682 0.0293538 9.9982E-05 0.00696878 0.143365
0.529753 9.9982E-05 0.375637 0.0304257 9.9982E-05 0.00846477 0.0555195
0.195145 0.513822 0.139907 0.0361043 9.9982E-05 9.9982E-05 0.114822
0.307252 0.018468 0.544946 0.0608326 0.0108353 0.00893706 0.0487287
0.424302 0.0833648 0.260161 0.0889625 9.9991E-05 0.0843517 0.0587584
0.707999 9.9991E-05 0.184133 0.00380463 0.0205626 0.00469774 0.0787036
0.579021 0.0421712 0.169829 9.9982E-05 0.0927033 9.9982E-05 0.116076
0.655456 0.120645 0.00407679 0.0320672 0.0514267 0.00479016 0.131538
0.114257 0.110522 0.6936 9.9982E-05 0.0732582 9.9982E-05 0.00816304
0.505499 0.145638 0.0697713 9.9982E-05 0.182855 0.0960371 9.9982E-05
0.434322 9.9991E-05 0.280017 0.0679818 0.00690222 0.136537 0.0741395
0.549465 0.0814795 0.160997 9.9991E-05 0.000269178 0.0959187 0.11177
0.285307 9.9964E-05 0.657208 0.0570857 9.9964E-05 9.9964E-05 9.9964E-05
0.659103 9.9982E-05 0.274483 0.00138935 9.9982E-05 0.0048142 0.0600101
0.449887 0.106926 0.120266 0.165171 9.9991E-05 0.0879396 0.0697101
9.9982E-05 0.0104399 0.687977 0.0364747 0.230126 9.9982E-05 0.0347825
0.18304 0.470455 0.228208 0.108953 0.00914384 9.9982E-05 9.9982E-05
0.0842417 0.238354 0.221513 0.136238 0.319453 9.9982E-05 9.9982E-05
0.423021 0.116869 0.132042 0.151282 0.0425825 0.127112 0.00709252
0.661949 0.106962 0.00383025 0.0279097 0.0589479 0.025405 0.114997
0.494679 0.150965 0.0512791 0.052917 0.131242 0.118818 9.9991E-05
0.132739 0.272958 0.296502 0.0773935 0.121743 9.9991E-05 0.0985643
0.570428 0.250052 0.132898 9.9973E-05 0.0463228 9.9973E-05 9.9973E-05
0.558657 0.133006 0.0403381 9.9991E-05 0.103191 0.122736 0.0419711
0.365396 0.125514 0.146456 0.125712 0.113829 0.0192487 0.103844
0.0706923 0.303805 0.157053 0.11379 0.162074 0.00534014 0.187246
0.564762 0.0895068 0.120029 0.037049 0.087654 9.9991E-05 0.1009
0.418979 0.238026 0.0293449 0.113835 0.113708 0.0428597 0.0432483
0.0541403 0.446104 0.291574 0.0408133 0.117099 9.9991E-05 0.0501701
0.562367 0.245653 0.123973 9.9973E-05 0.0677073 9.9973E-05 9.9973E-05
0.59442 9.9991E-05 0.092464 0.135103 0.0982647 0.0771899 0.00245834
0.519315 0.158753 0.0243062 0.0942527 9.9991E-05 0.126625 0.0766485
0.271275 0.273834 0.170107 0.102678 0.0906723 0.0753432 0.0160913
0.441868 0.22714 0.0586005 0.0681139 0.0999033 0.0751302 0.0292445
0.580045 0.138454 9.9991E-05 0.0601126 0.11704 0.011168 0.09308
0.196288 0.3989 0.120621 0.186768 0.0929956 9.9991E-05 0.00432631
0.469307 0.085365 0.444928 9.9964E-05 9.9964E-05 9.9964E-05 9.9964E-05
0.187685 0.101845 0.69462 9.9973E-05 9.9973E-05 0.0155498 9.9973E-05
0.604392 9.9982E-05 0.222541 0.040876 0.0269398 9.9982E-05 0.105051
9.9955E-05 9.9955E-05 0.875737 9.9955E-05 0.123763 9.9955E-05 9.9955E-05
9.9973E-05 0.0241401 0.815105 0.0580422 0.102413 9.9973E-05 9.9973E-05
0.281662 0.00960279 0.659183 0.00565123 0.0437005 9.9982E-05 9.9982E-05
0.436187 0.0894527 0.47396 9.9964E-05 9.9964E-05 9.9964E-05 9.9964E-05
0.561639 0.0681931 0.19015 0.0312046 0.0239852 9.9991E-05 0.124728
0.355289 0.0646555 0.446001 9.9982E-05 0.0136179 0.120236 9.9982E-05
0.0583394 0.170918 0.679375 9.9982E-05 9.9982E-05 0.0771741 0.0139938
0.257287 0.275595 0.466719 9.9964E-05 9.9964E-05 9.9964E-05 9.9964E-05
0.401292 0.080626 0.251653 0.0352737 9.9991E-05 0.191625 0.039431
0.253955 0.0451592 0.658141 9.9973E-05 9.9973E-05 0.0424456 9.9973E-05
0.37771 0.0619877 0.456676 0.0207059 9.9982E-05 9.9982E-05 0.0827201
0.338859 9.9964E-05 0.537224 0.123517 9.9964E-05 9.9964E-05 9.9964E-05
9.9982E-05 9.9982E-05 0.727425 0.10964 0.151911 0.0070942 0.00372927
0.507754 0.130707 0.265076 9.9973E-05 9.9973E-05 0.0961629 9.9973E-05
0.109594 0.0499228 9.9973E-05 9.9973E-05 9.9973E-05 0.00830606 0.831877
0.0839054 9.9964E-05 9.9964E-05 0.00134578 9.9964E-05 9.9964E-05 0.914349
0.107683 0.0236929 9.9973E-05 9.9973E-05 9.9973E-05 0.00763457 0.860689
0.0126627 9.9982E-05 0.000369285 9.9982E-05 0.0448259 0.0201387 0.921803
0.11479 9.9973E-05 0.00792557 9.9973E-05 0.000932982 9.9973E-05 0.876051
0.0358673 9.9973E-05 9.9973E-05 9.9973E-05 0.0554204 0.053195 0.855217
0.0621652 9.9982E-05 0.00450676 0.00751332 9.9982E-05 0.00426616 0.921349
0.399305 9.9982E-05 0.338107 0.0406698 9.9982E-05 0.0734545 0.148264
0.49739 9.9991E-05 0.306056 0.00778222 0.0699991 0.0485991 0.0700735
0.00768673 0.0919749 0.781805 0.0716063 9.9982E-05 9.9982E-05 0.0467274
0.451271 0.051777 0.198288 0.00792194 0.0322401 0.124328 0.134174
0.392264 0.098599 0.439427 9.9982E-05 9.9982E-05 0.0179486 0.0515616
0.466536 9.9982E-05 0.297337 0.111577 9.9982E-05 0.0637578 0.0605917
0.574365 9.9973E-05 0.249039 0.0998659 9.9973E-05 9.9973E-05 0.0764297
0.369254 9.9973E-05 0.447952 0.0690899 9.9973E-05 0.113404 9.9973E-05
9.9973E-05 0.181735 0.728407 0.0304881 9.9973E-05 9.9973E-05 0.0590696
0.498518 0.0924854 0.109331 9.9991E-05 0.114418 0.0241621 0.160985
0.673418 9.9982E-05 0.146334 9.9982E-05 0.111137 0.0232485 0.045662
0.585293 0.126642 0.129814 0.0258735 0.00808191 9.9991E-05 0.124196
0.260835 9.9973E-05 0.547809 9.9973E-05 0.166529 9.9973E-05 0.0245276
0.507311 9.9973E-05 0.409644 0.0582553 9.9973E-05 0.02449 9.9973E-05
0.493376 0.0219499 0.397293 9.9982E-05 0.0252643 9.9982E-05 0.0619161
0.242298 9.9973E-05 0.631101 0.0354024 9.9973E-05 0.0908983 9.9973E-05
0.344803 0.109136 0.422358 0.0338074 9.9982E-05 9.9982E-05 0.0896962
0.586055 0.065065 0.192828 9.9973E-05 9.9973E-05 9.9973E-05 0.155751
0.260834 0.315286 0.0539368 0.244894 0.0929334 9.9991E-05 0.0320161
0.483361 0.256161 9.9973E-05 9.9973E-05 0.12919 9.9973E-05 0.130988
0.438256 0.196156 0.0241872 0.173532 9.9991E-05 0.0577542 0.110015
0.615851 0.00343869 0.151821 0.0531476 0.0355197 0.0497655 0.090456
0.568605 0.281009 9.9982E-05 0.111484 0.0245168 9.9982E-05 0.0141849
0.650293 0.262569 9.9973E-05 0.0471153 0.039723 9.9973E-05 9.9973E-05
0.447061 0.385434 9.9982E-05 0.13114 0.0138278 0.022337 9.9982E-05
0.51221 0.179918 0.112798 0.114978 0.00066577 9.9991E-05 0.079331
0.618827 0.13495 0.038859 9.9982E-05 0.172824 9.9982E-05 0.0343401
0.579019 0.128785 0.0822433 0.0663327 0.0815509 9.9991E-05 0.0619693
0.560712 0.330663 0.0305306 0.0561395 0.0217551 9.9982E-05 9.9982E-05
0.636369 0.107488 0.0732998 9.9991E-05 0.0966715 0.0300498 0.0560219
0.561984 0.0684639 0.0373766 0.0946249 0.0768391 0.0306918 0.130019
0.644837 0.256437 0.026207 0.0377089 9.9991E-05 0.0342477 0.000461842
0.506311 0.107416 0.0825147 0.0768163 0.135851 0.0909914 9.9991E-05
0.519206 0.190467 0.0755485 0.100813 0.0232186 0.0906468 9.9991E-05
0.483238 0.202495 9.9982E-05 0.0120284 0.253503 9.9982E-05 0.0485355
0.684591 0.112744 0.0467397 0.0153783 0.0896898 0.0340084 0.0168482
0.6619 0.096866 9.9991E-05 0.0939622 0.0879333 0.0240078 0.0352306
0.206622 0.392565 0.181554 0.120512 9.9991E-05 0.0781678 0.0204785
0.165782 0.29886 0.112349 0.168978 0.221662 0.0322698 9.9991E-05
0.558182 0.260541 0.0433106 9.9991E-05 0.053578 0.0098368 0.0744518
0.0891203 0.292604 0.172548 0.28151 0.13367 0.0304474 9.9991E-05
0.334657 0.385611 0.12181 0.102651 0.0167796 9.9991E-05 0.0383915
0.467259 0.291626 0.187151 0.0536644 9.9973E-05 9.9973E-05 9.9973E-05
0.399992 0.366008 0.188488 9.9973E-05 9.9973E-05 9.9973E-05 0.0452123
0.262977 0.469554 0.196097 9.9982E-05 0.0371549 0.0340173 9.9982E-05
0.676897 0.12789 0.0570357 9.9982E-05 0.0852265 9.9982E-05 0.0527511
0.514446 0.0774028 0.156063 0.0212206 0.0118782 0.109203 0.109787
0.5491 0.166326 0.057904 0.106288 9.9982E-05 9.9982E-05 0.120182
0.178071 0.367382 0.0870148 0.146826 0.211402 0.00920448 9.9991E-05
0.513185 0.0973989 0.0854365 0.0560065 0.0682217 9.9991E-05 0.179651
0.521903 0.00751771 0.188789 0.0467444 0.164074 9.9991E-05 0.0708722
0.00771403 0.150949 0.182021 0.16784 0.399747 9.9991E-05 0.0916293
0.534552 9.9991E-05 0.0647687 0.0885232 0.128822 0.0786677 0.104566
0.380168 0.110705 0.142748 0.0941122 0.180185 0.024231 0.0678517
0.443419 0.0157222 0.0761449 0.138189 0.196236 0.0772937 0.0529946
0.302948 0.0787941 0.0558799 0.042939 0.461953 0.0222558 0.0352302
0.203295 0.153174 0.110114 0.107039 0.426178 9.9982E-05 9.9982E-05
0.467785 0.145552 0.0653948 0.141234 0.179833 9.9982E-05 9.9982E-05
0.561863 0.109333 9.9982E-05 0.127145 0.0986107 9.9982E-05 0.102848
0.371337 0.107887 0.116653 0.0544612 0.18468 0.0368457 0.128136
0.0172576 0.104885 0.292707 0.0223019 0.398806 0.163943 9.9991E-05
0.554633 0.0145074 0.0664677 0.0600468 0.137916 0.0487924 0.117637
0.386833 0.0910526 0.212416 9.9973E-05 0.309398 9.9973E-05 9.9973E-05
0.554163 0.151333 0.106564 0.0250149 0.162725 9.9982E-05 9.9982E-05
0.666007 0.00446629 0.0681567 9.9991E-05 0.158824 0.00283905 0.0996067
0.205723 0.0517004 9.9982E-05 9.9982E-05 0.281409 0.190037 0.27093
9.9964E-05 9.9964E-05 9.9964E-05 9.9964E-05 0.452031 0.0972865 0.450282
9.9973E-05 9.9973E-05 9.9973E-05 0.0134914 0.530668 0.128997 0.326544
0.0776878 9.9973E-05 9.9973E-05 9.9973E-05 0.230221 0.308971 0.38282
0.656833 9.9973E-05 0.05043 0.0704996 0.221937 9.9973E-05 9.9973E-05
0.487167 0.068111 0.138555 0.0342404 0.177254 0.0945735 9.9991E-05
0.305584 0.0253233 9.9964E-05 9.9964E-05 9.9964E-05 0.668693 9.9964E-05
0.333846 0.0520117 0.0984099 0.0397444 9.9991E-05 0.432978 0.0429097
0.288619 0.0780729 0.0866321 0.0214482 9.9991E-05 0.434183 0.0909448
0.325577 0.0187308 0.148614 0.197014 0.309864 9.9982E-05 9.9982E-05
0.438205 0.0320407 0.0985215 0.0709944 0.145197 0.038921 0.176121
0.203331 9.9973E-05 0.12275 0.181498 0.492121 9.9973E-05 9.9973E-05
0.603733 0.0110941 0.137456 0.0299449 0.217572 9.9982E-05 9.9982E-05
0.442222 0.0928761 0.0367362 0.214939 0.175193 0.0246631 0.0133709
0.582791 0.0424102 0.0380829 0.0707606 0.203588 0.0622676 9.9991E-05
0.248688 0.0622599 0.117368 0.107804 0.46368 9.9982E-05 9.9982E-05
0.6599 9.9982E-05 0.0399537 0.0213521 0.203729 0.0748655 9.9982E-05
0.446457 0.128742 0.107055 0.0497419 0.164525 0.0865491 0.0169297
9.9955E-05 9.9955E-05 0.0472269 9.9955E-05 9.9955E-05 0.952273 9.9955E-05
0.0291139 9.9964E-05 9.9964E-05 0.031962 9.9964E-05 0.938524 9.9964E-05
0.322319 9.9982E-05 0.0554916 9.9982E-05 0.00515615 0.557681 0.0591523
0.32189 9.9973E-05 9.9973E-05 0.0247914 9.9973E-05 0.599492 0.0535266
0.18804 0.0239802 9.9964E-05 9.9964E-05 9.9964E-05 0.78758 9.9964E-05
9.995E-05 9.995E-05 9.995E-05 9.995E-05 9.995E-05 0.9994 9.995E-05
9.9964E-05 0.0399822 9.9964E-05 0.0352017 9.9964E-05 0.924416 9.9964E-05
0.109227 9.9964E-05 9.9964E-05 0.0342485 9.9964E-05 0.856125 9.9964E-05
0.00436806 0.0291916 9.9964E-05 9.9964E-05 9.9964E-05 0.966041 9.9964E-05
9.9964E-05 9.9964E-05 0.0198728 9.9964E-05 9.9964E-05 0.972955 0.00677198
9.995E-05 9.995E-05 9.995E-05 9.995E-05 9.995E-05 0.9994 9.995E-05
0.159194 9.9973E-05 9.9973E-05 0.0184025 9.9973E-05 0.77908 0.0430235
0.187305 0.0311043 9.9982E-05 9.9982E-05 0.0223755 0.738983 0.0200314
9.9955E-05 9.9955E-05 0.0445273 9.9955E-05 9.9955E-05 0.954973 9.9955E-05
0.28159 0.0852797 0.170706 9.9982E-05 0.0795181 0.382706 9.9982E-05
0.245336 9.9982E-05 0.0207565 0.0217911 9.9982E-05 0.634865 0.0770516
0.230711 9.9964E-05 9.9964E-05 9.9964E-05 9.9964E-05 0.70247 0.066419
0.0648284 9.9964E-05 9.9964E-05 9.9964E-05 9.9964E-05 0.882783 0.0519885
0.0325269 9.9964E-05 9.9964E-05 0.00230156 9.9964E-05 0.964772 9.9964E-05
0.0611475 9.9973E-05 9.9973E-05 0.00215773 9.9973E-05 0.909793 0.0266019
9.995E-05 9.995E-05 9.995E-05 9.995E-05 9.995E-05 0.9994 9.995E-05
0.227045 0.0441954 0.0458696 0.00835465 9.9991E-05 0.614857 0.0595776
9.9982E-05 0.0375932 0.0555705 0.0209583 9.9982E-05 0.881262 0.00441642
9.9982E-05 9.9982E-05 0.0596029 0.0255986 0.618396 0.0614458 0.234756
0.396043 0.122852 0.0102568 9.9991E-05 0.247711 0.0932877 0.12975
0.359928 0.0858554 0.0840204 0.0389501 0.184332 0.0995186 0.147395
0.142645 9.9982E-05 0.0399976 9.9982E-05 0.530387 0.126421 0.16035
0.371811 0.102247 9.9991E-05 0.127955 0.159808 0.142399 0.0956794
0.262282 9.9982E-05 0.0745049 9.9982E-05 0.414994 0.0320694 0.215949
0.394288 0.0985119 0.10493 0.0482891 0.0580149 0.127164 0.168802
0.313327 9.9991E-05 0.0671982 0.00141391 0.368479 0.150766 0.098716
0.327492 0.0679216 0.0487083 0.0599617 0.200336 0.204047 0.091533
0.330653 9.9982E-05 9.9982E-05 0.0363699 0.316418 0.218891 0.0974686
0.533717 0.0601996 0.0290735 9.9991E-05 0.176309 0.024252 0.176348
0.0132196 0.0977214 9.9973E-05 9.9973E-05 0.119807 9.9973E-05 0.768952
9.9973E-05 9.9973E-05 9.9973E-05 0.0183499 0.0128052 0.0632838 0.905261
0.0249158 0.0300663 9.9973E-05 9.9973E-05 0.0473379 9.9973E-05 0.89738
0.0254149 0.0447456 9.9964E-05 9.9964E-05 9.9964E-05 9.9964E-05 0.92944
0.00657877 0.0622929 9.9982E-05 9.9982E-05 0.039571 0.0503621 0.840995
9.9964E-05 9.9964E-05 9.9964E-05 0.0478703 9.9964E-05 0.0766581 0.875072
0.00980278 9.9982E-05 0.0373269 9.9982E-05 0.0168339 0.0850926 0.850744
0.0624717 9.9973E-05 9.9973E-05 0.0269887 0.0390589 9.9973E-05 0.871181
0.00629734 9.9982E-05 0.0319191 0.0140586 9.9982E-05 0.0280835 0.919442
9.9964E-05 9.9964E-05 9.9964E-05 9.9964E-05 0.0708125 0.0704916 0.858296
9.9991E-05 0.24548 0.0651452 0.0498034 0.0210386 0.00957283 0.60886
0.0127722 0.366029 0.0236649 9.9991E-05 0.00815324 0.000814317 0.588466
9.9973E-05 0.29241 0.0620232 9.9973E-05 0.135931 9.9973E-05 0.509335
9.9982E-05 0.32432 0.0962804 0.0472449 0.0371362 9.9982E-05 0.494818
0.554232 0.149007 0.217259 9.9982E-05 0.0315932 9.9982E-05 0.047709
0.467057 0.106669 0.313959 0.047781 9.9991E-05 0.0441922 0.0202421
0.552045 0.201209 0.212228 0.0342173 9.9973E-05 9.9973E-05 9.9973E-05
0.421773 0.29335 0.227327 9.9982E-05 0.0481732 9.9982E-05 0.0091777
0.15719 0.659526 0.129872 0.0384526 9.9982E-05 0.0147602 9.9982E-05
0.58459 9.99888E-05 0.227054 0.0484226 9.99888E-05 0.0410451 0.0986882
0.577101 0.0218176 0.290007 0.0497556 9.9982E-05 0.0611185 9.9982E-05
0.535666 0.0474696 0.272957 0.0195481 0.114701 0.00955908 9.9991E-05
0.195278 9.9973E-05 0.687498 9.9973E-05 0.0148641 0.102061 9.9973E-05
0.640353 0.0745782 0.194959 0.0383906 0.000872641 0.0507463 9.9991E-05
0.403246 0.141703 0.307488 0.128795 9.9982E-05 9.9982E-05 0.0185688
9.9973E-05 0.0656284 0.72694 0.185313 0.0218189 9.9973E-05 9.9973E-05
0.53739 0.0883249 0.18434 0.0352329 0.0782078 0.0192855 0.0572189
0.208859 9.9982E-05 0.550965 0.0180511 0.168675 0.0532498 9.9982E-05
0.492975 0.07265 0.297227 0.0903977 9.9982E-05 0.0465502 9.9982E-05
0.0680645 0.258851 0.649515 9.9982E-05 0.00820153 9.9982E-05 0.0151677
0.0446589 0.716395 0.000147992 9.9982E-05 0.131521 9.9982E-05 0.107076
0.0459228 0.624952 9.9982E-05 0.0648352 0.178514 9.9982E-05 0.0855765
9.9973E-05 0.801992 9.9973E-05 0.110456 0.0740685 9.9973E-05 0.0131837
9.9982E-05 0.774843 0.0193886 0.0825373 0.00140422 9.9982E-05 0.121627
0.0447949 0.796263 9.9982E-05 0.0325096 0.108082 0.0181503 9.9982E-05
0.109373 0.728372 9.9991E-05 0.059054 0.00916373 0.0228067 0.0711313
0.103647 9.9973E-05 9.9973E-05 0.0179855 9.9973E-05 0.0115135 0.866554
0.035066 0.0866783 9.9973E-05 9.9973E-05 9.9973E-05 0.0752726 0.802683
0.109582 9.9973E-05 9.9973E-05 9.9973E-05 0.0127936 0.128512 0.748813
0.0187886 0.135542 9.9973E-05 9.9973E-05 9.9973E-05 0.138363 0.707007
0.116761 0.0110009 0.0246966 9.9982E-05 9.9982E-05 0.0516971 0.795645
9.9964E-05 0.56032 9.9964E-05 9.9964E-05 0.0828993 9.9964E-05 0.35638
9.9982E-05 0.435525 0.0144369 0.0835565 0.0141071 9.9982E-05 0.452174
9.9973E-05 0.416852 0.000538462 0.174022 9.9973E-05 9.9973E-05 0.408288
0.13655 0.0219105 9.9973E-05 9.9973E-05 9.9973E-05 0.00521978 0.836019
9.9982E-05 0.430136 0.0319394 0.137966 0.00327187 9.9982E-05 0.396487
0.295923 0.00157481 9.9982E-05 9.9982E-05 0.194061 0.329746 0.178495
0.505928 0.0731779 0.0413075 9.9991E-05 0.00491304 0.219542 0.155031
0.569439 9.9973E-05 9.9973E-05 0.0289461 9.9973E-05 0.169128 0.232187
0.335936 9.9982E-05 0.019943 9.9982E-05 0.12927 0.23418 0.280471
0.501189 0.103259 9.9982E-05 9.9982E-05 0.0743004 0.183541 0.13751
9.9964E-05 9.9964E-05 9.9964E-05 9.9964E-05 0.315158 0.286366 0.398076
0.468988 0.309613 0.0565991 0.0372729 0.127327 9.9982E-05 9.9982E-05
0.36177 0.199136 0.0594026 0.242674 0.125605 0.0113121 9.9991E-05
0.263293 0.489159 0.102811 0.018716 0.0413729 0.0226408 0.0620077
0.480767 0.127501 0.0476442 0.215973 0.127915 9.9982E-05 9.9982E-05
9.9973E-05 0.138693 0.171767 0.376219 0.313021 9.9973E-05 9.9973E-05
0.53037 0.0673218 0.0386366 0.0728921 0.134491 0.0581569 0.0981321
0.495911 0.168393 0.102128 0.106359 0.10115 9.9991E-05 0.0259594
0.436237 0.376354 0.0800485 0.0663245 0.00563966 9.9991E-05 0.0352962
0.545304 0.131698 0.0712517 0.0679775 9.9991E-05 0.0490536 0.134615
0.121505 0.231533 0.203207 0.205526 0.238029 9.9982E-05 9.9982E-05
0.445491 0.212426 9.9982E-05 0.094895 0.170107 0.0768815 9.9982E-05
0.55763 0.268337 0.132397 9.9982E-05 0.0297038 0.0117323 9.9982E-05
0.33903 0.103683 0.156296 9.9991E-05 0.0956665 0.211352 0.0938732
0.348935 0.249351 0.0930387 0.271969 0.0230621 0.0135441 9.9991E-05
0.393132 0.228205 0.172871 0.158498 0.00659639 0.0405984 9.9991E-05
0.447394 0.143122 0.0664939 0.211271 0.0185604 0.113059 9.9991E-05
0.475523 0.120109 0.184621 0.0756863 0.139397 0.00456464 9.9991E-05
0.599258 0.185877 0.092645 0.00869358 0.065937 0.0474889 9.9991E-05
0.515891 0.16785 0.06343 0.0575696 0.0772199 0.08069 0.0373488
0.503191 0.229901 0.010395 0.0034349 0.0449603 0.134343 0.0737747
0.126866 9.9982E-05 0.00419939 0.0203039 9.9982E-05 0.0744264 0.774004
0.0103912 9.9982E-05 0.0263663 0.0535779 9.9982E-05 0.0867912 0.822673
0.0517924 0.0900537 0.0399845 0.00708507 0.0252576 9.9991E-05 0.785727
9.9982E-05 0.00590465 0.0560366 0.0957437 9.9982E-05 0.0245632 0.817552
0.115462 9.9982E-05 9.9982E-05 0.0185482 0.00275827 0.0228992 0.840133
0.194464 0.586445 0.0435017 0.0473554 0.0946998 0.0334343 9.9991E-05
0.542867 0.0712976 9.9991E-05 0.253477 0.0134107 0.0278627 0.0909847
0.382364 9.9982E-05 0.0816661 9.9982E-05 0.150722 0.10121 0.283839
0.650464 0.188267 9.9991E-05 0.0621362 0.0625211 0.0253501 0.0111617
0.534908 0.253981 0.0708999 0.0268239 0.00953092 9.9991E-05 0.103756
0.237276 0.361092 9.9982E-05 0.183238 0.111206 0.106988 9.9982E-05
9.9973E-05 0.64205 0.13026 9.9973E-05 0.13797 9.9973E-05 0.0894198
0.50379 0.261326 0.0656151 0.0877781 9.9991E-05 0.0202801 0.0611108
0.176853 0.478378 0.0660242 0.166197 0.0083426 0.0413597 0.0628455
0.419576 0.114859 0.162449 0.174408 0.0837975 0.00379228 0.0411192
0.131313 0.538739 0.0535906 0.110411 0.0217214 0.00486091 0.139365
0.54488 0.156633 0.0412679 0.0265426 9.9991E-05 0.0820182 0.148558
0.192806 0.54652 0.0782951 0.0292198 0.05078 0.0447216 0.0576569
0.303347 0.27788 0.107564 0.145748 0.0695434 0.0409795 0.0549383
0.478269 0.117188 0.137159 0.0216082 0.203675 0.0420001 9.9991E-05
0.370605 0.144091 9.9973E-05 0.10861 0.376394 9.9973E-05 9.9973E-05
0.60532 0.119297 0.0421117 9.9982E-05 0.222812 9.9982E-05 0.0102587
0.600599 0.0196595 0.123908 9.9991E-05 0.197865 0.00483666 0.0530331
0.372315 0.0846077 0.0702073 0.106266 0.366404 9.9982E-05 9.9982E-05
0.545012 0.063886 0.0634344 0.0352941 0.182444 0.101927 0.00800262
0.533217 0.0187108 0.0835178 0.123545 0.20143 9.9991E-05 0.0394799
0.0960754 0.114426 0.250252 0.0591977 0.47985 9.9982E-05 9.9982E-05
0.264228 9.9973E-05 0.0973675 0.121737 0.516368 9.9973E-05 9.9973E-05
0.546958 0.105812 0.0113804 0.062159 0.273491 9.9982E-05 9.9982E-05
0.182616 0.103098 0.260602 0.0380094 0.415475 9.9982E-05 9.9982E-05
0.447909 0.13633 0.191203 0.00624588 0.218112 9.9982E-05 9.9982E-05
0.0516442 0.556172 0.219623 0.0311417 0.01242 0.128899 9.9991E-05
0.245782 0.318495 0.0356767 0.370833 0.0211577 0.00795589 9.9991E-05
0.321614 0.341162 0.153156 0.0812156 9.9991E-05 0.0749139 0.0278381
0.604547 0.148471 0.0822739 0.0793893 0.0215961 0.0431057 0.0206174
0.231747 0.47385 0.22094 0.0363404 0.0152325 0.0217898 9.9991E-05
0.438168 0.117497 0.0626097 0.131934 0.105428 0.0378056 0.106558
0.640939 0.154884 0.0154992 0.052713 0.037598 0.0165044 0.0818625
0.473372 0.179391 0.189549 0.0890419 9.9982E-05 0.068446 9.9982E-05
0.560373 0.236171 0.0451699 0.0532661 0.043604 0.0200066 0.0414103
0.428059 0.361601 0.147107 9.9973E-05 9.9973E-05 0.0629327 9.9973E-05
0.190004 0.46451 0.217899 0.0403126 9.9982E-05 0.0870744 9.9982E-05
0.28632 0.436673 0.085472 0.102234 9.9982E-05 0.089102 9.9982E-05
0.611661 0.136748 0.0922214 0.15907 9.9973E-05 9.9973E-05 9.9973E-05
0.607423 0.130129 9.9982E-05 0.0787888 0.108126 9.9982E-05 0.0753335
0.492423 0.177155 0.0811564 0.0899739 0.0506333 0.0330105 0.0756483
0.467288 0.21265 0.0504155 0.164893 0.0350464 0.0696075 9.9991E-05
0.454325 0.387195 0.011725 9.9991E-05 0.0673436 0.0286199 0.0506912
0.640996 0.212393 0.0125845 0.100839 9.9982E-05 9.9982E-05 0.0329876
0.475382 0.27586 0.0628192 9.9982E-05 9.9982E-05 0.128339 0.0574003
0.446608 0.161392 0.061823 0.0519494 0.0788052 0.138912 0.0605104
0.492243 0.0120545 0.0416393 9.9991E-05 0.0461285 0.0664605 0.341375
0.501259 9.9991E-05 0.0434298 0.0717427 0.080945 0.195628 0.106896
0.580299 0.0172359 0.0266287 0.0308855 0.118953 0.0958834 0.130115
0.65244 0.0885152 9.9991E-05 0.0701436 0.0540398 0.0908172 0.0439444
0.488615 9.9991E-05 0.116096 0.0245828 0.00340365 0.150921 0.216281
0.460837 0.148916 0.043229 0.210648 0.110965 0.0253046 9.9991E-05
0.491257 0.0923951 0.0125211 0.151331 9.9991E-05 0.0761647 0.176231
0.0669958 9.9982E-05 0.160514 9.9982E-05 0.502388 0.101029 0.168873
0.514819 0.0913345 9.9991E-05 0.0619783 0.127359 0.185272 0.0191377
0.5429 0.0619181 0.00903797 0.122029 0.0353949 0.0948979 0.133821
0.401005 0.0837256 0.0491845 0.0463398 0.077495 0.288393 0.0538565
0.385089 0.0819008 9.9991E-05 0.0791844 0.215387 0.0874838 0.150856
0.590668 9.9982E-05 0.0361425 9.9982E-05 0.0759497 0.0474547 0.249585
0.540655 9.9982E-05 9.9982E-05 0.0128739 0.127986 0.167067 0.151217
9.9973E-05 9.9973E-05 9.9973E-05 0.00515282 0.407377 0.180155 0.407015
0.513081 0.049059 0.0194285 9.9991E-05 0.0754054 0.157624 0.185302
0.516877 9.9991E-05 0.0712183 0.0159109 0.064811 0.19049 0.140593
0.489025 0.0849299 0.0444567 0.0331386 0.166205 0.106527 0.0757174
0.589953 9.9973E-05 9.9973E-05 9.9973E-05 0.129653 0.162896 0.117198
0.497485 0.103115 0.064156 0.07497 0.0224602 0.107653 0.130161
0.377723 9.9982E-05 0.0900339 0.467616 9.9982E-05 0.0486984 0.0157286
0.376213 9.9991E-05 0.125996 0.249606 0.0700145 0.107843 0.070227
9.9964E-05 0.0692126 0.111711 0.818677 9.9964E-05 9.9964E-05 9.9964E-05
9.9973E-05 0.0597864 0.0459875 0.875401 0.0185248 9.9973E-05 9.9973E-05
0.434509 0.0276298 0.0183739 0.332019 0.0471804 0.112672 0.0276163
0.343958 9.9982E-05 9.9982E-05 0.080453 0.135186 0.370822 0.0693812
0.284174 9.9991E-05 0.0142132 0.241329 0.0202482 0.337378 0.102558
0.0636643 9.9991E-05 0.0388978 0.200408 0.0885516 0.364105 0.244273
0.308686 9.9982E-05 9.9982E-05 0.171596 0.0413176 0.299503 0.178697
0.0116889 9.9982E-05 9.9982E-05 0.721506 0.114343 0.0850952 0.0671664
0.101612 9.9982E-05 9.9982E-05 0.66357 0.0286264 0.0748891 0.131103
0.443021 9.9964E-05 9.9964E-05 0.421533 9.9964E-05 0.135046 9.9964E-05
0.325861 9.9973E-05 9.9973E-05 0.467764 9.9973E-05 0.141153 0.0649219
0.091186 9.9973E-05 9.9973E-05 0.671909 9.9973E-05 0.141428 0.0951773
0.493308 9.9973E-05 9.9973E-05 0.35394 9.9973E-05 0.0634434 0.0890087
0.464178 9.9973E-05 9.9973E-05 0.41172 9.9973E-05 0.118116 0.00568619
0.408328 0.135039 0.0782497 0.137597 0.0847662 0.15592 9.9991E-05
0.325877 0.111005 9.9973E-05 0.553279 9.9973E-05 9.9973E-05 0.00953891
0.360026 0.0266928 0.0366106 0.524637 0.0125697 0.0264209 0.0130429
0.573193 9.9991E-05 0.0178878 0.266573 0.0746047 0.0242311 0.0434103
0.321577 0.0233463 0.098398 0.39969 0.0437269 0.047563 0.0656991
0.322239 0.0149411 0.192307 0.17251 0.0847367 0.133674 0.0795921
0.466282 9.9964E-05 9.9964E-05 0.385915 0.147403 9.9964E-05 9.9964E-05
0.149862 0.0525002 9.9964E-05 0.797238 9.9964E-05 9.9964E-05 9.9964E-05
0.528339 9.9973E-05 0.0569596 0.365579 9.9973E-05 0.0488231 9.9973E-05
0.200683 0.0279452 0.0401364 0.730936 9.9973E-05 9.9973E-05 9.9973E-05
0.399416 9.9964E-05 9.9964E-05 0.573051 9.9964E-05 9.9964E-05 0.0271331
0.501463 0.0144644 0.136753 0.254613 9.9991E-05 0.0438598 0.0487466
0.486641 0.0196561 0.0474779 0.370637 0.0208772 0.0306336 0.0240766
0.443362 0.0715321 9.9991E-05 0.0606968 0.0554171 0.22343 0.145462
0.383627 0.0913907 9.9991E-05 0.257004 0.0177318 0.0906471 0.1595
0.373353 0.0588092 9.9991E-05 0.0900233 0.0881567 0.243451 0.146107
0.282585 0.0480126 9.9991E-05 0.102485 0.168341 0.295465 0.103012
0.401557 0.106511 9.9991E-05 0.0749275 0.0855358 0.155766 0.175602
0.351936 0.0593986 9.9982E-05 0.238984 9.9982E-05 0.229671 0.11981
9.9973E-05 9.9973E-05 9.9973E-05 0.550791 0.144453 0.123509 0.180947
0.580256 0.0264539 9.9991E-05 0.123712 0.0260589 0.225254 0.0181644
9.9973E-05 9.9973E-05 9.9973E-05 0.406701 0.181716 0.0855754 0.325708
0.438158 9.9973E-05 9.9973E-05 0.307105 9.9973E-05 0.212072 0.042365
0.0370307 9.9964E-05 0.139083 0.823487 9.9964E-05 9.9964E-05 9.9964E-05
9.9955E-05 9.9955E-05 0.0820964 0.917404 9.9955E-05 9.9955E-05 9.9955E-05
0.499641 0.00297905 0.0369718 0.460108 9.9973E-05 9.9973E-05 9.9973E-05
0.592361 9.9964E-05 9.9964E-05 0.378075 9.9964E-05 9.9964E-05 0.0291645
0.375773 0.00917377 0.000229115 0.583521 9.9982E-05 9.9982E-05 0.0311032
0.468201 9.9973E-05 0.0449548 0.466973 9.9973E-05 9.9973E-05 0.0195709
0.502111 9.9955E-05 9.9955E-05 0.497389 9.9955E-05 9.9955E-05 9.9955E-05
0.103032 9.9982E-05 9.9982E-05 0.0664385 0.00308596 0.0161894 0.811055
9.9982E-05 0.11719 0.0209949 0.00270151 9.9982E-05 0.117768 0.741145
0.00282415 0.046048 9.9973E-05 9.9973E-05 9.9973E-05 0.0659166 0.884911
0.064961 9.9955E-05 9.9955E-05 9.9955E-05 9.9955E-05 9.9955E-05 0.934539
0.503529 0.0406611 0.379949 9.9973E-05 9.9973E-05 9.9973E-05 0.0755608
0.459341 9.9973E-05 0.391521 9.9973E-05 9.9973E-05 0.0713678 0.0774703
0.475854 0.0201708 0.470084 9.9973E-05 9.9973E-05 9.9973E-05 0.033592
0.618104 0.0241015 0.216775 9.9982E-05 9.9982E-05 0.0324779 0.108342
0.606604 0.0358417 0.134511 9.9991E-05 0.0635389 0.0127795 0.146625
0.212975 0.108341 0.59262 9.9982E-05 0.0465765 9.9982E-05 0.0392878
0.551958 9.9982E-05 0.328945 0.0536116 9.9982E-05 0.0505869 0.0146986
0.369744 9.9973E-05 0.448205 0.0637694 0.117981 9.9973E-05 9.9973E-05
0.396879 0.0265396 0.0243002 0.0710506 0.0533729 0.181787 0.246071
0.430668 0.0712823 0.309242 0.127508 0.0185857 0.042614 9.9991E-05
0.316689 0.12168 0.527299 9.9973E-05 9.9973E-05 9.9973E-05 0.0340312
0.477756 0.0573474 0.364331 0.0480869 9.9991E-05 0.0458581 0.00652045
0.366221 0.0841315 0.480518 0.0563833 9.9982E-05 0.0125466 9.9982E-05
0.496757 9.9982E-05 0.355005 0.0445737 0.0230874 0.0803762 9.9982E-05
0.544563 0.015894 0.365228 0.00578802 9.9982E-05 9.9982E-05 0.0683276
9.9955E-05 9.9955E-05 0.914022 0.085478 9.9955E-05 9.9955E-05 9.9955E-05
0.251282 9.9982E-05 0.584732 0.045895 0.0567923 0.0610988 9.9982E-05
0.303428 0.0965439 0.508659 0.0652543 9.9982E-05 9.9982E-05 0.0259148
9.9964E-05 9.9964E-05 0.792975 0.0562215 0.150404 9.9964E-05 9.9964E-05
0.441718 0.121906 0.385007 9.9973E-05 9.9973E-05 9.9973E-05 0.0510696
0.0642514 0.00578653 0.563642 0.132153 0.224127 0.00994074 9.9991E-05
9.9964E-05 9.9964E-05 0.658005 0.158293 0.183303 9.9964E-05 9.9964E-05
0.501633 0.0644389 0.281289 0.0833129 9.9991E-05 0.0519113 0.0173148
0.133182 0.0737092 0.706636 0.00576237 9.9991E-05 0.0330703 0.0475405
0.296563 0.0584703 0.493566 9.9991E-05 0.0225149 0.126499 0.00228665
0.415338 9.9991E-05 0.21559 0.0771581 0.041446 0.14195 0.108418
0.49631 0.115314 0.351971 9.9991E-05 0.0047893 0.030908 0.000608487
0.342751 0.345274 9.9982E-05 0.17014 0.0673795 0.074255 9.9982E-05
0.570229 0.0752917 0.295522 0.0399582 0.0130003 0.00376503 0.0022341
0.440671 0.161431 0.331744 0.00375199 9.9991E-05 0.0223521 0.0399497
0.247439 9.9973E-05 0.685527 9.9973E-05 0.0612852 0.00544858 9.9973E-05
0.384252 9.9991E-05 0.239725 0.141279 0.0067899 0.138845 0.0890091
9.9991E-05 0.297765 0.0427606 0.0177838 0.016856 0.0171061 0.607629
0.0365777 0.0651392 0.073815 0.0367334 0.033205 9.9991E-05 0.75443
9.9973E-05 0.114102 0.0276344 9.9973E-05 0.0342274 9.9973E-05 0.823736
9.9964E-05 0.137585 9.9964E-05 9.9964E-05 0.0758904 9.9964E-05 0.786125
0.0353856 0.212281 9.9973E-05 9.9973E-05 0.0578687 9.9973E-05 0.694165
0.0430837 0.140174 0.73112 9.9982E-05 9.9982E-05 0.0622884 0.0231338
0.150386 0.131168 0.572393 9.9982E-05 0.0703237 9.9982E-05 0.0755293
0.112322 9.9982E-05 0.772177 0.0449044 0.0262065 0.0441902 9.9982E-05
0.537614 0.0437184 0.178315 0.0601324 9.9991E-05 0.0596361 0.120484
0.412448 0.0531675 0.282437 0.0309115 9.9991E-05 0.163958 0.0569773
0.215164 9.9973E-05 0.638231 9.9973E-05 0.046635 0.0996701 9.9973E-05
0.634568 9.9973E-05 0.252669 0.0790188 9.9973E-05 0.0334443 9.9973E-05
0.361805 9.9991E-05 0.455172 0.0420635 0.0422592 0.0797777 0.018823
0.554654 0.0701625 0.310113 9.9973E-05 0.0647705 9.9973E-05 9.9973E-05
0.578634 9.9973E-05 0.286718 9.9973E-05 9.9973E-05 0.0306528 0.103695
0.218825 0.113327 0.545492 0.0486409 0.0143541 0.0592611 9.9991E-05
0.300641 0.0335847 0.648902 9.9973E-05 9.9973E-05 9.9973E-05 0.0165719
0.309364 0.145099 0.545137 9.9964E-05 9.9964E-05 9.9964E-05 9.9964E-05
0.654643 0.0643802 9.9982E-05 9.9982E-05 0.182972 0.0102176 0.0875875
0.410109 0.0342482 0.503578 0.0324476 9.9982E-05 9.9982E-05 0.019418
0.461313 0.0698477 0.376279 0.0338393 9.9991E-05 0.0167876 0.0418329
0.382971 0.012 0.0312785 0.0301007 0.0362843 0.375537 0.131828
0.298458 0.0425727 0.0272299 0.0326739 9.9991E-05 0.495931 0.103034
0.449042 0.00769115 9.9991E-05 0.0568483 0.0130716 0.407276 0.0659713
0.283554 9.9973E-05 9.9973E-05 9.9973E-05 0.0810982 0.497531 0.137517
0.511077 0.00718093 0.000556518 9.9991E-05 0.0732739 0.218794 0.189018
0.416842 9.9982E-05 0.369497 9.9982E-05 0.134496 0.0369933 0.0419712
0.05482 9.9973E-05 9.9973E-05 9.9973E-05 0.0652308 0.579157 0.300493
0.382799 9.9973E-05 9.9973E-05 0.00124212 9.9973E-05 0.433725 0.181934
0.533477 9.9982E-05 0.0253186 9.9982E-05 0.22187 0.0542149 0.164919
0.592234 9.9964E-05 9.9964E-05 9.9964E-05 0.282292 9.9964E-05 0.125074
0.482412 0.0562562 0.0685869 9.9982E-05 0.296761 9.9982E-05 0.0957846
0.540955 0.124171 0.123537 9.9982E-05 0.160166 9.9982E-05 0.0509715
0.641555 0.142828 0.078079 0.0185363 0.0410587 0.0367354 0.0412077
0.32234 9.9973E-05 9.9973E-05 0.0244222 9.9973E-05 0.459923 0.193015
0.248292 0.138381 0.0230919 9.9982E-05 9.9982E-05 0.441762 0.148273
0.476802 9.9964E-05 9.9964E-05 9.9964E-05 9.9964E-05 0.454528 0.0682702
0.355552 0.0899725 0.0949322 0.0493674 0.00651431 0.351103 0.0525593
0.245583 0.0390534 0.0416141 0.00818041 0.00462967 0.582879 0.0780599
0.417788 9.9982E-05 9.9982E-05 0.0388825 0.101404 0.339431 0.102295
0.262638 0.0242537 0.00671999 0.0202239 0.0202074 0.595109 0.0708477
0.409028 0.0433623 9.9991E-05 0.0328697 0.0354067 0.394953 0.0842808
0.6151 9.9964E-05 0.00497254 9.9964E-05 0.379527 9.9964E-05 9.9964E-05
0.489938 0.0482031 9.9982E-05 9.9982E-05 0.0177163 0.248573 0.19537
0.118386 9.9973E-05 9.9973E-05 9.9973E-05 0.0888136 0.654456 0.138045
0.327147 9.9982E-05 0.0111838 0.129424 9.9982E-05 0.389098 0.142947
0.238891 0.221059 0.0890201 9.9982E-05 0.357023 9.9982E-05 0.093807
0.56476 0.063633 0.0648165 9.9982E-05 0.217757 0.0888327 9.9982E-05
0.388113 0.0192739 0.0625272 0.0347003 9.9991E-05 0.312952 0.182334
0.650057 0.0918737 9.9982E-05 0.013956 0.196161 9.9982E-05 0.0477523
0.484257 0.0775213 0.070012 0.0220462 0.177949 9.9991E-05 0.168115
0.300828 9.9991E-05 0.152568 0.0607872 0.0734182 0.231328 0.18097
0.3107 9.9982E-05 9.9982E-05 0.150122 0.0312928 0.263656 0.24403
0.61115 0.0602286 0.091479 9.9991E-05 0.0626665 0.117722 0.0566534
0.3783 9.9982E-05 0.0734485 9.9982E-05 0.10589 0.319077 0.123084
0.410537 9.9973E-05 9.9973E-05 0.0483375 9.9973E-05 0.430033 0.110792
0.111174 9.9982E-05 9.9982E-05 0.00680785 0.0714738 0.64336 0.166985
0.612999 0.0915252 9.9991E-05 0.0474118 0.142783 0.0956497 0.00953143
0.483141 0.0857326 0.0954873 9.9982E-05 0.252114 9.9982E-05 0.0833256
0.224747 0.0233935 0.0622325 0.00384542 0.652765 9.9991E-05 0.0329166
0.493794 0.132837 0.0241552 9.9991E-05 0.150932 0.078036 0.120146
0.392212 0.181193 0.0678795 0.117591 0.0659641 0.0748107 0.100349
0.441591 9.9982E-05 0.0342036 9.9982E-05 0.206952 0.134957 0.182096
0.518598 0.157062 0.0420701 0.0433676 0.0537146 0.062356 0.122831
9.9964E-05 9.9964E-05 9.9964E-05 9.9964E-05 0.619867 0.184657 0.195076
9.9964E-05 9.9964E-05 9.9964E-05 9.9964E-05 0.723198 0.10322 0.173182
0.176774 0.0967488 0.0444465 0.0809942 0.333855 0.188068 0.0791131
0.0882033 9.9982E-05 0.0150136 9.9982E-05 0.479104 0.135369 0.282111
9.9964E-05 9.9964E-05 9.9964E-05 9.9964E-05 0.47488 0.204499 0.320222
0.42528 9.9982E-05 9.9982E-05 0.158446 0.227271 0.0845516 0.104251
0.3448 9.9991E-05 0.0498433 0.0661199 0.199626 0.152988 0.186523
0.197606 9.9982E-05 0.0888871 9.9982E-05 0.354215 0.153987 0.205105
0.191415 9.9973E-05 9.9973E-05 9.9973E-05 0.541412 0.0871409 0.179732
0.457925 9.9982E-05 9.9982E-05 0.0988632 0.220619 0.0717809 0.150612
0.12304 9.9982E-05 0.152474 9.9982E-05 0.450439 0.132553 0.141294
9.9964E-05 9.9964E-05 9.9964E-05 9.9964E-05 0.683772 0.0582945 0.257534
0.451649 0.119109 0.0531626 9.9991E-05 0.0610552 0.231013 0.0839121
0.353389 9.9982E-05 0.0284817 9.9982E-05 0.260461 0.191022 0.166445
0.427566 9.9973E-05 9.9973E-05 9.9973E-05 0.10126 0.174178 0.296696
0.578986 9.9964E-05 9.9964E-05 9.9964E-05 9.9964E-05 0.261471 0.159144
0.494501 0.00239511 0.0713725 0.0250762 9.9991E-05 0.14547 0.261085
0.501423 9.9982E-05 9.9982E-05 0.0434566 0.0641789 0.192261 0.198481
0.39996 9.9973E-05 9.9973E-05 9.9973E-05 0.0400141 0.189936 0.36979
0.521022 0.00313011 0.0992711 9.9982E-05 9.9982E-05 0.175638 0.200739
0.431563 9.9982E-05 0.0174239 9.9982E-05 0.0631575 0.30825 0.179406
0.369283 9.9982E-05 9.9982E-05 0.056856 0.14355 0.204363 0.225748
0.287805 0.0856603 0.244377 0.0539321 0.00283909 0.115746 0.209641
0.542864 0.0993807 0.0865066 9.9991E-05 0.0830415 0.0485376 0.139569
0.466408 0.108815 0.0245838 0.0633552 0.0470283 0.149309 0.1405
0.569699 0.0337954 0.07329 0.117733 9.9991E-05 0.0515159 0.153866
0.436608 9.9973E-05 9.9973E-05 9.9973E-05 0.0741458 0.19588 0.293067
0.449753 0.0262799 0.025897 0.0793231 0.0132468 0.233395 0.172105
0.225302 9.9982E-05 0.0375795 9.9982E-05 0.213135 0.154549 0.369235
0.402073 9.9991E-05 0.028117 0.082535 0.0146126 0.276516 0.196046
0.181089 9.9991E-05 0.0711859 0.0578224 0.149305 0.336252 0.204246
9.9973E-05 0.115543 0.0749788 9.9973E-05 0.0317069 9.9973E-05 0.777471
0.128028 0.786205 0.0131277 0.0228977 9.9982E-05 9.9982E-05 0.0495415
9.9964E-05 0.982942 0.0124724 9.9964E-05 9.9964E-05 9.9964E-05 0.00418613
9.9955E-05 0.967245 9.9955E-05 9.9955E-05 9.9955E-05 9.9955E-05 0.0322549
0.0440186 0.90958 9.9964E-05 0.0460018 9.9964E-05 9.9964E-05 9.9964E-05
0.0468498 0.915086 9.9964E-05 9.9964E-05 9.9964E-05 0.0376642 9.9964E-05
0.0990287 0.900472 9.9955E-05 9.9955E-05 9.9955E-05 9.9955E-05 9.9955E-05
9.9964E-05 0.947807 0.00563865 9.9964E-05 9.9964E-05 9.9964E-05 0.0461544
9.9964E-05 0.786044 9.9964E-05 9.9964E-05 9.9964E-05 0.0224717 0.191085
0.020011 0.0487487 9.9982E-05 9.9982E-05 0.0335158 0.0390392 0.858485
0.0303091 0.11141 9.9973E-05 0.0683142 9.9973E-05 9.9973E-05 0.789667
9.9982E-05 0.00189488 0.0628715 0.0346456 9.9982E-05 0.0282996 0.872089
9.99753E-05 0.149181 9.99753E-05 0.0111563 0.0656546 9.99753E-05 0.773708
0.0457336 0.0190245 9.9973E-05 9.9973E-05 9.9973E-05 0.0564794 0.878463
9.9982E-05 0.0709522 0.0294787 9.9982E-05 0.00522724 0.00918556 0.884956
0.0315052 0.0490835 9.9982E-05 9.9982E-05 0.046442 0.103254 0.769515
0.0558079 0.00328253 9.9982E-05 0.0159338 9.9982E-05 0.0664811 0.858295
0.054068 0.141356 0.0581902 9.9982E-05 9.9982E-05 0.0584369 0.687749
9.9964E-05 9.9964E-05 9.9964E-05 0.0342779 9.9964E-05 0.0403017 0.925021
9.9964E-05 0.0237328 9.9964E-05 0.0390172 9.9964E-05 9.9964E-05 0.93685
9.9982E-05 0.0455016 9.9982E-05 0.0178727 0.0214426 0.0580573 0.856926
0.00377094 0.0308498 9.9973E-05 9.9973E-05 0.0530221 9.9973E-05 0.912057
0.0705794 9.9973E-05 9.9973E-05 9.9973E-05 0.00736484 0.0212705 0.900485
0.038479 9.9973E-05 0.0576021 9.9973E-05 9.9973E-05 0.0573373 0.846282
0.108725 9.9964E-05 9.9964E-05 9.9964E-05 9.9964E-05 0.0397513 0.851124
0.0785561 9.9964E-05 9.9964E-05 9.9964E-05 9.9964E-05 0.163079 0.757965
0.150324 9.9964E-05 9.9964E-05 9.9964E-05 9.9964E-05 0.0848569 0.764419
0.108531 9.9964E-05 9.9964E-05 9.9964E-05 9.9964E-05 0.0331006 0.857969
0.404296 0.107016 0.0965602 9.9982E-05 0.279813 9.9982E-05 0.112115
0.660665 0.0395182 0.0538801 0.0484747 0.140238 9.9991E-05 0.0571239
0.628494 0.0423869 0.0185713 0.0409128 0.133833 9.9991E-05 0.135702
0.162216 9.9973E-05 0.117307 0.0965092 0.623668 9.9973E-05 9.9973E-05
0.625042 0.0790016 9.9973E-05 9.9973E-05 0.215643 9.9973E-05 0.0800138
0.193287 9.9973E-05 0.0445369 9.9973E-05 0.752683 9.9973E-05 0.00919372
0.634709 0.0159784 0.0505774 0.0102232 0.231865 9.9991E-05 0.0565465
0.435776 0.212109 0.0636376 9.9982E-05 0.258621 9.9982E-05 0.0296563
0.587064 0.0928103 0.0681076 9.9973E-05 0.251719 9.9973E-05 9.9973E-05
0.465095 0.00266339 0.431641 0.0421362 0.00251253 0.0129272 0.0430248
0.447612 0.143448 0.0509491 9.9982E-05 0.3168 9.9982E-05 0.0409909
0.686588 9.9973E-05 0.0469424 9.9973E-05 0.227723 0.0384466 9.9973E-05
0.577855 0.0834972 9.9991E-05 0.0439904 0.193691 0.0322971 0.0685695
0.0446081 0.457561 0.159679 0.190579 0.0765034 0.0709687 9.9991E-05
9.9973E-05 0.074861 0.0912549 0.124667 0.708917 9.9973E-05 9.9973E-05
0.238088 0.0897626 9.9964E-05 9.9964E-05 0.67175 9.9964E-05 9.9964E-05
0.658269 0.0170216 0.0894329 9.9991E-05 0.131472 0.0138479 0.0898571
0.591172 9.9964E-05 9.9964E-05 9.9964E-05 0.291659 9.9964E-05 0.116769
0.538771 9.9973E-05 0.0867862 9.9973E-05 0.3147 9.9973E-05 0.0594431
0.675276 9.9991E-05 0.034527 0.075748 0.107762 0.012521 0.0940658
