9.9973E-05 0.0835057 9.9973E-05 0.000124202 0.816443 0.0247451 0.0398527 0.0350298 9.9973E-05
0.0202062 9.9964E-05 0.0142261 9.9964E-05 0.916176 0.00965389 9.9964E-05 9.9964E-05 0.0393377
9.9964E-05 0.0803224 9.9964E-05 0.111061 0.752632 9.9964E-05 0.0476104 0.00797453 9.9964E-05
9.9973E-05 9.9973E-05 0.0300836 0.017081 0.789203 0.0223415 0.0866979 0.0542933 9.9973E-05
9.9964E-05 9.9964E-05 0.0862888 0.0094129 0.860112 9.9964E-05 0.043319 0.000466991 9.9964E-05
0.271637 9.9964E-05 9.9964E-05 9.9964E-05 0.591424 0.0427467 0.0875167 9.9964E-05 0.00627539
0.174705 9.9946E-05 9.9946E-05 9.9946E-05 0.785379 0.0393163 9.9946E-05 9.9946E-05 9.9946E-05
0.244093 9.9955E-05 9.9955E-05 9.9955E-05 0.692433 9.9955E-05 0.0343576 0.0286166 9.9955E-05
9.99639E-05 0.0762386 0.0110935 9.99639E-05 0.781005 9.99639E-05 9.99639E-05 0.0593502 0.0719124
0.124747 9.9973E-05 0.0270075 0.0524304 0.64791 9.9973E-05 0.101386 0.0462195 9.9973E-05
0.21857 9.9955E-05 9.9955E-05 9.9955E-05 0.71092 0.049521 9.9955E-05 0.0204884 9.9955E-05
0.00575599 9.9964E-05 9.9964E-05 0.145568 9.9964E-05 0.801148 0.0268963 9.9964E-05 0.0202319
0.019932 9.9982E-05 0.0166027 0.421278 0.00448469 0.39315 0.0343901 0.109962 9.9982E-05
9.9973E-05 0.0204692 0.00379106 0.121393 0.0384755 0.772899 0.0426718 9.9973E-05 9.9973E-05
9.9964E-05 0.0599957 9.9964E-05 0.114806 0.00874336 0.674305 0.14175 9.9964E-05 9.9964E-05
0.0890747 0.00655905 9.9982E-05 0.242559 0.0740657 0.428466 0.145536 9.9982E-05 0.0135388
9.9964E-05 0.0334576 9.9964E-05 0.429858 0.0411134 0.402413 0.092759 9.9964E-05 9.9964E-05
0.119137 0.00123757 9.9973E-05 0.277901 9.9973E-05 0.451131 0.122446 9.9973E-05 0.0278484
9.9964E-05 0.0320895 9.9964E-05 0.159731 0.0925453 0.640266 0.0749686 9.9964E-05 9.9964E-05
0.100997 9.9955E-05 9.9955E-05 9.9955E-05 0.0525166 0.813856 9.9955E-05 0.0321312 9.9955E-05
9.9982E-05 0.0512946 0.0492424 0.331744 9.9982E-05 0.408018 0.0361064 0.0321011 0.0912937
0.040604 0.136508 0.0266977 0.396604 0.0103505 0.330761 9.9982E-05 9.9982E-05 0.058274
0.123764 9.9973E-05 0.0514455 0.490129 0.0594718 0.267186 9.9973E-05 9.9973E-05 0.00770365
0.0352964 9.9973E-05 9.9973E-05 0.103722 0.0112441 0.725285 0.110319 9.9973E-05 0.0138336
0.0896084 9.9991E-05 0.0264913 0.517361 0.0716147 0.128731 0.110643 0.0459186 0.00953198
9.9964E-05 0.0326056 9.9964E-05 0.422713 0.0518221 0.426456 0.0660042 9.9964E-05 9.9964E-05
0.00810286 9.9955E-05 9.9955E-05 9.9955E-05 9.9955E-05 0.834272 0.148971 9.9955E-05 0.00815427
9.9937E-05 9.9937E-05 9.9937E-05 9.9937E-05 9.9937E-05 0.817166 0.182134 9.9937E-05 9.9937E-05
9.9946E-05 9.9946E-05 0.089467 0.11657 9.9946E-05 0.793364 9.9946E-05 9.9946E-05 9.9946E-05
9.9946E-05 9.9946E-05 9.9946E-05 0.112596 0.839884 9.9946E-05 0.0469208 9.9946E-05 9.9946E-05
9.9955E-05 9.9955E-05 9.9955E-05 0.132044 0.80783 0.026704 0.0329226 9.9955E-05 9.9955E-05
9.9964E-05 0.0589159 9.9964E-05 0.164259 0.740907 9.9964E-05 0.034839 0.00067891 9.9964E-05
9.9955E-05 0.082957 9.9955E-05 0.2141 0.689668 9.9955E-05 0.0127758 9.9955E-05 9.9955E-05
0.146146 9.9991E-05 0.0330469 0.47362 0.0184611 0.112684 0.00899603 0.0180912 0.188854
0.0057731 9.9982E-05 0.00498089 0.455223 0.126611 0.0634246 9.9982E-05 0.0930434 0.250744
0.0248484 9.9964E-05 9.9964E-05 0.555314 0.00434064 9.9964E-05 0.00307868 9.9964E-05 0.412019
0.0530959 9.9982E-05 9.9982E-05 0.0299168 0.0886576 0.548832 0.0551763 0.22368 0.000441473
9.9964E-05 0.0192646 9.9964E-05 0.294831 9.9964E-05 0.102666 0.00622723 9.9964E-05 0.576611
9.9982E-05 9.9982E-05 0.065092 0.445621 0.085588 0.152885 0.0112894 0.0465941 0.192731
0.0945943 0.0304268 9.9964E-05 0.62862 9.9964E-05 9.9964E-05 0.0222132 9.9964E-05 0.223746
0.257273 9.9973E-05 9.9973E-05 0.503484 0.0772615 9.9973E-05 0.00920029 0.0237374 0.128743
0.187407 9.9973E-05 9.9973E-05 0.574153 0.0776182 0.0400774 0.0254444 9.9973E-05 0.0950006
9.9964E-05 0.0518717 9.9964E-05 0.0750001 0.0123223 0.189266 9.9964E-05 9.9964E-05 0.67114
0.290949 0.035127 9.9973E-05 0.478984 9.9973E-05 0.116945 0.0606816 9.9973E-05 0.0170123
9.9982E-05 0.0345174 0.0762606 0.508319 0.0185008 0.116123 9.9982E-05 0.000839694 0.24524
0.00105492 0.119693 9.9973E-05 0.53236 0.14538 9.9973E-05 0.0483378 9.9973E-05 0.152875
9.9955E-05 0.0398787 9.9955E-05 0.287001 9.9955E-05 9.9955E-05 9.9955E-05 0.00801215 0.664608
9.9982E-05 0.0261274 0.0337635 0.549257 0.0318991 0.0224252 9.9982E-05 0.0785885 0.257739
9.9973E-05 9.9973E-05 0.0188932 0.418585 0.132708 9.9973E-05 0.114933 0.0163095 0.298271
0.0076976 0.171155 0.00230911 9.9964E-05 0.0417617 9.9964E-05 9.9964E-05 9.9964E-05 0.776677
0.0390455 0.022986 0.117933 0.081399 9.9982E-05 0.346967 9.9982E-05 0.22096 0.17051
0.201367 0.134146 0.0989901 0.00743173 9.9973E-05 0.420179 9.9973E-05 9.9973E-05 0.137586
0.034002 0.0447619 0.0067541 0.590949 0.114213 0.105111 0.0102477 0.0263286 0.0676328
0.12968 9.9982E-05 0.119509 0.501269 0.0684832 0.066859 0.0977643 0.0162347 9.9982E-05
0.0753457 0.042154 0.108548 0.566985 0.0998335 9.9991E-05 0.028827 0.0284769 0.0497303
9.9973E-05 0.118724 9.9973E-05 0.133893 0.0431097 0.284311 9.9973E-05 0.219224 0.200438
0.0602258 0.0782889 0.0134763 0.535412 9.9982E-05 0.109173 9.9982E-05 0.188286 0.0149382
0.0446334 0.0291914 0.0490862 0.530363 0.139634 0.128251 0.0690442 0.0025607 0.00723646
0.0959642 9.9982E-05 9.9982E-05 0.285883 0.126241 0.33557 0.010661 0.0646762 0.0808047
0.0677643 0.171763 0.0218604 0.0329648 0.151084 0.431058 0.0213934 0.069491 0.0326206
0.0765632 0.0327921 9.9991E-05 0.527255 0.063034 0.116375 0.015299 0.0610886 0.107493
9.9982E-05 0.0733084 0.127428 0.374599 0.0294312 0.319258 0.00141355 0.0743619 9.9982E-05
0.0804616 0.110751 0.0324335 9.9973E-05 9.9973E-05 0.56428 9.9973E-05 0.146113 0.065661
9.9973E-05 0.0721205 0.0279131 0.446336 9.9973E-05 0.390465 9.9973E-05 0.0398391 0.0230268
9.999E-05 0.0502814 0.150086 0.590828 0.0163114 0.119086 0.0326836 0.00214963 0.0384743
9.9982E-05 0.00503349 0.0158716 0.621104 0.0764856 0.128747 9.9982E-05 0.111401 0.041157
9.9982E-05 0.0965279 9.9982E-05 0.196274 0.0421212 0.360626 0.0259059 0.0655981 0.212747
0.032824 0.144975 9.9964E-05 0.43908 9.9964E-05 0.382617 9.9964E-05 0.000104449 9.9964E-05
9.9982E-05 0.0246609 0.129758 0.513261 0.101621 0.134417 9.9982E-05 0.0641589 0.0319236
9.9982E-05 0.0762386 0.0964227 0.160263 0.0219664 0.478327 9.9982E-05 0.0815572 0.0850246
9.9955E-05 9.9955E-05 9.9955E-05 0.524381 9.9955E-05 0.0550593 9.9955E-05 0.0651503 0.35491
9.9955E-05 9.9955E-05 9.9955E-05 0.148944 0.0312086 0.254859 9.9955E-05 9.9955E-05 0.564489
9.9982E-05 0.0556799 0.0398595 0.551607 0.0991887 9.9982E-05 0.0826204 0.0108064 0.160038
0.0566217 0.083546 9.9955E-05 9.9955E-05 9.9955E-05 0.0179246 9.9955E-05 9.9955E-05 0.841408
0.00270985 0.0239113 0.0225206 9.9964E-05 9.9964E-05 0.157416 9.9964E-05 9.9964E-05 0.793042
9.9955E-05 9.9955E-05 0.0578214 0.232891 9.9955E-05 0.0705803 9.9955E-05 9.9955E-05 0.638207
9.9964E-05 9.9964E-05 9.9964E-05 0.435237 0.0362169 0.118675 9.9964E-05 0.0144216 0.39505
9.9982E-05 0.0708984 0.0315785 0.541506 0.087118 0.0817616 9.9982E-05 0.0652605 0.121677
9.9973E-05 0.0515548 9.9973E-05 0.422415 0.000787702 0.144273 9.9973E-05 0.0218398 0.35883
9.9964E-05 9.9964E-05 9.9964E-05 0.132372 0.0842474 0.118622 9.9964E-05 0.0744544 0.589905
9.9964E-05 9.9964E-05 9.9964E-05 0.282087 0.0244644 0.0699316 9.9964E-05 0.190078 0.433039
9.9982E-05 9.9982E-05 0.0222165 0.485578 0.127513 0.0487674 0.0387894 0.046191 0.230745
0.044298 9.9964E-05 9.9964E-05 0.147221 9.9964E-05 0.136074 0.0983306 9.9964E-05 0.573676
0.0133244 9.9973E-05 0.0156507 0.425728 0.082047 0.0907687 9.9973E-05 9.9973E-05 0.372182
0.0561675 9.9964E-05 0.0404606 0.364526 0.00109138 9.9964E-05 9.9964E-05 9.9964E-05 0.537355
0.050669 0.121307 0.0735181 9.9964E-05 9.9964E-05 0.0265752 9.9964E-05 9.9964E-05 0.727531
0.0412321 0.0114011 9.9982E-05 0.585174 0.0767413 9.9982E-05 0.0106678 0.0258762 0.248707
9.9964E-05 9.9964E-05 9.9964E-05 0.0922918 0.800951 0.0509721 0.0500628 0.00532258 9.9964E-05
9.9946E-05 9.9946E-05 9.9946E-05 0.0882132 0.900367 9.9946E-05 9.9946E-05 9.9946E-05 0.01082
9.9964E-05 0.040718 9.9964E-05 0.12719 0.823169 9.9964E-05 0.00711592 0.00140782 9.9964E-05
9.9946E-05 0.0850921 9.9946E-05 0.0763265 0.837982 9.9946E-05 9.9946E-05 9.9946E-05 9.9946E-05
9.9946E-05 0.0376307 9.9946E-05 0.096538 0.865232 9.9946E-05 9.9946E-05 9.9946E-05 9.9946E-05
9.9955E-05 0.124261 9.9955E-05 0.0698547 0.79958 9.9955E-05 0.00580448 9.9955E-05 9.9955E-05
0.0180771 9.99461E-05 9.99461E-05 0.0908067 0.890517 9.99461E-05 9.99461E-05 9.99461E-05 9.99461E-05
9.9973E-05 9.9973E-05 9.9973E-05 0.39839 0.0797156 0.061311 0.122233 0.0584511 0.279599
0.0203065 9.9991E-05 0.0394125 0.548434 0.0614808 0.0468961 0.0534769 0.0861743 0.143719
9.9955E-05 9.9955E-05 9.9955E-05 0.0160235 0.0402926 0.178928 9.9955E-05 9.9955E-05 0.764256
0.0346229 0.00818461 0.120872 0.436631 0.0819274 0.136829 0.0303285 9.9991E-05 0.150504
0.0899624 9.9964E-05 9.9964E-05 0.372661 9.9964E-05 0.134186 0.0313556 9.9964E-05 0.371435
0.0883764 9.9964E-05 0.049768 0.584449 0.0626154 9.9964E-05 9.9964E-05 9.9964E-05 0.214391
0.0616171 9.9973E-05 0.138328 0.634481 0.031284 0.0167816 9.9973E-05 9.9973E-05 0.117208
9.9955E-05 9.9955E-05 0.0455771 0.398795 9.9955E-05 9.9955E-05 0.0873479 9.9955E-05 0.46778
9.9964E-05 9.9964E-05 0.039436 9.9964E-05 0.0728973 0.137597 9.9964E-05 0.111354 0.638315
9.9982E-05 9.9982E-05 0.0618441 0.448612 0.177356 0.0665036 0.0259352 0.0539245 0.165625
9.9973E-05 9.9973E-05 0.0199882 0.596051 0.0521319 0.108266 0.00432726 9.9973E-05 0.218936
9.9982E-05 0.0747 0.0701797 0.566689 0.113526 0.0663794 9.9982E-05 0.0124705 0.0958548
0.0588555 0.00681232 9.9973E-05 0.27731 0.0598253 9.9973E-05 9.9973E-05 0.0292387 0.567659
0.0603377 9.9973E-05 0.0490759 0.401542 9.9973E-05 0.0294056 0.06749 9.9973E-05 0.391849
0.0765238 9.9964E-05 9.9964E-05 0.413849 0.010783 0.113805 9.9964E-05 9.9964E-05 0.384639
9.9946E-05 9.9946E-05 9.9946E-05 0.2926 9.9946E-05 9.9946E-05 0.0830427 9.9946E-05 0.623757
0.0652231 9.9973E-05 9.9973E-05 0.384299 0.0432394 0.0685379 9.9973E-05 0.0223708 0.41603
0.0262096 0.00535156 0.0627524 0.575893 0.0606025 0.228509 9.9982E-05 0.0404822 9.9982E-05
9.9964E-05 0.168162 0.187229 0.192478 9.9964E-05 0.305652 9.9964E-05 0.146079 9.9964E-05
9.9982E-05 0.0674094 9.9982E-05 0.369059 0.0492713 0.157636 0.0627835 0.269839 0.0238021
9.9973E-05 9.9973E-05 0.159273 0.504155 0.0933492 0.0701518 9.9973E-05 0.11556 0.0572113
0.0616104 9.9991E-05 0.0538362 0.608585 0.0994938 0.0575822 0.00895013 0.0414281 0.0684143
9.9982E-05 0.0295065 0.00395577 0.454085 0.0368037 0.265398 0.00760309 0.202448 9.9982E-05
0.0333956 0.0345227 9.9964E-05 0.540356 9.9964E-05 0.234626 9.9964E-05 0.156701 9.9964E-05
9.9964E-05 9.9964E-05 0.0894263 0.441211 0.0833617 0.170691 9.9964E-05 0.21491 9.9964E-05
0.0979218 9.9982E-05 0.0954189 0.567807 0.0456044 0.00958736 9.9982E-05 0.117002 0.0664582
0.0812218 0.0595759 9.9973E-05 0.612163 9.9973E-05 0.0276399 0.050735 0.168365 9.9973E-05
0.0279223 9.9982E-05 0.0484434 0.529432 0.0504307 0.200716 9.9982E-05 0.0553852 0.0874704
9.9955E-05 9.9955E-05 0.0129238 0.462914 9.9955E-05 0.273381 9.9955E-05 0.250281 9.9955E-05
9.9973E-05 0.101588 0.0194563 0.610218 9.9973E-05 9.9973E-05 0.0751326 0.146815 0.0464895
0.0783919 9.9991E-05 0.0587165 0.537925 0.118641 0.0345139 0.0538794 0.0994124 0.0184205
9.9973E-05 9.9973E-05 0.114018 0.502082 9.9973E-05 0.163544 0.0409954 0.152565 0.0264958
0.0187268 0.0881833 0.0168213 0.632461 0.0391978 9.9991E-05 0.032188 0.160426 0.0118958
0.0793338 9.9982E-05 0.116578 0.518004 9.9982E-05 0.107709 0.0649543 0.090064 0.0231561
9.9982E-05 0.0652155 0.114519 0.393444 0.0759249 0.261028 9.9982E-05 0.0808297 0.00883902
9.9973E-05 0.0156016 9.9973E-05 0.624777 0.0163136 0.190757 0.0423161 0.109934 9.9973E-05
9.99574E-05 0.123332 0.0343574 0.742421 9.99574E-05 9.99574E-05 9.99574E-05 0.0993899 9.99574E-05
0.0228017 9.9982E-05 0.113392 0.149988 9.9982E-05 0.354642 0.0798243 0.173724 0.105427
0.000313416 0.183715 0.213334 0.19047 9.9973E-05 0.263832 9.9973E-05 0.148037 9.9973E-05
0.0967755 0.0124298 9.9982E-05 0.505083 0.00408099 0.0377817 9.9982E-05 0.239384 0.104265
0.0278821 0.140989 0.161176 0.0667366 9.9991E-05 0.121534 0.0231267 0.246664 0.211792
9.9973E-05 9.9973E-05 0.149994 0.186342 0.0512344 0.36597 9.9973E-05 0.17161 0.0745495
9.9964E-05 9.9964E-05 0.00892689 0.456683 9.9964E-05 0.339949 9.9964E-05 0.11654 0.0775013
9.9964E-05 9.9964E-05 9.9964E-05 0.348976 0.000497398 0.342509 9.9964E-05 0.255096 0.0525207
0.0467267 9.9973E-05 0.0738898 0.255387 9.9973E-05 0.418698 9.9973E-05 0.201829 0.00316996
0.0587889 9.9991E-05 0.0148488 0.508643 0.0510546 0.0570337 0.082588 0.101876 0.125067
9.9982E-05 0.0337775 0.0580455 0.520427 0.127318 0.127661 9.9982E-05 0.0657439 0.0668264
9.9973E-05 9.9973E-05 0.186098 0.439217 0.105301 0.19308 9.9973E-05 0.0152751 0.0607295
9.9982E-05 0.18062 0.159869 0.144304 9.9982E-05 0.269855 0.0194142 0.186335 0.039403
0.0165174 0.0432775 9.9973E-05 0.572319 0.123242 0.0311547 9.9973E-05 9.9973E-05 0.21319
0.228167 0.0332902 0.084276 0.424773 9.9991E-05 0.111773 0.0176233 0.0681452 0.0318518
0.231367 0.234061 0.227838 9.9982E-05 0.0868752 0.0233712 9.9982E-05 0.111424 0.0848646
0.128161 9.9982E-05 0.0436467 0.582501 0.109202 0.0243876 0.0116758 9.9982E-05 0.100225
0.0981666 0.176723 0.139492 0.319046 0.0315326 9.9991E-05 0.0240645 0.048088 0.162787
0.0987433 0.162742 0.0805272 0.474723 9.9982E-05 0.0970954 9.9982E-05 0.042627 0.0433417
0.244449 0.186377 0.0599374 0.224089 9.9982E-05 0.0376023 9.9982E-05 0.168914 0.0784316
0.323972 0.0959726 0.1233 0.102872 0.0417975 0.166798 9.9991E-05 0.097264 0.0479236
0.202283 0.0313294 0.117247 0.397474 0.0349903 0.0459149 9.9991E-05 0.100394 0.0702666
0.0318111 0.105959 0.00537446 0.485437 0.0371483 0.0754791 0.0577839 0.060996 0.140012
0.113823 0.0143561 0.0977825 0.391142 0.122927 0.147982 9.9991E-05 0.0832989 0.0285881
0.285267 0.209702 0.0467679 9.9991E-05 0.0124952 0.177886 0.107151 0.00357641 0.157055
0.0167229 0.0803004 0.122237 0.505961 0.0454288 0.0875507 0.0810043 0.0577048 0.00309084
0.315909 0.0312961 0.00540685 0.28973 9.9982E-05 0.11774 9.9982E-05 0.0737037 0.166014
0.196725 0.0699061 0.0938418 0.443538 9.9973E-05 0.114199 9.9973E-05 9.9973E-05 0.0814902
0.0554089 0.0541504 0.0904654 0.550065 0.076079 9.9991E-05 0.0381791 0.0068019 0.128751
0.0946103 0.222578 9.9982E-05 0.135142 0.22683 0.0616444 0.235382 0.0236126 9.9982E-05
0.0476028 0.471208 9.9955E-05 9.9955E-05 0.401847 9.9955E-05 0.0788423 9.9955E-05 9.9955E-05
0.143547 0.515932 9.9955E-05 9.9955E-05 0.284752 9.9955E-05 0.0552689 9.9955E-05 9.9955E-05
0.0566109 0.338123 9.9973E-05 0.0701388 0.201076 9.9973E-05 0.267516 0.0662351 9.9973E-05
0.346864 0.00173388 9.9955E-05 0.590694 9.9955E-05 9.9955E-05 9.9955E-05 9.9955E-05 0.0602083
0.193417 9.9991E-05 0.034679 0.456393 0.0606847 0.0579048 0.0885341 0.00895385 0.0993343
9.9955E-05 9.9955E-05 9.9955E-05 0.237517 9.9955E-05 0.0544127 0.679302 9.9955E-05 0.0282681
9.9973E-05 0.0159573 9.9973E-05 0.410298 0.0273169 0.115954 0.358715 0.0714587 9.9973E-05
9.9991E-05 0.0111319 0.0647256 0.292859 0.0595297 0.11424 0.378949 0.0140891 0.0643755
0.444799 0.0497879 0.141153 0.311364 9.9964E-05 9.9964E-05 9.9964E-05 9.9964E-05 0.0524971
0.110434 0.0319172 0.0757927 0.480813 0.0915516 0.0415414 0.035134 9.9991E-05 0.132717
0.607054 0.0978425 0.17702 0.0959977 9.9964E-05 9.9964E-05 9.9964E-05 9.9964E-05 0.0216865
0.18834 0.0632516 0.0590281 0.590391 9.9982E-05 0.0382301 9.9982E-05 0.00663389 0.0539259
0.193583 9.9973E-05 0.221111 0.467338 0.0602075 0.0397221 9.9973E-05 9.9973E-05 0.0177381
0.281945 0.0630798 0.0255121 0.523741 9.9982E-05 0.0544099 0.0294621 9.9982E-05 0.02165
0.487352 0.104781 0.116043 0.103986 9.9973E-05 0.140661 9.9973E-05 9.9973E-05 0.0468766
0.0471863 0.0642736 0.120525 0.535063 0.0392158 9.9982E-05 0.0541211 9.9982E-05 0.139416
0.140848 0.0401327 0.0876627 0.454161 0.0612028 9.9982E-05 0.0605685 9.9982E-05 0.155224
9.9937E-05 9.9937E-05 0.0280475 9.9937E-05 9.9937E-05 9.9937E-05 0.971253 9.9937E-05 9.9937E-05
0.0291359 9.9946E-05 9.9946E-05 0.0958127 9.9946E-05 9.9946E-05 0.874452 9.9946E-05 9.9946E-05
9.9973E-05 9.9973E-05 9.9973E-05 0.198671 0.0218317 0.0289162 0.59517 0.00802719 0.147084
0.00133707 9.9964E-05 9.9964E-05 0.286583 9.9964E-05 9.9964E-05 0.669083 0.0352141 0.0073825
0.0271526 9.9973E-05 9.9973E-05 0.0812031 0.0314244 0.0238641 0.82496 9.9973E-05 0.0110957
9.9937E-05 0.00269007 9.9937E-05 9.9937E-05 9.9937E-05 9.9937E-05 0.99661 9.9937E-05 9.9937E-05
9.9937E-05 9.9937E-05 9.9937E-05 9.9937E-05 9.9937E-05 9.9937E-05 0.953353 0.0459475 9.9937E-05
9.9955E-05 9.9955E-05 9.9955E-05 0.196673 9.9955E-05 0.00818906 0.788325 9.9955E-05 0.00631348
0.0272133 9.9955E-05 9.9955E-05 9.9955E-05 9.9955E-05 0.0291669 0.942766 9.9955E-05 0.000353913
9.993E-05 9.993E-05 9.993E-05 9.993E-05 9.993E-05 9.993E-05 0.999201 9.993E-05 9.993E-05
9.993E-05 9.993E-05 9.993E-05 9.993E-05 9.993E-05 9.993E-05 0.999201 9.993E-05 9.993E-05
0.0657298 9.9955E-05 9.9955E-05 0.0875867 9.9955E-05 0.0500171 0.796167 9.9955E-05 9.9955E-05
9.9955E-05 9.9955E-05 9.9955E-05 0.0991005 0.0565576 0.0244462 0.819396 9.9955E-05 9.9955E-05
9.9946E-05 9.9946E-05 9.9946E-05 9.9946E-05 9.9946E-05 0.0170507 0.956568 9.9946E-05 0.0257815
9.9991E-05 0.0254063 0.0528818 0.212553 0.0407948 0.0809594 0.446236 0.00740157 0.133666
9.9964E-05 9.9964E-05 9.9964E-05 0.22749 0.0149985 0.000422856 0.663846 0.0928433 9.9964E-05
9.9964E-05 0.0314968 9.9964E-05 0.169922 0.08252 9.9964E-05 0.696776 0.0188849 9.9964E-05
0.0089143 0.0281107 9.9964E-05 0.0430536 9.9964E-05 0.0470083 0.872513 9.9964E-05 9.9964E-05
9.9946E-05 9.9946E-05 9.9946E-05 0.0449948 9.9946E-05 9.9946E-05 0.944927 9.9946E-05 0.00947812
9.9964E-05 0.0258229 9.9964E-05 0.0639381 0.0339829 9.9964E-05 0.834452 0.041404 9.9964E-05
9.9937E-05 9.9937E-05 9.9937E-05 9.9937E-05 9.9937E-05 9.9937E-05 0.983593 9.9937E-05 0.0157074
0.0674511 9.9991E-05 0.0372367 0.190885 0.0237671 0.0268496 0.587613 0.0346562 0.0314414
9.9964E-05 9.9964E-05 9.9964E-05 0.0185406 0.017442 0.0542346 0.861663 9.9964E-05 0.0477203
0.435391 0.226032 0.0653824 9.9964E-05 0.259912 9.9964E-05 0.0128821 9.9964E-05 9.9964E-05
0.234303 0.138838 9.9982E-05 0.35373 0.0808261 0.0665738 0.0660719 0.0594576 9.9982E-05
0.245491 0.013521 0.00796571 0.304582 0.204827 9.9991E-05 0.0832926 0.0802323 0.059988
0.3382 0.238263 0.00519421 0.100366 0.115549 9.9991E-05 0.13307 0.0198325 0.0494252
0.143292 0.218717 0.057045 0.438075 0.042742 9.9982E-05 0.0773119 9.9982E-05 0.0226174
0.309527 0.242163 0.0659466 0.152551 0.149898 9.9982E-05 0.055484 9.9982E-05 0.0242299
0.118018 0.0624141 0.0947872 0.463342 0.177556 0.0603392 0.022573 0.000870205 9.9991E-05
0.317408 0.168615 9.9973E-05 0.271683 0.0578272 9.9973E-05 0.16926 9.9973E-05 0.0149079
0.145433 0.145795 9.9973E-05 0.48022 0.127292 9.9973E-05 0.0634063 9.9973E-05 0.0375539
0.276131 0.22346 9.9964E-05 0.321289 0.0264191 9.9964E-05 0.1523 9.9964E-05 9.9964E-05
0.300345 0.0283369 9.9973E-05 0.37484 0.148463 0.0362733 0.111442 9.9973E-05 9.9973E-05
0.0262183 0.0484709 9.9973E-05 0.0408775 0.783004 9.9973E-05 9.9973E-05 0.0907813 0.010348
9.9955E-05 0.0692387 0.028157 9.9955E-05 0.854348 9.9955E-05 0.0477568 9.9955E-05 9.9955E-05
9.9955E-05 0.0877945 9.9955E-05 0.0123253 0.892864 9.9955E-05 9.9955E-05 0.00651654 9.9955E-05
9.9955E-05 0.0287977 9.9955E-05 0.0392018 0.881642 9.9955E-05 9.9955E-05 0.0498591 9.9955E-05
9.9964E-05 0.0975233 9.9964E-05 0.0320214 0.831537 9.9964E-05 0.00531715 0.0332011 9.9964E-05
9.9955E-05 0.135197 0.0124965 9.9955E-05 0.794821 9.9955E-05 0.0569859 9.9955E-05 9.9955E-05
9.9964E-05 9.9964E-05 9.9964E-05 0.0333146 0.858424 9.9964E-05 0.0990123 0.00532673 0.00352293
9.9955E-05 0.0971553 0.0524402 9.9955E-05 0.84143 9.9955E-05 9.9955E-05 0.00847441 9.9955E-05
9.9964E-05 0.0920081 0.01831 0.0208437 0.837235 9.9964E-05 9.9964E-05 9.9964E-05 0.031203
9.9955E-05 0.143647 9.9955E-05 0.0156816 0.777635 9.9955E-05 0.0625363 9.9955E-05 9.9955E-05
9.9964E-05 9.9964E-05 0.0491622 9.9964E-05 0.635914 0.192415 9.9964E-05 0.0589298 0.0631797
9.9964E-05 0.000614158 9.9964E-05 9.9964E-05 0.599935 0.131899 9.9964E-05 0.206783 0.0603691
9.9964E-05 9.9964E-05 0.108563 9.9964E-05 0.517865 0.228371 9.9964E-05 0.0767942 0.068007
0.0533448 9.9973E-05 0.019059 9.9973E-05 0.503969 0.261411 9.9973E-05 0.118419 0.043497
9.9982E-05 9.9982E-05 0.0557496 0.478438 0.0818093 0.132327 0.011516 0.0197723 0.220188
0.000119232 9.9982E-05 0.0748793 0.541609 9.9982E-05 0.0886067 0.0204692 0.0088719 0.265245
9.9982E-05 9.9982E-05 0.0597559 0.45679 0.0421248 0.0667734 0.097384 0.0791358 0.197836
9.9973E-05 0.0751229 0.0217561 0.387832 9.9973E-05 0.256546 9.9973E-05 0.0926997 0.165744
0.0655537 9.9982E-05 0.0438247 0.0399243 9.9982E-05 0.397427 0.0525514 0.322841 0.0776782
9.9973E-05 9.9973E-05 0.0838298 0.515047 0.00102153 9.9973E-05 0.0804529 0.0994017 0.219947
9.9982E-05 0.0247904 0.0176153 0.561065 9.9982E-05 0.0359797 0.00736859 0.0910748 0.261907
9.9964E-05 9.9964E-05 0.0483412 0.529261 9.9964E-05 0.148236 9.9964E-05 0.0349573 0.238805
0.058204 9.9955E-05 0.061077 0.399087 9.9955E-05 9.9955E-05 9.9955E-05 9.9955E-05 0.481132
9.9982E-05 0.0228291 0.0606699 0.605411 0.042796 9.9982E-05 0.0178505 0.124316 0.125927
9.99549E-05 9.99549E-05 9.99549E-05 0.379289 9.99549E-05 0.126071 9.99549E-05 0.14588 0.34826
0.0119963 9.9955E-05 0.120274 9.9955E-05 9.9955E-05 9.9955E-05 9.9955E-05 0.0962201 0.771009
9.9982E-05 0.120593 0.0135598 0.532082 0.0247502 0.0653405 9.9982E-05 0.0632282 0.180246
0.0460826 0.0581973 0.106567 0.253194 9.9991E-05 0.0655751 0.00280718 0.0176515 0.449826
9.9964E-05 9.9964E-05 0.0353052 0.461195 9.9964E-05 9.9964E-05 0.0435298 0.0389878 0.420583
9.9964E-05 9.9964E-05 9.9964E-05 0.0388006 0.0306088 0.239229 9.9964E-05 0.0540771 0.636884
0.175126 0.0393762 9.9955E-05 9.9955E-05 0.0252327 9.9955E-05 9.9955E-05 0.759765 9.9955E-05
0.211577 9.9955E-05 9.9955E-05 0.0113439 0.0485282 9.9955E-05 9.9955E-05 0.728051 9.9955E-05
0.149318 9.9946E-05 0.0463409 9.9946E-05 9.9946E-05 9.9946E-05 9.9946E-05 0.803741 9.9946E-05
0.0989889 9.9964E-05 0.0108782 9.9964E-05 0.0502883 9.9964E-05 9.9964E-05 0.792036 0.0474088
0.186515 9.9964E-05 9.9964E-05 0.045815 9.9964E-05 0.00427265 0.00703439 0.755963 9.9964E-05
0.074018 9.9964E-05 9.9964E-05 0.0606045 0.00538497 9.9964E-05 0.0758412 0.783751 9.9964E-05
9.9964E-05 9.9964E-05 9.9964E-05 0.0888627 0.875188 0.0144934 0.0173956 9.9964E-05 0.0036603
9.9964E-05 0.0245235 9.9964E-05 0.0281661 0.780775 0.111181 0.0549543 9.9964E-05 9.9964E-05
9.9955E-05 9.9955E-05 9.9955E-05 0.0644996 0.733743 0.0459715 0.155286 9.9955E-05 9.9955E-05
9.9964E-05 0.0743284 9.9964E-05 9.9964E-05 0.688568 0.0826416 0.139166 0.0148962 9.9964E-05
0.0379115 9.9964E-05 9.9964E-05 0.0723601 0.75741 0.0408951 0.0910231 9.9964E-05 9.9964E-05
0.0939411 9.9955E-05 9.9955E-05 9.9955E-05 0.347854 9.9955E-05 9.9955E-05 0.466289 0.0914161
0.134391 0.0177005 0.0900239 9.9964E-05 0.409546 9.9964E-05 9.9964E-05 0.347938 9.9964E-05
0.00296591 9.9973E-05 0.124223 9.9973E-05 0.447263 9.9973E-05 0.00777264 0.386262 0.0312137
9.9955E-05 9.9955E-05 9.9955E-05 0.080121 0.808655 0.0667382 0.0439856 9.9955E-05 9.9955E-05
9.9955E-05 9.9955E-05 0.0531544 9.9955E-05 0.363432 9.9955E-05 9.9955E-05 0.461987 0.120927
0.045115 0.249684 0.0129319 0.262811 0.0595019 0.0178895 0.335672 0.0162941 9.9991E-05
9.9982E-05 0.0346871 9.9982E-05 0.617115 0.0803688 0.0371546 0.153853 0.0484066 0.0282157
9.9955E-05 9.9955E-05 9.9955E-05 0.553007 0.225332 0.0189134 0.202248 9.9955E-05 9.9955E-05
0.11286 0.112643 0.055384 0.404557 0.230053 9.9973E-05 0.0842028 9.9973E-05 9.9973E-05
0.100491 9.9982E-05 9.9982E-05 0.43783 0.1705 0.0691815 0.140958 0.023104 0.0577351
0.0142527 0.428841 9.9964E-05 0.0261709 0.298008 9.9964E-05 0.232328 9.9964E-05 9.9964E-05
0.0484536 9.9991E-05 0.0783243 0.315413 0.00243656 0.288021 0.0365843 0.109903 0.120763
0.0419552 0.101214 0.166777 0.355087 9.9982E-05 0.0766733 9.9982E-05 0.191994 0.0660994
0.00542067 0.0196394 9.9973E-05 0.177711 0.0460881 0.592027 9.9973E-05 0.158814 9.9973E-05
9.9964E-05 9.9964E-05 0.230413 0.454782 9.9964E-05 0.170904 9.9964E-05 0.0494017 0.0940993
9.9964E-05 0.227658 0.353861 9.9964E-05 9.9964E-05 0.0676842 9.9964E-05 0.0589235 0.291474
0.00391414 0.0533096 0.121255 0.432779 0.120274 0.110258 9.9982E-05 9.9982E-05 0.15801
0.0503381 9.9973E-05 0.285287 0.489898 9.9973E-05 0.094748 9.9973E-05 0.0510853 0.0283443
0.0522537 9.9973E-05 9.9973E-05 0.254093 0.0222458 0.466779 9.9973E-05 0.12151 0.0828191
0.09018 9.9964E-05 9.9964E-05 0.521474 0.12762 9.9964E-05 9.9964E-05 0.145591 0.114735
9.9964E-05 0.220668 0.219924 0.00473049 9.9964E-05 0.447407 9.9964E-05 9.9964E-05 0.106871
9.9982E-05 0.0480723 0.207653 0.431251 9.9982E-05 0.20004 0.0229246 0.0592727 0.0305864
9.9964E-05 0.0528689 9.9964E-05 0.561261 9.9964E-05 0.205488 9.9964E-05 0.120761 0.0592209
0.0155662 0.14768 0.00158349 0.365387 0.0918951 9.9991E-05 0.163567 0.0664621 0.147759
0.0361834 0.0516051 0.207462 0.298258 9.9982E-05 0.311091 9.9982E-05 0.079609 0.0155907
9.9973E-05 0.0553659 0.0704615 0.417908 9.9973E-05 0.235701 9.9973E-05 0.0838911 0.136372
0.19622 9.9973E-05 0.119709 0.390463 9.9973E-05 0.0738128 0.103018 9.9973E-05 0.116479
0.0574976 0.0793457 0.0679268 0.482937 9.9982E-05 0.0586239 9.9982E-05 0.161514 0.0919555
0.0571343 0.00122794 0.116397 0.616532 0.0142334 0.0452848 9.9991E-05 0.106224 0.0428671
0.0180933 0.00157392 0.0851113 0.548896 0.0880129 0.0911493 9.9991E-05 0.0653066 0.101757
0.0707185 0.0648151 9.9982E-05 0.459613 0.0211504 0.110804 9.9982E-05 0.165929 0.10677
0.0363593 9.9964E-05 9.9964E-05 0.0861194 0.714033 9.9964E-05 0.14097 9.9964E-05 0.0221177
9.9964E-05 9.9964E-05 0.0311974 0.00652539 0.801591 9.9964E-05 0.0995142 9.9964E-05 0.0607724
0.0252637 0.0293478 0.0754297 9.9982E-05 0.730047 9.9982E-05 0.069563 0.0330217 0.0371268
9.9964E-05 9.9964E-05 0.0250385 9.9964E-05 0.779871 9.9964E-05 0.0513058 0.0374552 0.105929
0.0328956 9.9964E-05 0.038075 0.0658833 0.818484 9.9964E-05 0.0442623 9.9964E-05 9.9964E-05
9.9973E-05 0.0778431 9.9973E-05 0.0379326 9.9973E-05 0.595164 0.0174947 0.231742 0.0395235
0.0119912 0.070574 0.0818121 0.467168 0.00819321 0.157541 0.0825128 0.0543079 0.0659003
0.14163 0.0828222 0.0531923 0.422984 0.121123 9.9973E-05 0.177948 9.9973E-05 9.9973E-05
9.9973E-05 0.0689747 0.0925103 0.619373 9.9973E-05 0.179007 0.0026105 0.0372247 9.9973E-05
9.9982E-05 0.0284423 0.0175741 0.498204 0.0148103 0.0851007 9.9982E-05 0.23399 0.121679
9.9973E-05 0.101062 0.135549 0.180053 9.9973E-05 0.444098 0.0201207 0.118817 9.9973E-05
0.0119058 0.116793 9.9973E-05 9.9973E-05 0.0672421 0.353822 9.9973E-05 0.33928 0.110657
0.060257 9.9991E-05 0.0849684 0.428055 0.0177625 0.15132 0.00701754 0.207418 0.043102
9.9982E-05 9.9982E-05 0.1289 0.06555 0.129375 0.44055 0.0201008 0.214673 0.000651178
0.0529909 0.10249 0.0384046 0.47023 9.9982E-05 0.148043 9.9982E-05 0.128296 0.0593454
9.9982E-05 0.0345901 0.12691 0.067549 0.136074 0.410225 9.9982E-05 0.222192 0.00226035
0.0384795 9.9982E-05 0.0376325 0.632208 0.0411171 0.128347 0.0261781 0.0958388 9.9982E-05
0.0562783 0.00849848 0.0594034 0.101314 0.0981314 0.492413 9.9991E-05 0.167264 0.0165973
0.00210232 0.0143941 0.164789 0.255161 0.0289408 0.261385 0.123966 0.104373 0.0448885
0.270471 9.9991E-05 0.104615 0.396434 0.0707133 0.0421255 0.0266723 0.00629648 0.0825723
0.46062 0.0103918 0.201742 0.238273 9.9964E-05 9.9964E-05 9.9964E-05 0.0885746 9.9964E-05
0.316177 0.0060305 0.00292585 0.456443 0.0820143 0.136109 9.9973E-05 9.9973E-05 9.9973E-05
0.228648 9.9964E-05 9.9964E-05 0.504568 0.12497 0.131241 9.9964E-05 9.9964E-05 0.0101731
0.508058 9.9973E-05 0.0701872 0.291122 9.9973E-05 0.0073648 9.9973E-05 0.0540888 0.0688788
0.252301 9.9982E-05 0.0682277 0.418712 0.0727818 0.117598 0.0565266 9.9982E-05 0.0136526
0.158025 0.106637 0.123358 0.458812 0.0113269 9.9982E-05 9.9982E-05 0.0614524 0.0801881
0.574211 9.9973E-05 0.217134 0.00163003 9.9973E-05 0.0824756 9.9973E-05 0.0297713 0.0944779
0.534132 0.123184 0.103159 0.180354 9.9964E-05 9.9964E-05 9.9964E-05 9.9964E-05 0.0587702
0.41389 0.000228328 0.0625414 0.445374 0.0207613 9.9973E-05 9.9973E-05 0.0569049 9.9973E-05
0.598809 9.9982E-05 0.101955 0.0185375 0.00727951 0.0652714 9.9982E-05 0.063513 0.144435
0.383882 0.0198095 9.9964E-05 0.303034 9.9964E-05 0.199423 9.9964E-05 9.9964E-05 0.0934511
9.9991E-05 0.0372743 0.0124269 0.0858248 0.00596633 0.416073 0.00875326 0.269413 0.164169
9.9973E-05 0.0404673 0.292772 0.240397 9.9973E-05 0.0738478 9.9973E-05 0.189188 0.163028
9.9973E-05 9.9973E-05 0.102852 0.350038 0.00575217 0.349048 9.9973E-05 0.178287 0.0137235
0.0178621 0.023809 9.9973E-05 0.636839 9.9973E-05 0.175497 0.0061056 0.139587 9.9973E-05
0.0524639 9.9964E-05 9.9964E-05 0.172771 9.9964E-05 0.494701 9.9964E-05 0.213215 0.0664486
0.0163372 0.095367 0.130325 0.451871 9.9982E-05 0.0864337 0.0460265 0.17344 9.9982E-05
0.0218943 9.9982E-05 9.9982E-05 0.504201 0.135178 0.120952 0.0419999 0.10982 0.0657544
0.00712257 9.9982E-05 9.9982E-05 0.453232 0.0121164 0.208943 0.0221662 0.161407 0.134813
9.9973E-05 0.0508243 0.0336237 0.494724 9.9973E-05 0.187307 9.9973E-05 0.127025 0.106196
9.9991E-05 0.00378226 0.0117455 0.344758 0.034704 0.182968 0.0618315 0.264024 0.0960871
9.9973E-05 9.9973E-05 0.0194575 0.196658 9.9973E-05 0.424923 0.0620807 0.171426 0.125155
9.9982E-05 9.9982E-05 0.0995134 0.260361 0.00547888 0.123327 0.123583 0.229048 0.158489
0.00532411 0.0119998 0.0666053 0.598037 9.9982E-05 0.110064 9.9982E-05 0.0938331 0.113937
9.9973E-05 0.0641433 0.0306822 0.580535 0.0293878 0.221121 9.9973E-05 9.9973E-05 0.0738308
0.0556177 0.0918966 0.0748967 0.375107 0.015997 0.137366 0.0225262 0.150769 0.0758245
9.9973E-05 0.0434707 0.161957 0.498309 9.9973E-05 0.147667 0.00420961 0.144086 9.9973E-05
0.0445779 0.0542855 9.9982E-05 0.273791 0.0136962 0.244399 0.0670212 0.302029 9.9982E-05
9.9973E-05 9.9973E-05 0.0550451 0.530897 0.0719113 0.196095 9.9973E-05 0.0707516 0.0750003
9.9982E-05 9.9982E-05 0.0981217 0.45734 0.0820929 0.220473 0.0250399 0.0879578 0.0287741
9.9982E-05 0.025299 0.154699 0.477807 0.0789449 0.0210893 0.0781648 0.163796 9.9982E-05
9.9982E-05 0.0737856 9.9982E-05 0.370199 0.303703 0.0866993 0.124142 0.0253434 0.0159277
9.9973E-05 0.177349 0.00430971 0.491049 9.9973E-05 0.119296 0.19484 9.9973E-05 0.0128562
0.0304376 0.0693173 0.0363535 0.469212 0.12083 9.9991E-05 0.0955024 0.0850448 0.093202
0.105392 0.0661506 0.0103529 0.640591 0.0290694 0.109421 0.0388238 9.9982E-05 9.9982E-05
9.9973E-05 0.028467 0.076076 0.486216 0.223569 0.0305433 0.154828 9.9973E-05 9.9973E-05
0.15021 9.9964E-05 0.16788 0.281431 9.9964E-05 0.322691 0.0773883 9.9964E-05 9.9964E-05
9.9982E-05 0.0325121 9.9982E-05 0.505028 0.117521 0.13877 0.118744 0.00973885 0.0774865
0.162095 0.375874 9.9973E-05 9.9973E-05 0.102152 0.116112 0.10953 9.9973E-05 0.133937
0.0339804 0.0911106 9.9982E-05 0.483482 0.0332084 0.15742 0.140513 0.0600861 9.9982E-05
9.9991E-05 0.0422064 0.0376993 0.499453 0.0991182 0.120589 0.114135 0.0256904 0.0610088
0.0609084 0.0798087 0.0168162 0.471541 0.121448 0.0986721 0.135569 0.0151369 9.9991E-05
0.0105934 0.240247 9.9991E-05 0.335704 0.0984648 0.151897 0.0474678 0.0399146 0.0756119
0.0774201 0.0698936 9.9973E-05 0.55705 0.193604 0.0827339 0.0189983 9.9973E-05 9.9973E-05
9.9973E-05 0.142609 0.0176164 0.609462 0.0994998 0.0811078 0.0494046 9.9973E-05 9.9973E-05
9.9964E-05 0.520318 0.0217383 9.9964E-05 0.32744 9.9964E-05 0.102141 9.9964E-05 0.0279632
9.9982E-05 0.0338761 9.9982E-05 0.448446 0.226079 0.0567411 0.128192 0.0565152 0.0499509
9.9982E-05 0.0424772 0.0249946 0.552092 0.174179 0.0966556 0.0770477 0.0323543 9.9982E-05
0.0640372 0.0750462 0.0898791 0.597197 0.0610658 0.0451193 0.0670192 0.000536151 9.9991E-05
9.9964E-05 0.0947307 0.0384571 0.608308 0.194895 9.9964E-05 0.0632092 9.9964E-05 9.9964E-05
0.0528601 0.0749578 9.9973E-05 0.482895 0.143295 9.9973E-05 0.0963581 0.149334 9.9973E-05
0.0141083 9.9982E-05 0.351144 0.38813 0.0541676 9.9982E-05 0.0672329 0.00628087 0.118736
0.07331 0.0256565 0.217595 0.525082 0.0365296 0.0698906 0.0416985 0.00657534 0.00366263
9.9937E-05 9.9937E-05 0.888135 9.9937E-05 9.9937E-05 0.111166 9.9937E-05 9.9937E-05 9.9937E-05
0.0187658 9.99639E-05 0.86732 9.99639E-05 0.0124318 9.99639E-05 9.99639E-05 0.0584171 0.042665
9.9973E-05 9.9973E-05 0.365889 0.298351 0.0494281 0.0330719 0.152148 9.9973E-05 0.100812
9.9982E-05 0.201431 0.100605 0.383923 0.0249578 0.0389883 0.245058 0.00483638 9.9982E-05
9.9964E-05 0.164207 0.226833 0.291688 0.020756 9.9964E-05 0.296116 9.9964E-05 9.9964E-05
0.00843723 0.273388 0.142594 0.123379 0.107315 0.063398 0.281289 9.9982E-05 9.9982E-05
9.9973E-05 0.0665063 0.172932 0.2791 0.123289 0.0613733 0.296499 9.9973E-05 9.9973E-05
0.0475591 0.170693 0.64995 0.0929414 0.00759698 9.9973E-05 0.0309598 9.9973E-05 9.9973E-05
9.9964E-05 0.24887 0.57526 0.121942 0.0268952 9.9964E-05 0.0266321 9.9964E-05 9.9964E-05
9.9982E-05 0.00608699 0.389188 0.453584 0.0119152 0.0271014 0.0847269 9.9982E-05 0.0271977
9.9955E-05 9.9955E-05 0.466356 0.360756 0.0539714 9.9955E-05 0.118417 9.9955E-05 9.9955E-05
9.9955E-05 0.0899096 0.663241 0.17316 9.9955E-05 9.9955E-05 0.0731905 9.9955E-05 9.9955E-05
9.9982E-05 0.0383532 0.274207 0.523138 0.0931802 0.0481316 0.0208163 0.00197321 9.9982E-05
0.0549533 0.0223894 0.294678 0.482392 0.0444523 9.9982E-05 0.073602 0.0273327 9.9982E-05
0.0243506 0.0206082 0.26345 0.289576 0.056091 0.0142344 0.276738 0.00282455 0.0521267
9.9964E-05 9.9964E-05 0.59508 0.229903 0.013144 0.0999068 9.9964E-05 9.9964E-05 0.0615663
0.0346949 9.9964E-05 0.493588 0.308912 9.9964E-05 0.158378 9.9964E-05 9.9964E-05 0.00402801
0.0614644 9.9973E-05 0.323772 0.462177 0.0942298 0.0438125 0.0142442 9.9973E-05 9.9973E-05
0.0310029 0.0476991 0.346442 0.376443 0.0736145 0.0439867 0.0161533 0.0645588 9.9991E-05
0.0367065 0.0106189 0.154444 0.480398 0.0590886 0.12071 0.0241203 0.00664669 0.107267
0.133987 0.0691707 0.37065 0.425693 9.9955E-05 9.9955E-05 9.9955E-05 9.9955E-05 9.9955E-05
0.0322774 9.9955E-05 0.733062 0.177918 9.9955E-05 9.9955E-05 9.9955E-05 0.0562428 9.9955E-05
0.0705937 0.0454441 0.307701 0.488251 9.9973E-05 9.9973E-05 0.0375081 9.9973E-05 0.0502027
9.9973E-05 9.9973E-05 0.743074 0.165135 9.9973E-05 0.0640085 0.0175277 0.00423567 0.00571894
0.0784225 9.9973E-05 0.517213 0.368524 0.0284585 0.00482754 9.9973E-05 0.00225535 9.9973E-05
0.0836438 9.9982E-05 0.238089 0.459525 0.0413632 0.073944 0.100829 9.9982E-05 0.00240595
0.0280083 9.9973E-05 0.33032 0.448646 0.0244068 9.9973E-05 9.9973E-05 0.056366 0.111953
0.0918952 0.0457086 0.12976 0.406117 0.149428 9.9982E-05 0.151487 0.0254044 9.9982E-05
9.9991E-05 0.166977 0.0395041 0.514607 0.12988 0.0394959 0.0554868 0.0295182 0.0244308
0.147814 0.130032 0.016024 0.263049 0.0733259 9.9991E-05 0.287763 0.0748602 0.00703138
0.11136 0.0187424 0.0630219 0.214621 0.165858 0.175562 0.250635 9.9982E-05 9.9982E-05
0.0396907 0.0286342 9.9982E-05 0.444203 0.101212 9.9982E-05 0.177655 0.134941 0.0734647
0.0151583 0.0887313 0.105092 0.480207 0.119356 9.9982E-05 0.144498 0.0467565 9.9982E-05
0.0262207 0.066563 0.623237 9.9964E-05 0.167387 9.9964E-05 0.116192 9.9964E-05 9.9964E-05
0.0871063 9.9973E-05 0.0603865 0.640991 0.0370353 9.9973E-05 0.160236 0.0139446 9.9973E-05
9.9955E-05 0.215628 0.408021 9.9955E-05 0.299986 9.9955E-05 0.0758656 9.9955E-05 9.9955E-05
9.9964E-05 0.0564378 0.233999 0.516441 0.0384978 9.9964E-05 0.154224 9.9964E-05 9.9964E-05
0.0285406 9.9955E-05 0.754254 0.0608432 9.9955E-05 9.9955E-05 9.9955E-05 9.9955E-05 0.155862
9.9955E-05 9.9955E-05 0.83001 9.9955E-05 0.00785198 0.00857614 9.9955E-05 9.9955E-05 0.153062
9.9964E-05 9.9964E-05 0.379512 0.395014 9.9964E-05 0.130978 0.0239119 9.9964E-05 0.070185
9.9946E-05 9.9946E-05 0.322411 0.622675 9.9946E-05 0.054314 9.9946E-05 9.9946E-05 9.9946E-05
0.0116259 9.9964E-05 0.522421 0.348973 9.9964E-05 0.072262 9.9964E-05 9.9964E-05 0.044318
9.9946E-05 9.9946E-05 0.564712 0.430048 9.9946E-05 9.9946E-05 9.9946E-05 9.9946E-05 0.00464083
0.000166464 9.9955E-05 0.515485 0.456401 9.9955E-05 9.9955E-05 0.0274484 9.9955E-05 9.9955E-05
9.9964E-05 0.00615914 0.117905 0.0602167 0.779068 9.9964E-05 0.0362511 9.9964E-05 9.9964E-05
0.0602789 0.00387047 9.9973E-05 9.9973E-05 0.678677 0.0887557 0.0991206 0.0689975 9.9973E-05
9.9946E-05 9.9946E-05 9.9946E-05 9.9946E-05 0.886768 0.057918 0.0547141 9.9946E-05 9.9946E-05
9.9946E-05 0.0149274 9.9946E-05 0.0736164 0.910857 9.9946E-05 9.9946E-05 9.9946E-05 9.9946E-05
0.0384826 0.0234632 9.9982E-05 0.474073 0.0656045 0.0789295 9.9982E-05 0.0259545 0.293292
9.9973E-05 9.9973E-05 0.0668908 0.440854 0.048999 0.117688 0.0417198 9.9973E-05 0.283548
9.9964E-05 9.9964E-05 0.0501526 0.455274 0.00580697 0.171415 9.9964E-05 9.9964E-05 0.316951
0.121635 9.9964E-05 9.9964E-05 0.503301 0.14764 0.0755681 9.9964E-05 9.9964E-05 0.151457
0.147895 9.9964E-05 9.9964E-05 0.448137 9.9964E-05 9.9964E-05 0.0870188 0.116664 0.199886
0.139445 9.9982E-05 0.0120267 0.172364 9.9982E-05 0.0822241 0.0253661 0.0568903 0.511483
9.9955E-05 9.9955E-05 9.9955E-05 0.529711 9.9955E-05 0.0587343 0.0383587 9.9955E-05 0.372696
0.202185 0.00184408 0.022634 0.332435 9.9964E-05 9.9964E-05 9.9964E-05 9.9964E-05 0.440502
9.9982E-05 0.0831688 0.00643706 0.470716 0.221001 0.093694 0.0948976 0.0298853 9.9982E-05
9.9973E-05 0.0689344 0.11386 0.411279 9.9973E-05 0.0810875 9.9973E-05 0.0108193 0.31372
9.9955E-05 9.9955E-05 9.9955E-05 0.30428 9.9955E-05 0.149122 9.9955E-05 0.048839 0.497259
9.9964E-05 9.9964E-05 0.050589 0.51725 9.9964E-05 0.0929374 0.00985508 9.9964E-05 0.328969
9.9973E-05 9.9973E-05 0.122784 0.364202 0.0293087 0.102688 9.9973E-05 0.0147921 0.365925
9.9964E-05 0.0279319 0.0266816 0.518977 9.9964E-05 9.9964E-05 0.0141638 9.9964E-05 0.411846
9.9946E-05 9.9946E-05 9.9946E-05 0.569952 0.0867469 9.9946E-05 9.9946E-05 9.9946E-05 0.342701
0.0394566 9.9955E-05 0.0306677 0.0595895 9.9955E-05 9.9955E-05 9.9955E-05 9.9955E-05 0.869786
0.0144929 0.100597 0.0728098 0.179342 9.9982E-05 0.099435 0.0424482 9.9982E-05 0.490675
9.9955E-05 0.0741704 9.9955E-05 0.266413 9.9955E-05 9.9955E-05 9.9955E-05 0.0626721 0.596245
0.0312838 0.0832426 9.9946E-05 9.9946E-05 9.9946E-05 9.9946E-05 9.9946E-05 9.9946E-05 0.884874
9.9973E-05 9.9973E-05 0.00794839 0.364024 9.9973E-05 0.0831866 0.0557317 0.172876 0.315934
0.116939 0.133571 0.0621381 0.0721164 9.9964E-05 9.9964E-05 9.9964E-05 9.9964E-05 0.614836
9.9946E-05 0.176836 0.0850029 9.9946E-05 9.9946E-05 9.9946E-05 9.9946E-05 9.9946E-05 0.737561
9.9964E-05 9.9964E-05 0.130059 0.580844 0.0321118 9.9964E-05 9.9964E-05 0.019801 0.236785
9.9964E-05 9.9964E-05 9.9964E-05 0.220292 0.0612431 0.14422 9.9964E-05 0.0241032 0.549741
0.128126 9.9964E-05 9.9964E-05 0.331867 9.9964E-05 0.137247 0.0927603 9.9964E-05 0.3096
0.127258 0.00232569 0.00304084 0.416304 0.044619 9.9982E-05 0.109817 9.9982E-05 0.296436
9.9964E-05 9.9964E-05 9.9964E-05 0.431081 9.9964E-05 0.127715 0.00952114 0.0545029 0.376779
9.9982E-05 0.130621 0.176264 0.307699 9.9982E-05 0.160653 0.0123159 0.161241 0.0510071
9.9973E-05 9.9973E-05 0.0415164 0.460877 0.00821295 0.0618092 9.9973E-05 0.01757 0.409714
9.9973E-05 0.022103 9.9973E-05 0.471672 0.0457769 0.123565 9.9973E-05 0.0646575 0.271925
0.0555577 0.0129745 9.9964E-05 0.271607 9.9964E-05 9.9964E-05 9.9964E-05 0.00186525 0.657596
9.9982E-05 0.0432479 0.0371231 0.483752 0.0154339 9.9982E-05 0.0223741 0.0928122 0.305057
0.0771465 9.9955E-05 9.9955E-05 9.9955E-05 0.613911 0.132527 9.9955E-05 0.175916 9.9955E-05
0.0709952 0.0233306 0.0152303 9.9982E-05 0.739663 0.0965844 9.9982E-05 0.0306542 0.023342
0.0633253 0.0252427 9.9964E-05 9.9964E-05 0.778478 0.0682051 9.9964E-05 0.064349 9.9964E-05
9.9964E-05 0.0559102 0.0528986 9.9964E-05 0.784788 9.9964E-05 9.9964E-05 0.0882142 0.0177896
0.0622978 9.9964E-05 9.9964E-05 9.9964E-05 0.712782 0.116104 9.9964E-05 0.0987052 0.00971135
9.9973E-05 9.9973E-05 9.9973E-05 0.0651336 0.0442052 0.203722 0.00159505 0.0630256 0.622019
0.100758 9.9973E-05 9.9973E-05 0.149715 0.0728275 0.111012 9.9973E-05 0.0432835 0.522104
