0.823517 9.9964E-05 9.9964E-05 9.9964E-05 0.0136805 0.072266 0.0246466 9.9964E-05 0.0654895
0.902089 0.0464932 9.9964E-05 0.0121701 9.9964E-05 0.00230492 9.9964E-05 9.9964E-05 0.0365433
0.723139 9.9964E-05 9.9964E-05 9.9964E-05 0.0833996 0.072051 0.054795 9.9964E-05 0.0662153
0.673367 9.9973E-05 9.9973E-05 0.00999143 0.0553422 0.0930467 0.0772217 9.9973E-05 0.0907311
0.824142 9.9964E-05 9.9964E-05 0.0643283 0.0323798 0.0208156 0.057935 9.9964E-05 9.9964E-05
0.582024 9.9982E-05 0.118136 9.9982E-05 0.0540416 0.0989802 0.0582095 0.0567023 0.0317066
0.777895 0.0679625 0.0806531 9.9955E-05 9.9955E-05 9.9955E-05 9.9955E-05 9.9955E-05 0.0729898
0.662139 9.9964E-05 0.122 9.9964E-05 9.9964E-05 0.113771 0.0464806 9.9964E-05 0.0552088
0.794776 9.99639E-05 0.051271 9.99639E-05 9.99639E-05 0.0440871 9.99639E-05 0.0604653 0.0490004
0.629016 9.9982E-05 0.0707655 0.0486904 0.0615274 0.0681889 0.076299 9.9982E-05 0.0453129
0.707398 9.9946E-05 0.127821 9.9946E-05 9.9946E-05 0.164181 9.9946E-05 9.9946E-05 9.9946E-05
9.9955E-05 0.856977 9.9955E-05 9.9955E-05 0.0846869 9.9955E-05 0.0451962 0.0126397 9.9955E-05
0.021751 0.42538 9.9973E-05 9.9973E-05 0.412508 0.0870197 0.0265046 9.9973E-05 0.0265368
0.0733169 0.702568 9.9955E-05 0.0714737 0.152141 9.9955E-05 9.9955E-05 9.9955E-05 9.9955E-05
0.0535532 0.586116 9.9964E-05 9.9964E-05 0.246451 0.00379636 0.109683 9.9964E-05 9.9964E-05
0.128252 0.442888 0.0840323 9.9973E-05 0.245167 9.9973E-05 0.097999 9.9973E-05 0.00136135
0.0303947 0.36459 0.00665303 0.02338 0.472432 9.9982E-05 0.0802648 9.9982E-05 0.0220852
9.9973E-05 0.362885 0.0757329 9.9973E-05 0.406888 9.9973E-05 0.0840641 0.053112 0.0170179
0.11655 0.515761 9.9973E-05 9.9973E-05 0.227943 9.9973E-05 0.0613838 0.0536189 0.0244426
0.0422775 0.792405 0.0835786 9.9955E-05 9.9955E-05 0.0812396 9.9955E-05 9.9955E-05 9.9955E-05
9.9982E-05 0.410003 9.9982E-05 0.0432243 0.343346 0.0124496 0.021487 0.130683 0.0386073
9.9982E-05 0.320275 0.117593 0.0296185 0.401379 0.018038 0.049034 0.0638614 9.9982E-05
0.0909619 0.280207 0.0557875 9.9982E-05 0.472457 0.0657135 0.0048364 9.9982E-05 0.0298371
9.9964E-05 0.683278 0.0368001 9.9964E-05 0.144996 9.9964E-05 0.079116 0.0554099 9.9964E-05
0.127298 0.0900339 0.0787421 9.9982E-05 0.533208 9.9982E-05 0.0408006 0.122771 0.00694618
0.0322202 0.428186 0.00831313 9.9973E-05 0.47014 9.9973E-05 0.0277441 9.9973E-05 0.0330969
9.9946E-05 0.924085 9.9946E-05 9.9946E-05 9.9946E-05 9.9946E-05 0.0698355 9.9946E-05 0.00547936
9.9955E-05 0.793924 9.9955E-05 9.9955E-05 0.032429 9.9955E-05 0.15827 0.0148767 9.9955E-05
0.00843594 0.772574 0.070935 0.0355287 0.112126 9.9964E-05 9.9964E-05 9.9964E-05 9.9964E-05
9.993E-05 9.993E-05 9.993E-05 9.993E-05 9.993E-05 9.993E-05 9.993E-05 9.993E-05 0.999201
9.993E-05 9.993E-05 9.993E-05 9.993E-05 9.993E-05 9.993E-05 9.993E-05 9.993E-05 0.999201
0.539734 9.9964E-05 9.9964E-05 9.9964E-05 0.0700501 9.9964E-05 0.0456529 0.0328656 0.311297
0.506577 9.9964E-05 9.9964E-05 9.9964E-05 0.0569045 9.9964E-05 0.105654 0.0527274 0.277737
0.0304947 0.0932863 0.00342959 0.0687406 0.510608 0.0873385 9.9991E-05 0.177462 0.0285408
0.0276687 0.0292017 0.00227813 9.9991E-05 0.527456 0.0849624 0.076556 0.208525 0.0432522
0.0106927 9.9964E-05 9.9964E-05 0.0320679 0.546663 9.9964E-05 9.9964E-05 0.404036 0.00614064
0.0834544 0.567741 9.9982E-05 0.0128548 0.0859181 0.192527 0.00710178 0.050203 9.9982E-05
9.9964E-05 9.9964E-05 0.0284783 0.0274914 0.278649 9.9964E-05 9.9964E-05 0.606224 0.0587574
0.0832391 0.187812 9.9964E-05 9.9964E-05 0.579674 0.0182567 9.9964E-05 0.130618 9.9964E-05
0.00869948 9.9964E-05 0.0174845 9.9964E-05 0.694725 9.9964E-05 9.9964E-05 0.266729 0.0119622
0.0689848 0.0204192 0.197079 9.9982E-05 0.622644 0.0435904 0.0113577 0.0357247 9.9982E-05
0.00965134 0.0552356 9.9973E-05 9.9973E-05 0.570909 0.163691 9.9973E-05 0.108916 0.0912972
9.9973E-05 0.178008 0.0293665 9.9973E-05 0.0250623 0.00324846 9.9973E-05 0.714484 0.0495302
0.0870234 0.0808193 0.168565 9.9982E-05 0.583397 0.0425851 0.0201374 0.0172722 9.9982E-05
0.0203206 9.9982E-05 9.9982E-05 0.063643 0.512106 0.0603842 0.0956018 0.244378 0.00336654
0.140077 9.9982E-05 0.0578844 0.0535774 0.480135 0.0724235 0.0769713 0.118732 9.9982E-05
9.9955E-05 9.9955E-05 9.9955E-05 9.9955E-05 0.282929 0.0187778 9.9955E-05 0.693811 0.0039823
0.0275681 0.0406116 9.9964E-05 9.9964E-05 0.627842 9.9964E-05 9.9964E-05 0.278053 0.0255253
0.0282159 9.9991E-05 0.0208136 0.112137 0.467811 0.0777956 0.103399 0.170333 0.019395
0.0841021 9.9946E-05 0.244775 9.9946E-05 9.9946E-05 9.9946E-05 9.9946E-05 0.670523 9.9946E-05
9.9973E-05 0.273734 0.0423369 0.0649044 0.169645 0.297299 9.9973E-05 0.151781 9.9973E-05
9.9964E-05 0.406159 0.36185 0.0937905 0.0327542 9.9964E-05 9.9964E-05 0.105046 9.9964E-05
0.0282935 0.158069 0.0388298 0.0100997 0.515812 0.0625345 0.0620958 0.0794241 0.0448413
0.0683476 0.154284 0.109787 0.0507411 0.549697 0.000213494 0.0667301 9.9982E-05 9.9982E-05
9.9973E-05 0.0764413 0.149519 9.9973E-05 0.4753 0.0901717 0.127911 0.0803561 9.9973E-05
0.0749482 0.202657 0.125158 9.9982E-05 0.0934254 0.195719 9.9982E-05 0.270401 0.0374911
9.9982E-05 0.197762 0.0592548 0.0294679 0.565697 0.129549 0.0096072 9.9982E-05 0.00846259
0.0878184 0.0807552 0.152789 9.9991E-05 0.504475 0.0491901 0.0870099 0.0250151 0.0128468
0.0809808 0.257544 0.0858628 0.0382558 0.273268 0.0661933 9.9991E-05 0.165335 0.0324602
0.138056 0.481206 0.186933 0.0191231 0.0155319 0.089136 0.0145244 0.0313398 0.0241496
0.0314217 0.197016 0.0663288 0.0276784 0.545474 9.9982E-05 9.9982E-05 0.0630549 0.0688261
0.0543528 0.351592 0.0251628 0.153648 0.250759 0.0971659 0.0671198 9.9982E-05 9.9982E-05
9.9964E-05 0.701801 0.155435 9.9964E-05 9.9964E-05 0.0685733 9.9964E-05 0.0278054 0.0459856
9.9964E-05 0.338827 9.9964E-05 0.141839 0.433296 0.0810582 9.9964E-05 9.9964E-05 0.00458028
0.00259032 0.105377 0.0799735 0.0948161 0.530318 0.00414784 0.112606 0.0644001 0.00577045
0.0902679 0.0641369 9.9991E-05 0.117626 0.466117 0.0492932 0.0960451 0.0884881 0.0279255
0.0605058 0.345435 0.0677675 0.0764854 0.252712 0.0415103 0.0111025 0.144381 9.9991E-05
0.027954 0.447699 0.0588714 9.9973E-05 0.347447 9.9973E-05 0.0397356 0.0779925 9.9973E-05
0.00238913 0.114172 0.0419816 0.0944936 0.544317 0.104366 9.9991E-05 0.0204897 0.0776914
9.9982E-05 0.564838 0.0656144 0.134934 0.091078 0.0265194 9.9982E-05 0.0508752 0.0659414
9.9955E-05 0.011046 9.9955E-05 9.9955E-05 0.566626 0.0341963 9.9955E-05 0.387632 9.9955E-05
9.9964E-05 0.200366 9.9964E-05 9.9964E-05 0.167581 0.00942796 9.9964E-05 0.610217 0.0120084
0.0383398 9.9991E-05 0.0610216 0.0150966 0.53673 0.106578 0.0353352 0.183182 0.0236166
9.9937E-05 9.9937E-05 0.0972067 9.9937E-05 9.9937E-05 9.9937E-05 9.9937E-05 0.902094 9.9937E-05
9.9955E-05 0.123706 0.0935004 0.0454862 9.9955E-05 9.9955E-05 9.9955E-05 0.736807 9.9955E-05
9.9946E-05 0.0782677 9.9946E-05 9.9946E-05 0.225374 9.9946E-05 9.9946E-05 0.695759 9.9946E-05
9.9964E-05 0.0434675 0.0559799 9.9964E-05 0.400644 9.9964E-05 9.9964E-05 0.430334 0.0691749
0.121044 0.0248215 9.9973E-05 9.9973E-05 0.494892 0.0683449 0.0414304 0.249167 9.9973E-05
9.9982E-05 0.169939 9.9982E-05 0.0141194 0.385686 0.0334388 0.0699861 0.319927 0.00670353
9.9973E-05 0.0945435 9.9973E-05 9.9973E-05 0.0641933 0.120071 0.0548761 0.645048 0.0209683
9.9973E-05 0.0963128 9.9973E-05 9.9973E-05 0.213947 0.223473 0.0176691 0.443289 0.00500909
0.0351138 0.0458839 9.9982E-05 9.9982E-05 0.387773 0.0749119 0.109831 0.299452 0.046835
0.0182442 0.212532 9.9973E-05 9.9973E-05 0.109641 9.9973E-05 0.133195 0.522758 0.00333032
0.0337764 0.0580687 9.9973E-05 0.014075 0.423306 0.0595899 9.9973E-05 0.410884 9.9973E-05
9.9964E-05 9.9964E-05 9.9964E-05 0.0205422 0.372142 0.0133953 9.9964E-05 0.578594 0.0149268
0.00535247 0.0138554 0.21723 0.064238 9.9964E-05 9.9964E-05 9.9964E-05 0.698924 9.9964E-05
9.9982E-05 9.9982E-05 0.0155806 0.0211982 0.650618 0.0206877 0.00581154 0.260371 0.0255324
0.778437 0.048894 9.9973E-05 9.9973E-05 0.103079 0.0124028 0.0389596 9.9973E-05 0.017928
0.824631 9.9946E-05 9.9946E-05 9.9946E-05 0.0944955 9.9946E-05 9.9946E-05 9.9946E-05 0.0802741
0.762756 9.9955E-05 9.9955E-05 9.9955E-05 0.0838323 9.9955E-05 0.0420563 9.9955E-05 0.110856
0.820994 9.9955E-05 0.0362389 9.9955E-05 0.0381715 9.9955E-05 9.9955E-05 9.9955E-05 0.104096
0.769902 9.9955E-05 9.9955E-05 9.9955E-05 0.115778 9.9955E-05 9.9955E-05 0.000339747 0.113481
0.8198 9.9982E-05 9.9982E-05 0.0214218 0.0219657 0.00159788 0.0283618 0.0520469 0.0546057
0.849039 9.99551E-05 9.99551E-05 0.0149627 0.0688589 9.99551E-05 9.99551E-05 9.99551E-05 0.0666396
0.0405706 0.0544505 0.0554527 0.0206113 0.446114 0.0280117 0.128578 0.174142 0.05207
0.0950475 0.0875373 0.0960935 9.9982E-05 0.540401 9.9982E-05 0.0227318 0.125889 0.0320998
0.0508039 0.0433453 9.9964E-05 0.0923536 9.9964E-05 0.0390541 9.9964E-05 0.774043 9.9964E-05
0.100894 0.0354983 0.0282322 9.9991E-05 0.591991 0.0235297 0.0336201 0.135489 0.0506455
9.9964E-05 0.13619 9.9964E-05 9.9964E-05 0.403339 0.0316773 9.9964E-05 0.41855 0.00984393
9.9973E-05 0.0289222 9.9973E-05 0.0366953 0.545357 9.9973E-05 0.0539566 0.322952 0.0118168
0.0371371 0.0293656 9.9982E-05 0.102008 0.500563 9.9982E-05 0.0130349 0.307193 0.0104985
0.00186304 9.9964E-05 9.9964E-05 9.9964E-05 0.441749 9.9964E-05 0.0397016 0.480657 0.0356299
0.0760304 0.198716 9.9955E-05 9.9955E-05 9.9955E-05 0.0396855 9.9955E-05 0.685069 9.9955E-05
0.0906499 9.9982E-05 0.0470134 0.107244 0.401368 9.9982E-05 0.0674787 0.266871 0.0191747
0.0423174 9.9991E-05 0.0444249 0.067534 0.607486 0.0467184 0.0171589 0.161594 0.0126664
9.9982E-05 0.130218 0.00991434 9.9982E-05 0.448567 0.050517 0.162561 0.131323 0.0666993
9.9973E-05 0.0131072 0.129383 0.0728956 0.283138 9.9973E-05 9.9973E-05 0.48413 0.0170467
9.9955E-05 9.9955E-05 9.9955E-05 0.0331578 0.48769 9.9955E-05 9.9955E-05 0.439262 0.0393903
9.9982E-05 0.0533839 0.00991604 0.0688648 0.401076 0.0958244 9.9982E-05 0.369681 0.00105374
9.9955E-05 9.9955E-05 9.9955E-05 0.0573721 0.258711 9.9955E-05 0.112461 0.570956 9.9955E-05
0.0683836 0.0464843 9.9973E-05 9.9973E-05 0.41395 0.0760487 9.9973E-05 0.390023 0.00480981
0.141791 9.9973E-05 9.9973E-05 9.9973E-05 0.47421 0.0958902 0.0713159 0.17956 0.0369327
9.9991E-05 0.370287 0.10435 0.169942 0.141215 0.0909143 0.0212286 0.0461839 0.05578
0.0148524 0.252535 0.0724514 9.9982E-05 0.351661 0.151242 0.101922 9.9982E-05 0.0551359
0.0581474 0.09131 0.0159565 0.137031 0.497509 0.106339 0.0288676 0.0490973 0.0157432
0.0284174 0.0685344 0.0220614 0.00759318 0.59576 0.0878432 0.0436924 0.145998 9.9991E-05
0.0198242 0.369727 0.0255633 0.0273078 0.41102 0.0766841 9.9982E-05 9.9982E-05 0.0696734
9.9982E-05 0.290575 0.0619758 0.0182185 0.557316 0.0374441 0.0181323 9.9982E-05 0.016138
0.00846993 0.28876 9.9973E-05 0.0745612 0.379669 0.196068 0.0521725 9.9973E-05 9.9973E-05
0.055861 0.0902762 0.0423901 0.177014 0.425685 0.0716191 9.9991E-05 0.108038 0.0290171
0.0621434 0.116105 0.041104 0.0199855 0.572995 0.0736843 0.0403257 0.0622044 0.0114524
9.9973E-05 0.285181 0.0485099 0.0130332 0.546356 0.0747957 9.9973E-05 9.9973E-05 0.0318249
0.0104401 0.2926 9.9982E-05 0.0329519 0.459884 0.174432 9.9982E-05 0.0118768 0.0176153
9.9982E-05 0.0582335 0.121384 0.0238951 0.610627 0.0928794 0.0622321 0.0305489 9.9982E-05
0.0449815 9.9991E-05 0.0464045 0.106251 0.504544 0.168692 0.0739414 0.0406842 0.0144015
9.9973E-05 0.273904 9.9973E-05 0.0144247 0.573424 0.109528 0.0220614 9.9973E-05 0.0063584
0.0382178 0.0276236 0.0534926 0.0845917 0.593022 0.0912934 0.0495751 9.9991E-05 0.0620841
9.9973E-05 0.194874 9.9973E-05 0.0802991 0.481906 0.159905 0.0635713 0.0191447 9.9973E-05
0.0871838 0.326665 0.144831 0.0172608 0.349201 0.031986 9.9982E-05 9.9982E-05 0.0426737
0.0729903 0.218913 9.9982E-05 9.9982E-05 0.622432 0.0284094 0.0171513 0.0277723 0.0121315
0.0272527 0.073169 0.0043728 0.0762596 0.636082 0.119309 0.0633552 9.9982E-05 9.9982E-05
9.9982E-05 0.308675 9.9982E-05 0.0557637 0.18725 0.226868 0.0591436 0.153964 0.00813656
0.0086234 0.396191 0.250011 0.144685 0.127335 0.0459645 9.9982E-05 0.02699 9.9982E-05
9.9964E-05 0.166625 0.152486 9.9964E-05 0.535558 0.117623 0.0273077 9.9964E-05 9.9964E-05
9.9982E-05 0.182376 0.105704 0.291923 0.0408259 0.198946 0.0092394 0.170786 9.9982E-05
0.0360008 0.461575 9.9973E-05 0.100247 0.185807 0.124554 9.9973E-05 0.0915159 9.9973E-05
9.9973E-05 0.301126 0.0125096 0.00563185 0.433376 0.165742 9.9973E-05 0.081315 9.9973E-05
0.0131836 0.30064 9.9982E-05 0.0640367 0.178007 0.218713 9.9982E-05 0.193773 0.0314477
9.9982E-05 0.430935 0.0918313 0.0436231 0.226872 0.199174 0.00638694 0.000978302 9.9982E-05
0.0226177 0.0882729 0.0456697 9.9991E-05 0.567324 0.0833295 0.0185747 0.0935368 0.0805751
0.0850329 0.0850572 0.0668316 0.0936651 0.491779 0.0451748 0.0922504 0.0187395 0.0214692
9.9964E-05 0.292714 9.9964E-05 9.9964E-05 0.471447 0.104593 9.9964E-05 0.106416 0.0244296
9.9982E-05 0.401078 0.218923 9.9982E-05 0.137395 0.113389 0.0201341 0.0927231 0.016157
0.189344 0.0336009 0.0546316 0.0132422 0.575113 0.0467129 0.0241623 0.0585486 0.0046444
9.9991E-05 0.00182683 0.210121 0.090571 0.44724 0.0828842 0.0484255 0.0961116 0.0227197
0.0872184 0.0866551 0.446763 0.158683 9.9982E-05 0.0807994 9.9982E-05 0.118401 0.02128
0.085671 0.0211683 0.0626194 0.0642066 0.690335 0.00465055 9.9991E-05 0.0302643 0.040985
0.0804083 0.068486 0.214113 0.0528571 0.3296 0.0992864 0.0220743 0.114864 0.0183101
0.140897 0.100778 0.126329 0.0850742 0.489891 9.9991E-05 0.0248792 0.0268071 0.00524464
0.0257921 0.0900471 0.430818 0.0164865 0.211743 0.0634136 0.0337738 0.0861594 0.0417655
0.0190198 0.119522 0.394428 0.102409 0.207056 0.0834713 9.9991E-05 0.0432741 0.0307194
0.041788 0.0389954 0.203047 0.0731173 0.431702 0.12908 9.9991E-05 0.081958 0.000212812
9.9991E-05 0.076615 0.126988 0.0437375 0.479659 0.0240317 0.0707309 0.0751077 0.10303
0.100546 0.150867 0.152361 0.0752758 0.375352 0.0380252 0.0747545 0.00794384 0.0248744
9.9982E-05 0.181867 0.384829 0.0906894 9.9982E-05 0.024867 0.150683 0.138598 0.0282666
0.0157495 9.9991E-05 0.102063 0.0400652 0.476364 0.149227 0.153173 0.00664281 0.056616
9.9973E-05 0.120265 0.255887 0.0457321 0.358909 0.0636133 9.9973E-05 0.155294 9.9973E-05
9.9973E-05 0.035407 0.204873 0.0443979 0.468137 0.127656 9.9973E-05 0.11923 9.9973E-05
0.0521043 0.0550691 0.06063 9.9991E-05 0.474161 0.0801541 0.0793669 0.184037 0.0143781
0.219089 0.0118219 0.253564 9.9982E-05 0.180488 9.9982E-05 0.210493 0.027041 0.0973028
0.472492 9.9955E-05 0.375061 9.9955E-05 9.9955E-05 9.9955E-05 0.133373 9.9955E-05 0.0185739
0.398409 9.9955E-05 0.429755 9.9955E-05 9.9955E-05 9.9955E-05 0.13401 9.9955E-05 0.037326
0.342845 0.0915076 0.194933 9.9964E-05 0.0349749 9.9964E-05 0.33534 9.9964E-05 9.9964E-05
9.9964E-05 9.9964E-05 0.269093 0.0091042 0.676316 9.9964E-05 9.9964E-05 0.0448141 0.000273141
0.0332873 0.0619688 0.0624775 0.131753 0.463045 0.0267716 0.0352841 0.150253 0.0351593
9.9946E-05 0.02749 9.9946E-05 9.9946E-05 0.251344 9.9946E-05 0.720566 9.9946E-05 9.9946E-05
9.9973E-05 0.149686 9.9973E-05 9.9973E-05 0.265548 0.0105939 0.444931 0.105766 0.0231748
0.0610295 9.9982E-05 0.0145578 9.9982E-05 0.251388 0.042642 0.44929 0.169621 0.0112722
9.9973E-05 0.00707373 0.390173 0.0975226 0.326221 9.9973E-05 9.9973E-05 0.170516 0.00819431
0.0769062 9.9973E-05 0.155493 0.0800453 0.522087 9.9973E-05 9.9973E-05 0.130209 0.0349592
9.9964E-05 0.0513918 0.504949 0.16178 0.187522 9.9964E-05 9.9964E-05 0.0939575 9.9964E-05
9.9973E-05 0.0114691 0.168091 0.0625356 0.618449 0.0614071 9.9973E-05 0.077748 9.9973E-05
0.00359992 0.114207 0.248668 0.0449847 0.4289 9.9973E-05 9.9973E-05 0.159341 9.9973E-05
9.9973E-05 0.0851488 0.268997 0.0131439 0.593033 0.0307291 9.9973E-05 9.9973E-05 0.00864886
9.9964E-05 0.116822 0.474314 0.0426943 0.204675 9.9964E-05 9.9964E-05 0.161096 9.9964E-05
0.0550328 0.0113058 0.139209 0.0468251 0.543227 0.101976 0.0907147 0.0116097 9.9991E-05
9.9982E-05 0.100172 0.157412 0.0414254 0.456619 9.9982E-05 0.0725059 0.0836246 0.0880418
0.0240157 9.9964E-05 9.9964E-05 0.0305713 0.00474133 9.9964E-05 0.930712 0.00955956 9.9964E-05
9.9955E-05 9.9955E-05 9.9955E-05 0.0141599 0.0869503 0.0307408 0.867649 9.9955E-05 9.9955E-05
0.053814 0.0841116 9.9964E-05 0.00710837 0.260074 9.9964E-05 0.594492 9.9964E-05 9.9964E-05
9.9955E-05 9.9955E-05 9.9955E-05 9.9955E-05 0.257998 0.0629562 0.639963 9.9955E-05 0.0385831
0.0452608 9.9955E-05 9.9955E-05 9.9955E-05 0.177628 0.00278015 0.773832 9.9955E-05 9.9955E-05
9.993E-05 9.993E-05 9.993E-05 9.993E-05 9.993E-05 9.993E-05 0.999201 9.993E-05 9.993E-05
9.9955E-05 9.9955E-05 0.00372723 9.9955E-05 9.9955E-05 0.0456765 0.928271 9.9955E-05 0.0218257
9.9937E-05 9.9937E-05 9.9937E-05 9.9937E-05 0.164352 9.9937E-05 0.834948 9.9937E-05 9.9937E-05
9.9946E-05 0.0190607 9.9946E-05 9.9946E-05 9.9946E-05 0.00707004 0.97327 9.9946E-05 9.9946E-05
9.993E-05 9.993E-05 9.993E-05 9.993E-05 9.993E-05 9.993E-05 0.999201 9.993E-05 9.993E-05
9.9937E-05 9.9937E-05 9.9937E-05 9.9937E-05 9.9937E-05 9.9937E-05 0.9911 9.9937E-05 0.00820024
9.9955E-05 0.0635269 9.9955E-05 9.9955E-05 0.200531 9.9955E-05 0.670952 9.9955E-05 0.0644904
0.0240702 9.9955E-05 9.9955E-05 9.9955E-05 0.0968719 0.0422678 0.83629 9.9955E-05 9.9955E-05
9.9946E-05 0.0506427 9.9946E-05 9.9946E-05 9.9946E-05 9.9946E-05 0.931006 9.9946E-05 0.0177515
0.0464564 0.127662 9.99778E-05 9.99778E-05 0.266452 0.047607 0.422104 0.0894181 9.99778E-05
0.00551574 9.9964E-05 9.9964E-05 9.9964E-05 0.216404 0.114946 0.598675 9.9964E-05 0.0640596
0.0638381 9.9964E-05 9.9964E-05 9.9964E-05 0.165256 0.0227715 0.729393 9.9964E-05 0.0183415
9.9964E-05 0.00290333 9.9964E-05 9.9964E-05 9.9964E-05 0.0375381 0.948617 0.00889866 0.00164268
9.9946E-05 9.9946E-05 0.00427226 9.9946E-05 9.9946E-05 9.9946E-05 0.974785 0.0203433 9.9946E-05
0.0547379 9.9955E-05 9.9955E-05 9.9955E-05 0.0930129 9.9955E-05 0.843927 9.9955E-05 0.00782219
0.00297422 9.9946E-05 9.9946E-05 9.9946E-05 9.9946E-05 9.9946E-05 0.981362 9.9946E-05 0.0150642
9.9964E-05 0.0722057 9.9964E-05 9.9964E-05 0.185828 0.0846303 0.639799 9.9964E-05 0.0171366
0.0251799 9.9964E-05 0.0315263 0.0317775 0.0188865 9.9964E-05 0.89223 9.9964E-05 9.9964E-05
0.307624 0.00321144 0.542341 0.0996403 9.9964E-05 9.9964E-05 0.0467842 9.9964E-05 9.9964E-05
0.0850177 0.0792377 0.215565 9.9982E-05 0.342251 0.111972 0.0991698 9.9982E-05 0.0665867
0.155664 9.9982E-05 0.232674 0.0391598 0.408763 0.0785607 0.0600961 0.0248826 9.9982E-05
0.153469 9.9982E-05 0.437713 9.9982E-05 0.14821 0.0383853 0.126328 0.0427424 0.052953
0.0928485 9.9991E-05 0.0782849 0.133761 0.368888 0.0403562 0.196214 0.04095 0.0485971
0.206383 0.0780383 0.360827 0.0581737 0.170793 9.9991E-05 0.092175 0.0135083 0.0200011
0.0898346 0.0774136 0.0964025 0.0820365 0.321356 0.0705064 0.116015 0.074254 0.0721806
0.145384 9.9955E-05 0.356017 9.9955E-05 0.394616 9.9955E-05 0.103483 9.9955E-05 9.9955E-05
0.147289 0.05901 0.0972321 0.089311 0.413992 9.9982E-05 0.158365 9.9982E-05 0.0346007
0.0964789 9.9964E-05 0.358247 9.9964E-05 0.333968 9.9964E-05 0.155003 9.9964E-05 0.0559037
0.126588 0.0332702 0.0971111 9.9991E-05 0.529807 0.0853576 0.0346901 0.0262531 0.0668228
0.829912 9.9955E-05 0.0231275 9.9955E-05 0.0608594 0.0856017 9.9955E-05 9.9955E-05 9.9955E-05
0.814743 0.0568094 9.9955E-05 9.9955E-05 9.9955E-05 9.9955E-05 0.0591908 9.9955E-05 0.0687567
0.922055 9.9955E-05 0.0123434 9.9955E-05 9.9955E-05 0.0230294 9.9955E-05 9.9955E-05 0.0420722
0.905071 9.9955E-05 9.9955E-05 9.9955E-05 0.0132796 0.0520095 9.9955E-05 9.9955E-05 0.0291406
0.796055 0.0221736 9.9964E-05 9.9964E-05 0.0432449 0.0284707 9.9964E-05 9.9964E-05 0.109656
0.799059 9.9955E-05 9.9955E-05 0.0564182 9.9955E-05 9.9955E-05 0.0712773 9.9955E-05 0.0727456
0.835118 9.9964E-05 9.9964E-05 9.9964E-05 0.0147049 0.00370527 0.0747302 9.9964E-05 0.071342
0.818494 9.9973E-05 0.0287968 0.034362 0.0415383 0.00550738 9.9973E-05 9.9973E-05 0.0710011
0.881074 0.00834393 9.9982E-05 0.027781 0.0291381 9.9982E-05 0.0295428 0.0141017 0.00981839
0.837021 0.0449218 9.9964E-05 9.9964E-05 0.0196604 9.9964E-05 0.0932241 9.9964E-05 0.00477284
0.560177 0.177749 9.9973E-05 0.000471909 9.9973E-05 0.0702202 9.9973E-05 0.129028 0.062054
0.577672 0.163049 9.9973E-05 0.00946205 9.9973E-05 0.165903 9.9973E-05 0.0601948 0.0234189
0.477117 0.302832 0.0310407 0.0125231 9.9982E-05 0.0786185 9.9982E-05 0.0258951 0.0717729
0.50146 0.269344 0.00130232 0.0280593 9.9973E-05 0.131697 9.9973E-05 0.067837 9.9973E-05
9.9973E-05 0.0490217 9.9973E-05 0.11428 0.527727 0.068853 9.9973E-05 0.175605 0.0642134
9.9964E-05 0.157022 9.9964E-05 0.128571 0.405312 9.9964E-05 0.0601363 0.248559 9.9964E-05
9.9973E-05 0.0912751 0.0222352 9.9973E-05 0.525919 0.0880546 0.0250859 0.24713 9.9973E-05
9.9991E-05 0.239346 0.0520896 0.00728595 0.353693 0.140178 0.00732727 0.162984 0.0369958
9.9955E-05 0.570414 9.9955E-05 9.9955E-05 0.122714 0.233094 9.9955E-05 0.0732779 9.9955E-05
0.0290028 0.0429926 0.0178214 0.0214935 0.57133 9.9991E-05 0.0265593 0.235254 0.0554473
0.0207546 0.0684347 0.00616266 0.058827 0.491861 0.0287579 0.0414199 0.283682 9.9991E-05
9.9982E-05 0.0657205 0.0532218 0.0683503 0.549732 0.0357791 9.9982E-05 0.226608 0.000388642
9.9955E-05 9.9955E-05 0.0427546 9.9955E-05 0.307983 9.9955E-05 0.0322165 0.616546 9.9955E-05
9.9973E-05 0.0649696 0.0573732 9.9973E-05 0.597554 0.152738 0.0312474 0.0958176 9.9973E-05
9.9982E-05 0.0259871 9.9982E-05 0.0337712 0.360348 0.105292 0.0484012 0.41612 0.00988044
9.9964E-05 0.0132301 0.0353651 0.159225 9.9964E-05 0.0640943 9.9964E-05 0.727686 9.9964E-05
0.0688658 0.0157682 0.00460309 0.128445 0.521796 0.165389 9.9982E-05 0.0949338 9.9982E-05
9.9973E-05 9.9973E-05 0.112147 0.0597846 0.28192 9.9973E-05 0.000261439 0.538009 0.00757756
9.9991E-05 0.0139399 0.0308008 0.0815266 0.52171 0.00442897 0.0160582 0.314244 0.017191
0.0267197 0.235814 9.9964E-05 9.9964E-05 0.0754517 0.0612249 9.9964E-05 0.60039 9.9964E-05
0.0622842 9.9946E-05 0.108427 9.9946E-05 9.9946E-05 0.828689 9.9946E-05 9.9946E-05 9.9946E-05
9.9955E-05 9.9955E-05 0.144191 9.9955E-05 0.0266898 0.799099 0.0295203 9.9955E-05 9.9955E-05
9.9946E-05 9.9946E-05 9.9946E-05 0.0895647 9.9946E-05 0.905817 9.9946E-05 9.9946E-05 0.00401896
0.0749327 9.9964E-05 0.0157802 0.0134308 9.9964E-05 0.862084 9.9964E-05 0.0333725 9.9964E-05
9.9982E-05 0.0277066 0.0979556 0.0112028 0.00308829 0.797036 0.0530293 9.9982E-05 0.00978139
0.00534356 9.9964E-05 0.0518177 9.9964E-05 0.000750535 0.836014 0.105675 9.9964E-05 9.9964E-05
0.751287 9.9964E-05 9.9964E-05 9.9964E-05 0.0809501 9.9964E-05 0.051715 0.00728607 0.108362
0.786303 0.0201626 9.9973E-05 9.9973E-05 0.0927051 0.0757247 0.0122998 9.9973E-05 0.0125049
0.701249 0.0215628 9.9973E-05 9.9973E-05 0.0648103 0.0125615 0.137574 9.9973E-05 0.0619426
0.680494 0.0899494 9.9973E-05 9.9973E-05 0.0411841 0.0111547 0.110716 9.9973E-05 0.0662016
0.823588 0.0142843 9.9973E-05 9.9973E-05 0.120053 9.9973E-05 0.0310167 0.0100237 0.000733825
0.314448 9.9964E-05 0.0565084 9.9964E-05 9.9964E-05 0.515867 9.9964E-05 0.0523934 0.0603836
0.43052 0.0227717 0.0188347 0.0744456 9.9982E-05 0.371696 9.9982E-05 0.0640005 0.017531
0.366219 9.9964E-05 9.9964E-05 0.0503489 9.9964E-05 0.449744 9.9964E-05 0.0711233 0.0621644
9.993E-05 9.993E-05 9.993E-05 9.993E-05 9.993E-05 9.993E-05 9.993E-05 9.993E-05 0.999201
0.336271 9.9973E-05 0.0400044 0.0205938 9.9973E-05 0.512269 9.9973E-05 0.0610466 0.0295155
0.202118 0.000539721 0.162963 0.010259 0.250901 9.9982E-05 0.365658 0.00736227 9.9982E-05
0.118818 0.00895272 0.0713452 9.9973E-05 0.519686 0.0171508 0.263748 9.9973E-05 9.9973E-05
0.179847 9.9955E-05 9.9955E-05 9.9955E-05 0.563347 9.9955E-05 0.234581 9.9955E-05 0.0217256
0.221417 0.00963558 0.110166 0.0298427 0.337703 9.9982E-05 0.179926 0.11111 9.9982E-05
0.163754 0.12578 9.9973E-05 9.9973E-05 0.534057 0.00828814 0.152094 9.9973E-05 0.0157271
0.454259 9.9946E-05 0.237602 9.9946E-05 9.9946E-05 9.9946E-05 0.307539 9.9946E-05 9.9946E-05
9.9964E-05 0.312091 9.9964E-05 0.119117 0.3833 0.126502 9.9964E-05 0.0585911 9.9964E-05
0.00813242 0.0223507 0.144426 0.146816 0.331735 0.177283 9.9982E-05 0.169055 9.9982E-05
0.0614787 0.658612 9.9964E-05 9.9964E-05 0.131199 0.119145 9.9964E-05 9.9964E-05 0.0291645
9.9955E-05 0.231905 9.9955E-05 0.256946 0.437453 0.0731959 9.9955E-05 9.9955E-05 9.9955E-05
9.9964E-05 0.132547 0.308642 0.31881 9.9964E-05 0.0455492 9.9964E-05 0.194052 9.9964E-05
9.9973E-05 0.203114 0.137435 9.9973E-05 0.506608 0.0208423 0.0709518 9.9973E-05 0.0607494
0.0375292 0.110506 0.0106095 0.253244 0.484225 0.0893532 9.9982E-05 9.9982E-05 0.0143338
9.9982E-05 0.41496 0.00155019 0.0678484 0.25496 0.140001 9.9982E-05 0.0925623 0.0279175
0.00862989 0.0830234 0.116208 9.9991E-05 0.495004 0.140972 0.138686 0.0171367 0.000239972
9.9973E-05 0.573512 0.264082 0.0475094 0.00394691 0.00113715 9.9973E-05 0.109513 9.9973E-05
9.9982E-05 0.113998 0.150644 0.0946188 0.425073 0.168376 9.9982E-05 0.0296876 0.0174016
9.9991E-05 0.190942 0.0245243 0.00401379 0.545464 0.103761 0.0175845 0.0976089 0.0160023
0.103489 0.00400119 0.0778051 0.0208625 0.359072 0.0859631 0.19395 0.154757 9.9991E-05
9.9973E-05 0.326662 0.0661469 0.158921 0.376056 0.0352954 9.9973E-05 0.0366193 9.9973E-05
0.0183461 0.157754 0.0798217 0.10707 0.429188 0.100883 9.9982E-05 0.106737 9.9982E-05
9.9973E-05 0.155179 0.11995 0.143174 0.387328 9.9973E-05 0.130894 0.0631736 9.9973E-05
0.0174126 0.196936 0.00843502 0.0290774 0.533324 0.1159 9.9982E-05 0.0987145 9.9982E-05
0.0108988 0.118959 9.9991E-05 0.0772819 0.604551 0.0988508 0.0290039 0.0449167 0.0154376
0.0616717 0.157563 0.164186 0.0180085 0.365991 0.00369598 0.140279 0.07229 0.0163156
0.0456464 0.0806226 0.0920845 9.9991E-05 0.555303 0.139084 0.0379243 0.0197923 0.0294435
0.785717 9.9946E-05 9.9946E-05 9.9946E-05 0.122377 9.9946E-05 0.091306 9.9946E-05 9.9946E-05
0.811635 9.9973E-05 0.00233577 0.0147629 0.0570852 9.9973E-05 0.0605589 0.0533227 9.9973E-05
0.769578 0.00627752 0.0868873 0.0345479 0.0648239 0.0212688 0.016417 9.9982E-05 9.9982E-05
0.734513 9.9982E-05 9.9982E-05 0.0426084 0.023846 0.0285454 0.00344207 0.116906 0.0499397
0.811296 9.9946E-05 9.9946E-05 9.9946E-05 0.129057 9.9946E-05 9.9946E-05 9.9946E-05 0.0590475
0.0155115 0.677504 0.0328953 9.9982E-05 0.0794508 0.132454 0.0425709 9.9982E-05 0.019413
0.159141 0.200999 0.0295677 0.0804455 0.449946 9.9982E-05 9.9982E-05 0.0712875 0.00841337
0.24079 9.9973E-05 0.123061 0.0526942 0.407638 0.0142395 0.161278 9.9973E-05 9.9973E-05
0.00857947 0.0997215 0.00904397 0.0269185 0.591878 0.0925674 0.104359 0.0458471 0.0210857
0.0879327 0.0716994 9.9973E-05 0.0458013 0.537929 0.14656 9.9973E-05 0.109778 9.9973E-05
9.9982E-05 0.404559 0.0611284 0.14253 0.225801 0.0885019 0.0502939 9.9982E-05 0.0269864
0.0925979 0.547289 0.0939811 9.9973E-05 9.9973E-05 0.187683 9.9973E-05 0.0297514 0.0483981
9.9964E-05 0.217037 9.9964E-05 0.0553632 0.494966 0.218243 9.9964E-05 9.9964E-05 0.0139906
0.065671 0.335478 9.9982E-05 0.181193 0.112765 0.275436 0.0118283 9.9982E-05 0.0174297
0.0340395 0.0541287 0.149178 0.0585141 0.374883 0.0747099 0.033277 0.22117 9.9991E-05
0.130408 0.555731 9.9982E-05 0.0716401 0.0168037 0.144695 9.9982E-05 0.0673128 0.0132093
0.102283 0.155174 9.9973E-05 9.9973E-05 0.657464 0.0765715 0.00191179 9.9973E-05 0.00629544
0.0743212 0.577278 0.0185596 9.9982E-05 0.0936948 0.144018 9.9982E-05 0.0721001 0.0198284
0.0399984 0.285467 0.110708 0.0462365 0.363387 0.125638 0.00673613 0.0217286 9.9991E-05
0.0480382 0.107487 0.083865 0.0334964 0.433063 0.117965 0.0351675 0.140818 9.9991E-05
9.9964E-05 0.0519951 0.483633 0.0596406 0.324697 0.0796341 9.9964E-05 9.9964E-05 9.9964E-05
0.0104795 0.102438 0.157557 9.9982E-05 0.519711 0.0997042 9.9982E-05 0.109251 0.000658734
0.115671 0.0802882 0.146917 9.9982E-05 0.491708 0.00867327 9.9982E-05 0.123285 0.0332573
9.9973E-05 0.0722562 0.456757 0.0571685 0.344 0.0298512 9.9973E-05 0.0396677 9.9973E-05
0.0569121 0.0366999 0.214841 0.0818983 0.502904 0.0315959 0.0303187 0.0332409 0.0115899
9.9955E-05 9.9955E-05 0.230028 0.121678 0.502287 9.9955E-05 9.9955E-05 0.145506 9.9955E-05
9.9964E-05 9.9964E-05 0.55486 0.0865954 0.0742183 0.146925 9.9964E-05 0.137002 9.9964E-05
9.9955E-05 9.9955E-05 0.568923 0.0557714 0.310244 0.0645621 9.9955E-05 9.9955E-05 9.9955E-05
9.9982E-05 0.0471535 0.293494 0.00864055 0.553802 0.0795313 9.9982E-05 0.00221246 0.014966
9.9973E-05 0.0316603 0.388919 0.175871 0.125135 0.12531 9.9973E-05 0.152805 9.9973E-05
9.9955E-05 0.131573 0.334882 9.9955E-05 0.471842 0.0612029 9.9955E-05 9.9955E-05 9.9955E-05
0.0118285 0.57061 9.9973E-05 0.118723 0.0309221 0.195351 9.9973E-05 0.0722652 9.9973E-05
9.9973E-05 0.250762 9.9973E-05 0.272811 0.148153 0.170675 0.0185317 0.138768 9.9973E-05
0.0284642 0.343997 9.9991E-05 0.0131762 0.324147 0.198321 0.0319014 0.038965 0.0209277
0.0246578 0.207992 0.0647102 9.9982E-05 0.59816 0.0488674 0.0337857 0.021627 9.9982E-05
9.9955E-05 0.466857 9.9955E-05 9.9955E-05 0.131391 0.188285 9.9955E-05 0.212967 9.9955E-05
0.027529 0.107566 9.9982E-05 0.219804 0.378031 0.0930284 0.120488 9.9982E-05 0.0533532
9.9973E-05 0.0521131 9.9973E-05 9.9973E-05 0.497692 0.172889 0.100121 0.122695 0.0541897
0.0667018 0.193442 0.0286384 0.0177642 0.390781 0.153441 0.0660438 0.0830873 9.9991E-05
9.9982E-05 0.107534 9.9982E-05 0.171507 0.415903 0.0921911 0.0805993 0.109779 0.0222874
9.9973E-05 0.144611 9.9973E-05 9.9973E-05 0.400888 0.170834 0.0757638 0.187494 0.0201103
9.9973E-05 0.45709 9.9973E-05 0.0331149 0.168132 0.187949 0.0785131 0.0749017 9.9973E-05
9.9973E-05 0.301115 9.9973E-05 0.119452 0.27482 0.237413 0.0469739 0.0199264 9.9973E-05
9.9973E-05 0.101648 9.9973E-05 0.0560881 0.602585 0.122903 0.0250339 0.091442 9.9973E-05
0.0159994 0.288978 9.9982E-05 0.046605 0.507052 0.0195995 0.0949216 9.9982E-05 0.026645
0.0695026 0.218133 0.0141953 0.148655 0.406015 0.0888039 0.00166082 0.0351811 0.0178538
9.9964E-05 0.231432 9.9964E-05 0.126394 0.411047 0.139112 0.0916144 9.9964E-05 9.9964E-05
0.0554805 0.326484 0.0903316 9.9973E-05 0.328996 0.147416 9.9973E-05 9.9973E-05 0.0509931
9.9973E-05 0.108167 9.9973E-05 0.0509203 0.590751 0.122184 0.057055 0.0706229 9.9973E-05
0.0493237 0.262492 9.9982E-05 0.0101615 0.481038 0.0722622 9.9982E-05 0.0752602 0.0492626
9.9991E-05 0.0735775 0.0335619 0.0766016 0.530263 0.10752 0.114969 0.0361611 0.027247
0.288445 0.0468998 0.0606778 9.9982E-05 0.344192 0.0436567 0.167107 9.9982E-05 0.0488216
0.0706135 9.9982E-05 0.0721598 0.00409286 0.546549 9.9982E-05 0.127467 0.117847 0.061071
0.077734 0.15685 0.133516 0.0117748 0.422967 9.9982E-05 0.174368 9.9982E-05 0.02259
0.0978071 0.121002 0.00790002 0.0576806 0.592549 9.9982E-05 0.108724 9.9982E-05 0.014138
0.153086 0.126314 9.9973E-05 9.9973E-05 0.35953 9.9973E-05 0.221666 0.0737503 0.0653533
9.9955E-05 0.32813 0.176821 0.104775 0.389774 9.9955E-05 9.9955E-05 9.9955E-05 9.9955E-05
0.0923986 0.0254914 9.9991E-05 0.118133 0.482092 0.0534422 0.176801 0.0474297 0.00411234
0.227523 0.113525 0.440626 9.9964E-05 9.9964E-05 9.9964E-05 0.127907 0.0900192 9.9964E-05
0.0119962 0.220784 0.074483 0.0289571 0.374199 0.0425917 0.155268 0.0276638 0.0640581
0.100169 0.0847316 0.00889555 0.0426508 0.437286 0.0468701 0.16111 0.110005 0.00828144
0.0676546 0.172761 0.0293749 0.0167773 0.472935 9.9982E-05 0.227118 9.9982E-05 0.0131789
0.0615123 0.133824 0.178446 0.043979 0.31067 0.0333297 0.104269 0.0420791 0.0918909
0.15229 9.9982E-05 0.0390521 0.0278988 0.579099 9.9982E-05 0.104787 0.0913204 0.0053529
0.12858 9.9973E-05 0.0609056 0.0757782 0.560983 9.9973E-05 0.138312 9.9973E-05 0.0351417
0.415929 9.9964E-05 0.332388 0.0200035 9.9964E-05 9.9964E-05 0.186436 9.9964E-05 0.0448444
0.162648 0.0486583 0.0211605 0.0130333 0.516806 9.9982E-05 0.16184 9.9982E-05 0.0756543
9.9973E-05 9.9973E-05 0.0422332 0.0607785 0.492492 0.0962398 0.244609 9.9973E-05 0.0633484
0.0971158 0.0806158 0.0843796 9.9973E-05 0.444415 9.9973E-05 0.185479 0.107695 9.9973E-05
0.174989 9.9982E-05 0.0877648 0.0302685 0.513292 0.0143487 0.167307 9.9982E-05 0.0118309
0.116854 0.0782425 0.0526573 0.036342 0.416401 0.0373683 0.16517 0.0378323 0.0591319
9.9973E-05 9.9973E-05 9.9973E-05 0.34059 0.355004 0.111702 0.103188 0.0859969 0.00321897
0.0719328 9.9991E-05 0.0226629 0.228163 0.423139 0.0892389 0.0568913 0.0525843 0.0552878
9.9946E-05 0.168312 9.9946E-05 0.761939 9.9946E-05 9.9946E-05 9.9946E-05 0.0691493 9.9946E-05
9.9946E-05 0.0494169 9.9946E-05 0.857985 9.9946E-05 0.0919988 9.9946E-05 9.9946E-05 9.9946E-05
0.0147605 0.0676322 9.9991E-05 0.321726 0.429499 0.0636022 0.0799688 0.0042171 0.0184941
0.0958484 0.106723 0.053871 0.104703 0.388728 9.9973E-05 0.249826 9.9973E-05 9.9973E-05
0.13367 9.9973E-05 0.0217782 0.260698 0.257054 9.9973E-05 0.319061 9.9973E-05 0.00743833
0.186349 0.0616364 0.186361 0.156911 0.193351 9.9973E-05 0.215092 9.9973E-05 9.9973E-05
0.17554 9.9973E-05 0.0759292 0.201401 0.31317 9.9973E-05 0.181392 9.9973E-05 0.0522676
0.0763477 9.9964E-05 0.0554627 0.779559 0.00483898 9.9964E-05 0.0833915 9.9964E-05 9.9964E-05
0.0562949 9.9973E-05 0.069572 0.654247 0.0829752 9.9973E-05 0.0785873 9.9973E-05 0.058024
9.9946E-05 9.9946E-05 9.9946E-05 0.357962 0.565837 9.9946E-05 0.0756009 9.9946E-05 9.9946E-05
0.0543364 9.9955E-05 9.9955E-05 0.497796 0.389589 9.9955E-05 0.0577783 9.9955E-05 9.9955E-05
0.0882141 9.9964E-05 9.9964E-05 0.729304 0.11443 9.9964E-05 0.0388096 9.9964E-05 0.0288424
0.0871812 0.0095877 9.9982E-05 0.314554 0.451774 0.00624092 0.090985 9.9982E-05 0.0394772
9.9973E-05 9.9973E-05 0.0283461 0.378793 0.440475 0.0257995 0.112308 9.9973E-05 0.0139783
0.0723868 0.00863692 9.9991E-05 0.248994 0.421171 0.0348083 0.131606 0.0402866 0.0420096
9.9964E-05 0.0825898 9.9964E-05 0.462959 0.323543 0.0380504 9.9964E-05 0.0924583 9.9964E-05
9.9955E-05 0.128083 0.0233489 0.560243 0.287825 9.9955E-05 9.9955E-05 9.9955E-05 9.9955E-05
0.014708 9.9991E-05 0.0175554 0.255348 0.443123 0.03945 0.06864 0.140364 0.0207116
0.0207312 9.9982E-05 0.0434335 0.392686 0.416854 0.0676375 9.9982E-05 0.0456827 0.0127752
0.0960767 0.182868 0.0472706 0.0912656 0.427516 9.9991E-05 0.12951 0.0243039 0.00108974
0.0507741 0.0041595 0.10739 0.493496 0.34378 9.9964E-05 9.9964E-05 9.9964E-05 9.9964E-05
9.9964E-05 0.0312323 0.0144859 0.69312 0.15461 0.106152 9.9964E-05 9.9964E-05 9.9964E-05
0.0380596 0.0103197 0.0338403 0.324982 0.526811 9.9991E-05 0.00535747 0.0346301 0.0258995
9.9955E-05 0.0857519 9.9955E-05 0.717579 0.15622 9.9955E-05 9.9955E-05 0.0399495 9.9955E-05
0.0145352 0.0177033 0.0328524 0.576029 0.325694 0.00719622 0.0104214 9.9991E-05 0.0154689
9.9973E-05 9.9973E-05 9.9973E-05 0.261344 0.524527 0.0279745 0.0367818 0.106168 0.0429051
0.020424 9.9973E-05 9.9973E-05 0.309131 0.484151 0.0637141 9.9973E-05 0.104302 0.0179776
0.166047 9.9973E-05 9.9973E-05 0.102694 0.437661 9.9973E-05 0.192227 0.0790429 0.0220288
0.0808885 0.0912341 0.125889 0.0675201 0.410803 0.0491223 0.162008 9.9991E-05 0.0124352
0.136536 9.9973E-05 0.208552 0.069422 0.312427 0.037453 0.23531 9.9973E-05 9.9973E-05
0.103859 0.103069 0.0767198 0.0710502 0.303534 0.0602549 0.20071 0.0283232 0.0524793
0.158414 0.13588 0.0576292 0.0120803 0.402872 9.9982E-05 0.153109 0.0798169 9.9982E-05
0.0980537 9.9982E-05 0.119241 0.112271 0.525841 0.00281708 0.107626 9.9982E-05 0.0339497
0.205624 9.9955E-05 0.0317125 0.641858 9.9955E-05 9.9955E-05 0.120306 9.9955E-05 9.9955E-05
0.0628329 9.9982E-05 0.0254498 0.0292691 0.563193 0.0844424 0.209666 9.9982E-05 0.0249467
0.355178 9.9964E-05 0.0867285 0.470583 9.9964E-05 9.9964E-05 0.0799448 9.9964E-05 0.00716506
0.0340842 0.0251252 9.9982E-05 0.267937 0.472171 0.00347158 0.190617 0.00639462 9.9982E-05
9.9946E-05 9.9946E-05 9.9946E-05 0.811739 0.0872344 9.9946E-05 9.9946E-05 0.100427 9.9946E-05
9.9955E-05 0.046418 9.9955E-05 0.905386 9.9955E-05 9.9955E-05 9.9955E-05 0.0389222 0.00877412
9.9964E-05 0.115174 9.9964E-05 0.415511 0.392126 9.9964E-05 9.9964E-05 0.0716889 0.00509949
9.9964E-05 9.9964E-05 9.9964E-05 0.393531 0.542943 9.9964E-05 0.0251907 0.024346 0.0135896
9.9955E-05 0.0439436 9.9955E-05 0.600315 0.333732 9.9955E-05 9.9955E-05 0.0215092 9.9955E-05
0.0136471 0.0301718 9.9964E-05 0.423193 0.468135 9.9964E-05 9.9964E-05 0.064454 9.9964E-05
9.9946E-05 9.9946E-05 9.9946E-05 0.499624 0.483302 9.9946E-05 9.9946E-05 9.9946E-05 0.0164743
0.750067 9.9973E-05 9.9973E-05 0.08033 0.062954 9.9973E-05 0.0401953 0.00757584 0.0585778
0.685524 0.074309 0.0258357 0.0188544 9.9982E-05 0.070427 0.0933011 9.9982E-05 0.0315494
0.831595 0.0530773 9.9955E-05 9.9955E-05 9.9955E-05 9.9955E-05 0.0558231 9.9955E-05 0.0590046
0.822652 9.9946E-05 9.9946E-05 9.9946E-05 0.0660666 9.9946E-05 9.9946E-05 9.9946E-05 0.110681
0.034343 9.9982E-05 9.9982E-05 0.0550263 0.541147 0.0580494 0.0398314 0.225459 0.0459435
0.0216013 0.12157 0.00672112 0.0118039 0.41855 9.9991E-05 0.0598323 0.342004 0.0178174
9.9973E-05 0.0198287 9.9973E-05 0.00751484 0.466122 0.0518188 9.9973E-05 0.408255 0.0461603
0.0427395 9.9982E-05 0.035952 9.9982E-05 0.553335 0.0582978 0.0228091 0.280614 0.00605257
0.0783016 0.117005 0.0617646 0.0294852 0.499331 0.0997823 0.0185941 0.0956364 9.9991E-05
0.00386367 0.0541734 0.0631097 9.9982E-05 0.212214 0.0792576 0.0245996 0.562582 9.9982E-05
0.0115268 0.0775482 9.9973E-05 9.9973E-05 0.564156 0.0262525 0.0154813 0.304736 9.9973E-05
9.9964E-05 9.9964E-05 0.141141 0.0622918 0.35088 9.9964E-05 9.9964E-05 0.435996 0.00929164
0.308295 0.0401679 0.0272708 0.0227054 0.427056 0.00653579 0.150709 9.9991E-05 0.0171603
9.9982E-05 0.0128249 0.0574459 0.10252 0.442483 0.0618459 0.0404762 0.282203 9.9982E-05
9.9964E-05 0.0360315 9.9964E-05 9.9964E-05 0.355694 0.0983316 9.9964E-05 0.495419 0.0141241
0.00955231 9.9973E-05 9.9973E-05 0.058554 0.47642 0.037164 0.00209672 0.415913 9.9973E-05
9.9973E-05 0.0941735 9.9973E-05 0.0442421 0.351895 0.0311619 9.9973E-05 0.444244 0.0339829
0.000363682 9.9973E-05 0.0500136 0.0523087 0.554589 9.9973E-05 9.9973E-05 0.342096 0.000329018
0.056835 0.000162486 9.9982E-05 0.0374092 0.573272 0.0235598 9.9982E-05 0.291021 0.0175413
9.9955E-05 9.9955E-05 0.0214006 0.0725485 0.0148802 9.9955E-05 9.9955E-05 0.890671 9.9955E-05
9.9982E-05 9.9982E-05 0.0709145 0.106053 0.19992 0.00533442 0.0467697 0.558599 0.0122087
9.9964E-05 9.9964E-05 9.9964E-05 0.080392 0.273854 0.0573643 9.9964E-05 0.559907 0.0280829
9.9946E-05 9.9946E-05 0.147234 0.0214002 9.9946E-05 9.9946E-05 9.9946E-05 0.830766 9.9946E-05
0.00825239 0.085063 9.9991E-05 0.0235261 0.429396 0.0464978 0.0483708 0.326224 0.0325696
9.9982E-05 9.9982E-05 0.245784 0.0441939 0.10106 0.00132135 0.0124407 0.587054 0.00794564
9.9946E-05 9.9946E-05 0.21381 0.0879348 9.9946E-05 9.9946E-05 9.9946E-05 0.697655 9.9946E-05
0.0335594 0.00630603 9.9982E-05 0.0895902 0.464197 9.9982E-05 0.0923982 0.312902 0.000846577
0.011952 0.175988 9.9973E-05 9.9973E-05 0.202841 0.042987 9.9973E-05 0.551054 0.0148778
9.9973E-05 0.0778948 0.0397999 9.9973E-05 0.328896 0.0788652 0.0853275 0.388917 9.9973E-05
0.116163 0.18919 0.0171565 0.00884516 0.485991 9.9982E-05 9.9982E-05 0.159841 0.022613
9.9973E-05 0.0906695 0.0357263 9.9973E-05 0.466751 0.0299783 0.0269458 0.349629 9.9973E-05
9.9982E-05 0.352182 0.116287 0.107746 0.298073 0.0514616 0.0439072 9.9982E-05 0.0301436
0.0490841 0.0161537 9.9982E-05 0.0362761 0.503734 9.9982E-05 0.00157664 0.383889 0.00908671
0.00400853 0.0830479 9.9973E-05 9.9973E-05 0.47987 9.9973E-05 0.0268322 0.363361 0.0425799
9.9955E-05 9.9955E-05 0.0394573 9.9955E-05 0.29027 9.9955E-05 9.9955E-05 0.660631 0.00914192
0.0376512 0.00467568 0.0744526 0.110989 0.538701 0.0317193 9.9991E-05 0.162966 0.038746
0.528205 0.068364 0.0988625 9.9973E-05 9.9973E-05 0.203803 9.9973E-05 0.00220743 0.0982573
0.627055 0.0100974 0.0785305 9.9982E-05 0.077808 0.0871735 9.9982E-05 0.0351397 0.0839956
0.677151 9.9955E-05 0.0824563 9.9955E-05 9.9955E-05 0.0901928 9.9955E-05 9.9955E-05 0.1497
0.70217 9.9964E-05 0.0447012 0.0293851 9.9964E-05 0.144955 9.9964E-05 9.9964E-05 0.0783896
0.668327 0.0298625 0.0378327 9.9973E-05 0.0154428 0.223403 9.9973E-05 9.9973E-05 0.024832
0.0267365 0.189663 9.9973E-05 9.9973E-05 0.0722776 0.0136639 0.0239064 0.673453 9.9973E-05
0.00839036 0.0889548 0.0425694 9.9982E-05 0.102252 0.0789573 9.9982E-05 0.65213 0.0265457
