0.0224867 9.9982E-05 0.952126 9.9982E-05 0.0251876
0.0336406 9.9982E-05 0.929578 0.0365819 9.9982E-05
0.0351706 0.0294838 0.833929 9.9991E-05 0.101317
0.155094 0.0778291 0.762581 9.9991E-05 0.00439577
0.0327897 0.0649544 0.873634 9.9991E-05 0.0285216
0.032329 0.0250084 0.656821 0.181079 0.104762
0.0668936 0.0163347 0.859828 0.0259055 0.0310385
0.0796604 0.0414331 0.766088 0.112719 9.9991E-05
0.106049 9.9982E-05 0.827833 0.0659175 9.9982E-05
0.0441542 0.0729204 0.713557 0.0753545 0.094014
0.0769905 9.9991E-05 0.742783 0.100118 0.0800084
0.550485 0.0766543 9.9991E-05 0.0537019 0.319059
0.29387 0.0924509 0.0428182 9.9991E-05 0.570761
0.410336 0.0239947 0.0420337 0.133871 0.389764
0.413922 0.214781 0.00799172 0.0341502 0.329155
0.239932 0.122716 0.155052 0.036375 0.445925
0.175205 0.129679 0.11623 9.9991E-05 0.578786
0.323401 0.122915 9.9991E-05 0.0781687 0.475415
0.368076 0.0931002 0.121168 0.00303992 0.414615
0.712212 0.070662 9.9982E-05 0.216926 9.9982E-05
0.313666 0.0604133 0.0521296 0.128352 0.445439
0.174296 0.12214 0.0609744 0.20455 0.43804
0.17347 0.00163874 0.105266 0.0713511 0.648274
0.404383 0.115533 0.0232972 0.0900695 0.366718
0.191064 0.0571667 0.080162 9.9991E-05 0.671507
0.228518 0.0996323 0.0454002 0.0232981 0.603151
0.529663 0.132604 9.9991E-05 0.106263 0.231371
0.425657 0.186565 9.9991E-05 0.100025 0.287653
0.585437 0.0351482 9.9991E-05 0.12062 0.258695
9.9982E-05 0.082842 0.844313 9.9982E-05 0.072645
9.9973E-05 9.9973E-05 0.867757 9.9973E-05 0.131943
9.9982E-05 0.0503464 0.815157 9.9982E-05 0.134297
9.9982E-05 0.0637964 0.74437 9.9982E-05 0.191633
0.0591022 0.0220363 0.0747479 0.217303 0.626811
0.0713127 0.0248546 0.113753 0.140744 0.649336
9.9982E-05 9.9982E-05 0.0272866 0.220287 0.752226
0.620176 0.0188311 0.0841632 0.0810082 0.195821
0.012837 9.9982E-05 9.9982E-05 0.4475 0.539463
0.155192 0.0407201 0.15924 0.121373 0.523476
9.9991E-05 0.0593762 0.0719358 0.120253 0.748335
0.0432271 9.9991E-05 0.181884 0.10004 0.674749
0.167252 0.0636482 0.118341 0.00853062 0.642228
0.260166 9.9982E-05 9.9982E-05 0.385367 0.354267
0.00724766 0.122591 0.0893056 0.169441 0.611415
9.9991E-05 0.129874 0.0607882 0.237266 0.571972
0.0561449 0.127896 0.158866 0.107096 0.549997
0.052056 9.9982E-05 9.9982E-05 0.44792 0.499824
9.9991E-05 0.0944575 0.0131954 0.234904 0.657343
9.9991E-05 0.0894184 0.106795 0.13219 0.671496
9.9982E-05 9.9982E-05 0.0737738 0.900569 0.0254572
0.53697 0.00603133 9.9991E-05 0.168173 0.288726
0.231276 0.0389583 0.0266525 0.572999 0.130115
0.180025 9.9991E-05 0.0622117 0.0612038 0.696459
9.9991E-05 0.135984 0.144055 0.0925638 0.627297
0.0611892 0.0519403 0.125543 0.0544585 0.706869
0.501979 9.9991E-05 0.0607785 0.20284 0.234303
0.355228 0.0612311 0.0250362 0.0482622 0.510242
0.180324 0.143783 0.0423188 0.0623747 0.571199
0.195556 0.0464942 0.11995 0.225241 0.412759
0.416227 0.056709 0.199881 0.240776 0.0864066
0.272314 0.0519829 0.0774423 0.0960608 0.502199
0.351119 0.128808 0.051382 0.0697617 0.39893
0.602719 9.9991E-05 0.0369882 0.23453 0.125663
0.318997 0.0667294 9.9991E-05 0.0646178 0.549555
0.165639 0.113395 0.0361528 0.0806105 0.604203
0.234758 0.0647695 0.135666 0.0267112 0.538095
0.306511 0.074468 0.0490496 0.23503 0.334941
0.180482 0.104298 9.9991E-05 0.21805 0.497071
0.206844 0.12517 0.0839043 0.0355612 0.54852
0.502483 9.9982E-05 9.9982E-05 0.200743 0.296575
0.107961 9.9982E-05 9.9982E-05 0.118954 0.772885
0.224771 9.9982E-05 9.9982E-05 0.360082 0.414946
0.109593 0.134839 0.087614 0.166639 0.501316
0.0635108 9.9982E-05 9.9982E-05 0.723507 0.212782
0.0990347 9.9982E-05 9.9982E-05 0.676636 0.22413
0.020029 9.9982E-05 9.9982E-05 0.462436 0.517335
0.168986 9.9982E-05 9.9982E-05 0.21378 0.617034
0.164836 0.0774371 0.174145 0.03042 0.553162
0.098214 0.0754958 0.0138193 0.237701 0.57477
0.337159 0.00379701 0.0332621 0.265046 0.360736
0.354195 9.9991E-05 0.00117042 0.233974 0.41056
0.156146 0.105506 0.0659931 0.0750464 0.597308
0.177277 0.00210596 0.00917516 0.327395 0.484047
0.101282 0.00616356 0.0494468 0.255722 0.587386
9.9982E-05 9.9982E-05 0.0104995 0.421792 0.567508
9.9973E-05 9.9973E-05 9.9973E-05 0.825421 0.174279
0.0991499 0.129048 9.9991E-05 0.0885922 0.68311
0.070947 0.0472675 0.789432 9.9991E-05 0.0922534
9.9973E-05 9.9973E-05 0.938164 9.9973E-05 0.0615359
9.9982E-05 0.0472243 0.861173 9.9982E-05 0.0914031
9.9991E-05 0.0189867 0.919951 0.0314842 0.0294779
9.9991E-05 0.0344206 0.887858 0.0204316 0.0571897
9.9991E-05 0.0255001 0.892859 0.0248409 0.0566997
9.9982E-05 0.00364386 0.934302 9.9982E-05 0.0618537
0.0629054 0.0301407 0.157813 0.125914 0.623227
0.124616 0.145807 0.034952 0.110991 0.583634
0.157546 9.9982E-05 9.9982E-05 0.613966 0.228287
0.13371 0.170665 0.0429465 0.0399145 0.612764
0.186848 9.9991E-05 0.0172098 0.243817 0.552025
9.9991E-05 0.0759911 0.0741606 0.231918 0.61783
0.0582163 9.9991E-05 0.0751945 0.197867 0.668622
0.0129965 0.0935551 9.9991E-05 0.331447 0.561902
0.319459 9.9991E-05 0.00531623 0.509485 0.16564
0.103506 0.0790447 0.133417 0.174948 0.509084
9.9991E-05 0.00811673 0.0742998 0.0588018 0.858682
0.120292 0.118227 0.144974 0.0121569 0.60435
9.9973E-05 9.9973E-05 9.9973E-05 0.499107 0.500593
9.9973E-05 9.9973E-05 9.9973E-05 0.305061 0.694639
0.0961618 9.9982E-05 9.9982E-05 0.289076 0.614563
9.9982E-05 0.0734427 9.9982E-05 0.432588 0.493769
0.106286 9.9991E-05 0.100769 0.190671 0.602174
0.124531 0.0143727 0.125195 0.0609602 0.674941
0.370756 0.0826259 0.0641503 0.23861 0.243858
0.37893 0.0719376 0.0646431 0.0770651 0.407424
0.197656 9.9991E-05 0.110361 0.0482708 0.643612
0.125016 9.9991E-05 0.154439 0.0379861 0.682459
0.34522 9.9991E-05 0.0371876 0.027916 0.589577
0.34276 0.141261 9.9982E-05 9.9982E-05 0.515779
0.43888 9.9982E-05 0.0337062 9.9982E-05 0.527214
0.256871 0.0278783 0.0882598 0.029437 0.597554
0.164802 0.0495883 0.126 0.0677327 0.591877
0.186122 9.9991E-05 0.0934102 0.0942303 0.626138
0.349658 9.9982E-05 0.0186919 9.9982E-05 0.63145
0.198201 0.157172 0.0147489 0.0341891 0.595689
0.0885618 0.160475 0.10525 0.143063 0.502651
0.273793 0.0812195 9.9991E-05 0.044131 0.600757
0.1263 0.0502225 0.127642 0.103001 0.592835
0.239631 0.142361 9.9991E-05 0.0639283 0.553979
0.318498 0.00955544 0.126517 0.159523 0.385907
0.260338 0.0598715 9.99914E-05 0.00252034 0.67717
0.0890469 0.0622521 0.072125 9.9991E-05 0.776476
0.456142 0.105138 9.9991E-05 0.165372 0.273248
0.325531 0.0782017 0.0326595 0.415511 0.148097
0.230127 0.0631466 0.0803766 0.0527662 0.573584
0.282649 0.0361622 9.9991E-05 0.57215 0.108939
0.495102 0.00564135 0.0162935 0.121794 0.361169
0.308569 9.9991E-05 0.00493377 0.141634 0.544763
0.477393 9.9991E-05 0.029103 0.113009 0.380395
0.545768 0.0689966 9.9991E-05 0.0583879 0.326748
0.141242 0.0841674 0.103759 9.9991E-05 0.670731
0.14013 0.136341 0.0980437 0.0833119 0.542173
0.240912 0.0557704 0.0474389 0.0582986 0.59758
0.389207 0.144885 9.9991E-05 0.380841 0.084967
0.0739607 0.118079 0.113258 0.0842012 0.610501
0.00192504 0.111965 0.121538 0.246767 0.517805
0.0881968 9.9991E-05 0.175162 0.646692 0.0898487
9.9991E-05 0.0610885 0.0846019 0.167694 0.686515
0.127071 0.0356892 0.147304 0.299698 0.390238
0.099603 0.0458239 0.133669 0.154735 0.566169
0.0801567 0.0262251 0.149701 0.424684 0.319233
0.139016 9.9991E-05 0.120728 0.467113 0.273043
0.0852707 0.0300773 0.108535 0.27626 0.499857
0.115994 0.111554 0.144349 0.105402 0.522701
0.27974 0.0871114 0.128305 0.067287 0.437556
0.194452 0.174059 0.0594785 0.57191 9.9991E-05
0.0945211 0.128308 0.0624096 0.1565 0.558261
0.0720321 9.9982E-05 9.9982E-05 0.385051 0.542717
0.0915668 9.9982E-05 9.9982E-05 0.304657 0.603576
0.0347921 0.0386709 0.162053 0.0651576 0.699326
0.0459127 0.309756 0.327578 0.201893 0.11486
9.9982E-05 0.14682 0.651854 0.201126 9.9982E-05
9.9982E-05 0.18427 0.502696 0.312834 9.9982E-05
9.9982E-05 0.421441 0.371975 0.206384 9.9982E-05
9.9991E-05 0.0188059 0.00416556 0.283892 0.693037
0.0597991 0.00681928 0.121721 0.187881 0.623779
9.9973E-05 0.740068 9.9973E-05 9.9973E-05 0.259632
0.0635304 0.501901 0.0348358 9.9991E-05 0.399633
0.0626771 0.440814 0.0716215 9.9991E-05 0.424787
9.9991E-05 0.0396589 0.0306261 0.579683 0.349932
0.0706871 0.0715589 0.0989236 0.230517 0.528314
9.9991E-05 0.0616941 0.0251068 0.678107 0.234992
9.9982E-05 9.9982E-05 0.0593841 0.262253 0.678163
0.0868258 0.0859018 0.0177953 0.324233 0.485244
0.0173773 0.0454036 0.0958719 0.25421 0.587137
9.9991E-05 0.0757374 0.0241904 0.69747 0.202503
0.0705534 0.0807301 0.116583 0.0625635 0.66957
0.0310647 0.0996882 0.0969034 0.287383 0.48496
9.9982E-05 0.976685 9.9982E-05 0.0196962 0.00341875
9.9973E-05 0.989284 9.9973E-05 9.9973E-05 0.0104158
0.00648465 0.662059 0.021786 9.9991E-05 0.30957
0.00340233 0.716713 9.9982E-05 9.9982E-05 0.279684
0.030337 0.820029 9.9982E-05 9.9982E-05 0.149434
9.997E-05 0.9996 9.997E-05 9.997E-05 9.997E-05
0.0464012 0.953299 9.9973E-05 9.9973E-05 9.9973E-05
9.9973E-05 0.885897 9.9973E-05 9.9973E-05 0.113803
0.00159734 0.990437 9.9982E-05 9.9982E-05 0.00776605
9.997E-05 0.9996 9.997E-05 9.997E-05 9.997E-05
9.997E-05 0.9996 9.997E-05 9.997E-05 9.997E-05
9.9982E-05 0.777587 0.0151708 9.9982E-05 0.207042
0.0383681 0.874432 0.0188714 9.9991E-05 0.068228
9.997E-05 0.9996 9.997E-05 9.997E-05 9.997E-05
0.108725 0.468609 0.117429 0.04429 0.260947
9.9991E-05 0.712788 0.0416553 0.0859498 0.159507
9.9982E-05 0.77336 0.0422293 9.9982E-05 0.184211
0.0558162 0.873167 0.0337789 9.9991E-05 0.0371381
9.997E-05 0.9996 9.997E-05 9.997E-05 9.997E-05
0.00494621 0.862284 0.0181562 9.9991E-05 0.114514
9.9973E-05 0.994458 0.00524234 9.9973E-05 9.9973E-05
0.0222719 0.580352 0.0724539 0.0143503 0.310572
0.0522751 0.937765 9.9982E-05 0.00975976 9.9982E-05
9.9982E-05 0.0450261 0.41888 0.535894 9.9982E-05
0.050681 0.0716898 0.233251 0.168835 0.475543
0.0464084 0.116239 0.252448 0.0992301 0.485674
9.9991E-05 0.116866 0.313744 0.375463 0.193827
0.0436838 0.196677 0.196282 0.194373 0.368985
9.9991E-05 0.176767 0.25189 0.467684 0.103559
0.0705719 0.0707306 0.206418 0.102087 0.550193
9.9991E-05 0.23243 0.189174 0.249961 0.328335
9.9991E-05 0.16601 0.203184 0.19356 0.437146
9.9991E-05 0.188821 0.244011 0.222555 0.344514
0.00925589 0.190699 0.148589 0.224682 0.426775
0.113683 9.9991E-05 0.832783 0.0332253 0.0202085
0.0162853 0.0702742 0.913241 9.9982E-05 9.9982E-05
0.0555502 9.9973E-05 0.94415 9.9973E-05 9.9973E-05
0.0448811 9.9973E-05 0.954819 9.9973E-05 9.9973E-05
0.0543186 0.0289263 0.91559 9.9991E-05 0.00106532
9.9973E-05 0.0905659 0.909134 9.9973E-05 9.9973E-05
9.9973E-05 0.0924892 0.907211 9.9973E-05 9.9973E-05
9.9991E-05 0.011607 0.91763 0.0508577 0.0198051
9.9982E-05 9.9982E-05 0.952578 0.0160979 0.0311243
0.028349 0.0947112 0.87674 9.9982E-05 9.9982E-05
0.302362 9.9982E-05 0.601855 0.0955836 9.9982E-05
0.307088 9.9991E-05 0.60985 0.0557876 0.027174
0.308819 9.9982E-05 0.544289 0.146692 9.9982E-05
0.292955 9.9982E-05 0.518749 0.188096 9.9982E-05
0.109962 9.9991E-05 0.0587795 0.197772 0.633387
0.165704 0.0835063 0.0172929 0.15022 0.583277
0.249501 0.0704359 0.0181751 0.0566437 0.605244
0.36723 9.9991E-05 0.0253032 0.106183 0.501183
0.630234 9.9982E-05 9.9982E-05 0.138727 0.230839
0.0364703 0.0821883 0.0711407 0.0788746 0.731326
0.121847 0.0356457 0.00609459 0.162905 0.673507
0.0484534 0.0442897 9.9991E-05 0.355147 0.55201
0.0541246 0.0121466 9.9991E-05 0.371872 0.561757
0.109007 0.0677879 0.0851418 0.100086 0.637978
0.178754 9.9982E-05 9.9982E-05 0.275363 0.545682
0.192467 0.0148976 9.9991E-05 0.756752 0.0357832
0.174787 0.0680459 0.0641891 0.0930062 0.599971
0.0601371 9.9991E-05 0.00335432 0.540407 0.396002
0.0630841 9.9991E-05 0.0530818 0.245737 0.637997
0.329803 9.9982E-05 9.9982E-05 0.410281 0.259715
0.822411 9.9991E-05 0.116126 0.0250638 0.0362995
0.755957 9.9991E-05 0.110213 0.0436627 0.090067
0.887726 9.9991E-05 0.0556399 0.0509456 0.00558901
0.826406 9.9982E-05 0.118868 0.0545267 9.9982E-05
0.855039 0.0222948 0.0237929 0.0572582 0.041615
0.835592 0.0394564 0.0422168 9.9991E-05 0.0826344
9.9973E-05 9.9973E-05 0.890564 9.9973E-05 0.109136
0.0416521 0.0245121 0.865635 9.9991E-05 0.0681007
9.9982E-05 0.0800737 0.793743 9.9982E-05 0.125984
0.113757 0.0866305 0.760622 9.9991E-05 0.0388906
0.0741126 0.043713 0.791468 9.9991E-05 0.0906064
0.57115 9.9982E-05 0.38839 0.0402601 9.9982E-05
0.39643 9.9982E-05 0.468916 0.134454 9.9982E-05
0.439276 9.9982E-05 0.45373 0.106794 9.9982E-05
0.0187232 0.0168771 0.832039 9.9991E-05 0.132261
0.527602 9.9982E-05 0.375134 0.0970636 9.9982E-05
0.0387367 0.456926 0.229618 0.0564907 0.218229
0.0800558 0.272963 0.100231 9.9991E-05 0.54665
9.9982E-05 0.342272 0.162853 9.9982E-05 0.494675
9.9991E-05 0.236604 0.253473 0.11485 0.394973
0.0472061 0.139794 0.17362 0.119231 0.520149
9.9982E-05 0.346865 0.494407 0.158527 9.9982E-05
0.387247 9.9982E-05 9.9982E-05 0.117434 0.495119
0.165387 0.0505903 0.0122611 0.310115 0.461647
0.597824 9.9991E-05 0.0695749 0.0139524 0.318549
0.200135 0.023982 0.0076968 0.234623 0.533563
0.155673 9.9973E-05 9.9973E-05 0.844028 9.9973E-05
0.112967 0.0554135 0.108666 0.129999 0.592954
0.209926 0.0424437 0.0491025 0.141575 0.556952
0.49097 9.9991E-05 0.0415005 0.0424401 0.424989
0.299079 0.085198 0.0647363 0.0120793 0.538907
0.281832 0.04841 9.9991E-05 0.524028 0.145629
0.182969 0.0993484 9.9991E-05 0.248991 0.468592
0.211538 0.0370875 0.0330252 0.0895975 0.628752
0.106982 0.189535 0.121323 0.06047 0.52169
0.27723 0.0306692 9.9991E-05 0.240226 0.451775
0.339376 0.0575698 9.9991E-05 0.0919821 0.510972
0.225786 0.187674 9.9991E-05 0.173076 0.413363
0.224168 0.0194234 0.00935648 0.130004 0.617048
0.17708 0.136493 0.0673162 9.9991E-05 0.619011
0.178582 0.0963849 0.0760464 0.00597235 0.643014
0.262974 0.12602 0.0635941 9.9991E-05 0.547311
9.9982E-05 0.0922706 0.802632 9.9982E-05 0.104898
9.9991E-05 0.0358646 0.868063 0.0522354 0.0437375
0.0907375 0.0264072 0.786335 0.0655008 0.0310196
0.0272047 0.0233416 0.830686 0.0685542 0.0502132
9.9982E-05 0.0383372 0.856379 9.9982E-05 0.105084
0.609008 0.0270351 9.9991E-05 0.103788 0.260069
0.212066 0.155278 9.99923E-05 0.095077 0.537479
0.03044 0.145246 0.197515 0.16065 0.46615
0.113928 0.180395 0.00710281 0.0677191 0.630855
0.249947 0.0574053 0.0622087 0.077862 0.552577
0.345511 0.0875887 0.00490425 0.271381 0.290616
0.632442 9.9991E-05 0.125533 0.227053 0.0148718
0.339992 0.0834539 0.00748769 0.0334503 0.535616
0.561091 0.0788072 0.0592021 0.0776393 0.22326
0.212274 0.0835576 0.00680806 0.231377 0.465984
0.502246 9.9991E-05 0.142549 0.163413 0.191692
0.169577 0.0677224 0.0953569 0.00239845 0.664945
0.50399 0.0253225 0.0753485 0.137805 0.257535
0.33956 0.11124 0.0182692 0.251546 0.279385
0.114099 0.122411 0.0609828 0.266481 0.436027
0.11071 0.0547598 0.0536402 0.462554 0.318336
0.0512892 0.0386457 0.139838 0.17938 0.590847
0.139342 0.0236472 0.123669 0.0898898 0.623451
0.088633 9.9991E-05 0.0452746 0.493408 0.372584
0.182753 0.161005 0.0217041 0.197604 0.436934
0.0290498 9.9991E-05 0.116677 0.292621 0.561553
0.0814336 9.9982E-05 9.9982E-05 0.7577 0.160666
9.9982E-05 9.9982E-05 0.0430315 0.609703 0.347065
0.0852251 0.00179342 0.0763054 0.255153 0.581523
0.125718 9.9991E-05 0.0727014 0.572631 0.228849
0.162712 9.9991E-05 0.0785439 0.242509 0.516135
0.68712 0.0378549 9.9991E-05 0.0407613 0.234163
0.328499 0.0707815 9.9991E-05 0.386952 0.213668
0.449921 0.117032 9.9982E-05 9.9982E-05 0.432846
0.231534 0.114974 0.0113559 9.9991E-05 0.642036
0.530411 9.9982E-05 9.9982E-05 0.0775724 0.391816
0.0856885 0.0973549 0.0607002 0.137031 0.619225
0.218334 0.130103 0.0251483 0.0615541 0.564861
0.332708 0.114489 0.0423995 0.0697503 0.440653
0.239903 0.107048 0.0441506 0.0580978 0.5508
0.352888 0.0868966 0.0602448 0.0558641 0.444107
0.603108 0.0662412 9.9991E-05 0.0229948 0.307556
0.516831 0.135281 9.9991E-05 0.0115287 0.336259
0.187856 0.0604082 0.0333185 0.019507 0.69891
0.233041 0.0977435 0.0115504 0.0589764 0.598689
0.242637 9.9991E-05 0.0853851 0.175607 0.496271
0.299683 0.179928 9.9991E-05 0.0279519 0.492338
0.398796 0.0778226 0.106477 0.0475229 0.369382
0.241956 0.0248459 0.0237467 9.9991E-05 0.709351
0.234115 0.138761 0.0276736 0.115692 0.483759
0.204548 0.187674 0.0267393 0.0541581 0.526881
0.035614 0.22106 0.3282 9.9991E-05 0.415026
0.0619133 0.247987 0.132258 0.118644 0.439198
0.0961629 0.172117 0.103656 0.0782088 0.549856
0.0164479 0.141825 0.130826 0.070793 0.640109
0.0353268 0.307348 0.176844 0.0562871 0.424194
0.18229 0.123665 9.9991E-05 0.281064 0.412882
0.104804 0.204682 0.16461 0.0289367 0.496967
0.00699025 0.202102 0.256926 0.510532 0.0234494
0.0937699 0.224112 0.0964943 0.0330902 0.552533
0.116477 0.206701 0.118573 0.0120741 0.546176
0.101883 0.257958 0.074151 0.0714802 0.494528
0.0811815 0.176 0.211463 0.233196 0.29816
0.0363475 0.141361 0.260091 0.0310199 0.531181
9.9991E-05 0.27104 0.13842 0.0888263 0.501613
9.9982E-05 0.188594 0.518674 0.292532 9.9982E-05
0.0278936 0.242749 0.21399 0.0204936 0.494874
9.9991E-05 0.189068 0.183972 0.0364156 0.590445
0.0457093 0.159123 0.124673 0.139844 0.53065
9.9982E-05 0.192226 0.2412 9.9982E-05 0.566374
0.0980702 0.111396 0.178412 0.0688403 0.543282
0.0282066 0.0584719 0.0666057 0.320737 0.525978
0.160837 0.118855 0.0648315 0.145561 0.509914
0.118294 0.0132489 9.9991E-05 0.763467 0.10489
0.0701071 9.9982E-05 9.9982E-05 0.841448 0.0882454
0.16562 0.186478 0.0347494 0.1586 0.454553
0.00523489 0.391977 0.112185 0.142637 0.347966
9.9991E-05 0.452582 0.0830732 0.223171 0.241073
9.9991E-05 0.358826 0.22037 0.229966 0.190738
9.9991E-05 0.334533 0.183095 0.155115 0.327157
0.000829445 0.183694 0.0615232 0.680386 0.0735674
9.9991E-05 0.169638 0.120529 0.578993 0.130741
9.9991E-05 0.200477 0.0443019 0.164493 0.590628
0.00460924 0.159641 0.0700574 0.256225 0.509467
0.0179019 0.12285 0.0798943 0.507795 0.271559
0.0675584 0.173578 0.0351548 0.148137 0.575572
0.0254099 0.160933 0.0265316 0.250558 0.536568
0.0730318 0.127643 0.0885144 0.183406 0.527405
0.101551 9.9991E-05 0.0394876 0.465972 0.39289
0.145789 0.0563753 9.9991E-05 0.377109 0.420627
0.0104683 0.0476892 0.137364 0.229527 0.574951
0.164482 0.0514419 0.0760674 0.267411 0.440598
0.0799457 0.23412 0.00874305 0.246969 0.430223
0.00474927 9.9991E-05 0.0155174 0.393572 0.586061
0.142842 9.9982E-05 9.9982E-05 0.538421 0.318537
9.9991E-05 0.0736937 0.0261099 0.291171 0.608925
0.039365 0.0582268 9.9991E-05 0.599242 0.303066
0.00504227 0.0577353 0.0218171 0.473994 0.441412
0.0332949 0.0796797 0.121387 0.135072 0.630566
0.0404661 0.138705 9.9991E-05 0.3151 0.505629
0.156181 0.313112 0.0680664 0.13664 0.326
0.184865 0.174218 0.140979 0.117851 0.382087
0.0797327 0.33571 0.16482 0.153846 0.265891
0.130472 0.27055 0.174234 0.103488 0.321257
0.120676 0.184946 0.163816 0.123618 0.406944
0.116939 0.176885 0.183454 0.0584536 0.464269
0.0274519 0.196031 0.214063 0.562354 9.9991E-05
0.0751345 0.321383 0.101837 0.0553717 0.446274
9.9982E-05 0.141776 0.422442 0.435582 9.9982E-05
9.9991E-05 0.216251 0.0876281 0.161814 0.534207
9.9973E-05 9.9973E-05 9.9973E-05 0.780796 0.218904
9.9982E-05 0.0259482 9.9982E-05 0.963308 0.0105438
0.0565382 0.0195698 9.9991E-05 0.395619 0.528173
9.9982E-05 9.9982E-05 0.0192172 0.239307 0.741276
0.0387002 0.00948173 9.9991E-05 0.452689 0.499029
9.9991E-05 0.0118712 0.0770068 0.320553 0.590469
9.9982E-05 0.0937625 9.9982E-05 0.331014 0.575023
9.9991E-05 0.0103432 0.825322 0.0245586 0.139676
0.156228 0.0930937 0.737322 0.013256 9.9991E-05
0.0398742 0.0235839 0.936342 9.9982E-05 9.9982E-05
9.9973E-05 9.9973E-05 0.968287 9.9973E-05 0.0314135
0.00749728 0.0305551 0.0637756 0.233752 0.66442
0.094412 9.9991E-05 0.0781519 0.208302 0.619034
0.134389 9.9991E-05 0.0283864 0.153394 0.683731
0.122505 0.0318869 0.158381 0.0326576 0.65457
0.0964955 0.0847571 0.0850456 0.197096 0.536606
0.196652 9.9991E-05 0.0151578 0.380265 0.407825
0.0819341 9.9991E-05 0.00360701 0.110581 0.803778
9.9982E-05 9.9982E-05 0.000843379 0.46312 0.535837
0.0769312 0.224136 0.250525 9.9991E-05 0.448308
0.108225 0.0360229 9.9991E-05 0.322816 0.532836
0.180798 9.9991E-05 0.00528808 0.281833 0.531982
0.0744077 9.9982E-05 9.9982E-05 0.211633 0.713759
0.102245 9.9991E-05 0.0109192 0.263172 0.623563
9.9982E-05 9.9982E-05 0.0226943 0.265044 0.712062
0.0296055 0.0291787 0.0574024 0.153202 0.730611
9.9973E-05 9.9973E-05 9.9973E-05 0.645489 0.354211
0.0962382 0.0132561 9.9991E-05 0.436834 0.453571
0.0450654 9.9982E-05 9.9982E-05 0.490183 0.464552
9.9973E-05 9.9973E-05 9.9973E-05 0.947636 0.0520637
0.165103 9.9991E-05 0.044471 0.216421 0.573904
0.0132278 9.9982E-05 9.9982E-05 0.683387 0.303185
0.0463709 9.9982E-05 9.9982E-05 0.875914 0.0775154
0.0774772 9.9991E-05 0.00794314 0.162642 0.751838
0.207891 9.9982E-05 9.9982E-05 0.417691 0.374218
0.119428 0.0629838 9.9991E-05 0.243076 0.574412
9.9991E-05 0.0526677 0.127192 0.190138 0.629902
0.16518 9.9982E-05 9.9982E-05 0.143343 0.691277
0.323368 0.0746783 9.9991E-05 0.250546 0.351308
0.0997645 0.0417669 0.00245838 0.139508 0.716502
0.12911 0.0663635 0.0231234 0.140842 0.640561
9.9973E-05 9.9973E-05 9.9973E-05 0.526243 0.473458
0.0364721 0.0734027 0.12192 0.173079 0.595126
0.258074 0.00382805 0.649642 0.0883563 9.9991E-05
0.0762187 9.9991E-05 0.755097 0.0524911 0.116094
0.136501 9.9982E-05 0.815311 0.0479879 9.9982E-05
0.130588 9.9982E-05 0.838564 0.0306481 9.9982E-05
0.280267 9.9982E-05 0.713764 9.9982E-05 0.00576872
0.256819 0.0381346 9.9991E-05 0.380126 0.32482
0.219965 9.9991E-05 0.0211132 0.426304 0.332517
9.9973E-05 9.9973E-05 9.9973E-05 0.634775 0.364925
0.0527402 0.0351048 0.183105 0.105322 0.623727
0.00121644 0.0281347 0.177324 0.177644 0.615681
9.9982E-05 9.9982E-05 0.0618416 0.500162 0.437796
9.9991E-05 0.065526 0.0271797 0.145762 0.761432
0.0257151 0.0302586 0.0639618 0.339982 0.540082
0.0284733 0.0400654 0.0723123 0.194437 0.664712
0.0602071 0.0171148 0.0313268 0.119765 0.771586
0.162895 9.9982E-05 9.9982E-05 0.41123 0.425675
0.161971 9.9982E-05 9.9982E-05 0.2447 0.593129
0.268615 9.9982E-05 9.9982E-05 0.221854 0.509331
0.0348537 0.0556981 0.166761 0.141465 0.601222
0.0984417 9.9991E-05 0.00218623 0.29076 0.608512
0.108513 9.9982E-05 9.9982E-05 0.270419 0.620868
0.0545428 0.450267 0.0852131 9.9991E-05 0.409877
0.0353593 0.517487 0.104511 0.0280691 0.314574
9.9982E-05 0.499168 0.110443 9.9982E-05 0.390189
9.9991E-05 0.460389 0.153011 0.102067 0.284433
0.106222 0.361444 0.0725796 0.00360505 0.45615
0.0807641 0.0125411 0.0118132 0.233116 0.661766
9.9991E-05 0.692204 0.263884 0.0159824 0.0278295
9.9982E-05 0.481141 0.233417 9.9982E-05 0.285242
9.9991E-05 0.178568 0.164459 0.231104 0.42577
9.9982E-05 9.9982E-05 0.267604 0.155836 0.57636
0.0754642 0.0289033 0.177962 0.259792 0.457879
0.0170677 0.0266415 0.139051 0.183485 0.633755
0.0702364 0.0419181 0.110283 0.119768 0.657795
9.9982E-05 0.481426 0.216854 9.9982E-05 0.30152
0.0822377 0.477434 0.0627925 9.9991E-05 0.377436
9.9982E-05 0.644099 0.0358674 9.9982E-05 0.319833
0.120861 0.408332 0.0801593 0.0846974 0.305951
0.00503832 0.498182 0.1734 9.9991E-05 0.323279
0.0084354 0.345145 0.15568 0.0547878 0.435951
0.0747199 0.546241 0.156866 9.9991E-05 0.222072
0.122313 0.559607 0.0174322 0.00877915 0.291869
9.9991E-05 0.0047415 0.0938521 0.250792 0.650514
9.9991E-05 0.372303 0.204322 0.0412216 0.382053
9.9982E-05 0.645893 0.144381 9.9982E-05 0.209526
0.0972573 0.345076 0.125833 0.0573169 0.374516
0.24529 9.9991E-05 0.205181 0.313367 0.236062
0.0701148 0.142531 9.9991E-05 0.171159 0.616095
0.116149 0.344471 0.188317 9.9991E-05 0.350963
0.0637477 0.0234934 0.154251 0.0704438 0.688064
0.0855377 0.0654166 0.167465 0.126786 0.554794
9.9991E-05 0.192853 0.244056 0.102243 0.460748
9.9991E-05 0.256642 0.210995 0.178958 0.353306
0.0282914 0.0979545 0.157847 0.0974423 0.618465
0.0619968 0.455063 0.10842 0.0251297 0.349391
9.9991E-05 0.520709 0.0808232 0.067836 0.330532
0.00393264 0.694803 0.231406 0.0161014 0.0537576
0.0595874 9.9991E-05 0.0892828 0.178881 0.672149
0.0313632 9.9991E-05 0.196358 0.186686 0.585494
9.9991E-05 0.0535363 0.180792 0.617576 0.147996
0.098962 0.171574 0.0857835 0.0573981 0.586283
0.259856 0.115407 0.0730752 0.237124 0.314537
9.9991E-05 0.106577 0.283409 0.081033 0.528881
0.0963951 0.175944 0.0678302 0.16052 0.499311
9.9982E-05 0.215758 0.381776 0.402267 9.9982E-05
9.9982E-05 0.130591 0.375414 0.493795 9.9982E-05
0.0560066 0.181586 0.162029 0.35296 0.247418
0.000787717 0.266016 0.357793 0.365099 0.0103035
9.9982E-05 0.264964 0.484492 0.250344 9.9982E-05
0.00598367 0.283073 0.0906563 0.326114 0.294173
9.9991E-05 0.163883 0.263204 0.222388 0.350425
0.0261964 0.277884 0.293856 0.309946 0.0921175
9.9991E-05 0.217021 0.346839 0.405385 0.030655
0.0319764 0.191376 0.167612 0.0982433 0.510792
9.9991E-05 0.186589 0.271542 0.44302 0.0987491
9.9982E-05 0.0746212 0.519242 0.405937 9.9982E-05
9.9991E-05 0.193311 0.237648 0.121652 0.447289
0.171388 0.379844 0.129577 0.126731 0.192459
9.9991E-05 0.195703 0.29518 0.0305871 0.47843
9.9982E-05 0.29739 0.199438 9.9982E-05 0.502972
9.9991E-05 0.206307 0.142848 0.11895 0.531795
0.0201707 0.319546 0.22475 0.0207914 0.414741
0.0100847 0.256241 0.378771 9.9991E-05 0.354803
0.0104386 0.13237 0.284035 9.9991E-05 0.573057
9.9991E-05 0.30667 0.230638 0.00180767 0.460784
9.9991E-05 0.272086 0.295372 0.111642 0.3208
0.134254 0.140125 0.200497 0.215322 0.309802
0.00153394 0.0837984 0.184329 0.135697 0.594642
0.074255 0.167841 0.226617 0.0417942 0.489493
9.9991E-05 0.175641 0.0819147 0.134337 0.608007
9.9991E-05 0.32251 0.309897 0.0210207 0.346472
0.102274 0.236357 0.158626 9.9991E-05 0.502642
9.9991E-05 0.236782 0.364799 0.276132 0.122188
9.9991E-05 0.32136 0.183774 0.0264035 0.468363
9.9991E-05 0.332959 0.329977 0.178198 0.158767
0.135772 9.9991E-05 0.793726 0.0683114 0.00209093
0.788647 0.00509029 0.10185 0.0247414 0.0796717
0.9996 9.997E-05 9.997E-05 9.997E-05 9.997E-05
0.998072 9.9973E-05 0.00162764 9.9973E-05 9.9973E-05
0.9996 9.997E-05 9.997E-05 9.997E-05 9.997E-05
0.979874 0.00708056 0.0128458 9.9982E-05 9.9982E-05
0.93675 9.9973E-05 9.9973E-05 9.9973E-05 0.0629505
0.983405 9.9973E-05 0.0162946 9.9973E-05 9.9973E-05
0.823931 0.0178971 0.157972 9.9982E-05 9.9982E-05
0.0820562 0.00799916 0.907674 0.00217109 9.9991E-05
0.119678 9.9982E-05 0.825534 9.9982E-05 0.0545883
9.9982E-05 0.0379963 0.91101 9.9982E-05 0.0507938
0.148865 9.9982E-05 0.833005 9.9982E-05 0.0179298
0.0469272 0.0649496 0.885434 9.9991E-05 0.00258904
0.0653754 9.9982E-05 0.905682 9.9982E-05 0.0287426
0.062461 0.178235 0.729823 0.0293812 9.9991E-05
0.045452 0.0768618 0.87382 9.9991E-05 0.00376574
0.169081 0.0607612 0.69989 0.0163109 0.0539568
9.9982E-05 0.0488368 0.936367 0.0145958 9.9982E-05
0.000474068 9.9982E-05 0.96688 0.0324457 9.9982E-05
0.0455823 0.063924 0.859212 0.027811 0.00347074
9.9982E-05 0.0252504 0.960311 9.9982E-05 0.0142386
9.9982E-05 0.0208108 0.9339 9.9982E-05 0.0450893
0.0160724 0.0121027 0.886597 9.9991E-05 0.0851275
9.9973E-05 9.9973E-05 0.865692 9.9973E-05 0.134008
9.9982E-05 0.153997 0.781989 9.9982E-05 0.0638138
9.9982E-05 0.0732094 0.786124 9.9982E-05 0.140466
9.9982E-05 0.0280707 0.853305 9.9982E-05 0.118424
0.121277 0.051639 0.172589 0.224436 0.430059
9.9982E-05 9.9982E-05 0.126587 0.0754174 0.797796
0.00321601 0.0612944 0.153154 0.113172 0.669163
9.9982E-05 9.9982E-05 0.135104 0.66398 0.200715
0.132409 0.0127028 0.124172 0.129785 0.600931
9.9991E-05 0.0641342 0.194431 0.685129 0.0562055
9.9991E-05 0.0315765 0.13857 0.103231 0.726523
0.128209 9.9991E-05 0.12267 0.287008 0.462013
0.0660611 9.9991E-05 0.0960512 0.246635 0.591153
9.9991E-05 0.057174 0.0276629 0.323238 0.591825
0.103105 0.0300395 0.122495 0.232963 0.511397
0.0518694 0.0359481 0.156204 0.104567 0.651412
0.158505 9.9991E-05 0.122665 0.0872811 0.631448
0.507303 0.121848 9.9991E-05 0.367357 0.00339235
0.0328228 9.9982E-05 0.115126 0.851852 9.9982E-05
0.0695469 0.101501 0.118432 0.605156 0.105364
0.117175 0.132674 0.0494383 0.0743794 0.626333
0.0726049 0.0545985 0.186375 0.1397 0.546721
0.0451143 9.9991E-05 0.126238 0.222963 0.605584
9.9991E-05 0.109315 0.0851446 0.257357 0.548084
0.0609277 0.184401 0.240529 0.0218131 0.492329
0.0179176 0.181779 0.17468 9.9991E-05 0.625524
0.161846 0.114458 0.446566 0.059508 0.217621
0.129251 0.081577 0.152218 0.0160709 0.620884
0.147399 0.133392 0.2583 0.0198645 0.441045
9.9982E-05 0.181984 0.455081 0.362735 9.9982E-05
9.9991E-05 0.222932 0.314449 0.143065 0.319455
0.109277 0.195623 0.312751 0.0672172 0.315131
0.0969002 0.128907 0.339027 9.9991E-05 0.435065
0.192972 0.308441 0.025799 0.0838891 0.388899
0.0567187 0.1775 0.207118 0.0586498 0.500014
0.0125082 0.168867 0.206497 0.0148202 0.597308
0.00723189 0.178843 0.139218 0.239512 0.435195
0.011472 0.113955 0.478704 0.00231002 0.393559
