0.0107422 0.0730636 9.9991E-05 0.0105718 0.905522
9.9982E-05 0.0117048 0.0762745 9.9982E-05 0.911821
0.136185 9.9982E-05 9.9982E-05 0.0100664 0.853549
0.0427605 0.104628 9.9991E-05 0.0940153 0.758496
0.0781856 9.9991E-05 0.0144727 0.032674 0.874568
0.116603 0.0945013 0.127849 0.0182261 0.64282
0.00469939 0.0134772 0.0911722 0.00193767 0.888714
9.999E-05 0.141696 0.0747064 0.0308192 0.752679
9.9982E-05 0.0725458 0.109546 9.9982E-05 0.817708
0.121364 0.0169924 0.0692812 0.0560496 0.736313
0.0450917 0.103029 0.0390366 9.9991E-05 0.812743
0.32685 0.467669 0.121963 0.0754915 0.0080261
0.578347 0.339683 9.9991E-05 0.0766088 0.00526095
0.286881 0.454284 0.171162 0.069027 0.0186456
0.320364 0.409719 0.0843048 0.184833 0.000779372
0.390393 0.234241 0.0965104 0.154516 0.12434
0.504679 0.208397 0.00640933 0.216595 0.0639196
0.481712 0.288744 0.114314 0.11513 9.9991E-05
0.366933 0.336075 0.088136 0.112431 0.0964248
0.032863 0.639149 0.227748 0.0555069 0.0447335
0.427296 0.262239 0.171373 0.138992 9.9991E-05
0.41769 0.178632 0.277997 0.068016 0.0576653
0.49197 0.24784 0.114951 0.101052 0.0441877
0.307271 0.379932 0.170789 0.141908 9.9991E-05
0.622575 0.176972 9.9991E-05 0.11781 0.0825442
0.545058 0.255482 0.0540713 0.127128 0.0182601
0.25272 0.533155 0.086521 0.117998 0.00960524
0.259278 0.489968 0.0648461 0.183029 0.00287942
0.243914 0.470023 0.22199 0.0481799 0.0158938
0.114655 9.9982E-05 9.9982E-05 0.0386881 0.846457
0.145343 9.9973E-05 9.9973E-05 9.9973E-05 0.854357
0.183734 9.9982E-05 9.9982E-05 0.00730244 0.808763
0.162156 9.9991E-05 0.00946936 0.0692316 0.759043
0.675625 0.112892 0.142632 9.9991E-05 0.0687511
0.663483 0.0318709 0.137011 0.08 0.0876357
0.711025 0.0365521 0.220882 0.0165274 0.0150132
0.200544 0.59522 0.11854 9.9991E-05 0.085595
0.497098 0.0446212 0.458081 9.9982E-05 9.9982E-05
0.52169 0.225616 0.186137 0.0628679 0.00368868
0.737628 9.9991E-05 0.137532 0.0736648 0.0510749
0.685665 0.0500527 0.140441 9.9991E-05 0.123741
0.637871 0.0505217 0.0937444 0.0876017 0.130261
0.377709 0.134013 0.488078 9.9982E-05 9.9982E-05
0.660099 9.9991E-05 0.215345 0.0238185 0.100638
0.657306 9.9991E-05 0.19827 0.0335939 0.11073
0.542268 0.0918117 0.0579861 0.139069 0.168866
0.539649 0.0629675 0.397184 9.9982E-05 9.9982E-05
0.621953 0.0149942 0.234882 0.0832123 0.0449587
0.677034 0.0669156 0.0827367 0.0448445 0.128469
9.9982E-05 0.0798597 0.857291 9.9982E-05 0.0626489
0.258756 0.442954 0.29809 9.9982E-05 9.9982E-05
0.147763 0.183148 0.612531 0.0223681 0.0341898
0.692009 0.168637 0.0631781 0.0483111 0.0278653
0.548676 0.098271 0.146346 0.147383 0.0593239
0.578442 0.150154 0.14175 0.0729789 0.0566753
0.257924 0.355818 0.24942 9.9991E-05 0.136737
0.651706 0.203383 0.0860111 0.0408763 0.0180231
0.480288 0.0926514 0.170858 0.214472 0.0417313
0.45941 0.169558 0.22884 9.9991E-05 0.142093
0.0788215 0.282038 0.362449 0.0498364 0.226856
0.575312 0.167679 0.124022 0.0485524 0.0844351
0.403662 0.34346 0.0680129 0.119892 0.0649727
0.12919 0.519413 0.316556 9.9991E-05 0.0347404
0.539311 0.288059 0.10262 0.0699099 9.9991E-05
0.711592 0.118039 0.0516373 0.0700959 0.0486356
0.554773 0.123632 0.125944 0.115527 0.080124
0.31664 0.272073 0.294877 0.0759584 0.0404518
0.471759 0.195726 0.229742 0.102673 9.9991E-05
0.583783 0.207999 0.0937903 0.112397 0.0020307
0.247473 0.434367 0.291039 9.9991E-05 0.0270212
0.755048 0.0990166 0.145735 9.9982E-05 9.9982E-05
0.454103 0.201781 0.343916 9.9982E-05 9.9982E-05
0.699179 0.0558243 0.121569 9.9991E-05 0.123328
0.216821 0.0395283 0.743451 9.9982E-05 9.9982E-05
0.183439 0.0406322 0.775729 9.9982E-05 9.9982E-05
0.506574 0.01118 0.482046 9.9982E-05 9.9982E-05
0.575821 0.0670965 0.356883 9.9982E-05 9.9982E-05
0.663422 0.0635557 0.0739634 0.00299056 0.196068
0.561532 0.111947 0.29708 0.0293422 9.9991E-05
0.379316 0.291169 0.300782 9.9991E-05 0.0286332
0.4356 0.309276 0.246545 9.9991E-05 0.00847958
0.605433 0.0600237 0.15986 0.0527598 0.121923
0.57729 0.0705717 0.351938 9.9982E-05 9.9982E-05
0.589737 0.0627709 0.29561 9.9991E-05 0.0517817
0.57415 9.9973E-05 0.42555 9.9973E-05 9.9973E-05
0.183196 9.9973E-05 0.816504 9.9973E-05 9.9973E-05
0.756009 9.9982E-05 0.23092 9.9982E-05 0.0128713
0.0879006 0.0705952 9.9991E-05 0.0347118 0.806692
0.0765984 9.9973E-05 9.9973E-05 9.9973E-05 0.923102
0.0854775 0.000618384 9.9991E-05 0.0518841 0.86192
0.0260355 9.9991E-05 0.00179494 0.0271593 0.94491
0.0778072 9.9991E-05 0.0136149 0.0531256 0.855352
0.0753505 9.9991E-05 0.00499967 0.0346637 0.884886
0.0448016 9.9982E-05 9.9982E-05 0.0178762 0.937122
0.507982 0.0870723 0.169884 0.112705 0.122357
0.607878 0.0571796 0.112776 0.121432 0.100734
0.277999 0.181554 0.53115 9.9991E-05 0.00919711
0.585598 0.0403557 0.114065 0.161653 0.0983284
0.631621 0.140005 0.208872 0.0194024 9.9991E-05
0.744148 9.9982E-05 0.188952 9.9982E-05 0.0667004
0.672008 0.0950484 0.178611 9.9991E-05 0.0542329
0.671744 9.9982E-05 0.282176 0.0458798 9.9982E-05
0.143157 0.325309 0.507145 9.9991E-05 0.0242889
0.705811 9.9982E-05 0.149014 9.9982E-05 0.144975
0.770314 0.0444992 0.0675785 0.0331583 0.0844501
0.539744 0.143286 0.132918 0.104349 0.0797026
0.478478 9.9982E-05 0.5022 9.9982E-05 0.0191213
0.685885 0.0535198 0.248911 9.9991E-05 0.011585
0.615479 0.0969885 0.257839 9.9991E-05 0.0295934
0.532985 0.00917732 0.419447 0.0382909 9.9991E-05
0.635632 0.177273 0.133879 9.9991E-05 0.0531161
0.530612 0.268035 0.0156062 0.0354095 0.150337
0.260505 0.385967 0.260996 0.0924323 9.9991E-05
0.404533 0.329321 0.0461747 0.100281 0.11969
0.553707 0.270002 0.040098 0.0740437 0.0621487
0.609582 0.0947279 0.09844 0.1068 0.0904502
0.605423 0.324504 9.9991E-05 0.00657915 0.0633941
0.5751 0.299395 0.00805687 0.116112 0.00133623
0.532942 0.373204 0.0423253 0.0469394 0.00458936
0.573648 0.118308 0.164598 0.0602075 0.0832381
0.543569 0.144028 0.0762487 0.170581 0.0655723
0.651331 0.22003 0.0706784 0.0222219 0.0357384
0.577233 0.372785 0.0497824 9.9982E-05 9.9982E-05
0.675714 0.128701 0.0278701 0.111247 0.0564678
0.621067 0.129399 0.0579296 0.0231784 0.168425
0.597291 0.225465 0.0494347 0.127709 9.9991E-05
0.571245 0.117191 0.091666 0.111855 0.108043
0.635895 0.227383 0.0812303 0.0553915 9.9991E-05
0.462273 0.258507 0.110268 0.050224 0.118728
0.524817 0.204679 0.108154 0.162251 9.9991E-05
0.658574 0.195635 0.0236495 0.122041 9.9991E-05
0.298309 0.436687 0.195291 0.0696124 9.9991E-05
0.192151 0.29419 0.450835 0.048298 0.0145265
0.417832 0.22049 0.155667 0.171309 0.0347019
0.0781537 0.314739 0.525565 0.0814426 9.9991E-05
0.385511 0.437236 0.147651 9.9991E-05 0.0295021
0.533673 0.36929 0.0968371 9.9982E-05 9.9982E-05
0.374047 0.431215 0.171173 9.9991E-05 0.0234639
0.339648 0.516676 0.109084 0.034492 9.9991E-05
0.694768 9.9991E-05 0.151004 0.0389615 0.115167
0.634872 0.0897955 0.0821639 0.0366425 0.156526
0.607626 0.230828 0.0841307 9.9991E-05 0.0773154
0.158087 0.373043 0.378294 0.090476 9.9991E-05
0.556469 9.9991E-05 0.202038 0.052027 0.189366
0.525216 0.0329615 0.340706 0.101017 9.9991E-05
0.0611907 0.122842 0.633608 9.9991E-05 0.182259
0.662845 9.9991E-05 0.122771 0.0448052 0.169479
0.371123 0.0377181 0.442248 0.0777192 0.0711917
0.458243 0.0354133 0.230984 0.131364 0.143996
0.296285 0.0140164 0.4521 0.0429628 0.194635
0.26734 0.112504 0.496806 9.9991E-05 0.12325
0.508463 0.166643 0.291151 0.0251509 0.00859214
0.518954 0.135445 0.102251 0.0790179 0.164332
0.480085 0.0350741 0.298744 0.00014416 0.185952
0.0827473 0.155254 0.485069 0.183201 0.0937286
0.640847 0.0923026 0.154523 0.074707 0.0376211
0.470428 0.120496 0.399563 0.00941241 9.9991E-05
0.465935 0.186029 0.24277 0.0939728 0.0112922
0.60342 0.0335946 0.137268 0.0753527 0.150365
0.146137 9.9991E-05 0.240764 0.249316 0.363682
9.9982E-05 9.9982E-05 0.261825 0.150247 0.587728
9.9982E-05 9.9982E-05 0.35562 0.186078 0.458102
0.0470436 0.0682168 0.11697 0.341712 0.426057
0.682716 0.0303638 0.224131 0.0626896 9.9991E-05
0.541443 0.170592 0.0875616 0.171451 0.0289518
0.20442 0.0139227 9.9982E-05 0.781457 9.9982E-05
0.308592 0.143045 0.0372461 0.465773 0.0453435
0.355437 0.0717943 0.0894429 0.412076 0.0712498
0.404283 9.9991E-05 0.548143 0.0242746 0.0231993
0.528505 0.0868107 0.219918 0.0865636 0.0782024
0.216974 9.9982E-05 0.666919 0.115907 9.9982E-05
0.60192 9.9991E-05 0.330149 0.0342681 0.0335627
0.477682 0.073558 0.295478 0.0718787 0.0814036
0.4859 0.128833 0.219724 0.165443 9.9991E-05
0.219934 9.9991E-05 0.664761 0.0706445 0.0445606
0.637302 0.0345958 0.13212 0.121192 0.0747902
0.52217 0.0633794 0.187543 0.181214 0.0456939
9.9973E-05 9.9973E-05 0.00966966 0.99003 9.9973E-05
0.0539367 0.0015735 0.0022906 0.942099 9.9991E-05
0.278462 0.0773454 0.0468002 0.539187 0.058206
0.313711 9.9973E-05 9.9973E-05 0.685989 9.9973E-05
0.130879 0.00296982 9.9982E-05 0.865951 9.9982E-05
9.997E-05 9.997E-05 9.997E-05 0.9996 9.997E-05
9.9973E-05 0.0680567 9.9973E-05 0.931643 9.9973E-05
0.0918234 9.9973E-05 9.9973E-05 0.907877 9.9973E-05
0.0347242 0.0214697 9.9982E-05 0.943606 9.9982E-05
9.997E-05 9.997E-05 9.997E-05 0.9996 9.997E-05
9.997E-05 9.997E-05 9.997E-05 0.9996 9.997E-05
0.183159 0.0313661 9.9991E-05 0.755861 0.0295136
0.0938859 0.0581334 9.9982E-05 0.847781 9.9982E-05
9.9973E-05 0.00457373 9.9973E-05 0.995126 9.9973E-05
0.391457 0.0315407 0.0880032 0.436878 0.0521215
0.240085 0.0689938 9.9991E-05 0.634654 0.0561669
0.121507 0.0753755 9.9991E-05 0.789351 0.0136658
0.0702547 0.0185264 9.9991E-05 0.87463 0.0364892
0.00695137 9.9973E-05 9.9973E-05 0.992749 9.9973E-05
0.10515 9.9982E-05 9.9982E-05 0.852059 0.0425907
9.997E-05 9.997E-05 9.997E-05 0.9996 9.997E-05
0.144214 0.0838463 0.0260404 0.702802 0.0430973
9.9991E-05 0.00577346 0.0584114 0.926303 0.00941238
9.9982E-05 9.9982E-05 0.54575 0.0705524 0.383497
0.379763 0.16523 0.191443 0.0783028 0.185261
0.374749 0.068628 0.205476 0.168568 0.182579
0.180637 9.9991E-05 0.418856 0.114236 0.286171
0.46339 9.9991E-05 0.151632 0.145397 0.23948
0.180627 9.9991E-05 0.375701 0.16533 0.278242
0.480511 0.100612 0.126021 0.10452 0.188336
0.339195 9.9991E-05 0.307418 0.187315 0.165972
0.374927 0.0429137 0.212669 0.223609 0.145881
0.394023 9.9991E-05 0.197694 0.196574 0.211609
0.540949 0.00725654 0.200482 0.0980917 0.153221
0.00554503 0.115639 0.0667598 9.9991E-05 0.811956
9.9982E-05 9.9982E-05 0.0490231 0.0361935 0.914583
9.9982E-05 0.0314211 0.0318747 9.9982E-05 0.936504
0.00503873 0.0445424 9.9991E-05 0.00281538 0.947504
9.9982E-05 0.110625 9.9982E-05 0.0398355 0.849339
0.000785083 0.0188351 9.9991E-05 0.0911871 0.889093
0.0206092 9.9982E-05 9.9982E-05 0.0795588 0.899632
9.9982E-05 9.9982E-05 0.095943 0.00534637 0.898511
0.0306016 0.0305506 9.9991E-05 0.0319116 0.906836
9.9991E-05 0.0106162 0.0116994 0.106095 0.871489
9.9982E-05 0.207255 0.158208 9.9982E-05 0.634337
9.9991E-05 0.371896 0.0181633 0.00864444 0.601197
9.9982E-05 0.271059 0.192592 9.9982E-05 0.536149
0.0268669 0.307488 0.146926 9.9991E-05 0.51862
0.665484 0.122088 0.148938 9.9991E-05 0.0633907
0.561171 0.0963328 0.263057 0.0710745 0.0083647
0.630793 0.254808 0.087456 0.0268434 9.9991E-05
0.4531 0.261662 0.243188 9.9991E-05 0.0419501
0.228984 0.646863 0.123953 9.9982E-05 9.9982E-05
0.694541 0.0552332 0.140924 0.0302514 0.0790506
0.69848 0.038462 0.226626 0.0363319 9.9991E-05
0.616974 0.078884 0.280316 9.9991E-05 0.0237265
0.518341 0.0527045 0.370999 0.0578554 9.9991E-05
0.672895 0.154201 0.0543689 0.0842439 0.0342914
0.555398 0.233169 0.211233 9.9982E-05 9.9982E-05
0.0858098 0.130663 0.783327 9.9982E-05 9.9982E-05
0.558093 0.200202 0.132942 0.0544521 0.0543113
0.403215 9.9982E-05 0.578296 9.9982E-05 0.0182883
0.691543 0.0069979 0.301259 9.9982E-05 9.9982E-05
0.292917 0.250383 0.4565 9.9982E-05 9.9982E-05
9.9991E-05 0.704393 0.146521 0.0220246 0.126962
0.031799 0.722148 0.109831 0.0155239 0.120698
9.9982E-05 0.867105 0.0892403 9.9982E-05 0.0434547
9.9982E-05 0.766835 0.097963 9.9982E-05 0.135002
0.0151465 0.894544 0.0378624 0.0523473 9.9991E-05
0.016783 0.799504 0.0167001 0.102568 0.0644439
0.107657 9.9982E-05 9.9982E-05 0.00931381 0.882829
0.0508215 0.121847 9.9991E-05 0.0520454 0.775186
0.0999768 9.9982E-05 9.9982E-05 0.144927 0.754896
0.0182929 0.111602 9.9991E-05 0.127281 0.742724
0.0895881 0.0415424 9.9991E-05 0.0511786 0.817591
9.9982E-05 0.527916 0.0741956 9.9982E-05 0.397688
9.9982E-05 0.45093 0.0831503 9.9982E-05 0.46572
9.9982E-05 0.492623 0.10093 9.9982E-05 0.406248
0.141071 0.0141051 9.9991E-05 0.00594043 0.838783
9.9982E-05 0.531583 0.0590212 9.9982E-05 0.409196
0.2631 9.9991E-05 0.131811 0.409332 0.195658
0.554179 0.0807835 9.9991E-05 0.228966 0.135971
0.518775 9.9982E-05 9.9982E-05 0.290442 0.190583
0.339439 0.0206008 0.099446 0.270622 0.269893
0.463545 0.135098 0.0363102 0.221346 0.143701
9.9982E-05 9.9982E-05 0.179951 0.341243 0.478606
0.472464 0.38065 0.146686 9.9982E-05 9.9982E-05
0.347444 0.268258 0.288377 0.06412 0.0318002
0.320003 0.517914 0.0921421 9.9991E-05 0.0698416
0.533305 0.188317 0.272763 9.9991E-05 0.0055142
9.9973E-05 0.194766 0.804935 9.9973E-05 9.9973E-05
0.490397 0.145701 0.164627 0.143323 0.0559523
0.527022 0.223334 0.196886 0.0197339 0.0330236
0.402919 0.477815 0.070823 9.9991E-05 0.0483425
0.586536 0.20681 0.0463476 0.070839 0.0894672
0.201592 0.236395 0.561814 9.9982E-05 9.9982E-05
0.459462 0.20328 0.21137 0.107412 0.0184758
0.569117 0.261573 0.0974677 0.0717428 9.9991E-05
0.493067 0.0605321 0.127162 0.173553 0.145685
0.385256 0.297565 0.255337 0.0617417 9.9991E-05
0.485775 0.279779 0.162715 0.065893 0.0058388
0.502342 0.106192 0.245729 0.145638 9.9991E-05
0.59327 0.177057 0.201969 0.000670184 0.0270338
0.651095 0.136941 0.0398438 0.08516 0.0869599
0.616656 0.138733 0.0952203 9.9991E-05 0.14929
0.575007 0.23176 0.0100416 0.0793832 0.103807
0.126938 9.9982E-05 9.9982E-05 0.071664 0.801198
0.0742792 9.9991E-05 0.019268 0.0369645 0.869388
0.0591299 0.0415229 0.0956839 9.9991E-05 0.803563
0.0448202 0.0402495 0.0750585 0.0342338 0.805638
0.148983 9.9973E-05 9.9973E-05 9.9973E-05 0.850718
0.178254 0.646373 0.0817727 0.0934999 9.9991E-05
0.550157 0.140069 0.151617 0.121594 0.0365629
0.442302 0.0219194 0.104373 0.20309 0.228315
0.685207 0.158733 0.0277399 0.110339 0.0179815
0.606836 0.264212 0.0403099 0.0223281 0.0663135
0.223297 0.389256 0.277966 0.100887 0.00859472
9.9982E-05 0.615131 0.288326 9.9982E-05 0.0963428
0.524683 0.348091 0.0525563 0.0745697 9.9991E-05
0.216071 0.50256 0.141353 0.0506566 0.0893595
0.560457 0.0396534 0.258207 0.0792242 0.062459
0.14929 0.576101 0.10884 0.048917 0.116852
0.561956 0.157593 0.061246 0.110453 0.108752
0.233484 0.639993 0.0276665 0.00844429 0.0904128
0.329196 0.35873 0.179059 0.118056 0.0149587
0.490204 0.101433 0.30357 0.048074 0.0567193
0.396063 0.116883 0.417065 0.00822398 0.061765
0.622693 0.0235169 0.249077 9.9991E-05 0.104613
0.57517 9.9991E-05 0.231961 0.0744198 0.118349
0.426029 0.0640084 0.46491 9.9991E-05 0.0449532
0.443569 0.101739 0.201677 0.196697 0.0563182
0.587624 9.9982E-05 0.28772 9.9982E-05 0.124456
0.18256 0.0909325 0.726307 9.9982E-05 9.9982E-05
0.318742 9.9982E-05 0.674628 9.9982E-05 0.00642995
0.572085 0.0552214 0.289129 0.0179951 0.0655695
0.232839 0.0991259 0.654025 9.9991E-05 0.0139103
0.544299 0.144292 0.311209 9.9982E-05 9.9982E-05
0.165299 0.636186 0.147399 0.0510167 9.9991E-05
0.286276 0.364065 0.31197 0.0375891 9.9991E-05
0.415655 0.450317 0.0432365 0.0678353 0.022956
0.651207 0.186173 0.0163615 0.146158 9.9991E-05
0.305287 0.537916 0.136441 0.0202558 9.9991E-05
0.452057 0.146739 0.227652 0.167481 0.00607125
0.651816 0.194277 0.0510884 0.102719 9.9991E-05
0.604487 0.218966 0.082035 0.0663276 0.0281846
0.530812 0.297397 0.0451712 0.0874299 0.0391906
0.489549 0.350687 0.110955 0.0350344 0.0137741
0.304689 0.602951 0.0495346 0.0427254 9.9991E-05
0.363328 0.424587 0.0766166 0.135369 9.9991E-05
0.601265 0.231879 0.0982059 0.0685508 9.9991E-05
0.657194 0.15075 0.0845518 0.0575304 0.0499739
0.469532 0.227233 0.22798 0.00458001 0.0706753
0.465586 0.223361 0.177249 0.133704 9.9991E-05
0.351194 0.451838 0.047068 0.0614461 0.0884543
0.642714 0.240451 0.0110771 0.105658 9.9991E-05
0.584119 0.225023 0.0391506 0.0860571 0.0656497
0.537578 0.115992 0.0972978 0.166447 0.0826848
0.411885 0.0823848 9.9991E-05 0.170621 0.335009
0.395642 0.0539824 0.0976979 0.297966 0.154712
0.591236 0.127387 0.00632318 0.111752 0.163302
0.571342 0.137027 0.0994574 0.119561 0.0726129
0.412617 0.00651661 0.0783399 0.298025 0.204501
0.464673 0.190812 0.239953 0.104462 9.9991E-05
0.610747 0.0523614 0.0100143 0.142096 0.184781
0.0282153 9.9991E-05 0.515419 0.184511 0.271755
0.583966 0.105019 0.0193247 0.193839 0.0978512
0.477964 0.132719 0.0750907 0.231454 0.082772
0.40318 0.0671427 0.108976 0.291826 0.128875
0.315729 0.019148 0.275945 0.176765 0.212413
0.499993 9.9991E-05 0.122241 0.20774 0.169926
0.503033 9.9991E-05 0.0802897 0.303532 0.113046
9.9982E-05 9.9982E-05 0.300935 0.235724 0.463141
0.447726 0.0805576 0.0545646 0.330596 0.0865562
0.580926 9.9991E-05 0.0197119 0.235372 0.16389
0.542581 0.0531545 0.108969 0.211211 0.084085
0.534794 9.9991E-05 0.052877 0.212708 0.199521
0.446629 0.114332 0.0628431 0.219494 0.156702
0.545693 0.0379116 0.352951 0.0633452 9.9991E-05
0.569392 0.0611688 0.139604 0.0816921 0.148143
0.0955738 0.100138 0.788623 0.0155644 9.9991E-05
0.0860023 0.0984433 0.815354 9.9982E-05 9.9982E-05
0.518468 9.9991E-05 0.283484 0.12695 0.070997
0.46566 9.9991E-05 0.120905 0.334782 0.0785533
0.260882 9.9991E-05 0.250438 0.409311 0.0792686
0.152886 9.9991E-05 0.292889 0.324127 0.229997
0.317942 0.00313394 0.181108 0.329092 0.168724
0.0928482 0.000958032 0.673869 0.171086 0.0612392
0.126559 9.9991E-05 0.536485 0.243281 0.0935749
0.504406 0.0476883 0.234713 0.208021 0.00517167
0.439591 0.0249783 0.289314 0.19976 0.0463566
0.243275 9.9991E-05 0.530686 0.162372 0.0635675
0.548978 0.0467093 0.226791 0.121403 0.0561184
0.595139 0.0186313 0.218362 0.131431 0.0364364
0.456645 0.0929666 0.161023 0.169312 0.120053
0.455019 0.10906 0.423215 9.9991E-05 0.0126063
0.505127 0.101803 0.377873 0.0150979 9.9991E-05
0.617316 0.0394577 0.2839 0.0366236 0.022703
0.468703 0.0694708 0.305168 0.0947348 0.0619234
0.400293 0.119181 0.170612 0.222347 0.0875667
0.508216 0.0188094 0.415656 0.0557011 0.00161735
0.292683 0.120679 0.586438 9.9982E-05 9.9982E-05
0.660269 9.9991E-05 0.217616 0.0118061 0.110208
0.290675 0.0709935 0.594728 0.043504 9.9991E-05
0.464645 0.0326687 0.440145 0.035313 0.027229
0.548 0.02679 0.297516 0.0983963 0.029298
0.412865 0.0647451 0.357097 0.130675 0.0346175
0.503658 9.9991E-05 0.179375 0.20135 0.115517
0.478956 0.106359 0.136907 0.142847 0.134931
0.353647 0.13196 0.0825115 0.31326 0.118622
0.274082 0.089931 0.1394 0.331793 0.164795
0.428529 0.0880001 0.15099 0.183235 0.149246
0.487345 9.9991E-05 0.147944 0.221131 0.14348
9.9982E-05 9.9982E-05 0.619551 0.177916 0.202333
0.530834 0.0576959 0.0753237 0.29957 0.0365768
9.9982E-05 9.9982E-05 0.434478 0.168471 0.396852
0.542653 9.9991E-05 0.188903 0.228356 0.0399872
0.236442 9.9973E-05 0.763258 9.9973E-05 9.9973E-05
0.0494178 0.10115 0.849232 9.9982E-05 9.9982E-05
0.572084 0.0369998 0.383871 9.9991E-05 0.00694496
0.621975 9.9982E-05 0.255733 0.122092 9.9982E-05
0.50084 0.0631497 0.435811 9.9982E-05 9.9982E-05
0.564945 0.0100902 0.360415 0.00264386 0.0619057
0.650836 9.9982E-05 0.316931 0.0320332 9.9982E-05
0.104913 9.9991E-05 0.0232745 0.0366655 0.835047
9.9991E-05 0.148377 0.0111629 0.117728 0.722633
9.9982E-05 0.0507142 9.9982E-05 0.0516649 0.897421
0.0366592 9.9973E-05 9.9973E-05 9.9973E-05 0.963041
0.652922 0.102173 0.212986 9.9991E-05 0.0318186
0.669207 0.059617 0.174588 0.0038528 0.0927349
0.702177 0.119899 0.177724 9.9982E-05 9.9982E-05
0.714337 0.143418 0.0373082 0.00178955 0.103147
0.642123 0.0918697 0.146832 9.9991E-05 0.119076
0.385311 0.157048 0.432396 9.9991E-05 0.0251451
0.725463 0.0616351 0.119241 0.0935609 9.9991E-05
0.48461 9.9982E-05 0.510938 9.9982E-05 0.00425233
0.363687 0.13524 9.9991E-05 0.266734 0.234239
0.575607 0.0404686 0.353598 0.0302261 9.9991E-05
0.510264 0.180341 0.309196 9.9982E-05 9.9982E-05
0.74293 0.0926817 0.164188 9.9982E-05 9.9982E-05
0.561008 0.128185 0.310607 9.9982E-05 9.9982E-05
0.643679 9.9973E-05 0.356021 9.9973E-05 9.9973E-05
0.746936 0.00654445 0.180611 0.00247201 0.0634367
0.253707 9.9973E-05 0.745994 9.9973E-05 9.9973E-05
0.425022 0.0605113 0.514267 9.9982E-05 9.9982E-05
0.523597 0.104397 0.371805 9.9982E-05 9.9982E-05
0.0981402 9.9973E-05 0.90156 9.9973E-05 9.9973E-05
0.518214 0.153832 0.264384 0.0439839 0.0195861
0.267874 9.9973E-05 0.731826 9.9973E-05 9.9973E-05
0.101604 0.0115914 0.874194 9.9991E-05 0.012511
0.671138 0.00839003 0.254365 0.0604963 0.0056107
0.390122 0.175356 0.434322 9.9982E-05 9.9982E-05
0.466105 0.162968 0.239109 0.131718 9.9991E-05
0.630586 0.0641419 0.131875 0.0840968 0.0893006
0.682024 0.112612 0.205164 9.9982E-05 9.9982E-05
0.385704 0.20843 0.30212 0.103646 9.9991E-05
0.658439 0.129356 0.177545 9.9991E-05 0.0345593
0.607637 0.131839 0.243871 9.9991E-05 0.0165534
0.498231 9.9973E-05 0.50147 9.9973E-05 9.9973E-05
0.675572 0.0998545 0.172306 0.0023087 0.0499585
0.0337375 0.271938 0.049509 0.0098885 0.634927
0.0434294 0.0676985 0.127403 9.9991E-05 0.761369
9.9982E-05 0.0939261 0.0959225 9.9982E-05 0.809951
9.9982E-05 0.111933 0.0464615 9.9982E-05 0.841406
0.0813883 0.193709 0.0129841 9.9991E-05 0.711819
0.338396 0.232941 0.428024 9.9991E-05 0.000539149
0.340451 0.191169 0.451592 9.9991E-05 0.0166883
0.389414 0.0133987 0.596987 9.9982E-05 9.9982E-05
0.612358 0.0084038 0.158801 0.104651 0.115786
0.6456 0.13133 0.0775122 0.0180335 0.127524
0.461323 0.0656735 0.43295 9.9991E-05 0.0399537
0.731756 9.9991E-05 0.196647 0.0629765 0.0085201
0.484973 9.9991E-05 0.366491 0.020459 0.127977
0.685142 0.0910735 0.201646 0.0220383 9.9991E-05
0.66896 0.00727153 0.194664 0.0506265 0.0784786
0.438802 0.183759 0.377239 9.9982E-05 9.9982E-05
0.594171 0.129902 0.265185 9.9991E-05 0.0106422
0.470199 0.225582 0.30402 9.9982E-05 9.9982E-05
0.617856 0.102206 0.0666807 0.080678 0.132579
0.60628 0.1729 0.220621 9.9982E-05 9.9982E-05
0.648904 0.114705 0.204143 9.9991E-05 0.0321476
0.438513 9.9991E-05 0.0642711 0.456694 0.0404218
0.314017 9.9991E-05 0.0418969 0.524422 0.119563
0.428759 9.9982E-05 9.9982E-05 0.454827 0.116213
0.232961 9.9991E-05 0.0478227 0.532615 0.186501
0.519019 9.9991E-05 0.0184599 0.319979 0.142442
0.526098 9.9991E-05 0.384673 0.0301406 0.0589879
0.0379799 9.9991E-05 0.014909 0.652582 0.294429
0.336776 9.9991E-05 0.0129227 0.449744 0.200457
0.402214 9.9991E-05 0.202984 0.229539 0.165163
0.631471 0.0498592 0.0988192 9.9991E-05 0.219751
0.450951 0.107528 0.280477 0.0120452 0.148999
0.681208 0.0412774 0.148657 0.0314074 0.0974503
0.542943 9.9991E-05 0.218179 0.135962 0.102816
0.341713 9.9982E-05 9.9982E-05 0.447512 0.210575
0.478287 0.0269293 9.9991E-05 0.344759 0.149925
0.356924 9.9982E-05 9.9982E-05 0.542535 0.100341
0.443365 0.168962 0.0145582 0.260441 0.112675
0.306442 9.9991E-05 0.0602703 0.540385 0.092802
0.419697 0.00684315 0.0852253 0.319094 0.169141
0.221368 0.0257021 0.0416593 0.588354 0.122917
0.381632 0.0716773 0.013123 0.397514 0.136054
0.578775 9.9991E-05 0.249199 0.0440323 0.127893
0.336396 0.0411783 0.0543848 0.398241 0.1698
0.141445 9.9982E-05 9.9982E-05 0.700735 0.157619
0.275595 0.113911 0.0674237 0.407468 0.135602
0.233264 0.225458 0.369616 9.9991E-05 0.171562
0.582075 0.0399204 0.220955 0.15695 9.9991E-05
0.454174 0.0635417 0.0190953 0.278999 0.18419
0.613188 0.0828074 0.124772 0.10273 0.0765016
0.575657 9.9982E-05 0.202481 9.9982E-05 0.221662
0.36265 9.9991E-05 0.151939 0.304436 0.180874
0.41285 0.0530181 9.9995E-05 0.298979 0.235053
0.531263 0.123114 0.011816 0.197482 0.136324
0.42554 0.0234345 0.0169925 0.367746 0.166287
0.387557 9.9991E-05 0.0153054 0.423402 0.173636
0.125267 9.9991E-05 0.0400614 0.644117 0.190455
0.563544 9.9991E-05 0.197371 0.0704857 0.168499
0.586777 0.0967252 0.199695 9.9991E-05 0.116703
0.162181 9.9991E-05 0.594724 0.10155 0.141445
0.67973 9.9991E-05 0.100395 0.104263 0.115511
0.353966 0.254714 0.213646 0.0730262 0.104648
0.450752 9.9991E-05 0.118591 0.180893 0.249664
0.44037 0.189917 0.168396 0.134296 0.0670221
9.9982E-05 9.9982E-05 0.454009 0.220722 0.325069
9.9982E-05 9.9982E-05 0.490616 0.154419 0.354765
0.231332 0.0605483 0.364902 0.184209 0.159009
9.9982E-05 9.9982E-05 0.424235 0.21847 0.357095
9.9982E-05 9.9982E-05 0.31109 0.243227 0.445484
0.313357 9.9991E-05 0.405832 0.195306 0.0854046
0.375692 0.0063132 0.19955 0.177515 0.24093
0.129319 0.0465377 0.298975 0.230182 0.294985
0.0791193 9.9991E-05 0.390465 0.216162 0.314154
0.423773 0.103357 0.0960282 0.194683 0.182159
0.10634 9.9991E-05 0.461661 0.230053 0.201847
9.9982E-05 9.9982E-05 0.418167 0.13339 0.448243
0.520652 0.16336 9.9991E-05 0.207289 0.108599
0.235187 0.0537394 0.203863 0.30602 0.201191
0.400155 0.0355596 0.071733 0.255408 0.237144
0.523859 9.9982E-05 9.9982E-05 0.299945 0.175997
0.569422 0.0142749 9.9991E-05 0.212034 0.20417
0.456271 9.9991E-05 0.105956 0.274544 0.163129
0.380774 0.0452317 9.9991E-05 0.221627 0.352268
0.54767 9.9991E-05 0.01801 0.20986 0.22436
0.492888 9.9982E-05 9.9982E-05 0.230772 0.27614
0.287977 0.0465269 0.138601 0.257825 0.26907
0.304397 0.1996 0.13685 0.15864 0.200514
0.524444 0.126567 0.0569708 0.0718621 0.220156
0.542858 9.9991E-05 0.104758 0.133208 0.219076
0.665204 9.9991E-05 0.069781 0.0566993 0.208215
0.362097 0.0652715 0.038054 0.240536 0.294042
0.56833 9.9982E-05 9.9982E-05 0.203203 0.228267
0.132619 9.9991E-05 0.216767 0.230637 0.419877
0.388464 0.155731 9.9991E-05 0.309466 0.146239
0.139595 9.9991E-05 0.204976 0.369169 0.286161
9.9982E-05 0.109298 0.0968151 9.9982E-05 0.793687
0.0828912 0.799826 0.0592334 9.9991E-05 0.057949
9.997E-05 0.9996 9.997E-05 9.997E-05 9.997E-05
9.9973E-05 0.979385 9.9973E-05 9.9973E-05 0.0203148
9.9973E-05 0.979427 9.9973E-05 0.0202734 9.9973E-05
0.00761533 0.966321 9.9982E-05 0.0258639 9.9982E-05
0.0818124 0.912519 9.9982E-05 9.9982E-05 0.00546872
9.9973E-05 0.952738 9.9973E-05 9.9973E-05 0.0469625
9.9973E-05 0.760946 9.9973E-05 9.9973E-05 0.238754
0.0341347 9.9991E-05 0.0205911 0.0305316 0.914643
0.0415703 0.129765 9.9991E-05 0.0185895 0.809975
9.9991E-05 0.0120221 0.0598233 0.0392123 0.888842
0.017451 0.165433 9.9982E-05 9.9982E-05 0.816916
0.00521084 0.07111 9.9991E-05 0.0600796 0.8635
9.9982E-05 0.0900118 0.0163142 9.9982E-05 0.893474
9.9982E-05 0.10238 9.9982E-05 0.144249 0.753171
0.0391318 9.9982E-05 9.9982E-05 0.0823969 0.878271
0.0968433 0.150207 9.9991E-05 0.0162337 0.736616
0.00649783 0.00854326 9.9991E-05 0.0513225 0.933536
9.9973E-05 0.0550024 9.9973E-05 9.9973E-05 0.944698
9.9991E-05 0.0260392 0.0360596 0.0847222 0.853079
0.0175652 0.0314485 9.9991E-05 0.0113372 0.939549
0.0283887 0.0170088 9.9991E-05 0.0695223 0.88498
0.0832134 0.0229975 9.9991E-05 0.035667 0.858022
0.123194 9.9973E-05 9.9973E-05 9.9973E-05 0.876506
0.0486623 9.9982E-05 9.9982E-05 0.175631 0.775507
0.122914 9.9982E-05 9.9982E-05 0.077596 0.79929
0.121468 9.9982E-05 9.9982E-05 0.0509052 0.827427
0.400887 0.0932521 0.256428 0.0589891 0.190444
0.792435 0.0540656 0.0320349 9.9991E-05 0.121365
0.549413 0.0222366 0.19026 0.0876357 0.150455
0.127111 9.9991E-05 0.713477 0.0841244 0.0751875
0.601076 0.125616 0.140272 9.9991E-05 0.132936
0.101567 9.9991E-05 0.650072 0.065795 0.182466
0.661911 9.9991E-05 0.103261 0.0918675 0.14286
0.431259 0.177013 0.295328 9.9991E-05 0.0963005
0.57833 0.0768054 0.241601 9.9991E-05 0.103163
0.671505 0.0272145 0.243864 9.9991E-05 0.0573172
0.523646 0.17983 0.210156 9.9991E-05 0.0862673
0.6431 9.9991E-05 0.181523 0.0723085 0.102969
0.615776 0.104219 0.157414 0.020338 0.102254
0.0755068 0.477503 0.353413 0.0934772 9.9991E-05
9.9982E-05 0.0285196 0.859074 9.9982E-05 0.112206
0.194365 0.00250534 0.620844 0.0567206 0.125565
0.630822 0.130292 0.0426288 0.0212369 0.17502
0.529373 0.00397763 0.278609 0.0259023 0.162138
0.557994 0.0681937 0.26359 0.00856415 0.101657
0.663761 0.0522892 0.107129 0.0525753 0.124246
0.503933 9.9991E-05 0.0941163 0.221393 0.180457
0.622541 0.0205997 0.0822836 0.141219 0.133357
0.159611 0.132103 0.146623 0.149489 0.412173
0.670273 0.0826727 0.0936505 0.0183729 0.135031
0.299805 0.14935 0.15417 0.191645 0.205029
9.9982E-05 9.9982E-05 0.382388 0.185224 0.432188
0.299603 9.9991E-05 0.19097 0.215688 0.29364
0.254567 0.0873631 0.134189 0.180741 0.34314
0.439042 0.140746 9.9991E-05 0.1105 0.309612
0.382953 0.295101 0.0489865 0.240678 0.0322814
0.431573 0.0844366 0.0514141 0.274271 0.158305
0.553808 0.0534121 9.9991E-05 0.224453 0.168227
0.441061 9.9991E-05 0.156783 0.1968 0.205256
0.286147 9.9991E-05 0.0792363 0.200635 0.433882
