0.0337485 0.0691619 0.0359147 9.9973E-05 0.0167227 9.9973E-05 9.9973E-05 0.844152
9.9973E-05 0.0391872 0.00382734 9.9973E-05 0.0167517 0.0386763 9.9973E-05 0.901258
0.0599706 0.0842087 0.00550821 9.9982E-05 9.9982E-05 0.0260695 0.0629675 0.761075
0.0678723 0.0506649 0.115299 9.9973E-05 9.9973E-05 9.9973E-05 0.0402982 0.725565
0.0565427 9.9964E-05 0.0397289 9.9964E-05 9.9964E-05 9.9964E-05 0.0650617 0.838267
0.0278493 0.0570854 0.0769859 0.124623 0.0406263 0.00163512 0.0962572 0.574938
9.9964E-05 0.0696142 9.9964E-05 0.126272 0.0339188 9.9964E-05 9.9964E-05 0.769795
0.0388965 0.0433035 0.0966302 0.118313 0.00633726 9.9982E-05 9.9982E-05 0.696319
9.9982E-05 0.0342752 0.0525 0.0809285 0.0125411 0.0282105 9.9982E-05 0.791345
0.0677003 0.0316182 0.0214795 0.152821 9.9982E-05 9.9982E-05 0.0826247 0.643556
9.9973E-05 9.9973E-05 0.0374431 0.0503152 0.158453 9.9973E-05 0.00116868 0.752321
0.0568576 9.9955E-05 9.9955E-05 9.9955E-05 0.834742 9.9955E-05 0.1079 9.9955E-05
0.046335 0.037521 9.9964E-05 9.9964E-05 0.501804 9.9964E-05 0.41394 9.9964E-05
0.0636418 0.00696933 9.9982E-05 0.018142 0.772154 9.9982E-05 0.123622 0.0152705
0.12034 0.0042511 9.9973E-05 9.9973E-05 0.778531 9.9973E-05 0.0632577 0.0333206
0.115639 9.9964E-05 9.9964E-05 9.9964E-05 0.468484 9.9964E-05 0.283975 0.131501
0.129197 0.0628193 9.9973E-05 9.9973E-05 0.334137 9.9973E-05 0.458298 0.0152486
0.0532213 0.0587679 9.9982E-05 0.0376848 0.47598 0.073639 0.300507 9.9982E-05
0.0491733 0.00235338 9.9973E-05 9.9973E-05 0.688045 9.9973E-05 0.14442 0.115709
9.9964E-05 9.9964E-05 0.0799589 0.0796277 0.803652 9.9964E-05 9.9964E-05 0.0363612
0.0709799 0.0434437 9.9982E-05 0.0710807 0.432279 0.10821 0.273806 9.9982E-05
0.0516879 0.0391017 9.9982E-05 0.104302 0.288373 0.100653 0.415683 9.9982E-05
0.088897 9.9982E-05 0.0866758 9.9982E-05 0.39609 0.0226271 0.402098 0.00341222
0.107523 0.0221827 9.9973E-05 9.9973E-05 0.834185 0.00619797 0.0296118 9.9973E-05
0.0387815 0.0614492 0.0428177 9.9991E-05 0.187355 0.0487634 0.601149 0.0195841
0.119183 0.0181076 9.9982E-05 9.9982E-05 0.418647 0.0377132 0.401961 0.0041884
0.0438079 0.0194542 9.9964E-05 9.9964E-05 0.916506 9.9964E-05 0.0198324 9.9964E-05
0.183837 9.9964E-05 9.9964E-05 9.9964E-05 0.774595 9.9964E-05 0.0134518 0.0277159
0.0158047 9.9964E-05 9.9964E-05 0.0744231 0.824874 9.9964E-05 0.0844985 9.9964E-05
9.994E-05 0.9993 9.994E-05 9.994E-05 9.994E-05 9.994E-05 9.994E-05 9.994E-05
9.994E-05 0.9993 9.994E-05 9.994E-05 9.994E-05 9.994E-05 9.994E-05 9.994E-05
0.0245167 0.385885 9.9982E-05 9.9982E-05 0.0204643 0.0469225 0.0497996 0.472212
0.083224 0.277777 9.9973E-05 9.9973E-05 9.9973E-05 0.0645593 0.0585449 0.515595
0.0111 0.0307666 0.0347702 9.9991E-05 0.238942 0.15913 0.496712 0.028479
0.0642067 9.9973E-05 9.9973E-05 9.9973E-05 0.0927783 0.287759 0.477481 0.0774744
0.0381026 0.0134968 0.0347304 9.9973E-05 9.9973E-05 0.398016 0.515355 9.9973E-05
9.9991E-05 0.0239566 0.22013 0.0662745 0.505252 0.0127773 0.0594219 0.112088
0.114463 9.9964E-05 9.9964E-05 0.0893569 9.9964E-05 0.628893 0.166887 9.9964E-05
9.999E-05 0.0034548 0.00171376 0.0400424 0.162291 0.218995 0.468827 0.104576
0.038738 9.9973E-05 9.9973E-05 0.0180587 9.9973E-05 0.221191 0.706211 0.0155008
9.9982E-05 0.0338409 9.9982E-05 0.101846 0.0626942 0.172209 0.572699 0.0565104
0.0329637 0.0226667 0.0296239 0.078565 0.0881618 0.10182 0.576439 0.0697592
9.999E-05 0.028601 0.00822453 0.0606901 0.177793 0.671758 0.0264684 0.0263649
0.00301438 0.00923696 9.9991E-05 0.11905 0.156312 0.0388274 0.578065 0.0953942
0.0210443 0.0253398 9.9982E-05 0.0174583 9.9982E-05 0.284614 0.581273 0.0700706
0.107825 0.080596 0.0376288 0.0289003 0.106865 0.136501 0.475972 0.0257105
9.9955E-05 9.9955E-05 0.0428358 9.9955E-05 9.9955E-05 0.643578 0.313087 9.9955E-05
0.0699912 9.9973E-05 0.0329043 9.9973E-05 9.9973E-05 0.387033 0.489677 0.0200944
0.0168746 0.0328447 9.9991E-05 0.0125836 0.040022 0.277972 0.547512 0.0720912
9.9955E-05 9.9955E-05 9.9955E-05 0.290424 9.9955E-05 0.645991 9.9955E-05 0.0630854
9.9973E-05 9.9973E-05 0.270483 0.125852 0.306182 0.176987 0.120196 9.9973E-05
9.9982E-05 0.00888837 9.9982E-05 0.380971 0.403952 0.128017 0.0635558 0.0144163
0.0492918 0.00625147 0.0944725 0.0721907 0.0365373 0.0383959 0.567353 0.135507
0.0834103 0.000565142 0.113922 0.0836204 0.0799561 9.9991E-05 0.578493 0.0599325
0.120547 9.9982E-05 0.0904844 0.107145 0.0756263 9.9982E-05 0.582823 0.0231744
0.00445762 0.0264971 0.226753 0.101021 0.260068 0.162953 0.138334 0.0799171
0.013412 0.0153788 0.0964944 0.12062 0.178635 0.0313839 0.543976 9.9991E-05
0.181359 0.00906238 0.0306104 9.9991E-05 0.246825 0.0354087 0.469226 0.0274091
9.9982E-05 0.0591174 9.9982E-05 0.143872 0.321244 0.0637537 0.342866 0.0689471
9.999E-05 0.0304578 0.0786303 0.130314 0.470591 0.0583301 0.0358243 0.195752
0.0146182 0.0859539 0.0474138 9.9982E-05 0.215132 0.134651 0.502031 9.9982E-05
0.0266392 0.0257476 0.118505 0.0505526 0.295684 0.094284 0.353075 0.0355119
9.9982E-05 0.0460782 0.104557 0.147138 0.622673 0.0712806 9.9982E-05 0.0080743
9.9973E-05 0.0345585 9.9973E-05 0.0692954 0.419605 0.0206977 0.455544 9.9973E-05
0.0846973 9.9973E-05 0.00105265 0.211056 0.0819741 9.9973E-05 0.62092 9.9973E-05
0.00694396 0.0539033 0.0817223 0.105565 0.152334 9.9991E-05 0.593764 0.00566745
0.0342187 0.0397528 0.0701458 0.158977 0.359013 0.0999296 0.208857 0.0291056
0.0760899 0.0372004 9.9982E-05 0.146589 0.336702 0.0239992 0.37922 9.9982E-05
0.0697072 0.0525385 0.111215 0.017019 9.9991E-05 0.213006 0.521407 0.0150072
0.00938262 0.0454714 0.180624 0.135113 0.423629 0.122443 0.0832366 9.9991E-05
0.00151176 9.9973E-05 0.0308132 9.9973E-05 0.0561373 0.449549 0.461689 9.9973E-05
0.00661219 0.0130247 9.9973E-05 9.9973E-05 0.226665 0.684477 0.0689205 9.9973E-05
9.9982E-05 9.9982E-05 0.000285421 0.0385504 0.0450748 0.253393 0.557897 0.1046
9.9946E-05 9.9946E-05 9.9946E-05 0.22114 9.9946E-05 0.778261 9.9946E-05 9.9946E-05
9.9955E-05 9.9955E-05 9.9955E-05 0.172048 0.0842274 0.743225 9.9955E-05 9.9955E-05
9.9973E-05 9.9973E-05 0.00497958 0.0689757 0.0135045 0.706664 0.205577 9.9973E-05
9.9973E-05 9.9973E-05 0.0449151 0.0688286 0.0858719 0.438756 0.361328 9.9973E-05
0.00911689 0.0509466 9.9991E-05 0.112045 0.0634315 0.0878995 0.61805 0.0584106
0.0435396 0.0331128 0.000472121 9.9982E-05 0.180206 0.399051 0.343419 9.9982E-05
0.0409361 0.0208893 0.128796 9.9991E-05 0.103187 0.659316 0.0317123 0.0150632
9.9973E-05 0.0436991 0.188139 9.9973E-05 0.0740795 0.497478 0.196304 9.9973E-05
0.0475933 0.0333396 0.0226539 9.9991E-05 0.0878532 0.374132 0.344545 0.0897826
0.0597154 0.0298738 9.9973E-05 9.9973E-05 0.155526 0.584896 0.169689 9.9973E-05
9.9973E-05 0.0368062 9.9973E-05 9.9973E-05 0.211559 0.376621 0.334808 0.0399061
9.9964E-05 0.0314838 9.9964E-05 0.0332498 9.9964E-05 0.612967 0.3219 9.9964E-05
0.0158434 9.9955E-05 9.9955E-05 0.314018 9.9955E-05 0.669638 9.9955E-05 9.9955E-05
0.046428 9.9982E-05 0.118074 9.9982E-05 0.0164973 0.214155 0.597898 0.00674783
9.9973E-05 0.0430477 0.0141598 9.9973E-05 0.0737068 9.9973E-05 0.0970331 0.771753
9.9955E-05 0.0925363 9.9955E-05 9.9955E-05 9.9955E-05 9.9955E-05 0.0772713 0.829693
0.038324 0.0955871 0.0272325 9.9973E-05 9.9973E-05 9.9973E-05 0.0838216 0.754735
0.0283902 0.123762 9.9982E-05 0.00599439 9.9982E-05 0.00917283 0.0115752 0.820905
0.0375796 0.0784002 9.9982E-05 9.9982E-05 0.0265331 0.00395775 0.0774384 0.775891
0.061395 0.0746038 0.0116782 0.00153644 9.9982E-05 0.0476694 9.9982E-05 0.802917
9.9955E-05 0.0761196 9.9955E-05 9.9955E-05 9.9955E-05 9.9955E-05 0.0690264 0.854354
0.0215685 0.0413505 0.0427574 9.9991E-05 0.04012 0.264918 0.52264 0.0665454
0.0416039 0.0419616 0.055248 0.0503089 0.111363 0.180216 0.464626 0.0546725
9.9964E-05 9.9964E-05 0.0292045 9.9964E-05 0.12801 0.786435 9.9964E-05 0.055951
9.9964E-05 9.9964E-05 9.9964E-05 9.9964E-05 0.0434463 0.202301 0.654025 0.0998278
9.9973E-05 0.00589664 9.9973E-05 9.9973E-05 0.109117 0.447135 0.391953 0.0455983
0.018606 0.0044577 9.9982E-05 0.0638243 9.9982E-05 0.319386 0.554924 0.0386025
0.0769871 9.9982E-05 9.9982E-05 0.0497065 0.143967 0.264566 0.426543 0.0380293
0.0798296 9.9955E-05 9.9955E-05 9.9955E-05 9.9955E-05 0.441887 0.477784 9.9955E-05
9.9973E-05 9.9973E-05 0.0616409 0.0185874 0.168084 0.696846 9.9973E-05 0.0545418
0.115407 0.0213786 0.0246132 0.0625958 0.124969 0.121228 0.431097 0.0987108
9.9982E-05 9.9982E-05 0.0438028 0.0225966 0.0193288 0.192068 0.640689 0.081315
0.0249746 9.9991E-05 0.098835 0.0629327 0.0595946 0.144403 0.515297 0.0938624
0.0377506 0.0359626 9.9982E-05 0.172369 0.0909177 0.436527 0.226273 9.9982E-05
9.9955E-05 9.9955E-05 9.9955E-05 0.0436997 9.9955E-05 0.394824 0.560977 9.9955E-05
9.9964E-05 0.0518314 9.9964E-05 9.9964E-05 0.119373 0.447576 0.38082 9.9964E-05
0.121591 9.9964E-05 9.9964E-05 0.00594387 9.9964E-05 0.593811 0.278254 9.9964E-05
9.9973E-05 9.9973E-05 0.020011 9.9973E-05 0.0527547 0.427361 0.434327 0.0652456
0.0365244 0.0113326 0.128946 9.9991E-05 0.0020939 0.263466 0.42458 0.132957
0.010571 9.9991E-05 0.115804 0.148053 0.354266 0.104731 0.203619 0.062855
0.0534413 0.0153725 0.233502 0.00402331 0.196893 0.00586586 0.378023 0.11288
0.0609648 0.0422994 0.094148 0.037814 0.259918 0.0565824 0.41477 0.0335032
0.0440684 0.0303298 0.028515 9.9991E-05 0.227788 0.124477 0.504171 0.0405506
9.9982E-05 0.0231319 0.103881 9.9982E-05 0.360626 0.00100645 0.497897 0.0132578
0.0205057 9.9973E-05 0.167665 9.9973E-05 0.193987 9.9973E-05 0.589539 0.0280031
9.9982E-05 0.00453527 0.220818 9.9982E-05 0.205771 0.00844338 0.506239 0.053994
9.9991E-05 0.0169887 0.111699 0.12354 0.115242 0.0824231 0.501223 0.0487834
0.012871 9.9973E-05 0.252664 0.0419381 0.0464905 9.9973E-05 0.645736 9.9973E-05
9.9991E-05 0.0375803 0.140046 0.021439 0.240504 0.010859 0.531932 0.0175401
9.9964E-05 9.9964E-05 0.245481 9.9964E-05 0.20167 0.0565256 0.495923 9.9964E-05
0.021829 9.9991E-05 0.053039 0.182843 0.0236552 0.0195791 0.696406 0.00254865
0.0564974 9.9991E-05 0.0591004 0.0745569 0.0379095 0.12702 0.565727 0.0790888
0.0657432 9.9982E-05 0.151344 0.00875671 0.218928 0.0785978 0.47643 9.9982E-05
0.087404 0.00393543 0.116124 0.0800297 9.9991E-05 0.0582171 0.543188 0.111002
0.0557317 0.0550644 0.0473817 0.0275002 0.154418 0.0537775 0.606027 9.9991E-05
9.9982E-05 0.0129593 0.19975 0.120658 0.216426 9.9982E-05 0.413545 0.0364625
0.0438526 9.9982E-05 0.0884327 0.0138036 0.126709 0.0937461 0.633256 9.9982E-05
9.9973E-05 0.0419054 0.177592 0.0230873 0.05481 9.9973E-05 0.702305 9.9973E-05
0.0528963 9.9982E-05 0.139176 0.129056 0.324099 0.164625 0.189947 9.9982E-05
0.0295994 0.00967332 0.202962 0.371128 0.168569 9.9991E-05 0.196591 0.0213772
0.0537569 0.023941 0.10777 9.9991E-05 0.237299 0.0811418 0.477852 0.018139
0.0526279 9.9982E-05 0.225165 0.349133 0.137388 0.180203 0.0552839 9.9982E-05
9.9973E-05 9.9973E-05 0.19939 0.0702871 0.439587 0.0726052 0.21783 9.9973E-05
9.9982E-05 9.9982E-05 0.137194 0.0168736 0.277981 0.124823 0.430805 0.0121234
9.9982E-05 0.0359541 0.21985 9.9982E-05 0.230743 0.230612 0.270242 0.0123986
0.0265551 9.9973E-05 0.179329 9.9973E-05 0.468536 0.122856 0.202424 9.9973E-05
0.0287751 0.0624197 0.0758215 0.025778 0.0984113 0.0641463 0.599409 0.0452388
9.9973E-05 9.9973E-05 9.9973E-05 0.105424 0.088576 0.120662 0.579443 0.105595
0.0537447 0.037179 0.0285968 0.0456882 0.205964 0.0648568 0.536266 0.0277049
9.9973E-05 9.9973E-05 0.233904 0.287585 0.181365 0.0925769 0.204269 9.9973E-05
0.0444598 0.027145 0.104009 0.0203262 0.0454907 0.193004 0.409953 0.155612
0.0460295 0.0103934 0.0288129 0.152031 0.14423 0.0775428 0.54086 9.9991E-05
9.9982E-05 9.9982E-05 0.0348144 0.556427 0.116993 0.112166 0.0397832 0.139616
0.0612382 9.9973E-05 9.9973E-05 0.127859 9.9973E-05 0.0458993 0.655848 0.108856
0.0354396 0.0246778 0.10872 0.247379 9.9991E-05 0.176838 0.360544 0.0463025
0.0713735 0.0543049 0.0237216 0.212155 0.100307 0.0238999 0.474459 0.0397798
9.9991E-05 0.0319251 0.0746116 0.372121 0.00904172 0.166307 0.258033 0.0878609
9.9982E-05 9.9982E-05 0.0702998 0.474282 0.140489 0.0571287 0.198513 0.0590877
9.9982E-05 9.9982E-05 0.124137 0.228086 0.0223368 0.0986283 0.490995 0.0356169
0.0581349 0.0660227 9.9982E-05 0.180208 0.1816 9.9982E-05 0.455343 0.0584905
0.0467159 0.0111471 0.0177765 0.12524 0.258988 0.02727 0.370447 0.142416
0.133948 9.9982E-05 0.0123708 0.377203 0.247557 0.176913 9.9982E-05 0.0518081
0.0233019 0.0352328 0.0776087 0.214018 0.0351926 0.0899163 0.519918 0.00481171
9.9973E-05 9.9973E-05 0.0259765 0.321168 0.177975 0.128676 0.345905 9.9973E-05
9.9973E-05 9.9973E-05 0.0404201 0.199682 0.206924 0.0974735 0.4552 9.9973E-05
0.130353 9.9991E-05 0.0216837 0.11672 0.0980538 0.11383 0.458364 0.0608949
0.264862 0.0152204 9.9982E-05 0.196051 0.10397 9.9982E-05 0.0868472 0.33285
0.123749 0.0402905 9.9964E-05 0.337333 9.9964E-05 9.9964E-05 9.9964E-05 0.498227
0.135435 0.0147679 9.9964E-05 0.452594 9.9964E-05 9.9964E-05 9.9964E-05 0.396804
0.269518 0.0251096 9.9973E-05 0.190251 9.9973E-05 9.9973E-05 0.119755 0.395066
9.9946E-05 9.9946E-05 9.9946E-05 0.274328 9.9946E-05 9.9946E-05 0.725073 9.9946E-05
0.0930722 0.0213398 0.188821 0.119112 0.0186547 0.0616076 0.483983 0.0134098
0.729317 9.9955E-05 9.9955E-05 9.9955E-05 9.9955E-05 0.034162 0.236021 9.9955E-05
0.449212 0.0383336 0.0525536 9.9982E-05 0.0599742 0.0629564 0.33677 9.9982E-05
0.411109 0.0232041 0.064795 0.113364 9.9991E-05 0.00229074 0.338791 0.0463462
9.9973E-05 0.00247051 0.0250785 0.552701 0.00927843 9.9973E-05 0.410172 9.9973E-05
0.106767 0.0114163 0.108728 0.21218 0.00994374 0.0473305 0.503535 9.9991E-05
9.9964E-05 9.9964E-05 9.9964E-05 0.6394 0.0125863 0.068165 0.279449 9.9964E-05
0.0253504 9.9973E-05 9.9973E-05 0.224324 0.0537249 0.116095 0.580206 9.9973E-05
9.9973E-05 9.9973E-05 9.9973E-05 0.242626 0.205358 0.0623464 0.429962 0.0594071
0.020773 9.9964E-05 9.9964E-05 0.271 0.0492366 9.9964E-05 0.658591 9.9964E-05
9.9973E-05 9.9973E-05 0.00263737 0.558067 0.190901 0.0532106 0.194884 9.9973E-05
0.06226 9.9982E-05 0.0592091 0.181981 0.0374081 0.0206853 0.638257 9.9982E-05
0.0357829 0.0229828 9.9991E-05 0.173422 0.084809 0.0857081 0.568842 0.0283524
0.93621 9.9955E-05 9.9955E-05 9.9955E-05 9.9955E-05 9.9955E-05 0.0424218 0.0208681
0.86131 9.9955E-05 0.00405883 9.9955E-05 9.9955E-05 9.9955E-05 0.134132 9.9955E-05
0.496118 0.0444994 0.0193498 9.9982E-05 9.9982E-05 0.0340907 0.349545 0.0561976
0.630619 0.00983384 0.0314472 9.9964E-05 9.9964E-05 9.9964E-05 0.3277 9.9964E-05
0.811918 9.9982E-05 0.00530424 9.9982E-05 0.0788752 0.00941416 0.0905757 0.00371264
0.9796 0.0198006 9.9946E-05 9.9946E-05 9.9946E-05 9.9946E-05 9.9946E-05 9.9946E-05
0.973148 9.9946E-05 0.0262522 9.9946E-05 9.9946E-05 9.9946E-05 9.9946E-05 9.9946E-05
0.93205 9.9946E-05 9.9946E-05 9.9946E-05 9.9946E-05 9.9946E-05 0.0673501 9.9946E-05
0.932341 0.0101568 0.0570025 9.9955E-05 9.9955E-05 9.9955E-05 9.9955E-05 9.9955E-05
0.9993 9.994E-05 9.994E-05 9.994E-05 9.994E-05 9.994E-05 9.994E-05 9.994E-05
0.986507 0.0128933 9.9946E-05 9.9946E-05 9.9946E-05 9.9946E-05 9.9946E-05 9.9946E-05
0.82346 0.0294345 9.9964E-05 9.9964E-05 0.0819188 9.9964E-05 0.064787 9.9964E-05
0.789909 0.0208756 0.048349 9.9982E-05 0.022175 9.9982E-05 0.0742097 0.0442821
0.976392 9.9955E-05 0.0221259 9.9955E-05 9.9955E-05 0.000981884 9.9955E-05 9.9955E-05
0.393824 9.9991E-05 0.0854954 0.00129304 0.122753 0.00193959 0.321491 0.0731046
0.630774 0.0441542 0.019481 9.9982E-05 0.0508351 0.0152691 0.239287 9.9982E-05
0.75028 0.0369784 0.0117159 9.9991E-05 0.00859382 0.0493061 0.126489 0.0165363
0.914959 0.0182167 0.0480082 9.9964E-05 0.0184157 9.9964E-05 9.9964E-05 9.9964E-05
0.992816 9.9946E-05 9.9946E-05 9.9946E-05 9.9946E-05 0.00658474 9.9946E-05 9.9946E-05
0.877737 9.9973E-05 0.0291368 9.9973E-05 0.00729965 0.0252158 0.0603109 9.9973E-05
0.980609 0.018791 9.9946E-05 9.9946E-05 9.9946E-05 9.9946E-05 9.9946E-05 9.9946E-05
0.662075 0.00769831 0.0670864 9.9982E-05 0.0399469 9.9982E-05 0.160664 0.0623295
0.897607 0.00186241 0.0104883 9.9973E-05 0.0277594 9.9973E-05 9.9973E-05 0.0619831
0.063975 9.9964E-05 9.9964E-05 0.567175 0.0409202 9.9964E-05 9.9964E-05 0.32753
9.9973E-05 0.043078 0.101147 0.188313 9.9973E-05 9.9973E-05 0.511166 0.155997
0.0123612 0.00864566 0.0426341 0.168721 0.0517941 9.9991E-05 0.483815 0.231929
0.100363 0.0829368 9.9982E-05 0.423829 0.0185503 9.9982E-05 0.247366 0.126755
9.9973E-05 9.9973E-05 0.0635295 0.116973 0.103383 9.9973E-05 0.526217 0.189598
0.126851 0.0802296 9.9982E-05 0.407907 0.0208928 9.9982E-05 0.208278 0.155642
0.0800228 9.9991E-05 0.049884 0.140024 0.0975713 0.0309216 0.423437 0.178039
0.150585 0.0330521 9.9982E-05 0.291918 9.9982E-05 0.0276163 0.387108 0.10952
0.140025 0.0824441 0.0557343 0.167841 9.9991E-05 0.0118509 0.4698 0.0722052
0.153753 0.114021 9.9973E-05 0.269233 9.9973E-05 9.9973E-05 0.338008 0.124686
0.0605984 9.9973E-05 9.9973E-05 0.205021 0.0783473 9.9973E-05 0.517002 0.138732
9.9964E-05 9.9964E-05 0.0933545 0.0554822 9.9964E-05 9.9964E-05 0.0702134 0.78055
0.069222 0.0688273 9.9955E-05 9.9955E-05 9.9955E-05 9.9955E-05 9.9955E-05 0.861451
9.9973E-05 0.0382361 0.0135276 9.9973E-05 0.0349027 9.9973E-05 0.0156557 0.897378
0.000893406 0.0237341 0.0378886 9.9973E-05 9.9973E-05 9.9973E-05 0.0346774 0.902507
0.0130552 0.129695 0.0351949 0.00287145 0.0360008 9.9991E-05 0.0286605 0.754422
0.100893 0.0647368 9.9973E-05 9.9973E-05 0.0151714 0.015752 9.9973E-05 0.803147
0.0762332 0.0840068 9.9973E-05 9.9973E-05 9.9973E-05 0.00834092 0.0425334 0.788586
0.00246544 0.0555415 0.0213136 0.0430077 9.9982E-05 0.0285909 9.9982E-05 0.848881
0.0403784 0.0659742 9.9973E-05 9.9973E-05 0.0224522 0.0352686 9.9973E-05 0.835627
0.0951729 0.0195675 0.00819581 0.0232916 0.0272375 9.9982E-05 9.9982E-05 0.826335
9.9982E-05 0.0798959 0.148835 0.035007 0.130861 0.0672126 9.9982E-05 0.537988
9.9973E-05 0.0298017 0.171864 9.9973E-05 0.196552 0.0445228 9.9973E-05 0.55696
9.9982E-05 0.0682442 0.13139 0.0925076 0.187871 0.0360999 9.9982E-05 0.483687
9.9973E-05 9.9973E-05 0.119137 0.0425191 0.307507 0.0334388 9.9973E-05 0.497099
9.9964E-05 0.0404757 9.9964E-05 9.9964E-05 0.168061 0.338485 0.452578 9.9964E-05
0.0877462 9.9973E-05 0.0828882 9.9973E-05 0.129108 0.280299 0.419659 9.9973E-05
0.0541231 9.9982E-05 0.100598 9.9982E-05 0.131398 0.1492 0.505861 0.0586207
9.9982E-05 9.9982E-05 0.143848 0.0532372 0.184335 0.112962 0.46025 0.0451675
0.0165014 9.9973E-05 0.352303 9.9973E-05 0.487402 0.0316853 0.111809 9.9973E-05
0.00592635 9.9964E-05 9.9964E-05 9.9964E-05 9.9964E-05 0.292178 0.594802 0.106694
0.023683 0.00254823 0.0660346 0.0145819 9.9991E-05 0.354439 0.5375 0.00111348
0.0124966 0.0322162 9.99754E-05 0.127341 9.99754E-05 0.339059 0.488587 9.99754E-05
0.0546306 9.9973E-05 0.0209811 0.0269899 9.9973E-05 0.585539 0.31156 9.9973E-05
9.9973E-05 0.0380927 0.105512 9.9973E-05 9.9973E-05 0.247522 0.555741 0.0528316
0.023189 9.9982E-05 0.0999463 0.00899196 0.0846271 0.396776 0.386269 9.9982E-05
9.9955E-05 9.9955E-05 0.0125779 0.229207 9.9955E-05 0.757716 9.9955E-05 9.9955E-05
0.00163293 0.00871073 0.105651 9.9991E-05 0.162798 0.106976 0.513345 0.100786
0.0118512 0.0428492 9.9973E-05 0.222544 9.9973E-05 0.487803 0.234653 9.9973E-05
9.9964E-05 0.00125342 9.9964E-05 0.0755242 9.9964E-05 0.398997 0.523826 9.9964E-05
9.9982E-05 9.9982E-05 0.0854038 0.00949509 0.154502 0.67832 0.0119287 0.060151
9.9964E-05 9.9964E-05 0.757474 0.106882 9.9964E-05 9.9964E-05 0.0529892 0.0822546
9.9964E-05 9.9964E-05 0.747552 0.127911 9.9964E-05 9.9964E-05 0.0702335 0.0539037
0.000150939 0.0148229 0.930057 0.0545688 9.9964E-05 9.9964E-05 9.9964E-05 9.9964E-05
9.9964E-05 9.9964E-05 0.799214 0.0609291 9.9964E-05 0.0356526 9.9964E-05 0.103804
9.9964E-05 0.0175527 0.807527 0.0782491 9.9964E-05 9.9964E-05 0.0962712 9.9964E-05
0.0822272 9.9964E-05 0.878188 9.9964E-05 9.9964E-05 9.9964E-05 0.0266135 0.0125716
0.0420046 0.0598305 9.9982E-05 9.9982E-05 0.00835191 0.0100193 0.0528296 0.826764
0.0442422 0.0145425 9.9973E-05 9.9973E-05 0.0930722 9.9973E-05 0.0615178 0.786325
0.162344 0.047582 9.9973E-05 9.9973E-05 0.0149264 9.9973E-05 0.0753792 0.699469
0.0992166 0.0232292 9.9973E-05 9.9973E-05 0.150593 9.9973E-05 0.0319366 0.694724
0.0604128 0.0231366 9.9973E-05 9.9973E-05 0.0586884 9.9973E-05 0.0949162 0.762546
9.9973E-05 9.9973E-05 0.43354 0.0336576 0.140867 0.00893321 9.9973E-05 0.382702
9.9964E-05 0.012399 0.441707 0.0723123 9.9964E-05 9.9964E-05 9.9964E-05 0.473181
9.9982E-05 0.00765133 0.442409 0.010495 0.0874907 0.070306 9.9982E-05 0.381448
9.994E-05 0.9993 9.994E-05 9.994E-05 9.994E-05 9.994E-05 9.994E-05 9.994E-05
0.00045478 0.0456154 0.450198 0.0420837 0.0620747 0.0535219 9.9991E-05 0.345952
0.377341 0.00144685 9.9973E-05 0.12643 9.9973E-05 9.9973E-05 0.268455 0.226028
0.228009 0.0333235 0.0490376 0.072318 0.0695174 0.00643439 0.449195 0.0921652
0.265671 0.0176415 9.9964E-05 9.9964E-05 9.9964E-05 9.9964E-05 0.521824 0.194464
0.21068 0.0275732 0.0281052 0.0780216 9.9991E-05 0.0659436 0.34616 0.243417
0.0669888 0.0804733 0.0159903 0.0473128 0.172729 0.0365741 0.464649 0.115282
0.325464 9.9955E-05 9.9955E-05 0.249402 9.9955E-05 9.9955E-05 9.9955E-05 0.424634
9.9973E-05 9.9973E-05 0.209538 0.00120629 0.231318 0.147762 0.409876 9.9973E-05
9.9991E-05 0.00528766 0.141938 0.232264 0.0411912 0.150998 0.414331 0.0138895
9.9973E-05 0.0365627 0.128751 9.9973E-05 0.656056 9.9973E-05 0.123952 0.0543778
9.9973E-05 9.9973E-05 0.116145 0.195958 0.0924047 0.109681 0.485511 9.9973E-05
9.9964E-05 9.9964E-05 0.0863321 0.605293 0.161137 0.146838 9.9964E-05 9.9964E-05
0.00299158 0.029279 0.0287952 0.0361579 0.258906 0.0838964 0.506894 0.0530791
0.00723006 0.0979791 0.0974563 0.0671613 0.213975 0.0957197 0.420379 9.9991E-05
9.9973E-05 0.06996 0.104729 9.9973E-05 0.517076 0.0116809 0.296254 9.9973E-05
9.9982E-05 9.9982E-05 0.00847575 0.020647 0.254874 0.0756791 0.550333 0.0897911
9.9973E-05 9.9973E-05 0.0296733 0.336563 0.498542 0.0725257 0.0623966 9.9973E-05
0.00468848 9.9982E-05 0.111184 0.211646 0.054125 0.0795262 0.538629 9.9982E-05
0.0453095 0.0144767 0.154764 0.0543642 0.200578 0.0895313 0.440876 9.9991E-05
0.146016 0.011841 9.9991E-05 0.171641 0.0883164 0.0852475 0.371584 0.125253
9.9973E-05 9.9973E-05 0.122849 0.167004 0.284823 0.080993 0.344032 9.9973E-05
9.9973E-05 9.9973E-05 0.135205 0.164387 0.165964 0.058743 0.475401 9.9973E-05
0.0558347 9.9982E-05 0.0647535 0.212697 0.051463 0.125436 0.489616 9.9982E-05
9.9973E-05 9.9973E-05 0.127407 0.10392 9.9973E-05 0.0840242 0.628602 0.0557465
0.0815402 0.0582748 0.104172 0.0108767 0.0957839 0.043105 0.606147 9.9991E-05
0.110579 0.0360729 0.0432475 0.00277279 0.206375 0.0397564 0.506294 0.0549018
0.00695986 0.0348423 0.0227959 0.0115188 0.228679 0.0311218 0.549454 0.114629
0.0733463 9.9964E-05 9.9964E-05 9.9964E-05 9.9964E-05 0.0167052 0.121939 0.787609
0.0717379 0.0368658 9.9973E-05 9.9973E-05 9.9973E-05 0.0467486 0.0485031 0.795845
9.9982E-05 9.9982E-05 0.0680969 0.0207063 0.0298722 0.0209204 0.075375 0.784829
0.0212811 0.0141112 0.0270028 9.9973E-05 9.9973E-05 0.160682 9.9973E-05 0.776623
9.9964E-05 0.068403 9.9964E-05 9.9964E-05 0.0136709 9.9964E-05 0.130228 0.787298
0.0323928 0.00332032 0.295086 0.0612543 0.429302 9.9982E-05 0.178445 9.9982E-05
0.0592469 9.9991E-05 0.0681015 0.101867 0.127973 0.0898359 0.547705 0.00516983
0.153497 0.0314278 9.9982E-05 0.0981319 0.109711 9.9982E-05 0.47063 0.136403
9.9973E-05 0.0613217 0.0581207 9.9973E-05 0.185542 0.107855 0.586861 9.9973E-05
9.9973E-05 9.9973E-05 0.141029 9.9973E-05 0.189726 0.0989454 0.507687 0.0623132
0.0217943 0.0360659 0.227523 0.264913 0.187514 9.9982E-05 0.26199 9.9982E-05
9.9982E-05 0.0312903 0.297346 0.147842 0.374141 0.0648705 9.9982E-05 0.0843103
0.0395257 0.0127906 0.236791 9.9991E-05 0.0555372 0.0875447 0.561489 0.00622126
0.0227344 0.0119846 0.321998 0.106436 0.255493 0.0689665 0.163211 0.0491775
0.0224499 9.9991E-05 0.0752764 0.17113 0.0445921 0.0861346 0.546957 0.0533603
0.0122748 0.0461489 0.281133 0.0225235 0.331534 0.07157 0.117631 0.117184
0.0587104 0.0138645 0.215854 9.9991E-05 0.0851163 0.0888757 0.452503 0.0849762
0.00686651 0.0189535 0.216343 0.129705 0.419151 9.9991E-05 0.139944 0.0689379
0.0288619 9.9991E-05 0.16173 0.170831 0.293395 0.0157561 0.309956 0.0193706
0.0323591 0.0123095 0.121898 0.217637 0.0175747 0.0441225 0.463723 0.0903771
9.9964E-05 9.9964E-05 0.1085 0.472799 0.0769053 9.9964E-05 0.341396 9.9964E-05
0.0347268 0.0200561 0.0291166 0.193781 0.058667 9.9991E-05 0.59101 0.0725423
9.9991E-05 0.0452474 0.0455203 0.151356 0.0157079 0.0478968 0.564808 0.129363
9.9973E-05 9.9973E-05 0.0615151 0.450166 0.0845923 0.00987189 0.393554 9.9973E-05
0.0584791 9.9991E-05 0.0782506 0.100309 0.146139 0.0870541 0.451817 0.0778509
9.9973E-05 9.9973E-05 0.0829762 0.258764 9.9973E-05 0.0768425 0.551426 0.0296916
9.9973E-05 9.9973E-05 0.0742572 0.627939 0.0149121 0.112347 0.170244 9.9973E-05
9.9964E-05 0.000238018 9.9964E-05 0.638603 9.9964E-05 0.0439916 0.316767 9.9964E-05
9.9973E-05 0.0132277 0.0785796 0.352194 9.9973E-05 9.9973E-05 0.551142 0.00455739
9.9973E-05 9.9973E-05 0.0907308 0.516737 0.0382221 0.151644 0.202367 9.9973E-05
9.9964E-05 9.9964E-05 0.0935958 0.247693 0.198802 9.9964E-05 0.459509 9.9964E-05
0.0486421 0.0105988 0.30907 9.9991E-05 0.494682 0.124428 0.00904004 0.00343902
0.00848098 9.9982E-05 0.230221 0.168069 0.249225 0.118336 0.225468 9.9982E-05
0.0374503 0.0531733 0.19025 9.9982E-05 0.34006 0.09505 0.283816 9.9982E-05
0.0493449 0.0480407 0.177447 9.9982E-05 0.116801 0.00269911 0.605467 9.9982E-05
9.9973E-05 0.0174297 0.31415 9.9973E-05 0.355204 0.132002 0.180914 9.9973E-05
0.117649 0.0215686 0.0367675 0.193499 0.211246 0.0318096 0.38736 9.9991E-05
0.101817 9.9991E-05 0.14296 0.00682443 0.0771376 0.168551 0.455244 0.047366
0.00792035 9.9982E-05 0.118846 9.9982E-05 0.205915 0.0993603 0.53657 0.0311893
0.0515275 0.0917892 0.09306 0.0235865 0.214623 0.0912368 0.434077 9.9991E-05
0.0592962 0.0368221 0.128274 0.021442 0.28362 0.109589 0.360856 9.9991E-05
0.0768991 9.9973E-05 0.233742 9.9973E-05 0.479605 0.115713 0.0937406 9.9973E-05
0.0677676 9.9982E-05 0.277404 0.0543839 0.131601 0.10064 0.368004 9.9982E-05
9.9982E-05 0.0115579 0.124404 0.0280802 0.1285 0.0862114 0.621047 9.9982E-05
9.9982E-05 0.0151809 0.0209138 0.0826573 0.164978 9.9982E-05 0.616522 0.0995477
0.0259911 0.0322887 0.12698 0.143447 0.0586129 0.118026 0.443858 0.0507949
0.099785 9.9982E-05 0.20669 0.0789575 0.12997 0.0446003 0.439798 9.9982E-05
0.0712867 0.0382536 0.258534 9.9982E-05 0.281529 9.9982E-05 0.298261 0.0519362
9.9973E-05 9.9973E-05 0.162551 9.9973E-05 0.133092 0.0379174 0.649091 0.0170488
0.0733501 9.9982E-05 0.212743 9.9982E-05 0.0809257 0.00663399 0.561771 0.0643767
0.0983368 0.00486262 0.133103 0.080162 0.139059 0.0620895 0.446539 0.0358481
0.158983 9.9973E-05 9.9973E-05 9.9973E-05 0.178542 0.00597766 0.31578 0.340417
0.193793 0.0255912 9.9982E-05 0.119658 0.0845409 9.9982E-05 0.476154 0.100063
0.138914 0.0148567 0.0548287 0.155866 0.0324249 9.9991E-05 0.485665 0.117345
0.143668 0.0476337 0.0446936 0.0477235 0.152649 0.0378593 0.521705 0.00406842
0.239854 0.00767725 9.9991E-05 0.0459624 0.0664571 0.0239805 0.41872 0.197248
9.9964E-05 9.9964E-05 0.0722657 0.15735 0.245786 9.9964E-05 0.524199 9.9964E-05
0.123925 9.9982E-05 9.9982E-05 0.0349943 0.0350196 0.10579 0.470554 0.229517
0.110054 9.9982E-05 9.9982E-05 0.364522 0.15806 0.0846903 0.0350656 0.247408
0.195525 0.0295535 9.9982E-05 9.9982E-05 0.212891 0.0239651 0.440874 0.0969914
0.191331 0.041899 0.0126596 0.124442 9.9991E-05 0.0947908 0.515743 0.0190343
0.198409 0.0482467 9.9991E-05 0.0889835 0.0928053 0.0744272 0.385406 0.111622
0.164095 0.0632002 9.9991E-05 0.198234 0.198998 0.0290944 0.247912 0.0983674
0.147072 0.0153294 9.9982E-05 0.0678172 0.100772 9.9982E-05 0.474171 0.194639
0.119157 0.0479694 9.9973E-05 0.0857398 9.9973E-05 9.9973E-05 0.606796 0.140038
0.19142 0.0623881 9.9964E-05 0.348125 9.9964E-05 9.9964E-05 9.9964E-05 0.397667
0.210206 0.116652 0.00760352 0.00182835 9.9991E-05 0.0803583 0.481425 0.101828
0.257819 0.00491028 0.00392606 0.061005 0.0309287 9.9991E-05 0.447733 0.193578
0.150152 9.9982E-05 9.9982E-05 0.0725821 0.0479664 0.106897 0.4712 0.151003
0.134989 0.0214328 0.00314026 0.0355475 0.0685771 9.9991E-05 0.581224 0.154989
0.149674 0.0452603 0.0747205 0.0438426 0.0277059 0.00967029 0.49233 0.156797
0.0209041 0.0323805 9.9973E-05 0.278346 9.9973E-05 0.141559 0.526511 9.9973E-05
0.0758569 9.9991E-05 0.0292801 0.126475 0.0975928 0.0785945 0.475282 0.116819
9.9973E-05 9.9973E-05 0.0594146 0.518884 0.138441 0.260112 0.0228491 9.9973E-05
9.9964E-05 9.9964E-05 0.0905614 0.605482 9.9964E-05 0.25238 0.0511762 9.9964E-05
0.0915016 0.0215795 9.9982E-05 0.109169 0.221373 0.145061 0.411115 9.9982E-05
0.291973 9.9964E-05 9.9964E-05 0.149506 9.9964E-05 9.9964E-05 0.433947 0.124174
0.365797 0.0484627 9.9982E-05 0.1804 9.9982E-05 0.0327742 0.314645 0.0577215
0.259947 0.0287322 9.9991E-05 0.24478 0.0372437 0.0188308 0.181315 0.229051
0.243538 0.04206 9.9982E-05 0.107514 0.127315 9.9982E-05 0.340741 0.138633
0.0663553 0.00847324 0.0189648 0.695665 9.9973E-05 9.9973E-05 0.210242 9.9973E-05
0.0557153 0.0278932 9.9982E-05 0.556609 9.9982E-05 0.00502333 0.31965 0.0349097
0.116893 0.0187531 9.9982E-05 0.195229 0.0542386 0.0947185 0.519968 9.9982E-05
0.132291 9.9973E-05 9.9973E-05 0.218689 9.9973E-05 0.107204 0.465404 0.0761113
0.0933324 0.0195405 0.0368626 0.448214 9.9991E-05 0.0731113 0.306015 0.0228241
0.0978871 0.0319725 0.0520115 0.0527075 0.136812 0.0854139 0.489562 0.0536336
0.138228 9.9973E-05 0.0876366 0.251516 9.9973E-05 0.0145891 0.50773 9.9973E-05
0.0224244 9.9991E-05 0.0142266 0.257485 0.0105889 0.030174 0.601971 0.0630308
9.9982E-05 9.9982E-05 0.0615722 0.298472 0.07168 0.139591 0.403869 0.0246152
9.9982E-05 0.0407396 0.0422803 0.381396 0.0282344 0.103942 0.403208 9.9982E-05
0.014152 0.0234041 0.0206008 0.135107 9.9982E-05 0.16808 0.638457 9.9982E-05
0.0603723 0.035843 0.147068 0.252994 9.9982E-05 0.0629573 0.440565 9.9982E-05
0.0490246 0.0210191 0.0750464 0.100255 0.140983 0.0466939 0.457154 0.109823
9.9964E-05 9.9964E-05 0.00812998 0.399301 0.031336 9.9964E-05 0.560833 9.9964E-05
9.9964E-05 9.9964E-05 0.0991172 0.534381 9.9964E-05 0.0798303 0.286271 9.9964E-05
0.0556198 9.9973E-05 9.9973E-05 0.113497 9.9973E-05 0.212619 0.569405 0.0485597
9.9964E-05 9.9964E-05 0.0410427 0.438302 9.9964E-05 0.215468 0.304787 9.9964E-05
9.9973E-05 9.9973E-05 0.0261452 0.391121 0.0248825 0.105044 0.452507 9.9973E-05
9.9973E-05 0.120091 0.109427 0.0807607 9.9973E-05 0.0824018 0.60702 9.9973E-05
9.9982E-05 0.0226601 0.0792189 0.127961 0.0808367 0.183056 0.506068 9.9982E-05
0.158008 0.033959 9.9982E-05 0.144704 0.120087 9.9982E-05 0.443593 0.0994494
0.20956 0.0986068 0.0550276 0.154976 0.136336 0.0277616 0.244427 0.0733051
0.272883 0.0114126 0.0257181 0.0869893 0.0851835 0.0382607 0.30177 0.177783
0.284182 0.0609373 0.083973 0.178048 0.0201439 9.9991E-05 0.285389 0.0872265
0.199794 9.9982E-05 0.0321715 0.0385767 0.0883351 9.9982E-05 0.463923 0.176999
0.136395 0.0469188 0.109558 0.00518673 9.9991E-05 0.0362363 0.511639 0.153966
0.190247 0.0197481 0.0797364 0.5563 9.9982E-05 0.0498788 9.9982E-05 0.10389
0.179379 0.0449329 0.075172 0.0276193 9.9982E-05 9.9982E-05 0.613943 0.0587545
0.160375 9.9955E-05 9.9955E-05 0.524402 9.9955E-05 9.9955E-05 9.9955E-05 0.314724
0.168221 9.9973E-05 9.9973E-05 0.117364 9.9973E-05 0.0704104 0.548664 0.09504
9.9955E-05 9.9955E-05 9.9955E-05 0.529448 9.9955E-05 0.337248 0.132804 9.9955E-05
9.9955E-05 9.9955E-05 9.9955E-05 0.592181 0.076622 0.330697 9.9955E-05 9.9955E-05
9.9973E-05 0.0259176 9.9973E-05 0.211982 0.120683 0.149557 0.49156 9.9973E-05
9.9991E-05 0.0139262 0.00218053 0.164469 0.0381342 0.0951471 0.680898 0.00514463
9.9973E-05 9.9973E-05 0.0143137 0.304134 0.0133692 0.256013 0.41187 9.9973E-05
0.00371011 9.9973E-05 9.9973E-05 0.216928 0.0297575 0.20073 0.548574 9.9973E-05
0.00943325 9.9973E-05 9.9973E-05 0.21824 0.0361965 0.136367 0.599463 9.9973E-05
0.0737318 0.0442122 0.00450328 9.9991E-05 0.0334405 0.00882709 0.0813807 0.753805
0.0773118 0.0562536 0.117867 0.0116882 0.0796818 9.9982E-05 9.9982E-05 0.656998
0.0717096 0.0584049 0.0335764 9.9973E-05 9.9973E-05 9.9973E-05 0.0112317 0.824777
9.9955E-05 0.13961 9.9955E-05 9.9955E-05 9.9955E-05 9.9955E-05 0.05664 0.80325
0.0385457 0.0524829 9.9991E-05 0.00288388 0.0668453 0.307869 0.509421 0.0218527
0.048335 0.0261488 9.9982E-05 9.9982E-05 0.0151287 0.502361 0.359519 0.0483072
9.9964E-05 0.00702013 9.9964E-05 9.9964E-05 0.124827 0.516187 0.351566 9.9964E-05
9.9973E-05 0.0228958 0.0598816 9.9973E-05 9.9973E-05 0.242817 0.613566 0.0605406
0.0438738 9.9982E-05 0.0432734 0.0469934 9.9982E-05 0.149494 0.569968 0.146197
0.0031865 9.9991E-05 0.017776 0.0442626 0.221706 0.538782 0.12518 0.0490083
0.0710998 9.9973E-05 9.9973E-05 9.9973E-05 0.0652341 0.346206 0.51102 0.00614037
9.9973E-05 0.0544159 9.9973E-05 0.143758 0.00665738 0.461832 0.333037 9.9973E-05
0.136199 9.9991E-05 0.0265899 0.00236006 0.0761156 0.0531542 0.466896 0.238585
0.0436779 9.9982E-05 0.00766551 0.0709799 0.0632898 0.396701 0.417486 9.9982E-05
0.00690332 0.0333744 0.0554789 9.9982E-05 0.108492 0.556347 0.239204 9.9982E-05
0.0333193 9.9973E-05 0.0284079 9.9973E-05 0.10809 0.348015 0.481867 9.9973E-05
9.9982E-05 9.9982E-05 0.0883705 0.0121322 0.00178373 0.516669 0.365825 0.0150199
0.0331065 0.0039419 9.9964E-05 9.9964E-05 9.9964E-05 0.490587 0.471965 9.9964E-05
0.0636583 0.0304487 9.9973E-05 9.9973E-05 9.9973E-05 0.388073 0.406161 0.111359
9.9955E-05 9.9955E-05 9.9955E-05 0.0986803 9.9955E-05 0.887049 0.0137711 9.9955E-05
9.9973E-05 9.9973E-05 9.9973E-05 0.120365 0.0343219 0.52735 0.282078 0.0355857
9.9964E-05 0.012283 0.0689244 9.9964E-05 9.9964E-05 0.604647 0.313746 9.9964E-05
9.9946E-05 9.9946E-05 9.9946E-05 0.246343 9.9946E-05 0.753057 9.9946E-05 9.9946E-05
9.9973E-05 0.0109041 0.0797199 9.9973E-05 9.9973E-05 0.492659 0.381685 0.0347326
9.9964E-05 9.9964E-05 0.00422284 0.342454 9.9964E-05 0.562243 0.0906803 9.9964E-05
9.9955E-05 9.9955E-05 9.9955E-05 0.323383 9.9955E-05 0.663214 9.9955E-05 0.0129027
0.0692834 0.00182559 0.0144813 0.038962 0.0160165 0.307688 0.551643 9.9991E-05
9.9982E-05 0.0138283 9.9982E-05 0.0521513 0.116086 0.647646 0.136285 0.0338027
0.143963 9.9973E-05 0.0676435 9.9973E-05 0.132101 0.360442 0.295551 9.9973E-05
0.137361 9.9973E-05 9.9973E-05 9.9973E-05 0.0713065 0.235851 0.505562 0.0496196
0.0174662 9.9982E-05 0.0774048 9.9982E-05 0.0706342 0.302724 0.518463 0.0131079
9.9964E-05 9.9964E-05 0.130243 0.266229 0.156164 9.9964E-05 0.446964 9.9964E-05
9.9973E-05 0.0554628 0.0635067 9.9973E-05 0.0227565 0.348241 0.509734 9.9973E-05
0.0422876 0.0263127 0.0455278 9.9991E-05 0.164289 0.297683 0.422332 0.00146762
9.9964E-05 0.02991 9.9964E-05 0.0954158 9.9964E-05 0.619627 0.254648 9.9964E-05
0.0688179 0.0378166 0.107766 0.0473283 9.9982E-05 0.298323 0.439748 9.9982E-05
0.00168105 0.0563718 0.208263 0.0716942 0.0790115 9.9991E-05 0.000319382 0.582559
9.9973E-05 0.0892728 0.0394051 9.9973E-05 0.0947737 0.0990203 9.9973E-05 0.677228
9.9964E-05 0.158832 0.0932 0.094775 9.9964E-05 9.9964E-05 9.9964E-05 0.652793
9.9973E-05 0.0849306 0.129254 0.0517067 9.9973E-05 0.00640177 9.9973E-05 0.727407
9.9973E-05 0.0346905 0.133054 9.9973E-05 0.0938529 9.9973E-05 0.038297 0.699806
0.0240229 9.9982E-05 0.0277342 9.9982E-05 0.276907 0.607272 0.00195563 0.0619085
9.9991E-05 0.00909577 0.0640714 0.0151102 0.19653 0.55501 0.104477 0.0556052
9.9955E-05 9.9955E-05 9.9955E-05 0.113972 9.9955E-05 0.781843 0.103685 9.9955E-05
0.192541 9.9982E-05 9.9982E-05 0.0173741 0.0779214 0.185778 0.445187 0.0809988
0.137398 0.00620866 0.0304305 0.085742 0.0539683 0.184523 0.454544 0.0471843
0.0192929 9.9973E-05 9.9973E-05 0.0579882 9.9973E-05 0.572692 0.271111 0.0786156
0.0311443 0.0292413 9.9982E-05 0.0444653 9.9982E-05 0.252329 0.629913 0.0127074
0.0250628 9.9973E-05 9.9973E-05 0.024777 9.9973E-05 0.488878 0.382976 0.0780062
9.9964E-05 9.9964E-05 9.9964E-05 0.0134049 0.299677 0.205999 0.48052 9.9964E-05
0.0897977 9.9973E-05 0.0949642 9.9973E-05 9.9973E-05 0.195002 0.524053 0.0958835
0.0688726 9.9982E-05 0.0596685 0.0186276 0.133445 0.562658 0.156529 9.9982E-05
9.9973E-05 0.0259098 0.036082 9.9973E-05 0.0755545 0.548066 0.314088 9.9973E-05
9.9964E-05 0.0142135 9.9964E-05 9.9964E-05 0.239056 0.596085 0.150245 9.9964E-05
9.9964E-05 9.9964E-05 9.9964E-05 0.211121 0.120711 9.9964E-05 0.553802 0.113965
9.9982E-05 0.0811565 0.0349907 9.9982E-05 0.0135767 0.537386 0.331291 0.00139884
0.0147402 0.0392869 9.9991E-05 0.0653328 0.017284 0.445355 0.417562 0.0003384
0.431606 0.029899 0.051149 0.0358551 9.9982E-05 9.9982E-05 0.401395 0.0498957
0.428486 0.00174233 0.0181805 0.114892 9.9991E-05 0.0849303 0.252575 0.0990939
0.49983 0.00716157 9.9982E-05 0.0062948 0.0724231 9.9982E-05 0.327852 0.0862381
0.512617 0.0247621 9.9982E-05 0.0208645 0.0685053 9.9982E-05 0.258932 0.114119
0.280272 9.9973E-05 0.029463 9.9973E-05 9.9973E-05 0.00867513 0.510257 0.171033
0.0422531 9.9982E-05 9.9982E-05 0.136685 0.0472717 0.301933 0.458592 0.0130652
0.65304 9.9964E-05 9.9964E-05 0.0570177 9.9964E-05 9.9964E-05 0.0184009 0.271141
0.489047 0.0272424 0.0209393 9.9982E-05 9.9982E-05 0.0135001 0.280292 0.16878
0.162345 0.00192357 9.9982E-05 0.182231 9.9982E-05 0.106468 0.39093 0.155903
9.9973E-05 9.9973E-05 0.00673485 0.166746 0.113742 9.9973E-05 0.589989 0.122489
9.9973E-05 0.0309376 9.9973E-05 0.164499 0.302482 9.9973E-05 0.386304 0.115478
9.9982E-05 0.00461992 0.022912 0.11173 0.0890635 9.9982E-05 0.639207 0.132268
0.0200881 0.0278893 0.025263 0.190723 9.9991E-05 0.0317946 0.643351 0.0607904
0.430083 0.0145531 9.9964E-05 9.9964E-05 9.9964E-05 9.9964E-05 0.321646 0.233319
0.388306 0.0395814 0.0356503 9.9991E-05 0.119059 0.120619 0.211369 0.0853151
0.516075 9.9964E-05 0.00240421 9.9964E-05 9.9964E-05 9.9964E-05 0.388541 0.0925802
0.322271 9.9982E-05 0.0590071 9.9982E-05 0.0388804 0.109385 0.333331 0.136925
0.557375 0.0390561 9.9991E-05 0.0739832 0.00901898 0.0293127 0.205025 0.0861287
0.314439 0.0471337 9.9991E-05 0.0282208 0.10276 0.0053114 0.432808 0.0692271
0.551033 0.0519537 9.9991E-05 0.0559422 0.00794869 0.0821521 0.16737 0.0835007
0.404467 0.0109336 0.0289468 0.0456792 0.121695 0.0799499 0.269666 0.0386633
0.052454 0.0526063 0.0207191 0.193503 0.0129291 0.105523 0.503966 0.0582989
0.426424 0.050867 0.0755848 0.0254473 9.9991E-05 0.0548351 0.277507 0.0892338
0.625696 9.9964E-05 9.9964E-05 0.0343911 9.9964E-05 9.9964E-05 0.187505 0.152008
0.393663 0.0607477 0.025988 9.9991E-05 0.0266769 0.0988244 0.325269 0.0687308
9.9991E-05 0.0184794 0.131963 0.314206 0.27523 0.0108182 0.135725 0.113478
0.0785794 0.0193376 0.00178068 0.166514 0.174027 0.0386429 0.521019 9.9991E-05
0.355213 9.9982E-05 0.0469259 9.9982E-05 0.125734 0.021339 0.284498 0.16609
9.9991E-05 0.0557629 0.0672461 0.094822 0.0902456 0.00942571 0.594655 0.0877425
9.9991E-05 0.0332173 0.0243098 0.159222 0.0931032 0.100899 0.457469 0.13168
0.220696 0.0125817 0.0157729 0.0378484 0.0498997 0.116367 0.348331 0.198503
0.212262 0.0573653 9.9973E-05 0.0642773 9.9973E-05 9.9973E-05 0.452459 0.213336
0.0198618 0.0484537 0.0904947 0.0688234 9.9991E-05 0.0464842 0.649243 0.0765389
0.425499 9.9973E-05 9.9973E-05 0.0402296 9.9973E-05 0.143165 0.246214 0.144592
0.46067 0.00868733 9.9964E-05 9.9964E-05 9.9964E-05 9.9964E-05 0.4084 0.121843
0.601098 0.0124153 9.9982E-05 0.00461334 0.0264361 9.9982E-05 0.177449 0.177787
0.0238016 0.0518634 0.0540012 0.180728 9.9982E-05 9.9982E-05 0.65634 0.0330661
9.9991E-05 0.000604255 0.0154344 0.164215 0.146532 0.115041 0.421446 0.136628
0.0209552 0.0141004 0.0193151 0.574443 9.9982E-05 9.9982E-05 0.289065 0.0819216
9.9982E-05 0.013083 0.0593279 0.0835449 9.9982E-05 0.0438778 0.64365 0.156317
0.00259879 9.9982E-05 0.0920437 0.195989 0.17583 9.9982E-05 0.457493 0.0758458
0.14141 0.0338374 9.9982E-05 0.0762696 9.9982E-05 0.00388617 0.532658 0.211739
0.0380331 0.0679409 0.0591145 0.24028 0.0302389 0.0322518 0.469224 0.0629163
0.182975 9.9955E-05 9.9955E-05 0.492948 9.9955E-05 9.9955E-05 9.9955E-05 0.323577
0.0885289 0.0982044 9.9964E-05 0.590502 9.9964E-05 9.9964E-05 9.9964E-05 0.222365
0.163138 0.036378 0.0163353 0.345662 0.0575956 0.0100235 0.271383 0.0994843
