0.0448203 9.9964E-05 9.9964E-05 0.905504 0.0195291 9.9964E-05 0.0297472 9.9964E-05
0.0526503 0.0537948 9.9955E-05 0.893055 9.9955E-05 9.9955E-05 9.9955E-05 9.9955E-05
0.0424028 9.9982E-05 9.9982E-05 0.818713 0.00411416 0.0758532 0.0329007 0.0258159
0.0613679 0.0394346 9.9973E-05 0.778308 9.9973E-05 0.0703215 0.0502677 9.9973E-05
0.0872826 9.9964E-05 9.9964E-05 0.824332 9.9964E-05 0.050534 0.0374521 9.9964E-05
0.0675762 9.9982E-05 0.223656 0.560564 0.0281598 0.0387808 0.0810633 9.9982E-05
0.0422201 9.9973E-05 0.165431 0.748759 9.9973E-05 9.9973E-05 0.0349761 0.00831331
0.114927 0.00236425 0.181213 0.669067 9.9973E-05 9.9973E-05 0.0321291 9.9973E-05
0.0509869 9.99639E-05 0.0423071 0.822825 0.083481 9.99639E-05 9.99639E-05 9.99639E-05
0.11585 9.9964E-05 0.123722 0.610923 9.9964E-05 9.9964E-05 0.149105 9.9964E-05
0.118198 9.9973E-05 0.137335 0.687446 0.00103361 0.0556873 9.9973E-05 9.9973E-05
9.9964E-05 9.9964E-05 0.0331576 9.9964E-05 9.9964E-05 0.151555 0.0568238 0.758064
0.0398786 0.00106097 0.0332869 9.9982E-05 9.9982E-05 0.489989 0.0471244 0.38846
9.9973E-05 0.0855554 9.9973E-05 0.0387745 9.9973E-05 0.146166 0.0750061 0.654198
9.9964E-05 9.9964E-05 0.0945767 9.9964E-05 9.9964E-05 0.159096 0.156315 0.589613
9.9982E-05 0.0130407 0.0882854 0.159779 9.9982E-05 0.374277 0.0574585 0.306959
9.999E-05 0.028193 0.0553367 0.0636305 0.00399024 0.532236 0.0535634 0.26295
9.9973E-05 9.9973E-05 0.0737893 9.9973E-05 0.0564406 0.433042 0.033518 0.40291
9.9964E-05 9.9964E-05 9.9964E-05 0.118 9.9964E-05 0.279261 0.0175986 0.58474
0.0376833 9.9964E-05 0.0740426 0.0046634 9.9964E-05 9.9964E-05 9.9964E-05 0.883211
0.00855308 0.0542505 0.015728 0.0313871 0.103806 0.387067 0.0383486 0.36086
9.9982E-05 0.0359603 0.259388 0.014791 9.9982E-05 0.409693 0.00436588 0.275602
0.0850756 9.9982E-05 0.0526887 9.9982E-05 0.0116881 0.529638 0.00896915 0.311741
9.9973E-05 9.9973E-05 0.0679305 9.9973E-05 0.0312566 0.261676 0.0606469 0.578191
9.9973E-05 0.0187749 9.9973E-05 0.153699 0.114719 0.632983 9.9973E-05 0.079524
9.9964E-05 9.9964E-05 0.0262111 9.9964E-05 9.9964E-05 0.508969 0.0615981 0.402822
9.9982E-05 9.9982E-05 0.0319849 0.0479953 0.0195266 0.0844604 0.0559526 0.75988
9.9964E-05 9.9964E-05 0.00251618 9.9964E-05 9.9964E-05 0.0531019 0.169833 0.774149
9.9973E-05 0.0564164 0.0376268 9.9973E-05 9.9973E-05 0.156757 0.0153118 0.733588
9.9955E-05 9.9955E-05 9.9955E-05 0.810361 9.9955E-05 0.118678 0.0704609 9.9955E-05
9.9946E-05 9.9946E-05 9.9946E-05 0.820181 9.9946E-05 0.17922 9.9946E-05 9.9946E-05
9.9955E-05 9.9955E-05 9.9955E-05 0.77622 9.9955E-05 0.215061 0.00821916 9.9955E-05
9.9982E-05 0.0229812 9.9982E-05 0.729651 0.0265824 0.0902623 0.103427 0.0268962
0.0138705 0.134002 0.0513836 0.016826 0.182672 0.488298 9.9991E-05 0.112848
0.00563026 9.9973E-05 9.9973E-05 0.121866 0.344396 0.485688 9.9973E-05 0.0421201
9.9964E-05 0.00270748 9.9964E-05 0.0317073 0.503995 0.46119 9.9964E-05 9.9964E-05
0.0987373 0.0403852 9.9982E-05 0.0753304 0.0198066 0.139799 9.9982E-05 0.625742
0.0149985 0.0230269 0.0277832 0.00871112 0.618977 0.282927 0.0234765 9.9991E-05
0.00904925 0.0827787 9.9982E-05 0.0756603 0.132147 0.487049 9.9982E-05 0.213116
9.9973E-05 9.9973E-05 0.0904126 0.0506724 0.124345 0.717783 0.0164875 9.9973E-05
0.0835865 9.9973E-05 0.118989 0.0702016 0.13203 0.594893 9.9973E-05 9.9973E-05
0.0996079 9.9973E-05 0.0488922 0.0841363 0.150877 0.616187 9.9973E-05 9.9973E-05
9.9973E-05 9.9973E-05 0.0164042 0.00550759 0.684106 0.0557653 9.9973E-05 0.237917
0.0365267 9.9982E-05 0.329334 9.9982E-05 0.011044 0.514359 0.0736415 0.0348951
0.000250654 0.0542089 0.0296247 0.072867 0.268387 0.515463 0.0590982 9.9991E-05
9.9973E-05 9.9973E-05 0.110264 0.126326 0.119921 0.591356 0.0518333 9.9973E-05
9.9955E-05 0.0444577 9.9955E-05 9.9955E-05 0.606614 0.348429 9.9955E-05 9.9955E-05
0.0304854 0.0437098 0.0608149 0.00265685 0.236592 0.584115 0.0415259 9.9991E-05
9.9982E-05 0.0803632 0.025491 0.0947032 0.179229 0.554397 0.0656162 9.9982E-05
9.9964E-05 0.0416963 0.178213 0.0812562 0.698435 9.9964E-05 9.9964E-05 9.9964E-05
0.155428 0.0969556 0.0461705 9.9982E-05 0.171264 0.0939126 9.9982E-05 0.436069
9.9973E-05 0.201124 0.315073 9.9973E-05 0.170908 0.0253942 9.9973E-05 0.287201
0.0111384 0.0548569 0.00849055 0.0528854 0.0672727 0.592635 0.025241 0.18748
9.9973E-05 0.0708468 0.182296 0.0708593 9.9973E-05 0.584083 9.9973E-05 0.091615
0.049189 9.9991E-05 0.0344796 0.0599431 0.118018 0.629144 0.0124198 0.0967068
0.104684 0.112257 0.0192462 0.110155 0.247792 0.114631 9.9991E-05 0.291135
0.087169 9.9973E-05 0.0898958 9.9973E-05 9.9973E-05 0.539466 0.0142874 0.268882
9.9982E-05 9.9982E-05 0.0574892 0.0839188 0.00123974 0.564349 0.0914985 0.201304
0.0362758 0.0066706 0.122303 0.0895717 0.14503 0.361374 0.0113962 0.227378
0.0118009 0.0688014 0.0526635 0.19609 0.10697 0.0387464 0.00520098 0.519727
0.0480391 0.049955 0.109191 0.0459263 0.108612 0.534153 9.9991E-05 0.104024
0.0747524 0.11229 9.9991E-05 0.00749233 0.0915815 0.326394 0.0834542 0.303935
0.100127 9.9973E-05 0.137032 0.00256841 0.0837321 9.9973E-05 9.9973E-05 0.676241
0.032271 0.0775339 0.00246681 9.9982E-05 9.9982E-05 0.423651 0.0360519 0.427825
0.0782882 0.115839 0.0294528 0.0264069 0.0214321 0.666435 9.9991E-05 0.0620463
0.0273307 0.0755149 9.9973E-05 0.148345 9.9973E-05 0.551543 9.9973E-05 0.196966
0.0194273 0.102869 0.0377524 0.0312885 0.145473 0.291333 0.0063246 0.365532
9.9982E-05 0.070419 0.109073 9.9982E-05 0.0731715 0.393448 0.0744841 0.279205
0.184901 0.0754727 9.9991E-05 0.0244624 0.0839738 0.535466 0.0713175 0.0243066
0.0490226 0.049645 0.123379 9.9982E-05 0.0664804 0.160131 9.9982E-05 0.551143
0.0453132 9.9964E-05 9.9964E-05 9.9964E-05 0.413293 0.539832 9.9964E-05 0.00116117
9.9955E-05 9.9955E-05 9.9955E-05 9.9955E-05 0.619451 0.170046 9.9955E-05 0.210003
0.0116995 9.9991E-05 0.0151504 0.0957447 0.185204 0.47735 0.0581385 0.156613
9.9955E-05 9.9955E-05 0.126292 9.9955E-05 0.871472 9.9955E-05 0.00173612 9.9955E-05
0.00517288 0.0494146 0.101174 9.9982E-05 0.805573 9.9982E-05 0.00299256 0.0354733
9.9964E-05 9.9964E-05 9.9964E-05 9.9964E-05 0.755713 0.198928 0.00478766 0.0401721
9.9964E-05 9.9964E-05 9.9964E-05 0.00384852 0.57843 0.402636 9.9964E-05 0.0146865
0.0228317 0.04188 9.9982E-05 0.125048 0.0678043 0.558285 9.9982E-05 0.183952
0.0278439 9.9973E-05 9.9973E-05 9.9973E-05 0.370694 0.405239 0.0750485 0.120875
0.00927935 9.9982E-05 9.9982E-05 0.0247615 0.625109 0.133946 0.0346513 0.172053
0.194691 9.9973E-05 9.9973E-05 0.0216444 0.484144 0.217493 9.9973E-05 0.0817281
9.99973E-05 0.0410884 0.0327223 0.146977 0.235306 0.446106 0.0585034 0.0391971
9.9982E-05 9.9982E-05 0.0397658 0.0142897 0.516479 0.24291 0.0607945 0.125561
0.0168496 9.9982E-05 9.9982E-05 0.0484199 0.507561 0.322057 0.0401954 0.0647172
9.9964E-05 0.0121023 0.0440499 9.9964E-05 0.639001 0.304447 9.9964E-05 9.9964E-05
9.9955E-05 0.149486 0.147595 9.9955E-05 0.702419 9.9955E-05 9.9955E-05 9.9955E-05
0.0768197 0.0095447 0.0389439 9.9991E-05 0.279206 0.564538 0.0281458 0.0027014
9.9964E-05 9.9964E-05 9.9964E-05 0.791338 9.9964E-05 0.144769 0.0187366 0.0447568
9.9946E-05 9.9946E-05 9.9946E-05 0.891031 9.9946E-05 0.108369 9.9946E-05 9.9946E-05
9.9955E-05 9.9955E-05 9.9955E-05 0.831947 9.9955E-05 0.133788 0.0337657 9.9955E-05
9.9955E-05 9.9955E-05 0.0564932 0.873362 9.9955E-05 0.0696452 9.9955E-05 9.9955E-05
9.9955E-05 9.9955E-05 9.9955E-05 0.878478 0.0243694 0.0966529 9.9955E-05 9.9955E-05
0.015783 0.00259575 9.9964E-05 0.860931 9.9964E-05 0.12029 9.9964E-05 9.9964E-05
9.99461E-05 9.99461E-05 9.99461E-05 0.912519 9.99461E-05 0.0868809 9.99461E-05 9.99461E-05
0.0744134 9.9991E-05 0.0369294 0.0760741 0.230714 0.500524 0.0513257 0.0299192
0.00835028 0.0612657 9.9991E-05 0.0440068 0.153247 0.544654 0.100412 0.0879642
9.9973E-05 0.040227 9.9973E-05 0.027152 0.732874 0.0133488 9.9973E-05 0.186099
9.9991E-05 0.0162003 0.0769383 0.148745 0.0702187 0.557727 0.071077 0.0589934
0.0487391 0.0024667 0.0186163 9.9991E-05 0.398194 0.34537 0.0343996 0.152115
9.9982E-05 0.0337849 9.9982E-05 0.100584 0.281111 0.573769 0.00759167 0.00295856
9.9973E-05 0.144827 9.9973E-05 0.0489652 0.237499 0.547501 9.9973E-05 0.0209083
9.9964E-05 0.0457231 9.9964E-05 9.9964E-05 0.426535 0.433329 0.0940128 9.9964E-05
0.0429065 9.9964E-05 9.9964E-05 0.0532546 0.646381 9.9964E-05 9.9964E-05 0.257058
0.0419929 0.0873449 9.9991E-05 0.0939194 0.0654679 0.520189 0.0700868 0.1209
9.9991E-05 0.0719591 0.0336971 0.0339794 0.106565 0.605228 0.0838635 0.064608
0.0763588 0.0723105 0.0532921 0.0600467 0.0346863 0.577726 0.04657 0.0790092
9.9973E-05 0.0532213 0.0807333 9.9973E-05 0.50778 0.303944 9.9973E-05 0.0540212
9.9973E-05 0.0976045 9.9973E-05 0.0285912 0.376016 0.464393 0.0330961 9.9973E-05
9.9982E-05 9.9982E-05 0.00319397 0.0258386 0.361164 0.424528 0.031198 0.153877
9.9964E-05 0.0531636 9.9964E-05 9.9964E-05 0.595791 0.24961 0.101036 9.9964E-05
9.9973E-05 9.9973E-05 0.000344695 0.0993773 0.472654 0.4047 9.9973E-05 0.0226247
9.9982E-05 0.0736249 9.9982E-05 0.116757 0.141479 0.45531 0.103989 0.10864
0.0563317 0.254871 0.01668 0.0503479 0.0437067 0.153562 0.0161926 0.408308
0.108625 9.9991E-05 0.134237 0.051591 0.0246067 0.347992 0.0634303 0.269418
9.9982E-05 0.0413261 9.9982E-05 0.10099 0.205617 0.438923 0.0837332 0.129211
9.9982E-05 0.0470394 0.0210758 0.125844 0.109428 0.623593 9.9982E-05 0.0728205
0.0828327 0.0441866 0.0607766 9.9982E-05 0.0182367 0.491701 9.9982E-05 0.302066
0.0724191 0.0390073 0.114394 9.9991E-05 0.0443156 0.469172 0.0357082 0.224884
0.189624 0.0733656 9.9973E-05 9.9973E-05 9.9973E-05 0.476472 0.0156526 0.244586
0.114347 0.0765399 0.061796 0.0499408 0.0771922 0.521602 0.023902 0.0746801
0.112268 0.030275 0.057276 0.00904495 0.0848817 0.604619 0.0380603 0.0635747
0.040526 0.0251513 0.0169 0.0429031 0.142426 0.469758 0.0323906 0.229944
0.193659 0.0606934 9.9973E-05 9.9973E-05 0.0573318 0.456034 9.9973E-05 0.231982
0.180736 0.0922931 0.087761 9.9982E-05 9.9982E-05 0.548437 0.0787612 0.0118128
0.0326584 0.0895489 0.0640043 0.0813618 0.0698203 0.589178 0.0185506 0.0548774
0.0887391 0.0172057 9.9982E-05 9.9982E-05 0.0473748 0.509871 0.0330482 0.303561
0.160857 0.132099 0.0803851 0.0603329 9.9982E-05 0.541821 0.0243052 9.9982E-05
0.102595 0.0659147 9.9982E-05 9.9982E-05 0.0853543 0.472754 0.0992111 0.173971
0.0410755 0.0273134 0.144755 0.0678162 9.9991E-05 0.315281 0.0274094 0.376249
0.0479556 0.0603432 0.00704984 0.0572587 9.9991E-05 0.534272 0.0957655 0.197255
0.0339297 0.136534 0.0276259 0.014571 9.9991E-05 0.673184 0.00080971 0.113246
0.125894 0.0890947 9.9991E-05 0.0022708 0.104438 0.164529 0.126223 0.38745
0.0389461 0.188999 0.244375 9.9991E-05 0.00359421 0.157559 0.0013482 0.365077
0.172542 0.0190177 0.080027 9.9991E-05 0.056316 0.514359 0.0316561 0.125982
0.182103 0.295646 0.189833 9.9991E-05 0.11716 0.1039 0.0345946 0.0766629
0.0448189 0.0578423 9.9973E-05 9.9973E-05 0.0588141 0.270929 9.9973E-05 0.567296
0.0779989 9.9973E-05 9.9973E-05 0.00219961 0.139107 0.414814 9.9973E-05 0.36558
0.127807 0.0156181 9.9982E-05 0.0124473 0.0585762 0.322409 9.9982E-05 0.462942
0.151326 0.013257 9.9982E-05 9.9982E-05 0.0864901 0.207852 0.0624712 0.478404
0.00162774 0.000890381 0.00422722 0.114436 0.10076 0.607146 9.9991E-05 0.170812
0.120513 0.0109656 0.0824448 9.9991E-05 0.112169 0.520256 0.0902019 0.0633499
0.0689474 0.0490267 9.9991E-05 0.0631951 0.15323 0.461347 0.0508005 0.153354
0.125118 0.126285 0.227388 9.9991E-05 0.132152 0.147541 0.0160522 0.225365
0.0381829 9.9982E-05 0.131758 0.158757 0.131634 0.431212 9.9982E-05 0.108256
9.9991E-05 0.0771419 0.199802 0.00281282 0.128104 0.469084 0.0254738 0.0974816
0.0779701 0.201838 0.401023 0.112333 0.0975962 9.9982E-05 9.9982E-05 0.10904
9.9973E-05 9.9973E-05 0.124843 0.0948689 0.0337441 0.705137 9.9973E-05 0.0411074
0.0248084 0.193766 0.14902 0.121774 0.153599 0.324137 0.0271908 0.00570539
0.067091 0.0637424 0.139859 0.128075 9.9991E-05 0.533164 0.0185621 0.0494065
0.0835326 0.0290423 0.373142 0.0807412 0.107993 0.257699 0.0241304 0.0437193
0.13873 0.0993539 0.401032 0.00749047 0.0707907 0.161687 9.9991E-05 0.120816
0.110034 0.159329 0.119852 0.0280958 0.0882915 0.44041 9.9991E-05 0.0538875
0.10952 0.0360665 0.195739 0.0434952 0.0330652 0.44284 0.0456445 0.0936297
0.12689 0.0676064 0.163644 0.143576 9.9982E-05 0.436157 9.9982E-05 0.0619269
0.00884286 0.0430524 0.371262 0.00837764 0.210156 9.9991E-05 0.112914 0.245295
0.126388 0.0255537 0.11512 0.0336235 0.117466 0.51774 9.9991E-05 0.0640098
9.9973E-05 0.0108145 0.361095 9.9973E-05 0.1024 0.334268 9.9973E-05 0.191123
9.9973E-05 0.044681 0.165714 9.9973E-05 0.219904 0.405462 9.9973E-05 0.163939
0.0387366 0.0472342 0.0870623 0.109648 0.0577382 0.543542 0.115938 9.9991E-05
9.9991E-05 0.0199765 0.26533 0.282554 0.0239359 0.143088 0.24446 0.0205556
9.9955E-05 9.9955E-05 0.370524 0.517437 9.9955E-05 9.9955E-05 0.11154 9.9955E-05
9.9955E-05 9.9955E-05 0.430912 0.432758 9.9955E-05 9.9955E-05 0.135831 9.9955E-05
9.9973E-05 9.9973E-05 0.198089 0.325885 9.9973E-05 0.0396575 0.366988 0.0690817
0.0230409 0.0193991 0.289805 9.9973E-05 0.0619055 0.60555 9.9973E-05 9.9973E-05
9.9991E-05 0.137901 0.0843837 0.0307348 0.138192 0.348607 0.171094 0.0889876
0.0110981 9.9955E-05 9.9955E-05 9.9955E-05 9.9955E-05 0.292883 0.695519 9.9955E-05
0.00664102 0.0692471 9.9991E-05 0.0203096 0.0974474 0.342152 0.44468 0.0194226
0.0694719 0.0370072 9.9991E-05 0.0299539 0.0552219 0.341704 0.428197 0.038344
9.9964E-05 0.188774 0.468839 9.9964E-05 0.0281366 0.313851 9.9964E-05 9.9964E-05
0.0241312 0.0792745 0.273627 0.0274464 0.0927616 0.396752 0.0842472 0.0217603
9.9973E-05 0.229442 0.499842 9.9973E-05 0.0398395 0.165375 9.9973E-05 0.0652012
9.9964E-05 0.0399283 0.250735 9.9964E-05 0.11115 0.597787 9.9964E-05 9.9964E-05
0.0344813 0.146486 0.205177 0.000410747 0.0963901 0.409912 9.9991E-05 0.107042
0.0715818 0.0705664 0.256181 9.9973E-05 9.9973E-05 0.587374 0.0139965 9.9973E-05
9.9973E-05 0.0661928 0.551347 9.9973E-05 0.14034 0.176329 9.9973E-05 0.0654919
9.9973E-05 9.9973E-05 0.119499 0.0393692 0.169849 0.564862 0.10612 9.9973E-05
0.0793642 0.0184635 0.125189 0.0588127 0.181306 0.490298 0.0464673 9.9991E-05
9.9946E-05 0.0517478 9.9946E-05 9.9946E-05 9.9946E-05 9.9946E-05 0.947652 9.9946E-05
0.00036314 0.0211232 0.0194899 9.9973E-05 9.9973E-05 0.0792158 0.879508 9.9973E-05
0.0158093 9.9982E-05 9.9982E-05 0.0141161 0.103484 0.174116 0.660957 0.0313177
0.0496587 9.9964E-05 9.9964E-05 0.0110949 9.9964E-05 0.23696 0.701886 9.9964E-05
0.0315756 9.9973E-05 0.0447986 0.0292504 9.9973E-05 0.207174 0.686902 9.9973E-05
9.994E-05 9.994E-05 9.994E-05 9.994E-05 9.994E-05 9.994E-05 0.9993 9.994E-05
0.0158023 0.00208434 9.9955E-05 9.9955E-05 9.9955E-05 9.9955E-05 0.981614 9.9955E-05
9.9955E-05 9.9955E-05 9.9955E-05 9.9955E-05 9.9955E-05 0.157629 0.841211 0.000660341
0.00581555 9.9946E-05 9.9946E-05 9.9946E-05 9.9946E-05 9.9946E-05 0.993585 9.9946E-05
9.994E-05 9.994E-05 9.994E-05 9.994E-05 9.994E-05 9.994E-05 0.9993 9.994E-05
9.994E-05 9.994E-05 9.994E-05 9.994E-05 9.994E-05 9.994E-05 0.9993 9.994E-05
0.00350671 0.00201014 9.9982E-05 0.0598216 9.9982E-05 0.186181 0.73086 0.01742
0.0328883 9.9982E-05 9.9982E-05 0.0854557 0.0156056 0.046292 0.79315 0.0264087
9.994E-05 9.994E-05 9.994E-05 9.994E-05 9.994E-05 9.994E-05 0.9993 9.994E-05
0.0296587 0.0613915 9.9991E-05 0.059003 0.0412891 0.426445 0.318188 0.0639248
9.9964E-05 9.9964E-05 0.0168474 9.9964E-05 9.9964E-05 0.164005 0.714003 0.104745
0.0183874 9.9991E-05 0.0485111 0.0126032 0.0274068 0.0868493 0.794844 0.0112982
9.9964E-05 9.9964E-05 9.9964E-05 0.0113084 9.9964E-05 0.0756512 0.884433 0.0282078
9.9946E-05 9.9946E-05 9.9946E-05 9.9946E-05 9.9946E-05 0.0165197 0.982881 9.9946E-05
9.9964E-05 9.9964E-05 9.9964E-05 0.0396241 9.9964E-05 0.0967541 0.858743 0.00447885
9.9946E-05 9.9946E-05 9.9946E-05 0.00995036 9.9946E-05 9.9946E-05 0.98945 9.9946E-05
0.00577064 0.0318757 9.9991E-05 0.0428045 0.0186992 0.161899 0.634898 0.103952
9.9955E-05 9.9955E-05 9.9955E-05 9.9955E-05 9.9955E-05 0.0465749 0.928129 0.0247963
9.9973E-05 0.0083512 0.643603 0.27656 9.9973E-05 9.9973E-05 0.0192306 0.0519554
0.078401 9.9982E-05 0.210665 0.187896 9.9982E-05 0.447137 0.0116636 0.0640377
0.0767875 9.9982E-05 0.264159 0.165864 9.9982E-05 0.433773 0.0577918 0.00142532
0.0755838 0.0448255 0.425963 0.190425 9.9982E-05 0.153799 0.109203 9.9982E-05
0.107164 9.9973E-05 0.20599 0.134078 9.9973E-05 0.454279 0.0981897 9.9973E-05
9.9982E-05 0.0503845 0.393608 0.241386 0.0325642 0.183726 0.0981311 9.9982E-05
0.0944777 9.9982E-05 0.173118 0.213537 0.133985 0.371485 0.0131969 9.9982E-05
9.9982E-05 0.00664823 0.365072 0.102565 0.0714389 0.283463 0.170613 9.9982E-05
0.0243767 9.9973E-05 0.282922 0.161758 9.9973E-05 0.419307 0.111336 9.9973E-05
9.9964E-05 9.9964E-05 0.3877 0.119091 9.9964E-05 0.288332 0.204477 9.9964E-05
9.9973E-05 9.9973E-05 0.22336 0.167393 9.9973E-05 0.456289 0.129526 0.0231312
0.0835926 9.9964E-05 0.0177531 0.839458 9.9964E-05 0.058796 9.9964E-05 9.9964E-05
9.9964E-05 0.0130592 9.9964E-05 0.877162 9.9964E-05 9.9964E-05 0.0566619 0.0527165
0.00889761 9.9973E-05 0.00316219 0.930089 0.0317009 9.9973E-05 9.9973E-05 0.0258501
0.0545064 9.9964E-05 0.00862756 0.915514 9.9964E-05 0.0209523 9.9964E-05 9.9964E-05
0.0405838 9.9964E-05 9.9964E-05 0.83838 9.9964E-05 9.9964E-05 0.0419628 0.0786736
9.9955E-05 0.0201299 9.9955E-05 0.896277 9.9955E-05 9.9955E-05 0.0830936 9.9955E-05
0.0168982 9.9973E-05 9.9973E-05 0.870844 0.00677468 0.0380189 0.0671643 9.9973E-05
9.9973E-05 0.0452174 0.0168168 0.915765 0.019834 9.9973E-05 0.00206658 9.9973E-05
9.9955E-05 0.0384118 9.9955E-05 0.901156 9.9955E-05 0.0599326 9.9955E-05 9.9955E-05
9.9973E-05 9.9973E-05 0.0285549 0.834151 9.9973E-05 0.0392558 0.0712576 0.0264806
0.0768575 9.9964E-05 9.9964E-05 0.590872 0.106474 9.9964E-05 9.9964E-05 0.225397
0.194705 0.000651936 9.9973E-05 0.563941 0.0996581 9.9973E-05 9.9973E-05 0.140744
0.0654358 0.0373514 0.0737869 0.496356 9.9973E-05 9.9973E-05 9.9973E-05 0.32677
0.0695956 0.0727209 0.0141448 0.507832 0.0301536 9.9982E-05 9.9982E-05 0.305353
9.9973E-05 0.0469824 9.9973E-05 0.0776197 0.220052 0.497178 9.9973E-05 0.157868
0.0722288 0.101467 9.9982E-05 0.0201522 0.226438 0.501186 9.9982E-05 0.0783277
9.9982E-05 9.9982E-05 0.0131966 0.00988323 0.227631 0.51059 0.0190825 0.219417
0.0865165 0.00207637 0.0632556 0.0465357 0.244861 0.300481 9.9991E-05 0.256174
0.160451 9.9964E-05 9.9964E-05 9.9964E-05 0.1426 0.175988 9.9964E-05 0.520561
0.0492054 0.00756438 9.9982E-05 9.9982E-05 0.231375 0.568707 0.0633651 0.0795832
0.00572943 9.9982E-05 0.0604471 9.9982E-05 0.270524 0.452081 0.0421243 0.168894
0.0904362 9.9973E-05 0.0896925 9.9973E-05 0.298536 0.51609 9.9973E-05 0.00494483
0.0112891 0.0761884 0.0219924 9.9982E-05 0.475173 0.331714 0.0834426 9.9982E-05
0.108026 0.0774615 0.011262 0.0287036 0.130314 0.513069 0.0643346 0.0668286
0.0968382 0.0165995 9.9973E-05 9.9973E-05 0.416039 0.374981 9.9973E-05 0.0952427
0.0301956 0.21029 9.9964E-05 9.9964E-05 0.638463 9.9964E-05 9.9964E-05 0.120651
0.105284 0.055714 0.0417893 0.0483849 0.140342 0.454609 9.9991E-05 0.153777
9.9973E-05 0.17964 0.0674691 0.00141178 0.492823 0.258357 9.9973E-05 9.9973E-05
9.9973E-05 0.0821866 0.0594923 0.0183333 0.338981 0.500707 9.9973E-05 9.9973E-05
0.0862309 9.9973E-05 9.9973E-05 0.0221176 0.625269 0.0848686 9.9973E-05 0.181214
0.85002 9.9973E-05 0.0629576 0.063021 0.00913336 0.0145678 9.9973E-05 9.9973E-05
0.870257 9.9955E-05 0.114967 9.9955E-05 9.9955E-05 0.0142758 9.9955E-05 9.9955E-05
0.985527 9.9946E-05 0.0138735 9.9946E-05 9.9946E-05 9.9946E-05 9.9946E-05 9.9946E-05
0.895664 9.9964E-05 0.0814406 0.0198324 0.00266313 9.9964E-05 9.9964E-05 9.9964E-05
0.822709 0.00900492 0.026108 9.9982E-05 0.0557018 0.0320877 0.0541886 9.9982E-05
0.911928 9.99512E-05 9.99512E-05 9.99512E-05 9.99512E-05 9.99512E-05 0.0874722 9.99512E-05
9.9964E-05 9.9964E-05 9.9964E-05 0.868245 0.00747193 0.098398 0.0254853 9.9964E-05
0.0657766 9.9973E-05 9.9973E-05 0.763629 9.9973E-05 0.0716584 0.0722839 0.0263518
9.9964E-05 9.9964E-05 9.9964E-05 0.782139 9.9964E-05 0.131943 0.0774182 0.00810038
0.0277232 9.9973E-05 9.9973E-05 0.728636 9.9973E-05 0.0347742 0.114845 0.0937214
0.0526349 9.9973E-05 0.00246067 0.779555 9.9973E-05 0.0920317 0.073018 9.9973E-05
0.48265 9.9964E-05 0.0521121 0.335047 9.9964E-05 9.9964E-05 9.9964E-05 0.129791
0.367188 0.0792414 0.0602904 0.431441 0.0587326 9.9982E-05 9.9982E-05 0.00290734
0.395637 0.100769 9.9982E-05 0.417352 0.0228347 9.9982E-05 0.0089635 0.0542437
9.9955E-05 9.9955E-05 9.9955E-05 0.796397 9.9955E-05 0.185335 9.9955E-05 0.017769
0.508464 0.0377314 0.0435621 0.312149 0.081697 9.9982E-05 0.0161959 9.9982E-05
0.0137745 9.9982E-05 0.118132 0.168469 0.0483189 0.168234 0.482872 9.9982E-05
0.065686 9.9982E-05 9.9982E-05 0.102819 0.0194223 0.566335 0.23971 0.00582824
9.9964E-05 9.9964E-05 9.9964E-05 0.179627 0.0169424 0.468404 0.334627 9.9964E-05
0.098492 0.00437309 0.0853752 0.190323 0.0420014 0.305388 0.273948 9.9991E-05
9.9982E-05 9.9982E-05 0.0636991 0.145373 0.0147459 0.595665 0.0820542 0.0982626
9.9955E-05 9.9955E-05 0.266982 0.384966 9.9955E-05 9.9955E-05 0.347552 9.9955E-05
0.144436 0.0848386 9.9973E-05 9.9973E-05 0.112799 0.387453 9.9973E-05 0.270173
0.0669432 0.20139 0.138298 9.9991E-05 0.0316714 0.341514 0.00373055 0.216352
0.099461 0.0221063 9.9973E-05 0.046484 9.9973E-05 0.204082 9.9973E-05 0.627567
0.0909233 0.204941 0.0602745 0.00135981 0.144278 0.433377 0.0239794 0.0408676
0.0189812 0.413211 0.221836 9.9973E-05 0.170411 9.9973E-05 9.9973E-05 0.175261
0.00508738 0.143487 0.0572883 0.116465 9.9982E-05 0.507017 9.9982E-05 0.170456
0.0289016 0.147944 0.0646998 0.0736587 0.00539472 0.465969 9.9991E-05 0.213332
0.0603116 0.0628258 9.9982E-05 0.0500378 0.0635868 0.303004 9.9982E-05 0.460034
0.139869 9.9982E-05 0.0856844 9.9982E-05 0.0382986 0.450396 0.0469974 0.238554
9.9973E-05 0.134573 0.244372 9.9973E-05 0.158292 0.0358826 9.9973E-05 0.426579
0.0751173 0.106999 0.128314 9.9982E-05 0.0330619 0.555915 9.9982E-05 0.100394
0.0835564 0.00877491 0.0527591 9.9982E-05 0.103338 0.524293 9.9982E-05 0.227079
0.115169 9.9991E-05 0.0690625 0.140933 0.102224 0.353811 0.171432 0.0472683
0.0322424 0.191602 0.101818 9.9982E-05 0.0136489 0.345179 9.9982E-05 0.31531
0.03673 0.127587 9.9991E-05 0.00725375 0.0554046 0.394926 0.00101469 0.376984
0.0249743 0.139272 0.0213496 9.9991E-05 0.133505 0.42207 0.108513 0.150217
0.0603546 0.0718559 0.0232331 0.0226922 0.144066 0.538032 9.9991E-05 0.139666
0.172742 9.9973E-05 9.9973E-05 9.9973E-05 0.0887237 0.635708 0.0403744 0.0621527
0.0148416 9.9982E-05 9.9982E-05 0.0452931 0.147124 0.532674 0.0634986 0.19637
0.0824334 0.0499505 0.0500817 0.0747556 0.111647 0.553465 0.0367488 0.0409178
9.9955E-05 9.9955E-05 9.9955E-05 0.763534 9.9955E-05 0.118045 0.117921 9.9955E-05
9.9973E-05 0.0463837 9.9973E-05 0.838434 0.0343811 0.0265261 0.0539757 9.9973E-05
0.0778712 9.9982E-05 0.0637639 0.746265 0.032658 0.0390096 0.0402326 9.9982E-05
0.0196677 0.0672241 9.9973E-05 0.811375 0.0607516 9.9973E-05 0.0406811 9.9973E-05
9.9955E-05 0.0259573 9.9955E-05 0.829669 9.9955E-05 0.143874 9.9955E-05 9.9955E-05
0.108509 0.00129434 0.0619259 0.00812227 9.9991E-05 0.11173 0.0307036 0.677615
0.0296156 0.0873677 0.102271 0.0323106 0.0139047 0.471722 0.0869818 0.175826
0.00133822 0.0885499 0.121775 0.133645 0.09378 0.360108 0.200704 9.9991E-05
9.9973E-05 0.0193418 9.9973E-05 9.9973E-05 0.0217705 0.631084 0.113511 0.213993
0.13016 0.0327204 9.9982E-05 0.0263936 0.159656 0.485519 9.9982E-05 0.165351
0.162695 0.105289 0.177699 9.9973E-05 9.9973E-05 0.299821 9.9973E-05 0.254196
0.14247 9.9973E-05 0.0103128 0.1249 0.0392953 9.9973E-05 9.9973E-05 0.682721
0.144862 0.0357629 0.0020512 9.9991E-05 0.0863007 0.464804 0.0335721 0.232546
0.221278 0.0874252 9.9991E-05 0.0720215 0.00615454 0.141733 0.0506771 0.420611
0.165829 9.9991E-05 0.102686 0.0297333 0.122486 0.38227 0.00242165 0.194475
0.090845 0.133966 9.9991E-05 0.169401 0.0164691 0.0829134 0.0092267 0.497079
0.114304 9.9991E-05 0.0589809 0.0584824 0.0145723 0.617561 0.0564549 0.0795448
0.0581699 0.063537 0.0442368 0.108407 9.9982E-05 0.137856 9.9982E-05 0.587593
0.136702 0.129395 0.125223 0.0548677 9.9991E-05 0.277114 0.0219607 0.254637
0.0931605 0.0502727 0.169908 9.9991E-05 0.00407146 0.447368 0.0874054 0.147715
0.0877505 0.0675571 0.504064 9.9973E-05 9.9973E-05 0.262981 9.9973E-05 0.0773469
0.0376316 0.0030516 0.313293 0.0403481 0.0797156 0.52576 9.9982E-05 9.9982E-05
9.9982E-05 0.116107 0.195775 0.0815131 0.0565347 0.477242 0.0726288 9.9982E-05
0.0610341 0.0528659 0.468816 9.9973E-05 0.0784514 0.338533 9.9973E-05 9.9973E-05
0.00124875 0.168453 0.188445 0.0338826 9.9991E-05 0.513969 0.0468953 0.0470066
0.111267 0.134383 0.167354 9.9973E-05 0.00282004 0.583875 9.9973E-05 9.9973E-05
0.138545 0.108214 0.570028 9.9973E-05 0.115772 0.0671407 9.9973E-05 9.9973E-05
0.0568291 9.9964E-05 0.582224 9.9964E-05 0.090647 0.2699 9.9964E-05 9.9964E-05
0.0821561 0.0906755 0.283725 9.9964E-05 9.9964E-05 0.543044 9.9964E-05 9.9964E-05
0.148708 0.0220582 0.510366 9.9973E-05 0.178446 0.140122 9.9973E-05 9.9973E-05
0.0450386 9.9973E-05 0.306168 9.9973E-05 0.0788213 0.424339 9.9973E-05 0.145333
0.17856 9.9982E-05 9.9982E-05 0.00686754 0.130492 0.104767 0.0107266 0.568387
0.127108 0.280034 9.9982E-05 9.9982E-05 0.11341 0.210829 0.0290409 0.239378
0.157398 0.0351134 9.9982E-05 9.9982E-05 0.0811171 0.299285 0.0715027 0.355383
0.0394144 0.0077627 0.0607199 0.0362167 9.9982E-05 0.63853 9.9982E-05 0.217156
0.108728 9.9973E-05 0.00615677 9.9973E-05 0.199615 0.242993 9.9973E-05 0.442206
0.0621583 0.102596 0.0227462 0.135166 0.0134572 0.534337 0.00327074 0.126269
0.0761028 9.9991E-05 0.0894387 0.0261172 0.101437 0.481984 0.0875935 0.137226
0.0719068 0.0455636 0.0147036 9.9991E-05 0.0302711 0.456878 0.0582292 0.322347
0.186865 0.070786 0.017766 9.9991E-05 0.00306358 0.387821 0.165357 0.168242
0.182153 9.9982E-05 9.9982E-05 0.0110515 0.202612 0.408229 0.0210009 0.174754
0.216503 9.9973E-05 9.9973E-05 9.9973E-05 0.182772 0.125423 0.0725091 0.402493
0.272623 0.0100993 9.9982E-05 9.9982E-05 0.0758234 0.255092 0.133117 0.253046
0.0242141 0.0649857 9.9982E-05 9.9982E-05 0.0842233 0.52914 0.0965695 0.200667
0.0823771 9.9982E-05 9.9982E-05 0.0186722 0.0429013 0.582747 0.0475797 0.225523
0.0815658 0.0545796 0.145899 0.0303965 0.126492 0.344395 0.0639889 0.152683
0.215137 0.114686 0.0211194 9.9991E-05 0.088795 0.475659 0.0566591 0.0278447
0.191296 9.9991E-05 0.049552 0.0273442 0.0250112 0.328425 0.053551 0.324721
0.0522364 9.9973E-05 9.9973E-05 9.9973E-05 0.0362897 0.624522 0.0207726 0.265879
0.132982 9.9973E-05 9.9973E-05 9.9973E-05 0.0140184 0.472305 0.0775852 0.302809
9.9973E-05 0.119065 9.9973E-05 0.0483324 0.0674046 0.641776 9.9973E-05 0.123122
9.9982E-05 9.9982E-05 0.0745924 0.300886 0.0108399 0.399723 0.174048 0.0397114
9.9991E-05 0.00775532 0.077657 0.126163 0.0518186 0.504727 0.170554 0.0612261
0.0436395 9.9982E-05 0.138652 0.119409 9.9982E-05 0.489847 0.0967988 0.111454
0.0272202 0.102003 0.0159306 0.101205 0.0351517 0.61412 0.0680547 0.036315
9.9982E-05 0.0395826 9.9982E-05 0.211329 0.113101 0.368644 0.223857 0.0432854
0.0614871 0.229347 0.0985842 9.9982E-05 9.9982E-05 0.424234 0.0421745 0.143973
0.00204167 9.9991E-05 0.0499914 0.149143 0.0595474 0.476472 0.195835 0.0668698
9.9982E-05 9.9982E-05 0.463511 0.186903 0.0604496 0.035069 0.147026 0.106841
0.00719265 0.0355004 0.0195237 0.0945082 0.0405868 0.449447 0.217881 0.13536
0.0403814 9.9991E-05 0.088764 0.133918 0.0373802 0.552674 0.0937942 0.052989
0.0100663 0.131521 9.9982E-05 0.117281 9.9982E-05 0.422371 0.240062 0.0784989
9.9982E-05 9.9982E-05 0.192999 0.176541 0.0908168 0.222074 0.144707 0.172663
9.9973E-05 9.9973E-05 0.150511 0.139156 0.0729842 0.485878 0.151171 9.9973E-05
9.9973E-05 0.0750451 0.102706 0.154207 9.9973E-05 0.56501 0.102732 9.9973E-05
9.9964E-05 0.0667379 0.304988 0.461225 9.9964E-05 9.9964E-05 0.16665 9.9964E-05
0.0261963 0.0135984 0.0145143 0.234566 9.9991E-05 0.554202 0.0985 0.0583231
0.0245402 9.9982E-05 0.039161 0.111153 0.154665 0.46748 0.202801 9.9982E-05
0.0205915 0.0160817 0.124933 0.107654 0.0833237 0.525515 0.0305088 0.0913918
9.9991E-05 0.0284094 0.0523316 0.181398 0.00158337 0.543186 0.181858 0.0111337
0.0453774 0.0355426 0.110051 0.142064 9.9991E-05 0.440166 0.151203 0.0754966
0.0381807 0.417383 0.0333479 0.0125557 0.101876 0.360885 0.0356724 9.9991E-05
0.0756684 0.2223 0.00905451 0.0572057 9.9991E-05 0.415385 0.0730587 0.147228
9.9964E-05 0.794364 0.029527 9.9964E-05 0.111644 9.9964E-05 9.9964E-05 0.0640651
0.0152672 0.92805 9.9955E-05 9.9955E-05 9.9955E-05 9.9955E-05 9.9955E-05 0.0561827
0.0456607 0.255808 9.9991E-05 0.0467501 0.0771453 0.45348 0.0714453 0.0496112
9.9982E-05 0.121159 0.134272 0.107151 9.9982E-05 0.345094 0.28838 0.0037437
9.9973E-05 0.235304 0.0315097 0.088261 9.9973E-05 0.28083 0.363796 9.9973E-05
9.9982E-05 0.194795 0.134319 0.196956 9.9982E-05 0.174625 0.248778 0.0503268
9.9973E-05 0.247492 9.9973E-05 0.135485 9.9973E-05 0.252208 0.320247 0.0442681
9.9973E-05 0.680028 0.0848121 0.0908183 9.9973E-05 0.0561451 0.0878963 9.9973E-05
9.9964E-05 0.6844 9.9964E-05 0.0745965 9.9964E-05 0.12649 0.114114 9.9964E-05
0.0144144 0.38155 9.9964E-05 9.9964E-05 9.9964E-05 0.481002 0.122634 9.9964E-05
9.9964E-05 0.484847 9.9964E-05 0.0028403 9.9964E-05 0.393211 0.118702 9.9964E-05
9.9964E-05 0.714666 9.9964E-05 0.0458741 9.9964E-05 0.163859 0.0752011 9.9964E-05
9.9991E-05 0.231404 0.0191304 0.0211905 0.0138493 0.447688 0.102424 0.164214
9.9964E-05 0.417926 0.0113702 9.9964E-05 9.9964E-05 0.483813 0.0864907 9.9964E-05
9.9982E-05 0.195286 0.0390891 0.114886 9.9982E-05 0.432283 0.130196 0.0880603
0.00257475 0.630919 0.00147232 9.9973E-05 0.0419459 0.322788 9.9973E-05 9.9973E-05
9.9973E-05 0.474917 9.9973E-05 0.021162 0.0508922 0.349523 9.9973E-05 0.103205
0.0715701 0.299665 0.0230974 0.00128607 0.0565688 0.547613 9.9982E-05 9.9982E-05
0.0372066 0.29362 0.0783938 0.0413763 0.0807269 0.331276 0.0429327 0.0944684
0.00286133 0.179041 0.184881 0.000988856 9.9991E-05 0.447087 0.0714754 0.113565
0.0169024 0.339827 0.133598 9.9973E-05 9.9973E-05 0.44709 9.9973E-05 0.062283
0.0941449 0.686568 9.9964E-05 0.00695818 9.9964E-05 0.211929 9.9964E-05 9.9964E-05
9.9964E-05 0.344305 9.9964E-05 0.0358419 0.108804 0.51065 9.9964E-05 9.9964E-05
0.0162974 0.728791 9.9973E-05 9.9973E-05 0.0767882 0.14827 0.0295532 9.9973E-05
0.0095174 0.544181 9.9964E-05 9.9964E-05 0.0542296 0.391672 9.9964E-05 9.9964E-05
0.0602811 0.262051 0.013465 0.07418 9.9982E-05 0.527299 0.0625235 9.9982E-05
9.9973E-05 0.316653 9.9973E-05 0.0253468 0.119314 0.490033 9.9973E-05 0.0483537
9.9982E-05 0.0116873 0.15441 0.167356 0.0153168 0.485529 0.165501 9.9982E-05
0.0443024 0.114397 0.0177872 0.127076 0.0677516 0.349596 0.122603 0.156487
0.0214214 0.0187366 0.178827 0.146207 0.00503485 0.385333 0.238943 0.00549719
0.0463684 0.0185175 0.167615 0.200547 9.9991E-05 0.28581 0.177288 0.103754
0.144473 0.01351 0.0959276 0.0891373 0.0649668 0.422702 0.169183 9.9991E-05
0.0237202 0.259014 0.0893001 0.107769 9.9991E-05 0.337999 0.158956 0.0231413
0.0142859 0.684389 9.9964E-05 0.201207 9.9964E-05 9.9964E-05 0.099719 9.9964E-05
0.0524039 0.0493431 0.00386713 0.0902937 9.9982E-05 0.645162 0.158731 9.9982E-05
9.9964E-05 0.382251 0.132439 0.371199 9.9964E-05 9.9964E-05 0.113712 9.9964E-05
0.0101397 0.263683 9.9973E-05 0.0355463 9.9973E-05 0.549335 0.140996 9.9973E-05
9.9955E-05 0.745589 9.9955E-05 9.9955E-05 0.152291 0.10162 9.9955E-05 9.9955E-05
9.9955E-05 0.939885 9.9955E-05 9.9955E-05 0.0504508 9.9955E-05 9.9955E-05 0.0091648
9.9973E-05 0.450888 9.9973E-05 9.9973E-05 0.12731 0.375216 0.00274007 0.043546
9.9955E-05 0.38639 9.9955E-05 9.9955E-05 9.9955E-05 0.534934 9.9955E-05 0.0781761
9.9955E-05 0.578766 9.9955E-05 9.9955E-05 9.9955E-05 0.3121 9.9955E-05 0.108635
9.9973E-05 0.491151 9.9973E-05 0.00343254 0.0237766 0.467617 9.9973E-05 0.0137225
9.9955E-05 0.449354 9.9955E-05 9.9955E-05 0.0298163 0.52033 9.9955E-05 9.9955E-05
9.9964E-05 0.0958316 9.9964E-05 0.794257 9.9964E-05 0.0890555 0.0204561 9.9964E-05
0.0730473 0.0366701 9.9973E-05 0.711276 9.9973E-05 9.9973E-05 0.113315 0.0653916
0.0418155 9.9955E-05 9.9955E-05 0.893372 9.9955E-05 9.9955E-05 0.0643131 9.9955E-05
9.9955E-05 0.00334119 9.9955E-05 0.927405 9.9955E-05 0.068754 9.9955E-05 9.9955E-05
0.0461303 9.9982E-05 9.9982E-05 0.0120692 0.386053 0.498954 0.01792 0.0386727
9.9982E-05 0.000407936 9.9982E-05 0.0627562 0.415133 0.464339 0.0401656 0.0169978
9.9973E-05 0.00344348 9.9973E-05 0.00970851 0.452755 0.439463 9.9973E-05 0.0943302
9.9973E-05 9.9973E-05 0.0951963 0.0972733 0.243137 0.537855 0.0262386 9.9973E-05
0.163921 9.9982E-05 0.11942 0.050235 0.181886 0.437357 0.046981 9.9982E-05
0.0115773 0.00847798 0.0835445 0.055032 0.414682 0.264587 9.9991E-05 0.161999
9.9973E-05 0.0217009 9.9973E-05 9.9973E-05 0.349068 0.538961 0.0265052 0.0634647
9.9964E-05 0.0311049 0.17813 9.9964E-05 0.476172 0.314194 9.9964E-05 9.9964E-05
0.0253371 0.0762981 9.9982E-05 0.18402 9.9982E-05 0.43174 0.178156 0.104248
0.0654229 0.0162225 0.0175359 9.9991E-05 0.44867 0.397759 0.00438077 0.0499083
0.068595 9.9964E-05 9.9964E-05 9.9964E-05 0.457474 0.322086 9.9964E-05 0.151446
0.0339969 0.0718526 9.9973E-05 9.9973E-05 0.350036 0.506066 0.0377489 9.9973E-05
0.016439 0.030846 9.9991E-05 0.0266418 0.608327 0.26195 0.041967 0.0137288
9.9955E-05 9.9955E-05 9.9955E-05 9.9955E-05 0.391769 0.530339 0.0773928 9.9955E-05
9.9964E-05 0.0489619 9.9964E-05 0.136304 0.278129 0.536205 9.9964E-05 9.9964E-05
9.9964E-05 0.0239691 0.0863046 9.9964E-05 0.819222 0.0701043 9.9964E-05 9.9964E-05
0.00305666 0.0508827 0.0161837 0.0112867 0.59698 0.220112 0.0323669 0.0691312
0.105871 9.9973E-05 0.00466428 0.0256413 0.644465 0.219059 9.9973E-05 9.9973E-05
9.9955E-05 0.0687074 0.127888 9.9955E-05 0.802905 9.9955E-05 9.9955E-05 9.9955E-05
0.03012 0.0692721 9.9991E-05 0.0529577 0.364405 0.343056 0.0337915 0.106298
0.0570347 0.0054355 0.209557 9.9973E-05 0.613669 0.114004 9.9973E-05 9.9973E-05
0.00622419 0.155594 0.123611 9.9964E-05 0.714171 9.9964E-05 9.9964E-05 9.9964E-05
0.0801405 9.9973E-05 9.9973E-05 0.00832773 0.356986 0.543667 0.0105797 9.9973E-05
9.9973E-05 9.9973E-05 9.9973E-05 0.0141944 0.598714 0.155853 0.0503338 0.180605
9.9973E-05 9.9973E-05 0.113211 9.9973E-05 0.399405 0.340663 0.0795139 0.0669073
0.0244382 0.0401763 0.0211447 0.0639309 0.159474 0.597475 0.0932606 9.9991E-05
0.0379279 9.9973E-05 9.9973E-05 0.00506685 0.348261 0.526094 9.9973E-05 0.0823497
0.062264 0.167275 0.101837 9.9982E-05 9.9982E-05 0.370652 0.0135693 0.284203
9.9982E-05 0.0383952 0.00819204 9.9982E-05 0.334653 0.578875 0.0140928 0.0255925
0.0557318 9.9973E-05 9.9973E-05 0.0730981 0.314193 0.504253 9.9973E-05 0.0524242
0.0130609 9.9973E-05 0.00259012 9.9973E-05 0.655307 0.300151 9.9973E-05 0.0285913
0.00469434 0.133632 0.115271 0.0175806 0.221051 0.426783 0.0808876 9.9991E-05
0.149187 0.0123096 0.0991413 0.607505 0.000982977 9.9982E-05 9.9982E-05 0.130674
0.0736502 0.0248183 9.9982E-05 0.720375 0.0776674 0.0732833 9.9982E-05 0.0300062
0.0999997 0.0134839 0.0677212 0.798345 9.9973E-05 9.9973E-05 9.9973E-05 0.0201499
0.107838 0.026878 0.0274525 0.765377 9.9973E-05 9.9973E-05 9.9973E-05 0.0721546
0.229324 9.9982E-05 0.0204219 0.658587 0.00169423 0.0478493 9.9982E-05 0.0419239
0.0111696 9.9973E-05 9.9973E-05 9.9973E-05 0.660794 0.0158482 0.0643182 0.24757
9.9973E-05 0.0775762 9.9973E-05 0.10264 0.583127 0.0486896 9.9973E-05 0.187667
9.9964E-05 0.00964328 9.9964E-05 9.9964E-05 0.870166 0.0831332 0.0366572 9.9964E-05
0.0698361 0.0267918 0.0154224 0.0795433 0.263684 0.448164 0.0964576 9.9991E-05
0.0414334 9.9982E-05 9.9982E-05 0.0738285 0.0720225 0.592084 0.0637585 0.156673
9.9973E-05 9.9973E-05 0.0783089 0.0308257 0.634585 0.249262 0.00671874 9.9973E-05
0.0279839 0.0591975 9.9973E-05 9.9973E-05 0.354689 0.531256 0.0265745 9.9973E-05
9.9973E-05 0.0337927 0.101254 9.9973E-05 0.405621 0.386811 0.0722206 9.9973E-05
9.9973E-05 9.9973E-05 0.0806585 0.026595 0.242709 0.552781 9.9973E-05 0.0969566
0.07648 9.9964E-05 9.9964E-05 9.9964E-05 0.309705 0.606495 0.00692043 9.9964E-05
0.0178403 9.9982E-05 0.0386843 9.9982E-05 0.647166 0.163419 0.0729118 0.0597785
9.9955E-05 9.9955E-05 9.9955E-05 9.9955E-05 0.603141 0.324247 9.9955E-05 0.0721123
0.0208595 9.9964E-05 9.9964E-05 9.9964E-05 0.506539 0.283776 9.9964E-05 0.188426
0.0181454 9.9973E-05 0.295455 0.0682831 9.9973E-05 0.578243 9.9973E-05 0.0395737
0.0277103 0.00847929 9.9982E-05 0.0557702 0.578261 0.317885 9.9982E-05 0.0116943
0.0327814 0.00233596 0.0408138 0.0215476 0.439499 0.390371 0.0514313 0.0212202
0.101958 0.026388 0.0701628 0.0345901 9.9982E-05 0.349253 0.417448 9.9982E-05
0.0126522 9.9991E-05 0.13134 0.0396582 0.00805755 0.325238 0.454908 0.0280462
0.00980951 0.0259752 0.0380256 0.0620859 0.0198962 0.38854 0.455567 9.9991E-05
9.9964E-05 9.9964E-05 0.0984331 0.137576 9.9964E-05 0.341283 0.422308 9.9964E-05
9.9973E-05 9.9973E-05 0.0396575 0.0858079 9.9973E-05 0.475324 0.328387 0.0705234
9.9973E-05 9.9973E-05 0.2481 9.9973E-05 0.293879 0.392184 0.0633416 0.00219573
9.9973E-05 0.0190648 0.0620732 0.225896 9.9973E-05 0.00242599 0.69024 9.9973E-05
9.9973E-05 0.096222 0.00780928 0.161382 9.9973E-05 0.255858 0.478429 9.9973E-05
9.9973E-05 9.9973E-05 0.236644 0.164799 0.0475781 0.419838 0.130841 9.9973E-05
9.9955E-05 9.9955E-05 0.316211 0.114366 9.9955E-05 0.568923 9.9955E-05 9.9955E-05
0.0230026 0.00321807 0.389989 0.0765232 0.0238672 0.375673 9.9991E-05 0.107627
0.119201 9.9982E-05 0.186519 0.0359373 9.9982E-05 0.625584 0.00922363 0.0233351
0.0496909 9.9982E-05 0.104939 0.0408541 0.0921791 0.593934 9.9982E-05 0.118204
9.9964E-05 9.9964E-05 0.0466176 0.221498 9.9964E-05 0.33761 0.393875 9.9964E-05
0.00561083 9.9982E-05 9.9982E-05 0.10325 0.0519469 0.356259 0.372094 0.110639
0.0194301 9.9964E-05 9.9964E-05 0.050533 9.9964E-05 0.471752 0.457885 9.9964E-05
0.0013878 0.0292725 9.9982E-05 0.117509 9.9982E-05 0.42694 0.304526 0.120165
9.9991E-05 0.045311 0.00117895 0.126423 0.00951751 0.327366 0.483503 0.0066008
9.9982E-05 0.0712565 9.9982E-05 0.0805064 0.12926 0.284221 0.405682 0.0288745
9.9973E-05 0.0758164 9.9973E-05 0.0649558 9.9973E-05 0.259801 0.533948 0.0651791
0.0120616 9.9982E-05 0.00923576 0.120942 9.9982E-05 0.497701 0.279945 0.0799138
0.0176773 9.9964E-05 0.438371 9.9964E-05 9.9964E-05 0.513511 0.0300408 9.9964E-05
0.0770888 0.0158538 0.103814 0.0751754 0.0169416 0.360313 0.350713 9.9991E-05
0.00130935 9.9982E-05 0.0481465 0.180684 0.000640845 0.159836 0.609184 9.9982E-05
0.00335338 9.9991E-05 0.0122341 0.122945 0.0286583 0.367701 0.332028 0.13298
0.0809766 9.9991E-05 0.382989 0.0710597 0.0341654 0.151505 0.00731015 0.271894
0.0106526 9.9982E-05 0.308575 9.9982E-05 0.028333 0.402938 0.132353 0.116948
0.0325191 0.0386974 0.0674077 0.178161 0.0244832 0.411849 0.246782 9.9991E-05
0.0589854 0.0660672 0.134848 0.10667 9.9982E-05 0.506514 9.9982E-05 0.126715
9.9973E-05 9.9973E-05 0.340188 0.0976541 0.0482367 0.462769 9.9973E-05 0.0508523
9.9982E-05 9.9982E-05 0.0320914 0.231243 0.128427 0.335448 0.208533 0.0640585
9.9991E-05 0.127221 0.00931365 0.233766 0.0167671 0.355473 0.25465 0.00270945
0.123577 9.9982E-05 0.139456 0.0662696 9.9982E-05 0.488669 0.116007 0.0658225
9.9982E-05 9.9982E-05 0.0344081 0.0831223 0.125282 0.218365 0.443987 0.0946354
9.9973E-05 0.0405334 9.9973E-05 0.10073 0.0175253 0.364202 0.476709 9.9973E-05
9.9964E-05 0.0497117 9.9964E-05 0.20698 9.9964E-05 0.134711 0.608197 9.9964E-05
0.113021 0.0598529 0.18136 0.0579785 9.9982E-05 0.497514 0.0900732 9.9982E-05
0.0350723 9.9982E-05 0.32801 0.0787533 0.040105 0.430209 9.9982E-05 0.0876498
0.0341151 9.9973E-05 0.74115 0.0378587 0.0260939 0.160483 9.9973E-05 9.9973E-05
0.0623646 9.9991E-05 0.21359 0.0906526 0.0479629 0.408476 0.141424 0.0354301
0.0718769 0.178039 0.110667 0.126965 9.9982E-05 0.392797 9.9982E-05 0.119456
9.9982E-05 9.9982E-05 0.131556 0.162626 0.111708 0.399524 0.12428 0.0701061
0.0686814 0.117475 0.119795 0.0514171 0.0857799 0.45735 0.0763682 0.0231327
9.9955E-05 9.9955E-05 0.566125 0.250278 9.9955E-05 9.9955E-05 0.183097 9.9955E-05
9.9955E-05 9.9955E-05 0.679018 0.231843 9.9955E-05 9.9955E-05 0.0886388 9.9955E-05
