0.0393863 9.9982E-05 0.362772 0.0584703 0.281902 0.161997 0.0952722 9.9982E-05
9.9955E-05 9.9955E-05 0.686062 9.9955E-05 9.9955E-05 9.9955E-05 0.198538 0.1149
9.994E-05 9.994E-05 9.994E-05 9.994E-05 9.994E-05 9.994E-05 9.994E-05 0.9993
0.118198 0.0191946 0.590685 0.0675809 0.204041 9.9973E-05 9.9973E-05 9.9973E-05
0.0229593 9.9964E-05 0.538959 0.14224 9.9964E-05 9.9964E-05 9.9964E-05 0.295442
0.0477784 0.0115293 0.354122 0.171463 0.361289 0.0536179 9.9982E-05 9.9982E-05
0.0265361 9.9991E-05 0.273339 0.0718754 0.056424 0.0189482 0.0685557 0.484221
9.9973E-05 0.0147352 0.0733064 9.9973E-05 9.9973E-05 0.0460055 0.0457535 0.819899
9.9955E-05 9.9955E-05 0.400452 9.9955E-05 0.0766557 9.9955E-05 9.9955E-05 0.522393
0.109603 9.9964E-05 0.619808 0.0888093 9.9964E-05 9.9964E-05 9.9964E-05 0.18138
0.16276 0.0485531 0.108995 0.0271246 0.434036 0.0394594 0.0753741 0.103698
0.0518582 0.170176 9.9991E-05 0.0796157 0.14425 0.0132211 0.263044 0.277735
0.213569 9.9973E-05 0.408384 9.9973E-05 0.0590261 0.0615038 9.9973E-05 0.257218
9.9946E-05 9.9946E-05 0.443967 9.9946E-05 9.9946E-05 9.9946E-05 9.9946E-05 0.555434
9.9964E-05 9.9964E-05 0.663764 0.0152179 0.0294399 9.9964E-05 9.9964E-05 0.291179
0.0701552 9.9973E-05 0.271384 9.9973E-05 0.0484698 0.374705 9.9973E-05 0.234986
9.9964E-05 9.9964E-05 0.302251 9.9964E-05 0.00671586 0.0857684 0.604865 9.9964E-05
9.994E-05 9.994E-05 9.994E-05 9.994E-05 9.994E-05 9.994E-05 0.9993 9.994E-05
9.994E-05 9.994E-05 9.994E-05 9.994E-05 9.994E-05 9.994E-05 0.9993 9.994E-05
9.9973E-05 9.9973E-05 0.0527226 0.0155998 9.9973E-05 0.24488 0.644561 0.0419371
0.110976 9.9955E-05 0.140045 9.9955E-05 0.748479 9.9955E-05 9.9955E-05 9.9955E-05
0.164454 9.9982E-05 0.560058 0.0205921 0.0180422 0.022115 9.9982E-05 0.214539
0.714682 9.9946E-05 0.284719 9.9946E-05 9.9946E-05 9.9946E-05 9.9946E-05 9.9946E-05
0.480006 0.069446 0.174191 9.9973E-05 9.9973E-05 0.190187 9.9973E-05 0.0858703
0.419231 9.9991E-05 0.144682 0.016473 0.148653 0.115792 0.107696 0.0473725
9.9964E-05 0.109467 9.9964E-05 0.0180626 0.840742 9.9964E-05 9.9964E-05 0.0313286
0.15615 0.153358 0.384379 9.9991E-05 0.0471775 0.0883993 0.00497693 0.165459
9.9964E-05 0.0766825 9.9964E-05 9.9964E-05 0.482204 9.9964E-05 0.0205379 0.420176
9.9955E-05 9.9955E-05 0.581107 9.9955E-05 0.323113 9.9955E-05 0.0952801 9.9955E-05
9.9964E-05 0.0703802 0.236533 0.0747282 0.617959 9.9964E-05 9.9964E-05 9.9964E-05
0.0915518 9.9964E-05 0.0865411 9.9964E-05 0.736445 0.0850623 9.9964E-05 9.9964E-05
9.9955E-05 0.00671995 9.9955E-05 0.098689 0.894091 9.9955E-05 9.9955E-05 9.9955E-05
0.214084 9.9955E-05 9.9955E-05 9.9955E-05 0.688769 0.0966477 9.9955E-05 9.9955E-05
0.0111674 0.0896217 0.488483 0.0084144 9.9991E-05 0.231682 0.0828866 0.0876447
0.929502 9.9964E-05 0.0637339 0.00374096 9.9964E-05 0.00262298 9.9964E-05 9.9964E-05
0.936324 9.9946E-05 0.0630766 9.9946E-05 9.9946E-05 9.9946E-05 9.9946E-05 9.9946E-05
0.62674 0.105077 0.0498715 9.9973E-05 0.0662638 0.151748 9.9973E-05 9.9973E-05
0.602924 9.9964E-05 0.226783 9.9964E-05 0.0697438 0.10015 9.9964E-05 9.9964E-05
0.763704 0.000920074 9.9973E-05 0.0125429 0.116199 0.106334 9.9973E-05 9.9973E-05
0.965886 9.9955E-05 9.9955E-05 0.0272025 9.9955E-05 9.9955E-05 0.00641215 9.9955E-05
0.966476 0.0314822 9.9955E-05 9.9955E-05 9.9955E-05 9.9955E-05 0.0015422 9.9955E-05
0.858454 0.0196433 0.0240304 9.9973E-05 0.0418342 0.0557378 9.9973E-05 9.9973E-05
0.957586 9.9946E-05 9.9946E-05 9.9946E-05 9.9946E-05 9.9946E-05 9.9946E-05 0.0418147
0.9993 9.994E-05 9.994E-05 9.994E-05 9.994E-05 9.994E-05 9.994E-05 9.994E-05
0.983346 9.9955E-05 9.9955E-05 0.0063271 9.9955E-05 9.9955E-05 0.00982748 9.9955E-05
0.771433 9.9955E-05 0.221697 9.9955E-05 9.9955E-05 9.9955E-05 9.9955E-05 0.00637035
0.775892 9.9955E-05 0.137564 0.086044 9.9955E-05 9.9955E-05 9.9955E-05 9.9955E-05
0.980208 9.9946E-05 9.9946E-05 9.9946E-05 9.9946E-05 9.9946E-05 9.9946E-05 0.0191924
0.506271 0.000520485 0.260818 0.023741 0.20835 9.9973E-05 9.9973E-05 9.9973E-05
0.700882 9.9964E-05 0.183573 9.9964E-05 9.9964E-05 0.0361086 0.0790371 9.9964E-05
0.762788 0.0155013 9.9982E-05 0.0427468 0.0296968 0.101291 9.9982E-05 0.0477764
0.867601 9.9973E-05 9.9973E-05 0.000741302 0.0582118 0.0523392 0.0208069 9.9973E-05
0.847176 9.9964E-05 9.9964E-05 9.9964E-05 0.0430007 0.101017 0.00840639 9.9964E-05
0.924583 9.9964E-05 9.9964E-05 0.0321239 0.00115764 9.9964E-05 0.0417353 9.9964E-05
0.945107 9.9955E-05 9.9955E-05 9.9955E-05 9.9955E-05 0.0451998 0.00919321 9.9955E-05
0.63577 0.00418881 0.279729 0.0675541 0.012458 9.9973E-05 9.9973E-05 9.9973E-05
0.828977 0.038534 0.0507038 9.9973E-05 9.9973E-05 0.0233598 9.9973E-05 0.0581252
9.9955E-05 0.0347571 9.9955E-05 9.9955E-05 9.9955E-05 9.9955E-05 0.662383 0.30236
0.0361204 9.9982E-05 0.483105 0.0500589 9.9982E-05 0.102769 0.123708 0.204039
0.00392349 9.9964E-05 0.460699 9.9964E-05 0.208545 9.9964E-05 0.326432 9.9964E-05
9.9973E-05 9.9973E-05 9.9973E-05 0.10246 0.481397 0.0454651 0.30068 0.0696985
0.0413132 9.9982E-05 0.342509 9.9982E-05 0.0996399 0.237981 0.209851 0.0685058
9.99549E-05 9.99549E-05 0.0243251 9.99549E-05 0.430294 9.99549E-05 0.544881 9.99549E-05
0.0698918 0.042077 0.299766 0.102798 0.15626 0.185185 0.121964 0.0220585
0.0712271 9.9973E-05 0.00503522 9.9973E-05 0.509351 0.166445 0.247643 9.9973E-05
0.114911 9.9973E-05 0.285621 9.9973E-05 0.336593 0.0474952 0.21508 9.9973E-05
0.145041 9.9982E-05 0.088856 0.0672655 0.429316 0.0620379 0.207283 9.9982E-05
0.0629418 0.00821847 0.52349 9.9973E-05 0.194707 9.9973E-05 0.210342 9.9973E-05
9.9973E-05 9.9973E-05 0.406484 9.9973E-05 0.295123 0.119659 0.0193811 0.159053
9.9973E-05 9.9973E-05 0.0589765 0.00881071 0.651761 9.9973E-05 0.151635 0.128516
0.0617088 9.9973E-05 0.359996 9.9973E-05 0.395797 9.9973E-05 0.0500357 0.132162
9.9982E-05 0.069566 0.351484 0.0588436 0.1913 0.192217 9.9982E-05 0.136389
9.9964E-05 9.9964E-05 9.9964E-05 9.9964E-05 0.497221 0.0137175 0.0259988 0.462663
0.122264 0.00543049 0.140184 0.0837913 0.569385 0.0628254 9.999E-05 0.01602
9.9982E-05 0.0529284 0.534595 0.0644187 0.29478 9.9982E-05 0.0209983 0.0320797
9.9946E-05 9.9946E-05 9.9946E-05 9.9946E-05 0.0792557 9.9946E-05 9.9946E-05 0.920145
9.9955E-05 9.9955E-05 9.9955E-05 0.060118 0.729752 9.9955E-05 9.9955E-05 0.20963
9.9946E-05 9.9946E-05 9.9946E-05 9.9946E-05 0.974651 0.0247494 9.9946E-05 9.9946E-05
0.0132906 0.0185131 9.9964E-05 9.9964E-05 0.105607 9.9964E-05 9.9964E-05 0.862189
9.9955E-05 9.9955E-05 0.356114 9.9955E-05 0.237198 9.9955E-05 9.9955E-05 0.406188
0.0263232 0.36506 0.418586 9.9973E-05 0.057909 0.131822 9.9973E-05 9.9973E-05
9.9964E-05 0.165049 0.49501 9.9964E-05 9.9964E-05 0.223618 9.9964E-05 0.115923
9.9946E-05 0.944306 9.9946E-05 9.9946E-05 0.0550939 9.9946E-05 9.9946E-05 9.9946E-05
9.9946E-05 0.885658 9.9946E-05 9.9946E-05 9.9946E-05 9.9946E-05 9.9946E-05 0.113742
0.028958 0.285996 0.2608 9.9973E-05 9.9973E-05 0.294496 9.9973E-05 0.12945
0.112041 9.9982E-05 0.432682 0.0191569 9.9982E-05 0.27009 0.147283 0.0185466
9.9973E-05 0.0520071 0.374129 0.0609083 9.9973E-05 0.436995 0.0756601 9.9973E-05
0.0259562 0.042303 0.185881 0.0539748 9.9991E-05 0.336982 0.299426 0.0553769
9.9955E-05 9.9955E-05 0.513746 9.9955E-05 9.9955E-05 0.232119 0.253636 9.9955E-05
0.0653326 0.655609 9.9973E-05 0.0256644 9.9973E-05 9.9973E-05 0.111379 0.141715
9.9973E-05 0.572764 0.168898 0.134487 9.9973E-05 0.0771698 9.9973E-05 0.0463811
0.0216907 0.201781 0.64982 0.049631 9.9973E-05 0.0767783 9.9973E-05 9.9973E-05
9.9964E-05 0.255339 0.697978 9.9964E-05 9.9964E-05 0.0192801 0.0270027 9.9964E-05
9.9955E-05 0.759696 9.9955E-05 0.000678894 9.9955E-05 0.239125 9.9955E-05 9.9955E-05
0.0523133 0.155223 0.60013 0.0026704 9.9982E-05 0.153452 0.0360121 9.9982E-05
0.0350681 0.141297 0.805353 9.9973E-05 9.9973E-05 0.0177221 0.00025979 9.9973E-05
0.179854 0.0751108 0.434637 9.9982E-05 0.151651 0.125315 0.0332325 9.9982E-05
9.9955E-05 0.548298 0.275806 9.9955E-05 0.175397 9.9955E-05 9.9955E-05 9.9955E-05
0.0340669 0.498383 0.221033 0.0459813 0.173418 0.0269186 9.9982E-05 9.9982E-05
0.0372634 0.239196 0.61332 0.067271 0.0340969 0.00865271 9.9982E-05 9.9982E-05
0.0683349 0.344659 0.387692 0.00126642 0.128481 0.036428 0.0330386 9.9991E-05
9.9982E-05 9.9982E-05 0.623294 0.0447419 0.14802 0.0353454 0.00220619 0.146192
0.0145156 0.391252 0.291145 9.9982E-05 0.179516 0.0825404 9.9982E-05 0.0408304
9.9946E-05 0.62525 9.9946E-05 9.9946E-05 0.37415 9.9946E-05 9.9946E-05 9.9946E-05
9.9964E-05 0.158791 0.765128 0.00573131 9.9964E-05 9.9964E-05 0.06995 9.9964E-05
0.0533739 0.806639 9.9955E-05 9.9955E-05 0.139487 9.9955E-05 9.9955E-05 9.9955E-05
0.0877644 0.484279 0.246897 9.9973E-05 0.175273 0.00548654 9.9973E-05 9.9973E-05
0.0120083 0.0387263 0.779489 9.9982E-05 0.0731976 9.9982E-05 0.0903346 0.00604393
0.0472573 0.220465 0.56085 9.9964E-05 0.171028 9.9964E-05 9.9964E-05 9.9964E-05
0.0272992 0.0125838 0.159919 9.9982E-05 0.271222 0.469031 0.0597454 9.9982E-05
0.199914 0.209877 0.141457 0.0390197 0.184145 0.090184 0.135304 9.9991E-05
0.0511899 9.9982E-05 0.423821 0.0549512 9.9982E-05 0.21509 0.196695 0.058053
0.0997667 9.9973E-05 0.339361 9.9973E-05 0.0898724 0.20431 0.266391 9.9973E-05
0.153338 0.00625146 0.436448 0.00729637 9.9991E-05 0.181437 0.0944677 0.120662
0.0245295 0.10734 0.446101 0.0525011 0.00638703 0.230552 0.132489 9.9991E-05
0.0107963 0.494574 9.9964E-05 9.9964E-05 9.9964E-05 0.0215315 0.472698 9.9964E-05
0.140495 9.9964E-05 0.673383 9.9964E-05 9.9964E-05 0.0575501 0.128171 9.9964E-05
9.9955E-05 0.325122 9.9955E-05 0.00376274 9.9955E-05 9.9955E-05 0.670615 9.9955E-05
0.00456943 0.0723538 0.722077 9.9973E-05 9.9973E-05 0.117357 0.0833426 9.9973E-05
9.9964E-05 0.835177 0.121974 0.0299693 0.01248 9.9964E-05 9.9964E-05 9.9964E-05
9.9946E-05 0.810059 9.9946E-05 9.9946E-05 9.9946E-05 9.9946E-05 9.9946E-05 0.189341
9.9964E-05 0.368407 0.602501 9.9964E-05 9.9964E-05 0.00066148 9.9964E-05 0.0280308
0.00344626 0.137613 0.809043 0.0200774 9.9973E-05 9.9973E-05 9.9973E-05 0.0295207
9.9955E-05 0.504346 0.467985 9.9955E-05 0.0271686 9.9955E-05 9.9955E-05 9.9955E-05
0.0266308 0.412921 0.559948 9.9955E-05 9.9955E-05 9.9955E-05 9.9955E-05 9.9955E-05
9.9946E-05 0.269687 0.729713 9.9946E-05 9.9946E-05 9.9946E-05 9.9946E-05 9.9946E-05
0.0220503 9.9973E-05 0.181001 9.9973E-05 0.111107 0.660856 9.9973E-05 0.024686
0.064586 9.9973E-05 0.0403691 9.9973E-05 0.0202635 0.808318 9.9973E-05 0.0661633
0.146235 9.9973E-05 0.303758 0.0207892 9.9973E-05 0.520521 9.9973E-05 0.00839657
0.0381541 9.9982E-05 0.0254744 0.0570612 0.0310858 0.835877 9.9982E-05 0.0121474
0.10927 9.9973E-05 0.294494 0.0985769 9.9973E-05 0.463879 9.9973E-05 0.0334795
9.9946E-05 9.9946E-05 9.9946E-05 9.9946E-05 9.9946E-05 0.877592 0.121808 9.9946E-05
9.9955E-05 0.0319375 9.9955E-05 9.9955E-05 9.9955E-05 0.909242 9.9955E-05 0.0583203
0.108319 9.9964E-05 0.0309536 0.0162941 9.9964E-05 0.844034 9.9964E-05 9.9964E-05
9.9964E-05 0.0277032 9.9964E-05 9.9964E-05 0.111545 0.824737 0.0356157 9.9964E-05
9.9955E-05 9.9955E-05 0.131128 9.9955E-05 0.065807 0.802565 9.9955E-05 9.9955E-05
0.178364 0.0589184 0.0752189 9.9973E-05 0.207216 0.479982 9.9973E-05 9.9973E-05
9.9964E-05 9.9964E-05 0.059757 0.0125516 0.0146768 0.912615 9.9964E-05 9.9964E-05
0.126524 0.0317241 0.231152 0.081352 9.9973E-05 0.528948 9.9973E-05 9.9973E-05
0.0861242 0.0328854 9.9964E-05 0.0109151 9.9964E-05 0.869675 9.9964E-05 9.9964E-05
0.235878 9.9973E-05 0.141387 0.0612424 0.121056 0.440136 9.9973E-05 9.9973E-05
9.9964E-05 9.9964E-05 0.0667068 9.9964E-05 0.132774 0.735167 0.0649521 9.9964E-05
0.0743628 9.9964E-05 9.9964E-05 0.0428118 9.9964E-05 0.87362 0.00880534 9.9964E-05
0.13896 0.0185613 0.229638 0.0416092 0.0102013 0.556649 0.00133326 0.00304841
9.9955E-05 9.9955E-05 9.9955E-05 0.0070418 0.296275 0.696184 9.9955E-05 9.9955E-05
0.0289635 0.0379982 9.9982E-05 0.0736531 0.233361 0.563169 9.9982E-05 0.0626549
9.9973E-05 0.00897225 0.372439 0.00497308 9.9973E-05 0.314542 0.298773 9.9973E-05
0.263963 9.9982E-05 0.173483 0.00114267 9.9982E-05 0.381233 0.156735 0.0232431
0.130084 9.9964E-05 0.224628 9.9964E-05 9.9964E-05 0.64096 0.00392756 9.9964E-05
9.9964E-05 9.9964E-05 9.9964E-05 0.0434696 0.00249756 0.9228 0.0308332 9.9964E-05
0.0878111 9.9982E-05 0.143734 0.159166 0.273622 0.258939 0.0765274 9.9982E-05
0.100192 0.0785865 0.166419 0.079306 0.317978 0.257318 9.9982E-05 9.9982E-05
0.0325217 9.9955E-05 9.9955E-05 0.752119 9.9955E-05 9.9955E-05 0.214859 9.9955E-05
9.994E-05 9.994E-05 9.994E-05 0.9993 9.994E-05 9.994E-05 9.994E-05 9.994E-05
0.0752707 0.0410444 0.331585 0.413273 0.0948748 0.0124565 9.9991E-05 0.0313959
0.0133083 9.9973E-05 9.9973E-05 0.794788 0.0717711 0.110044 0.0097889 9.9973E-05
9.9955E-05 9.9955E-05 9.9955E-05 0.574737 9.9955E-05 0.0696777 0.355086 9.9955E-05
9.9982E-05 0.0876075 0.294918 0.365106 0.081312 0.165001 9.9982E-05 0.00585543
9.9973E-05 9.9973E-05 0.4294 0.198109 0.0391078 0.105174 0.227909 9.9973E-05
0.00216979 9.9982E-05 0.173053 0.362143 0.20519 0.146507 0.110738 9.9982E-05
9.9973E-05 9.9973E-05 0.0313514 0.914399 0.000952693 0.025431 9.9973E-05 0.0275659
0.113038 9.9973E-05 0.441939 0.348721 0.0412264 0.054775 9.9973E-05 9.9973E-05
9.9955E-05 9.9955E-05 0.22798 0.682357 9.9955E-05 9.9955E-05 9.9955E-05 0.0891638
9.994E-05 9.994E-05 9.994E-05 0.9993 9.994E-05 9.994E-05 9.994E-05 9.994E-05
0.216466 9.9982E-05 0.536987 0.107048 0.064788 0.0099294 0.0645811 9.9982E-05
0.158048 9.9964E-05 0.259393 0.415694 9.9964E-05 0.166466 9.9964E-05 9.9964E-05
