0.0384237 0.1428 0.452156 0.115833 0.0206921 0.0661172 0.10176 0.0622182
9.9964E-05 9.9964E-05 0.698713 0.104695 9.9964E-05 9.9964E-05 0.0671957 0.128996
9.9946E-05 9.9946E-05 9.9946E-05 0.865169 9.9946E-05 9.9946E-05 9.9946E-05 0.134231
9.9964E-05 0.0968146 0.724257 9.9964E-05 9.9964E-05 9.9964E-05 0.0574231 0.121106
0.0800143 9.9982E-05 0.422732 0.305742 0.0834467 0.0536068 9.9982E-05 0.0542584
0.0946004 0.00362826 0.464401 0.239022 9.9982E-05 0.187651 0.0104981 9.9982E-05
0.0677933 9.9973E-05 0.360937 0.483296 9.9973E-05 9.9973E-05 0.0447461 0.0429278
9.9973E-05 9.9973E-05 0.011376 0.752955 9.9973E-05 0.0669424 0.110613 0.0578136
0.00218071 9.9973E-05 0.249622 0.536233 9.9973E-05 0.153973 0.0576904 9.9973E-05
9.9991E-05 0.139765 0.338334 0.052581 0.085566 0.0416561 0.153561 0.188437
0.0252 0.0672978 0.595108 0.0628518 9.9973E-05 9.9973E-05 9.9973E-05 0.249243
0.0482401 0.14139 9.9973E-05 0.443008 9.9973E-05 9.9973E-05 0.118328 0.248734
0.00227312 0.145791 0.657825 0.133822 9.9973E-05 9.9973E-05 9.9973E-05 0.0599884
0.0485037 9.9955E-05 0.559471 0.391525 9.9955E-05 9.9955E-05 9.9955E-05 9.9955E-05
0.0803044 0.000902414 0.581427 0.336966 9.9964E-05 9.9964E-05 9.9964E-05 9.9964E-05
9.9982E-05 0.135913 0.624557 0.0635509 0.120751 0.00222985 9.9982E-05 0.0527991
9.9964E-05 0.0858556 0.23916 9.9964E-05 9.9964E-05 0.0162608 9.9964E-05 0.658324
9.994E-05 9.994E-05 9.994E-05 9.994E-05 9.994E-05 9.994E-05 9.994E-05 0.9993
9.994E-05 9.994E-05 9.994E-05 9.994E-05 9.994E-05 9.994E-05 9.994E-05 0.9993
0.0316308 9.9964E-05 0.0836767 9.9964E-05 9.9964E-05 0.297952 9.9964E-05 0.586341
9.99461E-05 9.99461E-05 0.755874 0.243527 9.99461E-05 9.99461E-05 9.99461E-05 9.99461E-05
0.0522563 0.0823754 0.62994 0.162977 0.0721512 9.9973E-05 9.9973E-05 9.9973E-05
9.9946E-05 0.734392 0.265009 9.9946E-05 9.9946E-05 9.9946E-05 9.9946E-05 9.9946E-05
0.02617 0.531221 0.370447 0.0287494 0.0252913 9.9982E-05 0.0179212 9.9982E-05
0.0291086 0.438174 0.297066 0.00157277 0.046983 0.114963 0.0152718 0.0568604
9.9973E-05 0.0623443 0.0757992 0.65225 9.9973E-05 0.10789 0.101416 9.9973E-05
9.9982E-05 0.0465338 0.434222 0.214849 0.00308329 0.24473 0.0563813 9.9982E-05
9.9973E-05 9.9973E-05 0.199382 0.666358 0.0740332 9.9973E-05 0.0253389 0.0345882
9.9955E-05 9.9955E-05 0.869299 0.0299188 9.9955E-05 9.9955E-05 9.9955E-05 0.100282
0.0270423 0.0361358 0.549606 0.179041 9.9982E-05 9.9982E-05 0.156622 0.0513529
9.9955E-05 9.9955E-05 0.570367 0.363819 9.9955E-05 0.0653148 9.9955E-05 9.9955E-05
9.9946E-05 0.0730789 9.9946E-05 0.926321 9.9946E-05 9.9946E-05 9.9946E-05 9.9946E-05
0.0536407 0.173408 0.67916 0.0913166 9.9973E-05 0.00217479 9.9973E-05 9.9973E-05
9.9973E-05 9.9973E-05 0.462915 0.194071 0.0348512 0.287284 0.0205786 9.9973E-05
9.9955E-05 0.870087 0.0783104 9.9955E-05 9.9955E-05 9.9955E-05 9.9955E-05 0.051103
0.0116481 0.8074 0.140983 9.9973E-05 0.000923833 0.0387452 9.9973E-05 9.9973E-05
0.0123875 0.571264 0.10476 0.0285459 9.9982E-05 0.229182 0.0536612 9.9982E-05
9.9955E-05 0.615173 0.1982 9.9955E-05 9.9955E-05 0.186127 9.9955E-05 9.9955E-05
9.9973E-05 0.764808 0.0989731 0.0155769 0.000567722 0.119774 9.9973E-05 9.9973E-05
0.00972933 0.989671 9.9946E-05 9.9946E-05 9.9946E-05 9.9946E-05 9.9946E-05 9.9946E-05
0.0106451 0.95229 9.9964E-05 9.9964E-05 9.9964E-05 9.9964E-05 0.0167494 0.0199162
9.9955E-05 0.80027 0.130488 9.9955E-05 9.9955E-05 0.0687427 9.9955E-05 9.9955E-05
9.9946E-05 0.98224 9.9946E-05 0.0171607 9.9946E-05 9.9946E-05 9.9946E-05 9.9946E-05
9.994E-05 0.9993 9.994E-05 9.994E-05 9.994E-05 9.994E-05 9.994E-05 9.994E-05
9.9946E-05 0.999008 9.9946E-05 9.9946E-05 9.9946E-05 0.000392731 9.9946E-05 9.9946E-05
9.9973E-05 0.705585 0.128426 0.0315987 0.00154067 0.132549 9.9973E-05 9.9973E-05
9.9964E-05 0.792788 0.0414614 9.9964E-05 9.9964E-05 0.089266 0.0760849 9.9964E-05
9.9946E-05 0.98879 9.9946E-05 9.9946E-05 0.0106106 9.9946E-05 9.9946E-05 9.9946E-05
9.9973E-05 0.342033 0.329292 0.0310152 9.9973E-05 0.220136 9.9973E-05 0.0772249
9.9964E-05 0.664982 0.182595 9.9964E-05 9.9964E-05 0.0655428 9.9964E-05 0.0864807
0.106152 0.675705 0.00718245 9.9973E-05 0.0727119 0.137949 9.9973E-05 9.9973E-05
0.0363784 0.894383 0.0354557 9.9973E-05 9.9973E-05 0.0324892 9.9973E-05 0.000993944
9.9955E-05 0.870236 9.9955E-05 9.9955E-05 9.9955E-05 0.117357 9.9955E-05 0.0119075
0.0862719 0.887463 9.9955E-05 9.9955E-05 9.9955E-05 0.0257652 9.9955E-05 9.9955E-05
9.9946E-05 0.996621 9.9946E-05 0.00277971 9.9946E-05 9.9946E-05 9.9946E-05 9.9946E-05
9.9982E-05 0.614275 0.169995 0.0100446 0.0450028 0.121972 0.0385111 9.9982E-05
9.9946E-05 0.941491 9.9946E-05 9.9946E-05 9.9946E-05 9.9946E-05 0.0579089 9.9946E-05
0.00793346 9.9964E-05 9.9964E-05 0.325211 9.9964E-05 9.9964E-05 0.0483886 0.618067
0.09912 0.0797827 0.455428 0.216162 0.00343925 0.0220228 0.0141578 0.109888
9.9946E-05 9.9946E-05 0.620765 9.9946E-05 9.9946E-05 9.9946E-05 9.9946E-05 0.378635
0.0781543 9.9964E-05 0.33632 0.169402 9.9964E-05 9.9964E-05 9.9964E-05 0.415724
9.9973E-05 9.9973E-05 0.552669 0.0135721 0.130283 0.216568 9.9973E-05 0.0866081
0.0136875 9.9964E-05 0.296558 0.156114 9.9964E-05 9.9964E-05 9.9964E-05 0.533241
9.9982E-05 0.122471 0.467488 9.9982E-05 0.0578772 0.0520484 0.0205981 0.279317
9.9973E-05 0.0663597 0.485574 0.0623304 0.025215 9.9973E-05 9.9973E-05 0.360221
9.9964E-05 9.9964E-05 0.332547 0.123587 9.9964E-05 0.315949 9.9964E-05 0.227518
0.00319953 9.9973E-05 0.39608 0.0903375 9.9973E-05 0.230753 9.9973E-05 0.27933
0.0412362 0.162716 0.464706 0.190342 9.9982E-05 0.0588386 9.9982E-05 0.0819614
9.9973E-05 0.0875878 0.451217 0.21077 9.9973E-05 9.9973E-05 0.160871 0.0892538
9.9964E-05 0.0616811 0.16164 0.775278 9.9964E-05 9.9964E-05 9.9964E-05 0.00100184
9.9955E-05 9.9955E-05 0.563054 0.393638 9.9955E-05 0.0428089 9.9955E-05 9.9955E-05
9.9973E-05 0.154269 0.394187 0.362401 0.00235955 0.0864832 9.9973E-05 9.9973E-05
9.9946E-05 9.9946E-05 0.334827 0.664574 9.9946E-05 9.9946E-05 9.9946E-05 9.9946E-05
9.9982E-05 0.207233 0.285048 0.315645 0.018377 0.0947125 0.0787838 9.9982E-05
0.0280985 9.9973E-05 0.66467 0.12288 0.15351 9.9973E-05 0.0305414 9.9973E-05
9.994E-05 9.994E-05 9.994E-05 0.9993 9.994E-05 9.994E-05 9.994E-05 9.994E-05
0.0557787 9.9964E-05 0.144723 0.757881 0.0412182 9.9964E-05 9.9964E-05 9.9964E-05
9.9964E-05 0.019274 0.534404 0.438966 9.9964E-05 9.9964E-05 0.00695573 9.9964E-05
0.0160315 9.9964E-05 0.0469263 0.852952 9.9964E-05 9.9964E-05 0.0836908 9.9964E-05
0.0103407 9.9964E-05 0.421633 0.521996 9.9964E-05 0.0456304 9.9964E-05 9.9964E-05
9.9964E-05 0.0302681 0.621209 9.9964E-05 9.9964E-05 9.9964E-05 0.295832 0.0522909
9.9982E-05 0.050573 0.182779 0.11251 0.124228 0.312043 0.217667 9.9982E-05
0.0358625 9.9946E-05 9.9946E-05 9.9946E-05 9.9946E-05 9.9946E-05 0.963538 9.9946E-05
9.9946E-05 9.9946E-05 9.9946E-05 0.0823678 9.9946E-05 9.9946E-05 0.917033 9.9946E-05
0.000790625 0.0558031 0.529141 9.9991E-05 0.0877605 0.0927247 0.15838 0.0752994
0.0313499 0.0776009 0.333484 9.9982E-05 0.181018 0.340735 9.9982E-05 0.0356129
0.0758423 9.9964E-05 0.10621 9.9964E-05 0.331085 0.486463 9.9964E-05 9.9964E-05
0.066303 0.117406 0.147003 9.9982E-05 0.292898 0.133407 9.9982E-05 0.242783
0.0366425 9.9964E-05 0.177342 9.9964E-05 0.36298 0.422635 9.9964E-05 9.9964E-05
9.9946E-05 9.9946E-05 9.9946E-05 0.0222876 0.977113 9.9946E-05 9.9946E-05 9.9946E-05
9.994E-05 9.994E-05 9.994E-05 9.994E-05 0.9993 9.994E-05 9.994E-05 9.994E-05
9.9946E-05 9.9946E-05 0.599946 9.9946E-05 0.399455 9.9946E-05 9.9946E-05 9.9946E-05
9.9955E-05 0.0339004 0.423132 9.9955E-05 0.542468 9.9955E-05 9.9955E-05 9.9955E-05
9.994E-05 9.994E-05 9.994E-05 9.994E-05 0.9993 9.994E-05 9.994E-05 9.994E-05
9.9955E-05 9.9955E-05 0.449278 9.9955E-05 0.343658 0.206565 9.9955E-05 9.9955E-05
9.9964E-05 0.0504067 0.514462 9.9964E-05 0.377196 9.9964E-05 0.0575355 9.9964E-05
0.128624 0.150175 0.391055 9.9973E-05 0.209152 9.9973E-05 0.120693 9.9973E-05
0.0384169 9.9955E-05 0.287558 9.9955E-05 9.9955E-05 9.9955E-05 0.673526 9.9955E-05
0.0390348 0.0948543 0.227554 0.00914935 0.0324579 9.9991E-05 0.590339 0.00651088
9.9964E-05 9.9964E-05 0.54093 9.9964E-05 0.0751809 0.136465 0.247024 9.9964E-05
0.0492502 0.084115 0.51954 0.0158797 0.0358763 9.9991E-05 0.293954 0.00128522
0.0236753 9.9973E-05 0.394496 0.145149 9.9973E-05 0.242566 0.193815 9.9973E-05
0.0396002 9.9973E-05 0.513505 0.0652154 0.0240661 9.9973E-05 0.357313 9.9973E-05
9.9964E-05 9.9964E-05 0.122619 0.109203 0.00942487 9.9964E-05 0.758353 9.9964E-05
9.9964E-05 9.9964E-05 0.602753 9.9964E-05 9.9964E-05 0.0688016 0.270661 0.0573845
0.0560643 9.9973E-05 0.0926755 0.00802149 0.0322995 9.9973E-05 0.810639 9.9973E-05
9.9973E-05 0.0611726 0.318678 0.0197032 0.0529262 9.9973E-05 0.54722 9.9973E-05
9.9973E-05 9.9973E-05 0.543987 9.9973E-05 0.0489391 0.125755 0.220504 0.0605152
9.9982E-05 0.0437309 0.640634 9.9982E-05 0.0510518 0.00452479 0.239725 0.0201341
0.0235241 0.0673774 0.598135 9.9982E-05 0.0149912 0.0968485 9.9982E-05 0.198924
0.0846051 0.298386 0.157297 0.145727 0.0689765 0.109406 0.126593 0.00900984
0.0137488 0.0580479 0.36619 9.9982E-05 9.9982E-05 0.31498 0.0516571 0.195176
9.9991E-05 0.189581 0.191916 0.100854 0.0627085 0.250314 0.071125 0.133401
9.9991E-05 0.126647 0.260119 0.110632 0.0251299 0.358341 0.108117 0.0109143
0.0612566 0.0207454 0.57286 9.9991E-05 0.0727086 0.0563366 0.0448493 0.171144
9.9955E-05 9.9955E-05 9.9955E-05 9.9955E-05 9.9955E-05 0.0474319 0.482161 0.469907
9.9964E-05 0.0931089 0.331237 9.9964E-05 9.9964E-05 0.368667 0.206587 9.9964E-05
9.9955E-05 9.9955E-05 9.9955E-05 9.9955E-05 0.105033 9.9955E-05 0.221641 0.672826
9.9973E-05 0.121439 0.52218 9.9973E-05 9.9973E-05 0.10646 0.175829 0.0737922
9.9946E-05 9.9946E-05 0.0420052 9.9946E-05 9.9946E-05 9.9946E-05 0.957395 9.9946E-05
9.994E-05 9.994E-05 9.994E-05 9.994E-05 9.994E-05 9.994E-05 0.9993 9.994E-05
9.9955E-05 9.9955E-05 0.406812 9.9955E-05 9.9955E-05 0.0376666 0.555022 9.9955E-05
9.9964E-05 0.0503276 0.510245 9.9964E-05 9.9964E-05 0.078965 0.360062 9.9964E-05
9.9946E-05 9.9946E-05 0.365754 9.9946E-05 9.9946E-05 9.9946E-05 0.633646 9.9946E-05
9.9964E-05 0.0370839 0.489116 9.9964E-05 0.0371221 9.9964E-05 0.436278 9.9964E-05
9.9946E-05 9.9946E-05 0.596971 9.9946E-05 9.9946E-05 9.9946E-05 0.402429 9.9946E-05
9.9964E-05 0.142294 0.321555 0.0193481 9.9964E-05 0.516403 9.9964E-05 9.9964E-05
9.9955E-05 9.9955E-05 0.139934 0.0158944 9.9955E-05 0.843672 9.9955E-05 9.9955E-05
0.022848 0.130321 0.194474 0.0308303 0.0124131 0.608914 9.9982E-05 9.9982E-05
0.0443434 0.0790464 0.222493 9.9973E-05 9.9973E-05 0.639202 9.9973E-05 0.0146161
0.0535919 0.135908 0.353329 9.9973E-05 9.9973E-05 0.447065 0.00980562 9.9973E-05
9.9946E-05 9.9946E-05 9.9946E-05 9.9946E-05 9.9946E-05 0.947781 9.9946E-05 0.0516196
9.9955E-05 9.9955E-05 9.9955E-05 9.9955E-05 0.0625216 0.88757 0.0494081 9.9955E-05
0.0384511 0.0567855 0.167601 9.9973E-05 9.9973E-05 0.673634 9.9973E-05 0.0632284
9.9946E-05 9.9946E-05 0.222677 9.9946E-05 9.9946E-05 0.776724 9.9946E-05 9.9946E-05
9.9973E-05 0.112735 0.0490892 0.0647885 9.9973E-05 0.762626 0.0104619 9.9973E-05
0.0134756 0.198933 0.190015 0.116612 0.0500633 0.428114 0.00268706 9.9991E-05
0.0394668 0.10265 0.0122641 0.0674785 9.9973E-05 0.777841 9.9973E-05 9.9973E-05
9.9982E-05 0.0533367 0.171391 0.0118843 0.0531588 0.685796 0.0242337 9.9982E-05
0.0843031 0.0163782 9.9964E-05 9.9964E-05 0.0369399 0.861979 9.9964E-05 9.9964E-05
9.9973E-05 0.14721 0.391543 9.9973E-05 0.0498272 0.407474 9.9973E-05 0.00364534
0.0185308 0.0110214 0.249434 9.9973E-05 9.9973E-05 0.705172 0.0155426 9.9973E-05
0.00771559 0.0424441 9.9964E-05 9.9964E-05 9.9964E-05 0.918248 9.9964E-05 0.0311924
0.0622921 0.143814 0.237863 9.9973E-05 0.00522177 0.55051 9.9973E-05 9.9973E-05
9.9964E-05 0.100642 9.9964E-05 0.170791 9.9964E-05 0.659879 0.0682885 9.9964E-05
0.0549872 9.9964E-05 0.452746 9.9964E-05 9.9964E-05 0.379781 9.9964E-05 0.112085
0.0557895 0.118138 0.229234 9.9982E-05 0.175252 0.333583 9.9982E-05 0.0878023
0.00964151 0.122578 0.147482 0.0851431 0.0421725 0.592783 9.9982E-05 9.9982E-05
9.9964E-05 0.115868 0.252999 9.9964E-05 9.9964E-05 0.627388 9.9964E-05 0.00334457
9.9946E-05 9.9946E-05 9.9946E-05 9.9946E-05 9.9946E-05 0.934006 9.9946E-05 0.0653941
0.269712 0.0598748 0.433126 9.9973E-05 9.9973E-05 0.126262 9.9973E-05 0.110726
0.238479 0.134072 0.554761 9.9973E-05 0.0238604 9.9973E-05 9.9973E-05 0.0485279
0.746374 0.00294358 0.0268994 9.9964E-05 9.9964E-05 9.9964E-05 9.9964E-05 0.223383
0.9993 9.994E-05 9.994E-05 9.994E-05 9.994E-05 9.994E-05 9.994E-05 9.994E-05
0.475519 0.0500359 0.211909 0.15281 9.9973E-05 0.109426 9.9973E-05 9.9973E-05
0.737297 0.0552382 9.9982E-05 0.0713891 0.00197647 0.062395 9.9982E-05 0.071504
0.561953 0.0175871 9.9955E-05 9.9955E-05 9.9955E-05 9.9955E-05 9.9955E-05 0.41996
0.369841 9.9964E-05 0.342334 9.9964E-05 9.9964E-05 0.156297 0.131129 9.9964E-05
0.239122 0.134724 0.352229 0.0684062 0.0127935 0.101745 0.0207626 0.0702181
0.373968 9.9973E-05 0.130532 0.177729 9.9973E-05 0.262145 9.9973E-05 0.0553264
0.943159 0.0427189 0.013622 9.9955E-05 9.9955E-05 9.9955E-05 9.9955E-05 9.9955E-05
0.364735 0.0751877 0.542526 9.9964E-05 9.9964E-05 0.0171519 9.9964E-05 9.9964E-05
0.694977 0.0114295 0.168639 0.0298255 0.0535847 9.9982E-05 0.0413449 9.9982E-05
0.9993 9.994E-05 9.994E-05 9.994E-05 9.994E-05 9.994E-05 9.994E-05 9.994E-05
0.157011 0.30053 0.362047 0.0977776 0.0443461 0.0155527 0.0226351 9.9991E-05
0.395639 9.9964E-05 0.270435 9.9964E-05 0.0778521 0.255673 9.9964E-05 9.9964E-05
