0.0066326 0.196075 0.0833802 0.0238188 9.9973E-05 9.9973E-05 9.9973E-05 0.689794
0.152818 0.146549 0.0513128 9.9982E-05 0.0268715 0.0132471 9.9982E-05 0.609001
0.861434 0.0827216 9.9964E-05 0.024478 9.9964E-05 9.9964E-05 0.0309662 9.9964E-05
9.9973E-05 0.191138 9.9973E-05 0.0763506 0.105019 0.000191989 9.9973E-05 0.627001
0.42653 0.0357508 0.00294172 0.0585787 9.9982E-05 9.9982E-05 0.104465 0.371534
9.9964E-05 0.0480143 0.0427406 9.9964E-05 9.9964E-05 9.9964E-05 0.159795 0.74905
0.434878 0.193046 9.9964E-05 9.9964E-05 9.9964E-05 9.9964E-05 0.0923514 0.279325
0.716787 0.147664 0.0233957 9.9973E-05 9.9973E-05 0.0487743 9.9973E-05 0.0630789
0.373813 9.9982E-05 0.0526477 0.0538383 9.9982E-05 0.096168 0.00147889 0.421854
0.263272 0.0551514 0.0286951 0.0605524 0.1377 0.0379499 0.00509216 0.411587
0.275878 9.9982E-05 0.155419 0.121218 0.0954158 9.9982E-05 0.0908328 0.261037
0.487358 0.307222 9.9973E-05 0.061854 0.082133 0.0611325 9.9973E-05 9.9973E-05
0.273798 9.9973E-05 9.9973E-05 0.0463091 0.0647479 9.9973E-05 0.0489608 0.565885
0.497678 9.9955E-05 9.9955E-05 9.9955E-05 9.9955E-05 9.9955E-05 0.0451244 0.456698
0.382629 9.9982E-05 9.9982E-05 0.0650155 0.0397365 0.0267594 0.009092 0.476568
0.0296617 0.205637 0.0448276 0.0153855 0.069133 9.9982E-05 9.9982E-05 0.635156
9.9964E-05 0.647986 0.0522809 9.9964E-05 0.121732 9.9964E-05 9.9964E-05 0.177601
9.994E-05 0.9993 9.994E-05 9.994E-05 9.994E-05 9.994E-05 9.994E-05 9.994E-05
9.994E-05 0.9993 9.994E-05 9.994E-05 9.994E-05 9.994E-05 9.994E-05 9.994E-05
9.9973E-05 0.535295 0.294319 9.9973E-05 0.0882258 9.9973E-05 0.0420745 0.0397862
0.267697 9.9946E-05 9.9946E-05 9.9946E-05 9.9946E-05 9.9946E-05 9.9946E-05 0.731703
0.110964 0.0560201 9.9982E-05 0.10636 0.163515 0.0463793 9.9982E-05 0.516562
9.9964E-05 9.9964E-05 0.00186058 0.0937927 0.75946 9.9964E-05 9.9964E-05 0.144487
0.0950898 9.9982E-05 9.9982E-05 0.165326 0.539881 0.0111918 0.0244224 0.163889
9.9973E-05 0.105139 0.0757238 0.0458974 0.373512 9.9973E-05 9.9973E-05 0.399427
0.598716 9.9973E-05 9.9973E-05 9.9973E-05 0.0771355 0.0960833 0.002279 0.225486
0.0136771 0.118678 9.9973E-05 9.9973E-05 0.167089 0.121617 9.9973E-05 0.578639
0.636636 0.144593 0.000308418 9.9973E-05 9.9973E-05 0.0769175 9.9973E-05 0.141245
0.14658 0.00411882 0.0222355 9.9982E-05 9.9982E-05 0.00706364 0.0899673 0.729835
0.299161 0.0232907 9.9973E-05 9.9973E-05 9.9973E-05 0.0296811 0.00966424 0.637903
0.33845 9.9964E-05 0.235234 9.9964E-05 9.9964E-05 9.9964E-05 0.0124805 0.413436
0.806118 9.9982E-05 9.9982E-05 0.0600083 0.0603086 0.0012265 0.0569305 0.0152078
0.128769 9.9964E-05 9.9964E-05 9.9964E-05 0.190842 9.9964E-05 0.0756726 0.604316
9.9982E-05 0.124706 0.0971543 0.0056783 9.9982E-05 0.0152633 0.0929722 0.664026
9.9964E-05 0.0586628 0.00172971 0.0084306 0.930777 9.9964E-05 9.9964E-05 9.9964E-05
9.9946E-05 9.9946E-05 9.9946E-05 9.9946E-05 0.931452 9.9946E-05 9.9946E-05 0.0679484
0.059193 9.9973E-05 0.294702 0.0777559 0.473712 9.9973E-05 9.9973E-05 0.0943373
9.9964E-05 9.9964E-05 0.0198036 9.9964E-05 0.68725 0.061571 9.9964E-05 0.230976
9.9964E-05 9.9964E-05 0.153993 0.0241418 0.790502 9.9964E-05 9.9964E-05 0.0309635
9.9946E-05 0.0111153 9.9946E-05 9.9946E-05 0.988285 9.9946E-05 9.9946E-05 9.9946E-05
9.9955E-05 0.00617252 9.9955E-05 9.9955E-05 0.953902 0.0394255 9.9955E-05 9.9955E-05
9.9955E-05 9.9955E-05 0.272168 9.9955E-05 0.669886 9.9955E-05 9.9955E-05 0.0574463
9.9946E-05 9.9946E-05 9.9946E-05 9.9946E-05 0.979749 0.0196514 9.9946E-05 9.9946E-05
9.9946E-05 0.0238211 9.9946E-05 9.9946E-05 0.975579 9.9946E-05 9.9946E-05 9.9946E-05
9.994E-05 9.994E-05 9.994E-05 9.994E-05 0.9993 9.994E-05 9.994E-05 9.994E-05
9.9964E-05 0.0987181 0.0217708 9.9964E-05 0.690176 9.9964E-05 9.9964E-05 0.188935
9.9964E-05 9.9964E-05 0.0751393 9.9964E-05 0.72127 9.9964E-05 0.0541388 0.149052
9.994E-05 9.994E-05 9.994E-05 9.994E-05 0.9993 9.994E-05 9.994E-05 9.994E-05
0.0954713 9.9973E-05 0.0604536 9.9973E-05 0.526566 0.0605273 9.9973E-05 0.256682
0.00384175 9.9982E-05 0.106197 0.000762889 0.657989 9.9982E-05 0.0347913 0.196218
9.9973E-05 9.9973E-05 0.152744 0.0291185 0.736043 9.9973E-05 0.0808605 0.00093442
9.9955E-05 0.058822 9.9955E-05 9.9955E-05 0.899093 9.9955E-05 9.9955E-05 0.0415855
9.9946E-05 9.9946E-05 0.188306 9.9946E-05 0.811095 9.9946E-05 9.9946E-05 9.9946E-05
9.9982E-05 0.00650609 0.106104 0.00545706 0.79725 9.9982E-05 0.076173 0.00831001
9.9946E-05 9.9946E-05 9.9946E-05 9.9946E-05 0.97357 0.0258302 9.9946E-05 9.9946E-05
0.0196118 9.9973E-05 9.9973E-05 0.0670976 0.677379 9.9973E-05 0.0226178 0.212994
9.9973E-05 0.0273267 0.0160964 9.9973E-05 0.877539 0.0429851 9.9973E-05 0.0357528
0.257048 0.612266 9.9964E-05 9.9964E-05 9.9964E-05 0.0420236 0.0882624 9.9964E-05
0.0281515 0.327075 0.00882285 9.9982E-05 0.00714547 9.9982E-05 0.105481 0.523124
0.085461 0.373451 0.00838699 9.9973E-05 0.0159093 9.9973E-05 9.9973E-05 0.516492
0.163785 0.579161 9.9955E-05 9.9955E-05 9.9955E-05 9.9955E-05 9.9955E-05 0.256554
0.168506 0.129827 0.080777 0.0195618 0.158519 0.0297381 0.0250814 0.38799
0.403066 0.360812 0.209131 0.00929289 9.9982E-05 9.9982E-05 0.00990749 0.0075907
0.0511209 0.127324 0.122058 9.9982E-05 9.9982E-05 0.0257159 0.119845 0.553736
0.126627 0.43598 0.000443204 9.9973E-05 0.0618015 9.9973E-05 9.9973E-05 0.374848
9.9973E-05 0.347701 0.114656 9.9973E-05 0.00492012 9.9973E-05 0.0269313 0.505491
0.227502 0.265593 0.148762 0.0433089 0.093065 9.9982E-05 9.9982E-05 0.221569
0.0533825 0.361473 0.016081 9.9973E-05 0.0873121 9.9973E-05 9.9973E-05 0.481452
0.305993 9.998E-05 0.251919 0.0633094 0.100021 0.0436011 9.998E-05 0.234957
0.738976 9.9973E-05 9.9973E-05 0.0281516 0.0921495 0.0465483 9.9973E-05 0.0938744
0.415573 0.00395619 9.9964E-05 9.9964E-05 0.12921 9.9964E-05 9.9964E-05 0.450861
0.106262 0.0290775 0.022289 9.9991E-05 0.026107 0.00833755 0.0552165 0.752611
0.769147 0.0391734 0.0608696 9.9964E-05 9.9964E-05 9.9964E-05 9.9964E-05 0.13041
0.182868 9.9982E-05 0.0874756 0.0400188 0.121823 0.0528471 9.9982E-05 0.514767
0.225548 0.00800432 9.9982E-05 0.00173717 9.9982E-05 0.00584387 0.0333955 0.725272
0.9993 9.994E-05 9.994E-05 9.994E-05 9.994E-05 9.994E-05 9.994E-05 9.994E-05
0.790449 9.9955E-05 9.9955E-05 9.9955E-05 9.9955E-05 9.9955E-05 0.0754686 0.133582
0.45163 9.9955E-05 9.9955E-05 9.9955E-05 0.0222054 9.9955E-05 9.9955E-05 0.525665
0.898733 0.040257 9.9964E-05 9.9964E-05 0.00382919 0.0567808 9.9964E-05 9.9964E-05
0.541638 9.9955E-05 0.0468006 9.9955E-05 9.9955E-05 9.9955E-05 9.9955E-05 0.411062
9.9964E-05 9.9964E-05 0.111492 9.9964E-05 0.11994 0.440269 9.9964E-05 0.327899
0.0210448 9.9982E-05 0.201044 0.203337 0.0119569 0.107204 9.9982E-05 0.455213
9.9946E-05 9.9946E-05 9.9946E-05 9.9946E-05 9.9946E-05 0.964375 0.035025 9.9946E-05
0.0548062 9.9946E-05 9.9946E-05 9.9946E-05 9.9946E-05 0.944594 9.9946E-05 9.9946E-05
0.0218909 0.0620225 0.0799729 0.0741999 0.0402298 0.25929 9.9991E-05 0.462294
9.9973E-05 9.9973E-05 0.250591 0.27263 0.165649 9.9973E-05 0.0473443 0.263485
9.9964E-05 9.9964E-05 0.480787 0.446039 0.0623067 9.9964E-05 0.0104667 9.9964E-05
0.0481929 0.267105 0.199491 0.295469 0.127062 9.9982E-05 0.0624803 9.9982E-05
9.9964E-05 0.174975 0.378573 0.296969 9.9964E-05 9.9964E-05 9.9964E-05 0.149083
0.00610528 9.9946E-05 9.9946E-05 0.993295 9.9946E-05 9.9946E-05 9.9946E-05 9.9946E-05
9.994E-05 9.994E-05 9.994E-05 0.9993 9.994E-05 9.994E-05 9.994E-05 9.994E-05
9.9946E-05 9.9946E-05 9.9946E-05 0.449559 9.9946E-05 9.9946E-05 9.9946E-05 0.549841
9.9955E-05 9.9955E-05 0.00521978 0.638914 9.9955E-05 9.9955E-05 9.9955E-05 0.355367
9.9946E-05 9.9946E-05 9.9946E-05 0.943792 9.9946E-05 0.0556086 9.9946E-05 9.9946E-05
9.9973E-05 0.00289161 0.0862463 0.365284 9.9973E-05 0.031518 9.9973E-05 0.51376
9.9955E-05 9.9955E-05 9.9955E-05 0.405095 0.0334397 9.9955E-05 9.9955E-05 0.560965
0.106242 9.9973E-05 0.126149 0.229419 0.0771174 9.9973E-05 9.9973E-05 0.460772
9.9964E-05 9.9964E-05 0.00259007 9.9964E-05 0.00642815 0.686848 9.9964E-05 0.303734
0.190258 9.9982E-05 0.116212 0.00741862 0.0578352 0.528793 9.9982E-05 0.0992827
9.9982E-05 0.0924129 9.9982E-05 0.047302 0.0259576 0.101091 0.00553018 0.727506
9.9973E-05 9.9973E-05 0.0851646 0.114727 9.9973E-05 0.326656 0.0419374 0.431215
0.282337 9.9973E-05 0.0578022 0.182812 0.163844 9.9973E-05 9.9973E-05 0.312905
0.0982106 9.9973E-05 9.9973E-05 0.10032 9.9973E-05 0.271569 0.0264316 0.503169
0.212255 9.9964E-05 9.9964E-05 0.114258 9.9964E-05 0.540254 9.9964E-05 0.132833
9.9955E-05 9.9955E-05 0.0453396 9.9955E-05 9.9955E-05 0.262277 9.9955E-05 0.691884
0.0632416 9.9973E-05 0.0841521 9.9973E-05 0.0370276 0.793591 9.9973E-05 0.0216878
0.111252 9.9964E-05 9.9964E-05 0.0505876 9.9964E-05 0.34607 9.9964E-05 0.491691
9.9982E-05 9.9982E-05 0.110311 0.114177 0.0622677 0.219268 0.0380829 0.455692
0.0023465 9.9973E-05 9.9973E-05 0.178576 0.109139 0.170399 9.9973E-05 0.539241
9.9991E-05 0.121685 0.121973 0.0194992 0.120528 0.0759077 0.0551298 0.485177
0.162851 9.9991E-05 0.326265 0.188984 0.0284342 0.0475522 0.0824168 0.163398
9.9973E-05 0.25049 0.222218 0.161835 0.0681738 9.9973E-05 9.9973E-05 0.296983
0.157981 0.197427 0.296711 0.0463178 0.0524545 9.9982E-05 9.9982E-05 0.248908
9.9982E-05 0.256534 0.162959 0.0123874 0.0403853 9.9982E-05 0.00487022 0.522665
0.0191767 0.164887 0.0834783 0.0755026 0.0951847 0.000740727 0.0309049 0.530125
9.9955E-05 0.509115 0.00660317 9.9955E-05 9.9955E-05 0.483782 9.9955E-05 9.9955E-05
9.9973E-05 0.152189 0.0394164 0.0460738 0.0758226 9.9973E-05 9.9973E-05 0.686198
9.9964E-05 0.65051 9.9964E-05 0.0858917 9.9964E-05 0.249172 0.0140265 9.9964E-05
9.9982E-05 0.151208 0.139475 0.055034 0.0357656 0.0822712 9.9982E-05 0.536047
9.9946E-05 9.9946E-05 9.9946E-05 9.9946E-05 9.9946E-05 0.833337 9.9946E-05 0.166063
9.994E-05 9.994E-05 9.994E-05 9.994E-05 9.994E-05 0.9993 9.994E-05 9.994E-05
9.9964E-05 9.9964E-05 9.9964E-05 0.0162674 0.00278182 0.457601 9.9964E-05 0.52295
9.9964E-05 9.9964E-05 9.9964E-05 0.0195324 0.0164954 0.202732 9.9964E-05 0.76084
9.9946E-05 9.9946E-05 9.9946E-05 9.9946E-05 9.9946E-05 0.495479 9.9946E-05 0.503921
9.9964E-05 9.9964E-05 9.9964E-05 0.141257 0.0703325 0.365032 9.9964E-05 0.422979
9.9946E-05 9.9946E-05 9.9946E-05 9.9946E-05 9.9946E-05 0.421189 9.9946E-05 0.578211
0.141251 9.9964E-05 0.766604 9.9964E-05 0.0609748 9.9964E-05 9.9964E-05 0.0307703
9.9964E-05 0.0798721 0.531381 9.9964E-05 0.14948 9.9964E-05 9.9964E-05 0.238867
9.9964E-05 9.9964E-05 0.779966 9.9964E-05 9.9964E-05 0.0671705 0.0414104 0.111053
9.9955E-05 9.9955E-05 0.84078 9.9955E-05 9.9955E-05 9.9955E-05 0.0424409 0.116279
0.0328186 9.9973E-05 0.658093 9.9973E-05 0.103107 0.0302742 9.9973E-05 0.175408
9.9946E-05 0.148731 0.850669 9.9946E-05 9.9946E-05 9.9946E-05 9.9946E-05 9.9946E-05
9.9955E-05 9.9955E-05 0.921996 0.0594222 9.9955E-05 0.0180816 9.9955E-05 9.9955E-05
9.9973E-05 0.0673137 0.751188 9.9973E-05 0.107525 0.00946748 9.9973E-05 0.0642056
9.9973E-05 9.9973E-05 0.659193 0.117324 0.0701034 9.9973E-05 0.0414736 0.111606
0.0213725 9.9973E-05 0.646387 9.9973E-05 0.170339 9.9973E-05 0.0230335 0.138568
0.0197055 9.9982E-05 0.44847 9.9982E-05 0.079802 0.048941 0.0507765 0.352105
9.9973E-05 9.9973E-05 0.699281 9.9973E-05 0.129112 0.0495516 0.0970621 0.0246937
9.9964E-05 9.9964E-05 0.631958 9.9964E-05 0.0738382 0.0383426 9.9964E-05 0.255461
9.9946E-05 9.9946E-05 0.902629 0.0967714 9.9946E-05 9.9946E-05 9.9946E-05 9.9946E-05
9.9973E-05 9.9973E-05 0.400304 0.107763 0.191923 9.9973E-05 0.0278579 0.271852
0.134816 9.9982E-05 0.758298 0.0334757 0.0108512 0.0246532 9.9982E-05 0.0377059
9.9955E-05 0.0405528 0.930825 9.9955E-05 9.9955E-05 9.9955E-05 0.0281222 9.9955E-05
0.0431656 9.9982E-05 0.488632 9.9982E-05 0.133214 0.00471456 0.0465219 0.283552
0.077816 9.9982E-05 0.683708 0.0671794 0.0370456 9.9982E-05 0.0551767 0.0788743
9.9973E-05 0.0760304 0.359365 9.9973E-05 9.9973E-05 0.0592374 0.168789 0.336278
9.9982E-05 0.155215 0.5205 0.0687978 9.9982E-05 0.0615573 0.00840723 0.185323
0.0221163 9.9973E-05 0.480807 9.9973E-05 0.126795 9.9973E-05 0.0602337 0.309748
9.9964E-05 9.9964E-05 0.644848 0.109896 0.0752633 9.9964E-05 9.9964E-05 0.169594
9.9964E-05 0.0525147 0.886741 9.9964E-05 9.9964E-05 0.0045845 0.0557602 9.9964E-05
9.9973E-05 0.0741675 0.0927357 9.9973E-05 0.0973024 9.9973E-05 0.14474 0.590754
9.9973E-05 0.0207963 9.9973E-05 9.9973E-05 0.0746657 0.126749 0.200369 0.57712
9.9964E-05 0.0192164 9.9964E-05 9.9964E-05 0.0279268 9.9964E-05 0.942204 0.010253
9.994E-05 9.994E-05 9.994E-05 9.994E-05 9.994E-05 9.994E-05 0.9993 9.994E-05
0.144094 9.9973E-05 9.9973E-05 0.0170574 0.0579991 9.9973E-05 0.423544 0.357005
0.0297752 9.9964E-05 0.0855422 9.9964E-05 0.0486676 9.9964E-05 0.835615 9.9964E-05
9.9964E-05 0.246298 0.0732741 9.9964E-05 0.0169898 9.9964E-05 0.663039 9.9964E-05
9.9982E-05 0.0488085 0.0539224 9.9982E-05 0.00345821 0.0385393 0.404369 0.450702
9.9991E-05 0.085434 0.00519994 0.0293121 0.156531 0.0290524 0.329262 0.365109
0.0263831 0.2504 0.076232 9.9973E-05 9.9973E-05 9.9973E-05 0.286466 0.360219
0.0947256 9.9964E-05 0.0673804 9.9964E-05 9.9964E-05 9.9964E-05 0.82387 0.0136242
0.0159099 9.9973E-05 0.140193 9.9973E-05 0.052657 9.9973E-05 0.296599 0.494341
0.0228061 9.9955E-05 9.9955E-05 9.9955E-05 9.9955E-05 9.9955E-05 0.720469 0.256225
9.994E-05 9.994E-05 9.994E-05 9.994E-05 9.994E-05 9.994E-05 0.9993 9.994E-05
0.0158388 9.9982E-05 0.0920068 0.0488614 0.238188 9.9982E-05 0.147075 0.45783
9.9973E-05 9.9973E-05 0.220882 0.135479 0.0377117 9.9973E-05 0.309506 0.296122
