0.0274537 0.000494379 9.9991E-05 0.161567 0.470101 0.147065 0.139405 0.0388931 0.0149214
0.413474 9.9955E-05 9.9955E-05 9.9955E-05 0.375647 0.092082 9.9955E-05 9.9955E-05 0.118297
0.999201 9.993E-05 9.993E-05 9.993E-05 9.993E-05 9.993E-05 9.993E-05 9.993E-05 9.993E-05
9.9973E-05 9.9973E-05 0.266135 0.0963984 0.165127 0.293709 9.9973E-05 0.02126 0.15707
0.543612 9.9964E-05 9.9964E-05 0.170149 9.9964E-05 0.207228 0.0402948 0.038316 9.9964E-05
0.0496401 0.109237 9.9982E-05 0.163003 0.42949 0.139206 0.0584458 0.0507786 9.9982E-05
0.405286 0.0863403 0.245201 9.9964E-05 0.235914 9.9964E-05 0.0268584 9.9964E-05 9.9964E-05
0.999201 9.993E-05 9.993E-05 9.993E-05 9.993E-05 9.993E-05 9.993E-05 9.993E-05 9.993E-05
0.327684 9.9964E-05 0.201161 9.9964E-05 0.382284 0.0815529 0.00691818 9.9964E-05 9.9964E-05
0.073021 9.9982E-05 0.125931 0.0868041 0.539148 0.0284889 0.0560351 9.9982E-05 0.0903721
0.307033 0.102552 0.0511787 0.00939245 0.0890558 0.302177 9.9982E-05 9.9982E-05 0.13841
0.684347 0.161317 0.000119962 0.00204873 9.9973E-05 9.9973E-05 9.9973E-05 0.0483179 0.10355
0.0382952 0.000352982 9.9964E-05 9.9964E-05 0.50429 0.369685 9.9964E-05 9.9964E-05 0.0869775
0.554843 9.9955E-05 0.104061 9.9955E-05 0.211685 0.128911 9.9955E-05 9.9955E-05 9.9955E-05
0.472576 9.9955E-05 9.9955E-05 9.9955E-05 0.292595 0.211534 9.9955E-05 9.9955E-05 0.0227964
0.203743 0.0349753 9.9973E-05 0.169371 0.317267 0.147332 9.9973E-05 9.9973E-05 0.127012
9.9946E-05 0.572128 9.9946E-05 9.9946E-05 0.30781 9.9946E-05 9.9946E-05 9.9946E-05 0.119463
9.993E-05 0.999201 9.993E-05 9.993E-05 9.993E-05 9.993E-05 9.993E-05 9.993E-05 9.993E-05
9.9937E-05 0.982539 9.9937E-05 9.9937E-05 9.9937E-05 9.9937E-05 0.0167617 9.9937E-05 9.9937E-05
0.0687305 0.464873 9.9973E-05 0.322381 0.0151682 9.9973E-05 0.0892177 9.9973E-05 0.0393289
9.9946E-05 9.9946E-05 0.338789 9.9946E-05 0.612052 9.9946E-05 9.9946E-05 9.9946E-05 0.0485593
9.9973E-05 0.03258 9.9973E-05 0.0511509 0.605552 0.221154 0.00107941 9.9973E-05 0.0881833
9.9946E-05 9.9946E-05 9.9946E-05 9.9946E-05 0.115162 0.111748 9.9946E-05 9.9946E-05 0.77249
0.0588157 9.9955E-05 9.9955E-05 9.9955E-05 9.9955E-05 0.335723 0.0306048 9.9955E-05 0.574357
9.9964E-05 0.0142972 9.9964E-05 9.9964E-05 0.35229 0.0336658 0.0761676 9.9964E-05 0.523179
0.0725838 9.9973E-05 0.801917 0.0506825 9.9973E-05 0.00825722 9.9973E-05 0.0361427 0.0301163
0.0502944 0.0214616 0.161318 0.148893 0.159396 0.305919 9.9982E-05 9.9982E-05 0.152518
0.0255278 0.0707569 0.794896 0.0224006 0.0140407 9.9973E-05 9.9973E-05 0.0720785 9.9973E-05
0.0827928 9.9937E-05 9.9937E-05 9.9937E-05 0.916508 9.9937E-05 9.9937E-05 9.9937E-05 9.9937E-05
9.9955E-05 0.0386129 0.0331178 9.9955E-05 0.741362 9.9955E-05 9.9955E-05 0.186408 9.9955E-05
0.0928539 9.9946E-05 9.9946E-05 9.9946E-05 0.90203 9.9946E-05 9.9946E-05 0.00451671 9.9946E-05
0.092839 9.9964E-05 0.551731 9.9964E-05 0.181713 9.9964E-05 0.0722612 0.101056 9.9964E-05
9.9946E-05 9.9946E-05 9.9946E-05 9.9946E-05 0.886754 9.9946E-05 9.9946E-05 0.0773448 0.0353013
0.100507 9.9973E-05 0.0138323 9.9973E-05 0.542794 0.00569263 9.9973E-05 0.168658 0.168217
9.9964E-05 0.0283621 9.9964E-05 0.00501518 0.0496868 9.9964E-05 9.9964E-05 0.00436384 0.912172
9.9955E-05 9.9955E-05 0.0381157 0.0295774 9.9955E-05 9.9955E-05 9.9955E-05 0.0339707 0.897837
9.9955E-05 9.9955E-05 0.0873578 0.319143 0.122096 9.9955E-05 9.9955E-05 9.9955E-05 0.470903
9.9955E-05 9.9955E-05 9.9955E-05 0.114749 0.0679689 0.121601 9.9955E-05 9.9955E-05 0.695181
9.9955E-05 9.9955E-05 0.0539721 0.0731716 0.093706 9.9955E-05 9.9955E-05 9.9955E-05 0.778651
9.9946E-05 0.00533587 9.9946E-05 9.9946E-05 9.9946E-05 9.9946E-05 0.0336947 9.9946E-05 0.96037
9.9946E-05 0.058136 9.9946E-05 9.9946E-05 9.9946E-05 9.9946E-05 9.9946E-05 0.0277364 0.913528
9.9955E-05 9.9955E-05 0.00578481 0.109277 9.9955E-05 0.0846677 9.9955E-05 9.9955E-05 0.799771
9.9937E-05 9.9937E-05 0.0304595 9.9937E-05 9.9937E-05 9.9937E-05 9.9937E-05 9.9937E-05 0.968841
9.9937E-05 0.0046866 9.9937E-05 9.9937E-05 9.9937E-05 9.9937E-05 9.9937E-05 9.9937E-05 0.994614
9.9937E-05 9.9937E-05 9.9937E-05 9.9937E-05 9.9937E-05 9.9937E-05 0.0322782 9.9937E-05 0.967022
0.0110567 9.9982E-05 0.0172261 0.00435266 0.0502266 0.0866262 9.9982E-05 0.0120863 0.818226
9.9964E-05 9.9964E-05 9.9964E-05 0.00129443 0.0106675 0.0930058 0.0755546 9.9964E-05 0.819078
9.9946E-05 9.9946E-05 0.00637112 9.9946E-05 9.9946E-05 0.022359 9.9946E-05 9.9946E-05 0.97067
0.143813 9.9964E-05 9.9964E-05 0.0406015 0.255936 0.0994295 9.9964E-05 9.9964E-05 0.45982
0.00619938 9.9973E-05 0.0839933 0.142889 0.0438982 0.0445228 9.9973E-05 9.9973E-05 0.678197
0.0125938 9.9973E-05 9.9973E-05 0.122884 0.120052 9.9973E-05 0.0659591 0.027284 0.650927
0.00114339 0.0562903 0.00352727 9.9964E-05 0.0860621 9.9964E-05 9.9964E-05 9.9964E-05 0.852577
9.9946E-05 0.0169718 9.9946E-05 0.169013 9.9946E-05 9.9946E-05 9.9946E-05 9.9946E-05 0.813415
9.9973E-05 0.070676 9.9973E-05 0.0267647 9.9973E-05 0.00731601 0.000270705 0.0313034 0.863369
9.9946E-05 0.00270917 0.0304934 9.9946E-05 9.9946E-05 9.9946E-05 9.9946E-05 9.9946E-05 0.966198
9.9973E-05 9.9973E-05 0.0224512 0.08178 0.199682 0.082513 0.0652266 9.9973E-05 0.548047
0.0992503 9.9946E-05 9.9946E-05 9.9946E-05 9.9946E-05 9.9946E-05 0.00982466 9.9946E-05 0.890325
0.185555 0.510568 0.131679 9.9964E-05 9.9964E-05 9.9964E-05 0.0801423 0.0916556 9.9964E-05
0.0439653 0.167041 0.283739 0.0673469 0.312083 9.9982E-05 0.0627267 9.9982E-05 0.0628983
0.0749277 0.254803 9.9955E-05 0.142462 0.527308 9.9955E-05 9.9955E-05 9.9955E-05 9.9955E-05
0.0457676 0.35066 0.166164 9.9964E-05 0.285582 9.9964E-05 0.151427 9.9964E-05 9.9964E-05
0.0485912 0.0612659 0.0733813 0.463387 9.998E-05 0.315412 9.998E-05 0.019766 0.0179967
0.00337474 0.516642 0.111959 9.9973E-05 0.309975 9.9973E-05 0.0142516 0.0434976 9.9973E-05
9.9982E-05 0.104387 0.0885712 0.290686 0.180415 0.114451 9.9982E-05 0.124604 0.096686
9.9955E-05 0.287329 0.46291 9.9955E-05 0.0944282 9.9955E-05 9.9955E-05 9.9955E-05 0.154834
9.9964E-05 0.278299 0.0853446 0.173459 0.419541 9.9964E-05 9.9964E-05 9.9964E-05 0.0429565
0.126258 0.186992 0.163787 0.387372 0.0414714 0.0623934 9.9982E-05 9.9982E-05 0.031526
9.9964E-05 0.154634 0.208017 0.186114 0.330309 0.120526 9.9964E-05 9.9964E-05 9.9964E-05
9.9964E-05 0.0454863 9.9964E-05 0.0643396 0.721871 9.9964E-05 9.9964E-05 0.0897135 0.0781898
0.125138 9.996E-05 0.710636 9.996E-05 9.996E-05 0.0853368 0.0164772 9.996E-05 0.0620125
9.9964E-05 0.0233348 0.367183 9.9964E-05 0.523401 0.0761823 9.9964E-05 9.9964E-05 0.00949873
9.9982E-05 0.0199035 0.0897473 0.0153336 0.446704 0.299092 0.0919735 9.9982E-05 0.0370456
0.157581 0.019366 0.624422 9.9964E-05 0.175292 0.0229392 9.9964E-05 9.9964E-05 9.9964E-05
0.275016 9.9973E-05 9.9973E-05 0.0253114 0.239535 0.312631 0.0103999 9.9973E-05 0.136807
9.9955E-05 9.9955E-05 0.520228 0.0551767 0.134102 0.289993 9.9955E-05 9.9955E-05 9.9955E-05
9.993E-05 9.993E-05 0.999201 9.993E-05 9.993E-05 9.993E-05 9.993E-05 9.993E-05 9.993E-05
0.0213443 9.9955E-05 0.823978 9.9955E-05 0.0768253 9.9955E-05 0.0773529 9.9955E-05 9.9955E-05
9.9955E-05 9.9955E-05 0.799997 0.114074 9.9955E-05 0.0832762 9.9955E-05 9.9955E-05 0.00215335
0.546324 9.9955E-05 0.369767 9.9955E-05 9.9955E-05 9.9955E-05 0.0243614 0.059047 9.9955E-05
9.9946E-05 9.9946E-05 0.602005 9.9946E-05 0.192331 0.205064 9.9946E-05 9.9946E-05 9.9946E-05
9.9964E-05 9.9964E-05 9.9964E-05 0.050495 0.347887 0.142235 9.9964E-05 0.324437 0.134546
9.9973E-05 0.0024501 9.9973E-05 0.208631 0.52494 0.212425 0.0113749 0.0398793 9.9973E-05
9.9937E-05 9.9937E-05 9.9937E-05 9.9937E-05 9.9937E-05 9.9937E-05 0.0152437 0.984057 9.9937E-05
0.0323085 9.9946E-05 0.0034293 9.9946E-05 9.9946E-05 9.9946E-05 9.9946E-05 0.963662 9.9946E-05
9.9946E-05 9.9946E-05 9.9946E-05 0.226713 0.438534 9.9946E-05 9.9946E-05 0.334153 9.9946E-05
0.0078809 0.117885 9.9982E-05 0.411027 0.202904 0.179157 0.0484352 9.9982E-05 0.0325108
9.9955E-05 0.131044 9.9955E-05 0.461462 9.9955E-05 0.372471 9.9955E-05 0.0345238 9.9955E-05
0.0692951 0.247372 9.997E-05 0.401804 9.997E-05 0.155986 0.0742913 9.997E-05 0.0509513
9.9964E-05 0.1115 9.9964E-05 0.138006 9.9964E-05 0.606991 0.0959877 9.9964E-05 0.0471157
0.0212088 0.0801198 0.0142582 0.0131315 9.9982E-05 9.9982E-05 0.0357428 0.73777 0.0975694
9.9964E-05 9.9964E-05 0.0265212 0.159033 9.9964E-05 0.207106 0.113941 0.492999 9.9964E-05
9.9964E-05 9.9964E-05 9.9964E-05 9.9964E-05 0.329396 0.578228 0.00203393 0.0517528 0.0381899
9.9964E-05 9.9964E-05 9.9964E-05 0.0596542 0.0269938 0.496911 9.9964E-05 0.304253 0.111788
9.9955E-05 9.9955E-05 9.9955E-05 0.224988 9.9955E-05 9.9955E-05 0.0121071 0.740582 0.0218234
9.9964E-05 9.9964E-05 9.9964E-05 0.325908 0.0158595 0.416169 0.025079 0.216585 9.9964E-05
9.9982E-05 9.9982E-05 0.00852756 0.00533782 0.213605 0.443166 0.0145005 0.173883 0.14078
9.9973E-05 0.0436232 0.132682 9.9973E-05 0.383032 0.103368 9.9973E-05 0.136718 0.200277
9.9964E-05 9.9964E-05 0.0337858 0.000151888 0.156679 0.337697 9.9964E-05 0.471286 9.9964E-05
0.0653859 9.997E-05 0.175062 0.0385967 9.997E-05 0.435441 9.997E-05 0.28486 0.000354712
9.9973E-05 0.00173284 0.0587478 9.9973E-05 0.361067 0.432886 9.9973E-05 0.100594 0.0446722
9.9964E-05 0.0770658 0.0795355 9.9964E-05 9.9964E-05 0.576935 9.9964E-05 0.19123 0.0748333
0.0522878 0.0231046 0.183864 0.306549 0.0358557 0.301505 0.00911163 0.0571261 0.0305962
0.251377 9.9964E-05 0.0798673 9.9964E-05 9.9964E-05 0.536138 9.9964E-05 0.0865086 0.045709
9.9955E-05 9.9955E-05 0.233468 9.9955E-05 0.0143953 0.147991 9.9955E-05 0.603646 9.9955E-05
9.9955E-05 9.9955E-05 0.237169 9.9955E-05 9.9955E-05 0.742733 0.000796391 9.9955E-05 0.0188019
9.9946E-05 9.9946E-05 9.9946E-05 9.9946E-05 0.24723 0.0199992 9.9946E-05 0.732171 9.9946E-05
0.0577458 0.0178325 0.0791151 9.9973E-05 9.9973E-05 0.666434 9.9973E-05 0.164061 0.0145114
9.997E-05 9.997E-05 0.00881767 0.118155 0.332807 0.465616 0.0267753 0.0475297 9.997E-05
9.9964E-05 9.9964E-05 9.9964E-05 0.0354122 0.489278 0.042985 9.9964E-05 0.296451 0.135474
0.0495517 9.9964E-05 0.118591 0.408715 9.9964E-05 0.326303 9.9964E-05 9.9964E-05 0.0964392
9.9973E-05 0.131373 0.119357 0.147667 9.9973E-05 0.408102 0.065299 9.9973E-05 0.127902
9.9964E-05 0.276619 9.9964E-05 0.146278 0.104567 0.370765 9.9964E-05 9.9964E-05 0.101372
9.9964E-05 0.106266 0.250715 0.272947 9.9964E-05 0.223299 9.9964E-05 9.9964E-05 0.146372
0.0669801 0.0563045 0.160164 0.132306 0.0240877 0.303133 0.0102469 9.9991E-05 0.246678
9.9973E-05 0.144515 9.9973E-05 0.314181 0.203254 0.137664 9.9973E-05 0.13269 0.0673962
9.9955E-05 0.463605 9.9955E-05 0.0238262 9.9955E-05 9.9955E-05 9.9955E-05 0.508255 0.00381376
9.9973E-05 0.00432219 9.9973E-05 0.254044 0.306832 0.319065 0.00512098 9.9973E-05 0.110315
9.9937E-05 0.731204 9.9937E-05 9.9937E-05 9.9937E-05 9.9937E-05 9.9937E-05 0.268097 9.9937E-05
9.9955E-05 0.0364822 9.9955E-05 0.206487 9.9955E-05 0.653226 9.9955E-05 9.9955E-05 0.103305
0.110867 9.9946E-05 9.9946E-05 9.9946E-05 9.9946E-05 0.432386 9.9946E-05 0.456148 9.9946E-05
0.182338 9.9937E-05 9.9937E-05 9.9937E-05 9.9937E-05 9.9937E-05 9.9937E-05 0.816962 9.9937E-05
9.9946E-05 9.9946E-05 0.110562 9.9946E-05 9.9946E-05 0.756895 9.9946E-05 0.131943 9.9946E-05
9.9946E-05 0.0584184 9.9946E-05 9.9946E-05 9.9946E-05 0.927002 9.9946E-05 9.9946E-05 0.0139797
0.0343223 9.9946E-05 9.9946E-05 9.9946E-05 9.9946E-05 0.919962 9.9946E-05 0.045116 9.9946E-05
9.9937E-05 9.9937E-05 9.9937E-05 9.9937E-05 9.9937E-05 0.991813 9.9937E-05 0.00748699 9.9937E-05
9.9946E-05 9.9946E-05 9.9946E-05 9.9946E-05 9.9946E-05 0.786044 9.9946E-05 0.178169 0.0351869
0.0116701 9.9964E-05 0.0389106 0.682404 0.216866 0.049749 9.9964E-05 9.9964E-05 9.9964E-05
0.123891 9.9973E-05 9.9973E-05 0.589275 0.0231894 0.0800479 0.0100732 9.9973E-05 0.173223
9.9964E-05 9.9964E-05 9.9964E-05 0.458002 0.128354 0.175352 0.0412645 9.9964E-05 0.196628
9.9955E-05 9.9955E-05 9.9955E-05 0.657434 0.158508 9.9955E-05 0.0962645 9.9955E-05 0.0872936
9.9964E-05 9.9964E-05 0.0428887 0.652756 0.253427 9.9964E-05 9.9964E-05 0.0425677 0.00796007
9.9946E-05 0.0668408 9.9946E-05 0.931606 9.9946E-05 9.9946E-05 0.000953641 9.9946E-05 9.9946E-05
9.9955E-05 0.0355973 9.9955E-05 0.883192 9.9955E-05 0.0754122 9.9955E-05 0.00529914 9.9955E-05
9.9955E-05 0.113831 9.9955E-05 0.800826 0.0272486 0.0575948 9.9955E-05 9.9955E-05 9.9955E-05
9.9955E-05 9.9955E-05 9.9955E-05 0.759635 9.9955E-05 0.156976 0.0609752 9.9955E-05 0.021914
9.9955E-05 9.9955E-05 0.038631 0.69859 0.164051 9.9955E-05 9.9955E-05 9.9955E-05 0.0982277
9.9964E-05 9.9964E-05 9.9964E-05 0.388186 0.31482 9.9964E-05 0.00883961 0.0697964 0.217958
9.9973E-05 0.0113015 9.9973E-05 0.812646 0.109733 0.00144004 9.9973E-05 0.0043278 0.0602522
0.0505202 9.9973E-05 9.9973E-05 0.635332 0.182917 0.0594045 9.9973E-05 0.0625386 0.00898834
9.9946E-05 9.9946E-05 0.104149 0.874383 9.9946E-05 9.9946E-05 9.9946E-05 9.9946E-05 0.0208685
9.9955E-05 9.9955E-05 0.212906 0.678702 0.0812906 9.9955E-05 9.9955E-05 9.9955E-05 0.0266011
9.9982E-05 9.9982E-05 0.0359963 0.727164 0.0467301 0.0841333 0.0377997 0.00855841 0.0594181
9.9946E-05 0.0549578 9.9946E-05 0.92797 9.9946E-05 9.9946E-05 0.0164722 9.9946E-05 9.9946E-05
0.0607038 9.998E-05 0.0369345 0.401172 0.179733 0.0732917 0.042488 9.998E-05 0.205477
0.0206032 0.0211977 0.190764 0.701832 9.9973E-05 9.9973E-05 9.9973E-05 0.0162587 0.0490445
0.00617537 9.9982E-05 0.0707386 0.472278 0.186963 9.9982E-05 0.028258 0.165894 0.0694923
9.9982E-05 0.078238 0.114215 0.428699 9.9982E-05 0.14688 0.0295927 0.0731128 0.129062
9.9955E-05 9.9955E-05 0.109853 0.367457 9.9955E-05 0.201666 9.9955E-05 9.9955E-05 0.320524
9.9946E-05 9.9946E-05 9.9946E-05 0.859319 9.9946E-05 0.124716 9.9946E-05 9.9946E-05 0.015366
9.9955E-05 0.0603955 9.9955E-05 0.84797 9.9955E-05 9.9955E-05 0.0742227 9.9955E-05 0.016912
0.0883294 0.216084 9.9973E-05 0.191832 0.299053 0.122235 0.0821658 9.9973E-05 9.9973E-05
9.9973E-05 9.9973E-05 9.9973E-05 0.112589 0.565002 0.0430928 0.126119 0.0711246 0.0817729
9.9946E-05 0.184151 9.9946E-05 9.9946E-05 9.9946E-05 9.9946E-05 0.78849 9.9946E-05 0.0267593
9.993E-05 9.993E-05 9.993E-05 9.993E-05 9.993E-05 9.993E-05 0.999201 9.993E-05 9.993E-05
0.00275647 9.9991E-05 0.273217 0.111096 0.0206487 0.018105 0.401875 0.0785309 0.0936708
9.9964E-05 9.9964E-05 0.0665512 0.0188531 9.9964E-05 9.9964E-05 0.835382 0.0278719 0.050942
9.9955E-05 0.314641 9.9955E-05 0.0466859 0.00629916 9.9955E-05 0.631874 9.9955E-05 9.9955E-05
9.9973E-05 9.9973E-05 0.0971547 0.0714485 0.198457 0.343837 0.278945 9.9973E-05 0.00985848
0.0112661 0.0800738 9.9982E-05 0.129124 0.170758 0.262842 0.256887 9.9982E-05 0.088849
0.104649 0.0578149 0.00326064 0.0468235 0.0411473 0.150208 0.482459 9.9991E-05 0.113538
0.0225744 9.9946E-05 9.9946E-05 9.9946E-05 0.0920347 9.9946E-05 0.884791 9.9946E-05 9.9946E-05
9.9973E-05 9.9973E-05 0.000866026 0.0772528 0.578799 0.0859894 0.224047 9.9973E-05 0.0327454
0.125511 9.9964E-05 9.9964E-05 9.9964E-05 9.9964E-05 0.13669 0.69282 0.00086319 0.0437169
9.9937E-05 0.00486112 9.9937E-05 9.9937E-05 9.9937E-05 9.9937E-05 0.994439 9.9937E-05 9.9937E-05
0.149927 9.9973E-05 9.9973E-05 0.0984188 0.53038 9.9973E-05 0.0293243 0.0103651 0.181285
0.0249985 9.9973E-05 9.9973E-05 0.36802 0.0766174 0.120572 0.362021 9.9973E-05 0.0474718
