0.0281601 0.00229798 0.0772374 0.671794 0.094045 0.00333172 9.9982E-05 9.9982E-05 0.122934
9.9964E-05 9.9964E-05 0.114267 0.623361 9.9964E-05 0.0956465 9.9964E-05 0.165844 0.000481069
9.9955E-05 9.9955E-05 0.810784 9.9955E-05 0.00141697 0.165551 9.9955E-05 9.9955E-05 0.0217478
9.9973E-05 0.0404762 9.9973E-05 9.9973E-05 0.0170981 0.0482833 0.01144 0.871692 0.0107108
0.0856206 9.9973E-05 0.33075 0.336276 0.107047 9.9973E-05 9.9973E-05 0.0447755 0.0952306
0.128569 0.0469805 9.9973E-05 0.0741555 0.0392661 9.9973E-05 9.9973E-05 0.627007 0.0837213
0.0219394 9.9973E-05 0.386288 0.0350835 9.9973E-05 0.160901 9.9973E-05 0.291896 0.103593
9.9955E-05 9.9955E-05 0.57696 0.183146 9.9955E-05 0.184621 0.0547743 9.9955E-05 9.9955E-05
9.9955E-05 9.9955E-05 0.496455 0.444063 0.0432976 9.9955E-05 0.0156844 9.9955E-05 9.9955E-05
9.9991E-05 0.0586103 0.0294732 0.0229334 0.221723 0.0339355 0.104605 0.526685 0.00193511
0.0513613 0.0998559 0.0762182 9.9973E-05 9.9973E-05 0.076576 9.9973E-05 0.685257 0.0104315
9.9964E-05 0.0897889 0.35029 9.9964E-05 9.9964E-05 0.338431 0.162866 0.0582246 9.9964E-05
9.998E-05 0.16286 0.0821252 0.105051 0.00901187 0.0666418 0.105662 0.468448 9.998E-05
9.9946E-05 9.9946E-05 0.488375 9.9946E-05 9.9946E-05 9.9946E-05 0.0738921 0.437133 9.9946E-05
0.0733906 9.9964E-05 0.238377 0.283759 9.9964E-05 9.9964E-05 9.9964E-05 0.31763 0.0864439
0.00705919 0.0618491 9.9973E-05 0.594045 0.0824761 0.15979 9.9973E-05 0.0944809 9.9973E-05
9.9955E-05 0.0674068 9.9955E-05 0.259322 0.0529982 0.619773 9.9955E-05 9.9955E-05 9.9955E-05
9.993E-05 9.993E-05 9.993E-05 9.993E-05 9.993E-05 0.999201 9.993E-05 9.993E-05 9.993E-05
9.993E-05 9.993E-05 9.993E-05 9.993E-05 9.993E-05 0.999201 9.993E-05 9.993E-05 9.993E-05
9.9973E-05 0.0276169 0.0131045 0.104917 0.24313 0.545961 9.9973E-05 9.9973E-05 0.0649698
9.9946E-05 9.9946E-05 0.292335 0.445356 9.9946E-05 9.9946E-05 9.9946E-05 0.26171 9.9946E-05
0.117056 0.119023 0.000198065 0.430015 9.9973E-05 0.0962207 9.9973E-05 0.237187 9.9973E-05
9.9955E-05 0.636593 9.9955E-05 0.0934735 0.137432 9.9955E-05 9.9955E-05 0.132002 9.9955E-05
0.131219 0.554787 0.0052259 0.194867 0.0106223 9.9973E-05 9.9973E-05 0.102979 9.9973E-05
9.9973E-05 0.276616 0.113535 0.216379 0.334333 9.9973E-05 0.0541702 9.9973E-05 0.00466633
0.0519697 0.0618544 0.545644 9.9964E-05 9.9964E-05 9.9964E-05 0.0161228 0.32401 9.9964E-05
0.0222869 0.021753 0.0873259 0.663462 9.996E-05 9.996E-05 9.996E-05 0.204773 9.996E-05
9.9973E-05 0.0202127 0.701651 9.9973E-05 0.0515295 0.00905186 0.0689704 0.148284 9.9973E-05
9.993E-05 9.993E-05 9.993E-05 9.993E-05 9.993E-05 9.993E-05 9.993E-05 0.999201 9.993E-05
9.9964E-05 0.118365 0.456973 0.405373 9.9964E-05 9.9964E-05 0.0174884 0.00140098 9.9964E-05
9.9955E-05 9.9955E-05 0.167311 0.0895873 0.0429109 9.9955E-05 9.9955E-05 0.699691 9.9955E-05
9.9946E-05 0.0547017 0.827222 0.117477 9.9946E-05 9.9946E-05 9.9946E-05 9.9946E-05 9.9946E-05
9.9955E-05 0.0171619 0.167771 0.755235 0.0593322 9.9955E-05 9.9955E-05 9.9955E-05 9.9955E-05
0.0721581 9.9973E-05 0.0615963 0.752041 9.9973E-05 9.9973E-05 0.0325204 0.0492016 0.0321826
0.00205799 0.846675 9.9955E-05 9.9955E-05 0.146928 0.00383888 9.9955E-05 9.9955E-05 9.9955E-05
9.9937E-05 0.92503 9.9937E-05 9.9937E-05 9.9937E-05 9.9937E-05 9.9937E-05 0.07427 9.9937E-05
9.9964E-05 0.569848 9.9964E-05 0.0630243 0.129907 9.9964E-05 0.00716767 0.229654 9.9964E-05
9.9955E-05 0.67197 9.9955E-05 0.213076 0.047916 9.9955E-05 0.0665383 9.9955E-05 9.9955E-05
9.9964E-05 0.75865 9.9964E-05 0.000127932 0.118545 9.9964E-05 0.0229912 0.0992862 9.9964E-05
9.9937E-05 0.968528 9.9937E-05 9.9937E-05 9.9937E-05 9.9937E-05 9.9937E-05 9.9937E-05 0.0307729
0.00491026 0.960632 9.9955E-05 9.9955E-05 9.9955E-05 9.9955E-05 0.00632803 9.9955E-05 0.0276295
9.9946E-05 0.809575 9.9946E-05 9.9946E-05 0.054502 9.9946E-05 9.9946E-05 0.135324 9.9946E-05
9.9937E-05 0.988056 0.0112445 9.9937E-05 9.9937E-05 9.9937E-05 9.9937E-05 9.9937E-05 9.9937E-05
9.993E-05 0.999201 9.993E-05 9.993E-05 9.993E-05 9.993E-05 9.993E-05 9.993E-05 9.993E-05
9.9946E-05 0.965744 9.9946E-05 9.9946E-05 9.9946E-05 0.00435843 9.9946E-05 9.9946E-05 0.0292983
9.997E-05 0.766983 0.0538613 0.036164 0.0446024 9.997E-05 0.0123789 0.085711 9.997E-05
9.9982E-05 0.75279 9.9982E-05 0.124059 0.0286605 0.0503066 0.00116926 0.024513 0.0183008
9.9955E-05 0.969745 0.00772176 0.00145076 9.9955E-05 9.9955E-05 9.9955E-05 9.9955E-05 0.0205831
9.998E-05 0.257935 0.0265907 0.333826 0.270323 9.998E-05 0.0708694 0.026576 0.0136791
0.00038128 0.633707 9.9982E-05 0.0685524 0.094601 0.0576623 0.0236953 0.121201 9.9982E-05
9.9955E-05 0.751332 9.9955E-05 0.0869 0.0847327 9.9955E-05 9.9955E-05 9.9955E-05 0.0765355
9.9955E-05 0.850475 9.9955E-05 9.9955E-05 0.0504247 0.0422383 9.9955E-05 0.0563625 9.9955E-05
9.9955E-05 0.878437 9.9955E-05 0.01252 0.0867866 0.0217564 9.9955E-05 9.9955E-05 9.9955E-05
9.9955E-05 0.827672 9.9955E-05 0.0127966 0.106839 9.9955E-05 9.9955E-05 9.9955E-05 0.0521925
9.99371E-05 0.988062 9.99371E-05 9.99371E-05 0.0112381 9.99371E-05 9.99371E-05 9.99371E-05 9.99371E-05
0.041736 0.650186 9.9964E-05 9.9964E-05 0.0789986 9.9964E-05 9.9964E-05 0.20719 0.0214892
9.9955E-05 0.889996 9.9955E-05 9.9955E-05 9.9955E-05 0.015126 0.0886982 9.9955E-05 0.00568033
9.9955E-05 9.9955E-05 0.402075 9.9955E-05 0.000470414 0.589629 9.9955E-05 9.9955E-05 0.00732541
9.9955E-05 9.9955E-05 0.128751 0.606504 9.9955E-05 0.211483 9.9955E-05 9.9955E-05 0.0527625
9.9937E-05 9.9937E-05 9.9937E-05 0.651829 9.9937E-05 0.347471 9.9937E-05 9.9937E-05 9.9937E-05
0.0239998 0.0282252 0.198047 9.9982E-05 0.0695341 0.309837 9.9982E-05 0.293641 0.0765157
0.0566149 0.0891137 9.9973E-05 9.9973E-05 0.212443 0.0898355 0.0156673 0.536026 9.9973E-05
0.0357376 9.9973E-05 0.101668 0.0597891 9.9973E-05 0.485428 9.9973E-05 0.297226 0.0198512
0.0868158 0.163841 9.9964E-05 9.9964E-05 9.9964E-05 0.114223 9.9964E-05 0.621762 0.0129585
0.0466754 0.0620743 9.9955E-05 9.9955E-05 9.9955E-05 0.381639 9.9955E-05 0.509112 9.9955E-05
9.9937E-05 9.9937E-05 9.9937E-05 0.846757 9.9937E-05 0.152543 9.9937E-05 9.9937E-05 9.9937E-05
9.9955E-05 0.0118465 9.9955E-05 9.9955E-05 0.0899238 0.287448 9.9955E-05 0.610282 9.9955E-05
0.0502311 0.192258 0.138748 0.0790141 0.0812727 0.170804 0.0243323 0.257459 0.00588141
0.0154163 9.9973E-05 0.0897881 9.9973E-05 0.0920118 9.9973E-05 0.0703273 0.686732 0.0454249
9.9946E-05 9.9946E-05 0.609814 9.9946E-05 9.9946E-05 0.0833501 9.9946E-05 0.306237 9.9946E-05
0.0631716 0.089937 0.0252839 9.9964E-05 9.9964E-05 0.124613 9.9964E-05 0.696594 9.9964E-05
0.0372712 0.0303984 0.131796 0.68567 9.9973E-05 9.9973E-05 0.0178874 9.9973E-05 0.096677
0.021948 9.9964E-05 0.575593 0.123103 9.9964E-05 0.0163737 9.9964E-05 0.262582 9.9964E-05
0.0438935 0.187555 0.0860458 9.9982E-05 0.000144031 9.9982E-05 0.0685181 0.59547 0.0181729
9.9946E-05 9.9946E-05 0.0745264 0.0816857 9.9946E-05 9.9946E-05 9.9946E-05 0.843188 9.9946E-05
9.993E-05 9.993E-05 0.999201 9.993E-05 9.993E-05 9.993E-05 9.993E-05 9.993E-05 9.993E-05
9.9955E-05 9.9955E-05 0.802866 0.158683 9.9955E-05 9.9955E-05 9.9955E-05 0.018086 0.0198651
9.9946E-05 9.9946E-05 0.291598 9.9946E-05 9.9946E-05 9.9946E-05 0.0099331 0.697869 9.9946E-05
0.0416327 0.0186378 0.91161 0.0276202 9.9955E-05 9.9955E-05 9.9955E-05 9.9955E-05 9.9955E-05
9.9937E-05 9.9937E-05 0.386614 9.9937E-05 9.9937E-05 9.9937E-05 9.9937E-05 0.612686 9.9937E-05
0.323044 0.0846458 9.9964E-05 0.262964 9.9964E-05 9.9964E-05 0.138934 0.190013 9.9964E-05
9.9964E-05 9.9964E-05 0.0614832 0.307184 0.285923 9.9964E-05 0.317618 0.0273927 9.9964E-05
0.993372 9.9937E-05 0.00592852 9.9937E-05 9.9937E-05 9.9937E-05 9.9937E-05 9.9937E-05 9.9937E-05
0.962041 9.9937E-05 0.0372592 9.9937E-05 9.9937E-05 9.9937E-05 9.9937E-05 9.9937E-05 9.9937E-05
0.379814 0.0100025 9.9955E-05 0.429657 0.180027 9.9955E-05 9.9955E-05 9.9955E-05 9.9955E-05
0.0683622 0.0774812 9.9982E-05 0.297273 0.33628 0.0374425 0.00225153 0.180709 9.9982E-05
0.218362 0.0200561 9.9964E-05 0.161171 0.522395 0.0776165 9.9964E-05 9.9964E-05 9.9964E-05
0.0143261 9.9973E-05 9.9973E-05 0.265954 0.312267 0.25221 0.077902 9.9973E-05 0.0770407
9.9964E-05 9.9964E-05 9.9964E-05 0.200439 0.450754 0.141773 0.136837 0.0697974 9.9964E-05
0.870433 9.9946E-05 9.9946E-05 9.9946E-05 9.9946E-05 0.0866232 9.9946E-05 9.9946E-05 0.0423443
0.714226 9.9964E-05 9.9964E-05 0.0867482 0.0552048 0.0481044 9.9964E-05 9.9964E-05 0.0953169
0.220163 0.0559046 9.9973E-05 0.21134 0.0174163 9.9973E-05 0.0738441 0.421031 9.9973E-05
0.307185 0.0506491 9.9964E-05 9.9964E-05 0.135841 9.9964E-05 0.136542 0.369383 9.9964E-05
0.755721 0.0311912 9.996E-05 9.996E-05 0.117142 9.996E-05 0.0736699 9.996E-05 0.0218764
0.24827 9.9973E-05 9.9973E-05 0.146446 0.175363 0.00673178 0.0342477 0.388642 9.9973E-05
0.271889 0.0285246 9.9973E-05 0.255439 0.26015 9.9973E-05 0.0525028 0.131196 9.9973E-05
0.245739 0.0610765 9.9982E-05 0.507664 0.0917158 0.0243246 9.9982E-05 0.0133396 0.055941
0.361304 9.9973E-05 9.9973E-05 0.219043 9.9973E-05 0.0124834 0.351327 0.0491202 0.00642299
0.170275 0.0117598 0.078525 9.9973E-05 0.0936406 9.9973E-05 0.385369 0.26013 9.9973E-05
0.262972 0.0111911 9.9973E-05 0.235933 0.127451 9.9973E-05 0.145462 0.216693 9.9973E-05
0.0027653 9.9964E-05 9.9964E-05 0.0763245 9.9964E-05 0.0646563 0.423303 0.432551 9.9964E-05
9.9973E-05 0.162332 0.0107004 9.9973E-05 0.137104 9.9973E-05 0.244039 0.40768 0.0378447
9.997E-05 9.997E-05 0.0355988 0.12714 0.0238414 9.997E-05 0.54564 0.246639 0.020841
0.731107 9.9946E-05 0.0606262 9.9946E-05 9.9946E-05 9.9946E-05 9.9946E-05 0.207667 9.9946E-05
0.160452 0.0105613 9.9955E-05 0.70407 9.9955E-05 9.9955E-05 0.124417 9.9955E-05 9.9955E-05
0.754101 0.0466528 0.0147855 9.9964E-05 9.9964E-05 9.9964E-05 0.129964 0.0540966 9.9964E-05
0.260646 9.9946E-05 9.9946E-05 9.9946E-05 9.9946E-05 9.9946E-05 0.3233 0.415454 9.9946E-05
0.0820004 0.0474131 9.9973E-05 0.721238 0.0236418 0.0185229 0.106883 9.9973E-05 9.9973E-05
0.0426444 9.996E-05 9.996E-05 0.164553 0.0723229 9.996E-05 0.311635 0.408444 9.996E-05
0.052138 0.115654 0.0303172 0.215281 0.176215 0.0923017 9.999E-05 0.248734 0.069259
0.0105063 0.226326 0.0400447 0.435839 0.0361154 0.1675 0.0501745 0.0248194 0.00867529
9.9964E-05 0.0216496 9.9964E-05 0.486438 0.172782 0.293631 9.9964E-05 9.9964E-05 0.0250993
0.103806 0.0802847 0.0922717 0.393099 0.269457 0.0317772 9.9982E-05 9.9982E-05 0.0291049
0.0452565 0.0940404 9.9982E-05 0.519474 0.125593 0.0639519 9.9982E-05 0.147419 0.00406455
0.0141931 0.0359281 9.9973E-05 0.568651 0.169803 0.136027 0.075098 9.9973E-05 9.9973E-05
0.513741 0.00310993 9.9955E-05 0.0284305 9.9955E-05 0.454219 9.9955E-05 9.9955E-05 9.9955E-05
0.0422767 0.153419 9.9991E-05 0.56737 0.140691 0.00481542 0.0458819 0.0392213 0.00622501
9.9937E-05 9.9937E-05 9.9937E-05 9.9937E-05 9.9937E-05 0.673339 0.325962 9.9937E-05 9.9937E-05
0.0459425 0.0760338 9.9982E-05 0.408345 0.243387 0.042432 0.169773 0.013887 9.9982E-05
9.993E-05 9.993E-05 9.993E-05 9.993E-05 9.993E-05 9.993E-05 0.999201 9.993E-05 9.993E-05
0.0443271 9.9937E-05 9.9937E-05 9.9937E-05 9.9937E-05 9.9937E-05 0.954973 9.9937E-05 9.9937E-05
9.9946E-05 9.9946E-05 9.9946E-05 0.413324 9.9946E-05 9.9946E-05 0.564711 0.021365 9.9946E-05
9.9955E-05 0.0299509 9.9955E-05 0.564472 9.9955E-05 9.9955E-05 0.30879 0.0962879 9.9955E-05
9.99459E-05 9.99459E-05 9.99459E-05 0.129258 9.99459E-05 9.99459E-05 0.831459 0.0386837 9.99459E-05
0.0708338 0.111892 9.9955E-05 0.245302 9.9955E-05 9.9955E-05 0.571472 9.9955E-05 9.9955E-05
0.0586744 9.994E-05 9.994E-05 0.619839 9.994E-05 9.994E-05 0.320887 9.994E-05 9.994E-05
9.9946E-05 0.135803 9.9946E-05 9.9946E-05 0.522348 9.9946E-05 9.9946E-05 0.341249 9.9946E-05
9.996E-05 0.21936 0.050178 9.996E-05 0.528978 9.996E-05 0.0983633 0.102721 9.996E-05
9.9973E-05 0.0323157 9.9973E-05 0.0707347 0.787354 9.9973E-05 0.0522207 0.0118875 0.0451872
9.9955E-05 9.9955E-05 9.9955E-05 0.18339 0.750417 9.9955E-05 0.00112356 9.9955E-05 0.0645701
0.0926372 0.0719724 0.0110536 0.172252 0.512785 9.9982E-05 0.00207559 0.137025 9.9982E-05
9.9937E-05 9.9937E-05 9.9937E-05 9.9937E-05 0.915295 0.0840053 9.9937E-05 9.9937E-05 9.9937E-05
0.0261117 9.9955E-05 0.0394011 9.9955E-05 0.882881 9.9955E-05 9.9955E-05 0.0511069 9.9955E-05
9.9946E-05 0.0657218 9.9946E-05 0.0899245 0.843754 9.9946E-05 9.9946E-05 9.9946E-05 9.9946E-05
0.0176659 0.0328245 0.00847208 0.141809 0.693702 0.0409284 0.0286861 9.9991E-05 0.0358118
9.9946E-05 0.0282199 9.9946E-05 0.231269 0.739912 9.9946E-05 9.9946E-05 9.9946E-05 9.9946E-05
0.0536304 0.219357 9.9982E-05 0.0236494 0.528066 9.9982E-05 0.128494 0.03296 0.0136435
0.0153997 0.0636648 0.00986292 9.9964E-05 0.886452 9.9964E-05 9.9964E-05 9.9964E-05 0.0242206
0.00893885 0.00916043 9.9973E-05 0.116743 0.660131 9.9973E-05 9.9973E-05 0.181804 0.022923
0.0500579 0.146516 9.9964E-05 9.9964E-05 0.80242 9.9964E-05 0.000187313 9.9964E-05 0.000419746
9.9964E-05 0.116835 9.9964E-05 0.135111 0.579126 9.9964E-05 0.137812 0.0307159 9.9964E-05
0.0166597 0.151546 9.9964E-05 0.01192 0.577931 9.9964E-05 9.9964E-05 0.241544 9.9964E-05
9.9946E-05 9.9946E-05 9.9946E-05 9.9946E-05 0.941074 0.0343771 9.9946E-05 9.9946E-05 0.0239493
9.9982E-05 0.13758 0.125539 0.0681288 0.591635 9.9982E-05 0.031143 0.0171825 0.0285916
9.9955E-05 9.9955E-05 0.104785 0.0986201 0.747115 9.9955E-05 9.9955E-05 9.9955E-05 0.0489798
0.0180059 9.998E-05 0.0600039 0.149836 0.500363 9.998E-05 0.0451981 0.158962 0.0674312
0.0943375 0.0345243 9.9982E-05 0.0256766 0.492599 0.112545 9.9982E-05 0.207501 0.0326162
9.998E-05 0.168272 0.0434681 0.168194 0.472147 0.0589497 0.033841 9.998E-05 0.054929
0.0012227 0.0669784 0.023693 0.11047 0.728641 9.9982E-05 0.0438847 9.9982E-05 0.0249107
9.9937E-05 9.9937E-05 9.9937E-05 9.9937E-05 0.883121 0.116179 9.9937E-05 9.9937E-05 9.9937E-05
9.998E-05 0.117268 9.998E-05 0.221524 0.122155 0.135997 0.0955466 0.190818 0.116491
9.9973E-05 0.0262118 0.0275857 0.580569 9.9973E-05 0.047221 9.9973E-05 0.135133 0.18298
0.00845691 0.0359194 9.9955E-05 9.9955E-05 9.9955E-05 0.0828851 9.9955E-05 9.9955E-05 0.872239
9.993E-05 9.993E-05 9.993E-05 9.993E-05 9.993E-05 9.993E-05 9.993E-05 9.993E-05 0.999201
0.0480076 0.0468457 0.0324263 0.0854471 9.9973E-05 9.9973E-05 9.9973E-05 0.362572 0.424401
9.9973E-05 0.042655 0.037085 0.0545551 0.11218 9.9973E-05 0.0168024 9.9973E-05 0.736423
9.9955E-05 0.0622919 9.9955E-05 9.9955E-05 0.0383608 0.195611 9.9955E-05 9.9955E-05 0.703237
9.9964E-05 0.00543005 9.9964E-05 9.9964E-05 0.158501 9.9964E-05 0.243703 0.226461 0.365505
9.997E-05 0.105765 9.997E-05 9.997E-05 0.13212 0.0880276 0.0790544 0.371087 0.223646
9.9964E-05 0.0149178 9.9964E-05 9.9964E-05 0.0675184 0.208492 9.9964E-05 0.448605 0.260067
9.9955E-05 0.00798495 9.9955E-05 0.0920423 9.9955E-05 9.9955E-05 0.0223949 9.9955E-05 0.877078
9.9955E-05 0.0626103 9.9955E-05 0.38509 9.9955E-05 9.9955E-05 9.9955E-05 0.290579 0.261222
9.9964E-05 0.0105418 0.0524234 9.9964E-05 9.9964E-05 9.9964E-05 0.101965 0.229074 0.605596
9.9937E-05 9.9937E-05 9.9937E-05 9.9937E-05 9.9937E-05 0.0292651 9.9937E-05 9.9937E-05 0.970035
9.9964E-05 0.240286 9.9964E-05 0.0909863 0.0298352 9.9964E-05 9.9964E-05 0.487614 0.150879
9.9955E-05 0.0205675 9.9955E-05 0.352038 0.255844 9.9955E-05 9.9955E-05 9.9955E-05 0.37105
