0.00563193 9.9982E-05 9.9982E-05 0.035576 0.0352611 0.653186 0.0653846 0.151019 0.0537413
0.0989423 9.9973E-05 0.701231 0.0230343 9.9973E-05 0.0563464 9.9973E-05 0.0421869 0.0779587
0.813173 9.9946E-05 9.9946E-05 9.9946E-05 0.0196187 9.9946E-05 9.9946E-05 9.9946E-05 0.166608
9.9946E-05 9.9946E-05 9.9946E-05 0.049632 9.9946E-05 0.907342 9.9946E-05 0.042426 9.9946E-05
0.276236 9.9982E-05 0.0497224 0.115247 0.0886113 0.368169 0.0364431 0.0653715 9.9982E-05
9.9955E-05 9.9955E-05 0.171593 0.180387 9.9955E-05 0.587816 9.9955E-05 0.0597046 9.9955E-05
0.40221 9.9964E-05 0.291149 0.108558 9.9964E-05 0.0799287 9.9964E-05 9.9964E-05 0.117754
0.569706 9.9964E-05 0.244882 0.0285517 9.9964E-05 9.9964E-05 0.0529514 9.9964E-05 0.103508
0.33105 9.9946E-05 0.625779 9.9946E-05 9.9946E-05 9.9946E-05 9.9946E-05 9.9946E-05 0.0425721
0.219595 0.127491 9.9973E-05 0.0312593 0.104608 0.433826 9.9973E-05 0.0829215 9.9973E-05
0.286061 0.0343615 0.0681643 9.9982E-05 0.183364 0.233305 9.9982E-05 0.153759 0.0407856
0.438407 9.9982E-05 0.0979947 0.0121227 0.0483945 9.9982E-05 0.0964941 0.114712 0.191675
0.123488 9.9973E-05 0.591651 0.106568 0.00281998 9.9973E-05 0.00264918 0.172524 9.9973E-05
0.415879 9.9946E-05 0.582755 0.000765887 9.9946E-05 9.9946E-05 9.9946E-05 9.9946E-05 9.9946E-05
0.174871 9.9964E-05 0.65488 0.00536145 0.00694032 0.157547 9.9964E-05 9.9964E-05 9.9964E-05
0.0340443 0.197813 0.636465 0.0516588 0.0240403 9.9982E-05 9.9982E-05 0.0217711 0.0340077
9.9955E-05 9.9955E-05 0.144703 9.9955E-05 9.9955E-05 0.110597 9.9955E-05 0.142103 0.602097
9.993E-05 9.993E-05 9.993E-05 9.993E-05 9.993E-05 9.993E-05 9.993E-05 9.993E-05 0.999201
9.993E-05 9.993E-05 9.993E-05 9.993E-05 9.993E-05 9.993E-05 9.993E-05 9.993E-05 0.999201
9.9973E-05 0.259755 0.000278571 9.9973E-05 0.0203454 0.0231535 9.9973E-05 0.0451906 0.650977
0.355975 0.0782362 0.490651 9.9964E-05 9.9964E-05 0.0418905 9.9964E-05 0.0328475 9.9964E-05
0.00213373 0.0871473 0.659143 9.9973E-05 9.9973E-05 0.109613 9.9973E-05 0.0890954 0.0525669
9.9946E-05 9.9946E-05 0.250821 9.9946E-05 0.0315511 9.9946E-05 9.9946E-05 0.717028 9.9946E-05
9.9964E-05 9.9964E-05 0.225289 9.9964E-05 0.00254403 0.338451 0.00273411 0.430581 9.9964E-05
0.0991846 0.134196 0.0751099 9.9991E-05 0.0325619 0.098766 0.0644808 0.489558 0.00604348
0.407008 9.9955E-05 9.9955E-05 9.9955E-05 9.9955E-05 0.416077 0.135083 0.0413314 9.9955E-05
0.0140517 0.0256957 0.00613176 0.0231567 9.9982E-05 0.821785 0.0589978 9.9982E-05 0.049981
0.728594 0.0662568 9.9973E-05 9.9973E-05 0.0229719 0.0177074 0.110353 9.9973E-05 0.0538163
0.0186998 9.9955E-05 0.400751 9.9955E-05 9.9955E-05 0.528264 9.9955E-05 9.9955E-05 0.051785
0.19596 9.9973E-05 0.440489 0.0147044 9.9973E-05 0.246717 0.012581 0.0892493 9.9973E-05
0.270908 9.9964E-05 0.155694 0.0272207 9.9964E-05 0.498968 9.9964E-05 0.0468103 9.9964E-05
0.948646 9.9937E-05 9.9937E-05 9.9937E-05 9.9937E-05 9.9937E-05 9.9937E-05 0.0506545 9.9937E-05
0.0932414 0.0857114 0.445359 0.0311939 9.9973E-05 0.228785 9.9973E-05 0.11541 9.9973E-05
0.0801563 0.0737385 0.220119 0.0519065 9.998E-05 0.414179 0.0511271 0.108574 9.998E-05
9.9946E-05 9.9946E-05 9.9946E-05 9.9946E-05 0.0526041 0.023573 9.9946E-05 0.923223 9.9946E-05
9.9955E-05 0.018336 0.00535652 9.9955E-05 9.9955E-05 0.0899573 9.9955E-05 0.88585 9.9955E-05
9.9955E-05 0.0115418 0.147245 9.9955E-05 9.9955E-05 0.139851 9.9955E-05 0.700863 9.9955E-05
9.9973E-05 0.166038 0.176692 0.0214814 0.0124914 9.9973E-05 0.0258898 0.597108 9.9973E-05
9.9955E-05 0.111559 0.0599994 9.9955E-05 9.9955E-05 0.0115747 9.9955E-05 0.816367 9.9955E-05
9.9946E-05 9.9946E-05 9.9946E-05 0.0309396 9.9946E-05 9.9946E-05 9.9946E-05 0.966311 0.00215023
9.9955E-05 0.00634121 9.9955E-05 0.00643022 9.9955E-05 9.9955E-05 0.0419848 0.944744 9.9955E-05
9.9946E-05 0.066946 9.9946E-05 9.9946E-05 9.9946E-05 0.113165 9.9946E-05 0.81929 9.9946E-05
0.0284835 9.9937E-05 9.9937E-05 9.9937E-05 9.9937E-05 9.9937E-05 9.9937E-05 0.970817 9.9937E-05
9.9937E-05 9.9937E-05 9.9937E-05 9.9937E-05 9.9937E-05 9.9937E-05 9.9937E-05 0.959431 0.0398691
9.99371E-05 9.99371E-05 9.99371E-05 0.00196067 9.99371E-05 9.99371E-05 9.99371E-05 0.99734 9.99371E-05
0.000878408 9.9973E-05 0.0899201 9.9973E-05 0.0429321 0.0920105 9.9973E-05 0.770955 0.00300365
9.9964E-05 9.9964E-05 0.00633 0.0872776 0.0237848 9.9964E-05 9.9964E-05 0.86683 0.015378
9.9946E-05 0.00809968 9.9946E-05 9.9946E-05 9.9946E-05 9.9946E-05 9.9946E-05 0.987204 0.00409666
9.9973E-05 0.0876753 0.156366 0.0191742 0.00266771 0.321478 9.9973E-05 0.412339 9.9973E-05
0.0468173 0.0920366 0.0582145 0.012724 9.9973E-05 0.0925928 9.9973E-05 0.697315 9.9973E-05
9.9955E-05 0.198343 0.116372 0.0378163 9.9955E-05 9.9955E-05 9.9955E-05 0.646969 9.9955E-05
0.0260774 0.000358242 9.9964E-05 9.9964E-05 9.9964E-05 0.0582067 9.9964E-05 0.884029 0.0309289
9.9937E-05 0.207627 9.9937E-05 9.9937E-05 9.9937E-05 9.9937E-05 9.9937E-05 0.791674 9.9937E-05
9.9955E-05 0.117937 9.9955E-05 0.0397853 9.9955E-05 9.9955E-05 0.0485512 0.793226 9.9955E-05
0.012894 9.9937E-05 9.9937E-05 9.9937E-05 9.9937E-05 9.9937E-05 9.9937E-05 0.986406 9.9937E-05
0.00177327 0.0657928 9.9964E-05 9.9964E-05 0.10766 0.254106 9.9964E-05 0.570268 9.9964E-05
0.0213277 9.9955E-05 0.111604 9.9955E-05 9.9955E-05 9.9955E-05 0.005487 0.861081 9.9955E-05
0.270206 0.00558835 9.9964E-05 0.182243 9.9964E-05 9.9964E-05 0.111549 9.9964E-05 0.430014
9.9955E-05 9.9955E-05 0.164047 0.05722 9.9955E-05 0.415345 9.9955E-05 9.9955E-05 0.362888
0.160809 0.0677085 0.348253 9.9973E-05 9.9973E-05 0.0821539 9.9973E-05 0.0279254 0.312851
0.164329 9.9964E-05 9.9964E-05 0.129513 9.9964E-05 0.334904 9.9964E-05 0.00144663 0.369407
0.0721332 0.114595 0.017451 9.9973E-05 9.9973E-05 0.672015 9.9973E-05 0.0565608 0.0669451
0.213252 0.000898501 0.101643 0.0250454 0.0211874 0.20749 9.9982E-05 9.9982E-05 0.430284
0.0913471 0.16026 9.9982E-05 0.0722934 9.9982E-05 0.461049 0.081641 0.0985409 0.0346682
9.9937E-05 9.9937E-05 9.9937E-05 9.9937E-05 9.9937E-05 0.654553 9.9937E-05 9.9937E-05 0.344748
9.9946E-05 9.9946E-05 9.9946E-05 9.9946E-05 9.9946E-05 0.758768 9.9946E-05 0.0119934 0.228639
0.130871 0.213763 9.9964E-05 9.9964E-05 9.9964E-05 0.418935 9.9964E-05 0.0299686 0.206062
0.134985 0.148415 0.468173 9.9964E-05 9.9964E-05 9.9964E-05 9.9964E-05 0.118363 0.129664
0.091479 9.9964E-05 9.9964E-05 0.0522383 9.9964E-05 0.652021 0.0800986 0.123763 9.9964E-05
0.716388 9.9955E-05 9.9955E-05 9.9955E-05 0.0769943 0.196027 9.9955E-05 0.010091 9.9955E-05
0.241156 9.9946E-05 9.9946E-05 9.9946E-05 9.9946E-05 0.700959 9.9946E-05 9.9946E-05 0.0572852
0.0673635 0.0598456 0.750608 9.9964E-05 9.9964E-05 9.9964E-05 9.9964E-05 0.0118916 0.109891
0.606899 9.9955E-05 0.105835 9.9955E-05 9.9955E-05 0.256477 9.9955E-05 9.9955E-05 0.0302896
0.102699 9.9964E-05 0.172719 9.9964E-05 0.0474992 0.570277 9.9964E-05 0.106406 9.9964E-05
0.0987703 9.9955E-05 0.325228 0.101176 9.9955E-05 0.474326 9.9955E-05 9.9955E-05 9.9955E-05
0.999201 9.993E-05 9.993E-05 9.993E-05 9.993E-05 9.993E-05 9.993E-05 9.993E-05 9.993E-05
0.79538 9.9955E-05 0.0303654 0.0500948 9.9955E-05 0.12366 9.9955E-05 9.9955E-05 9.9955E-05
0.462194 0.0613636 9.9946E-05 9.9946E-05 9.9946E-05 0.475842 9.9946E-05 9.9946E-05 9.9946E-05
0.78614 9.9955E-05 0.101182 0.0343918 9.9955E-05 9.9955E-05 0.0777857 9.9955E-05 9.9955E-05
0.354745 9.9937E-05 9.9937E-05 9.9937E-05 9.9937E-05 0.644555 9.9937E-05 9.9937E-05 9.9937E-05
9.9946E-05 9.9946E-05 9.9946E-05 9.9946E-05 9.9946E-05 0.679704 0.301356 0.0183403 9.9946E-05
0.0326097 0.194595 0.639166 9.9964E-05 9.9964E-05 9.9964E-05 0.101384 9.9964E-05 0.0318455
9.993E-05 9.993E-05 9.993E-05 9.993E-05 9.993E-05 9.993E-05 0.999201 9.993E-05 9.993E-05
9.993E-05 9.993E-05 9.993E-05 9.993E-05 9.993E-05 9.993E-05 0.999201 9.993E-05 9.993E-05
9.9982E-05 0.0338544 0.434134 0.0314935 0.0430027 9.9982E-05 0.284378 0.138684 0.0342531
0.00685541 0.282829 0.113074 9.9973E-05 0.358625 0.146096 9.9973E-05 0.0922211 9.9973E-05
9.9946E-05 0.155329 9.9946E-05 9.9946E-05 0.73602 9.9946E-05 9.9946E-05 0.108051 9.9946E-05
9.9973E-05 0.0843633 0.159561 0.141264 0.339344 9.9973E-05 9.9973E-05 0.134026 0.141142
9.9946E-05 0.310211 9.9946E-05 9.9946E-05 0.675433 9.9946E-05 9.9946E-05 9.9946E-05 0.0137563
0.0923572 9.9946E-05 9.9946E-05 9.9946E-05 0.765763 9.9946E-05 0.14128 9.9946E-05 9.9946E-05
9.9946E-05 9.9946E-05 9.9946E-05 0.0548799 0.797822 9.9946E-05 0.146698 9.9946E-05 9.9946E-05
9.9955E-05 9.9955E-05 0.1252 9.9955E-05 0.429874 0.390248 0.0541787 9.9955E-05 9.9955E-05
9.9937E-05 9.9937E-05 9.9937E-05 9.9937E-05 0.851925 0.147375 9.9937E-05 9.9937E-05 9.9937E-05
9.9937E-05 9.9937E-05 9.9937E-05 9.9937E-05 0.766275 9.9937E-05 0.233025 9.9937E-05 9.9937E-05
9.9964E-05 0.00728297 0.267198 9.9964E-05 0.377136 0.339445 9.9964E-05 0.00853911 9.9964E-05
9.9955E-05 9.9955E-05 0.132174 9.9955E-05 0.351216 0.475426 9.9955E-05 0.0406842 9.9955E-05
9.9982E-05 0.0531821 9.9982E-05 0.0208517 0.0926141 0.514843 0.198843 0.0854773 0.0339892
9.9937E-05 9.9937E-05 9.9937E-05 9.9937E-05 9.9937E-05 0.396391 0.60291 9.9937E-05 9.9937E-05
9.9982E-05 9.9982E-05 0.311073 0.000342829 0.0124971 0.223425 0.42063 0.0241164 0.00771507
0.0326902 9.9955E-05 9.9955E-05 9.9955E-05 0.0886488 0.716427 0.161734 9.9955E-05 9.9955E-05
9.9973E-05 9.9973E-05 0.0394766 9.9973E-05 0.0326212 0.531072 0.321054 0.0394272 0.0360487
0.173803 0.209421 0.0961268 0.00268367 9.9982E-05 0.24182 0.109447 0.166499 9.9982E-05
0.150357 9.9964E-05 0.490202 9.9964E-05 0.0639141 0.154104 0.141023 9.9964E-05 9.9964E-05
0.135837 9.9946E-05 9.9946E-05 9.9946E-05 9.9946E-05 0.205172 0.658392 9.9946E-05 9.9946E-05
9.9964E-05 0.094475 0.37708 9.9964E-05 0.116891 0.139837 0.271318 9.9964E-05 9.9964E-05
0.0442098 9.9955E-05 9.9955E-05 9.9955E-05 9.9955E-05 0.101166 0.762472 0.0916526 9.9955E-05
0.00884838 9.9964E-05 0.0864609 9.9964E-05 0.0019736 0.486454 0.415863 9.9964E-05 9.9964E-05
9.9973E-05 0.0391139 0.656472 9.9973E-05 0.07121 9.9973E-05 0.153295 0.0212153 0.0583945
9.9955E-05 0.206222 9.9955E-05 9.9955E-05 0.0969189 0.414008 0.282351 9.9955E-05 9.9955E-05
9.9982E-05 0.141135 0.219118 0.12088 0.0500147 0.26631 9.9982E-05 0.147556 0.0547854
0.00559743 0.0150329 0.217134 0.0906074 0.0688149 0.210674 0.173426 0.170227 0.0484865
9.9955E-05 0.171773 0.505247 9.9955E-05 9.9955E-05 9.9955E-05 9.9955E-05 0.0851996 0.237281
0.278597 0.305074 0.0962021 0.00400372 0.0625725 0.025697 0.0667542 0.160999 9.9991E-05
0.0864508 0.28167 0.392847 0.011736 0.0192212 9.9982E-05 9.9982E-05 0.139134 0.0687418
9.9982E-05 0.227093 0.0712164 0.0557945 0.108277 0.371631 0.0712634 0.0945252 9.9982E-05
9.9955E-05 0.00920503 9.9955E-05 9.9955E-05 9.9955E-05 9.9955E-05 0.5427 0.0326273 0.414968
9.9982E-05 0.138957 0.42324 9.9982E-05 0.0595111 0.262946 0.000634261 0.109849 0.00466309
9.9964E-05 0.0127571 9.9964E-05 0.0395344 0.0871741 9.9964E-05 0.298203 9.9964E-05 0.561931
9.9982E-05 0.209585 0.364768 9.9982E-05 0.0473407 0.292568 0.00925809 0.0474311 0.0288489
9.9937E-05 9.9937E-05 0.280253 9.9937E-05 9.9937E-05 9.9937E-05 0.719047 9.9937E-05 9.9937E-05
9.9937E-05 9.9937E-05 9.9937E-05 0.00624449 9.9937E-05 9.9937E-05 0.993056 9.9937E-05 9.9937E-05
9.9946E-05 9.9946E-05 0.635175 0.00449881 9.9946E-05 9.9946E-05 0.359727 9.9946E-05 9.9946E-05
9.9955E-05 9.9955E-05 0.861634 9.9955E-05 0.0458389 9.9955E-05 0.067161 9.9955E-05 0.0248668
9.9937E-05 9.9937E-05 0.733404 9.9937E-05 9.9937E-05 9.9937E-05 0.265897 9.9937E-05 9.9937E-05
9.9955E-05 9.9955E-05 0.612551 9.9955E-05 0.0299946 0.146193 0.210761 9.9955E-05 9.9955E-05
9.995E-05 9.995E-05 0.71299 9.995E-05 9.995E-05 0.0575553 0.189699 0.0392562 9.995E-05
9.9964E-05 0.627861 0.27227 9.9964E-05 0.0297715 0.00205076 9.9964E-05 0.0676468 9.9964E-05
9.9946E-05 0.326511 9.9946E-05 9.9946E-05 9.9946E-05 0.479076 9.9946E-05 0.193813 9.9946E-05
9.9964E-05 0.74781 0.0527228 9.9964E-05 9.9964E-05 0.0647348 0.0468416 0.0874912 9.9964E-05
9.9973E-05 0.689182 0.0467364 0.0914454 0.0418725 0.116399 9.9973E-05 0.0140652 9.9973E-05
0.00394903 0.45218 0.331062 0.0355284 0.0586706 9.99774E-05 9.99774E-05 0.11831 9.99774E-05
9.9937E-05 0.843736 9.9937E-05 9.9937E-05 9.9937E-05 9.9937E-05 9.9937E-05 9.9937E-05 0.155564
9.9946E-05 0.940087 9.9946E-05 9.9946E-05 9.9946E-05 9.9946E-05 0.0576127 9.9946E-05 0.00170053
0.0408989 0.922162 9.9955E-05 0.0180492 9.9955E-05 9.9955E-05 9.9955E-05 0.0183898 9.9955E-05
0.0937851 0.729203 9.9973E-05 0.0697392 0.0337968 9.9973E-05 0.0160261 0.05715 9.9973E-05
9.9964E-05 0.764406 0.0562765 9.9964E-05 9.9964E-05 0.090728 9.9964E-05 0.0827173 0.00547224
9.9982E-05 0.424821 0.0892254 0.00750084 0.105426 0.350137 9.9982E-05 0.0192723 0.00341783
9.9964E-05 0.750934 9.9964E-05 0.0723383 9.9964E-05 0.162681 0.00043456 0.0132125 9.9964E-05
9.9964E-05 0.468161 9.9964E-05 0.0106031 9.9964E-05 0.460151 0.0226108 0.0380742 9.9964E-05
9.9955E-05 0.833927 9.9955E-05 0.0251447 0.0741014 9.9955E-05 9.9955E-05 0.0663275 9.9955E-05
9.996E-05 0.743168 0.0652361 9.996E-05 0.0401368 9.996E-05 0.0770137 0.0740455 9.996E-05
9.9955E-05 0.735175 9.9955E-05 9.9955E-05 0.0776507 0.17076 9.9955E-05 0.015915 9.9955E-05
9.9946E-05 0.933063 9.9946E-05 0.0143476 9.9946E-05 9.9946E-05 9.9946E-05 9.9946E-05 0.0519899
9.9955E-05 0.416551 0.377136 0.0942602 9.9955E-05 9.9955E-05 9.9955E-05 0.111554 9.9955E-05
0.11807 0.685668 0.126501 9.9964E-05 9.9964E-05 0.0493107 9.9964E-05 9.9964E-05 0.0200512
0.179948 0.668917 0.0992164 0.0149928 9.9964E-05 9.9964E-05 0.036526 9.9964E-05 9.9964E-05
9.9973E-05 0.30504 9.9973E-05 9.9973E-05 0.0760339 0.329351 0.000332888 0.0513236 0.237618
0.0385068 0.660966 0.190904 0.0724975 9.9964E-05 9.9964E-05 9.9964E-05 0.0367253 9.9964E-05
9.9955E-05 0.687685 0.0433787 9.9955E-05 9.9955E-05 0.248514 9.9955E-05 9.9955E-05 0.0199231
9.9955E-05 0.921777 9.9955E-05 0.00366349 9.9955E-05 0.0256513 9.9955E-05 9.9955E-05 0.048408
9.99746E-05 0.225202 0.298637 0.28485 9.99746E-05 0.15146 9.99746E-05 0.00110947 0.0384414
9.9973E-05 0.198797 9.9973E-05 0.163705 0.138098 0.301474 0.0776965 0.119929 9.9973E-05
9.9946E-05 9.9946E-05 9.9946E-05 0.887664 9.9946E-05 9.9946E-05 9.9946E-05 0.0484953 0.0632406
9.993E-05 9.993E-05 9.993E-05 0.999201 9.993E-05 9.993E-05 9.993E-05 9.993E-05 9.993E-05
0.00213297 0.0696107 0.115207 0.43054 0.0671922 0.270551 0.0445662 9.9982E-05 9.9982E-05
0.105045 0.0920917 9.9964E-05 0.735431 9.9964E-05 9.9964E-05 9.9964E-05 0.0376966 0.029336
9.9955E-05 0.044354 9.9955E-05 0.721522 9.9955E-05 9.9955E-05 9.9955E-05 0.0283793 0.205245
0.0338498 0.0852008 0.421682 0.378739 9.9973E-05 0.0478355 9.9973E-05 0.0323925 9.9973E-05
0.0149143 0.184209 9.9982E-05 0.200102 9.9982E-05 0.36971 0.125666 0.0228319 0.082366
0.0426449 0.311692 0.179342 0.350186 9.9973E-05 0.0115004 9.9973E-05 9.9973E-05 0.104334
9.9946E-05 9.9946E-05 0.0707997 0.88011 9.9946E-05 9.9946E-05 9.9946E-05 0.0484903 9.9946E-05
9.9973E-05 0.0182277 0.213388 0.28017 0.0318379 0.328613 9.9973E-05 0.127464 9.9973E-05
0.091881 9.9955E-05 0.164182 0.674522 9.9955E-05 0.0689154 9.9955E-05 9.9955E-05 9.9955E-05
9.993E-05 9.993E-05 9.993E-05 0.999201 9.993E-05 9.993E-05 9.993E-05 9.993E-05 9.993E-05
9.9973E-05 0.221451 0.128647 0.119515 0.0525818 0.395408 9.9973E-05 0.0820975 9.9973E-05
9.9964E-05 0.258992 0.307674 0.335203 0.0512301 9.9964E-05 9.9964E-05 0.0465008 9.9964E-05
