0.0158455 0.0288801 9.9973E-05 0.872275 9.9973E-05 9.9973E-05 0.0826994
9.9964E-05 9.9964E-05 0.0873002 0.910697 9.9964E-05 0.00160308 9.9964E-05
0.031763 0.113319 0.0412157 0.809784 9.9991E-05 0.000548166 0.00326987
0.0484155 0.0534701 9.9973E-05 0.799655 9.9973E-05 9.9973E-05 0.0981596
0.0431825 9.9973E-05 9.9973E-05 0.872388 0.060529 9.9973E-05 0.0236002
0.103452 0.0104056 0.0920851 0.581129 9.9991E-05 0.164305 0.048524
0.0265938 0.00330049 9.9982E-05 0.810743 9.9982E-05 0.0829181 0.0762444
0.0130823 9.9973E-05 9.9973E-05 0.697594 9.9973E-05 0.118044 0.17098
9.99729E-05 9.99729E-05 0.0605092 0.827221 9.99729E-05 0.0220362 0.0899334
0.0700287 0.0675474 0.0209774 0.65826 0.0446323 0.0820787 0.0564758
9.9973E-05 9.9973E-05 0.00657612 0.748375 9.9973E-05 0.10414 0.140609
0.0372901 0.302024 0.233839 9.9982E-05 9.9982E-05 0.0250928 0.401554
0.0070859 0.654576 0.017304 0.0338367 9.9991E-05 0.0341146 0.252982
0.0493983 0.341203 9.9991E-05 0.00577978 0.075954 0.116765 0.4108
0.122228 0.334003 0.0573513 0.072531 0.068394 0.0138689 0.331624
0.148677 0.370436 0.0482794 0.120124 0.0581964 0.0697128 0.184574
0.0386628 0.626742 0.0564684 0.0426507 9.9991E-05 0.0850878 0.150288
0.0619313 0.492784 0.173214 0.0479654 0.0181816 0.0552198 0.150704
0.122005 0.27704 0.148132 0.110107 0.0144987 9.9991E-05 0.328117
0.0806527 9.9982E-05 0.154188 9.9982E-05 0.090232 0.0591319 0.615595
0.0753453 0.448833 0.0828106 0.0308901 0.0462057 0.031528 0.284388
0.0464245 0.449247 0.0583849 9.9991E-05 0.0480611 0.16139 0.236393
9.999E-05 0.575013 0.0483091 0.0451853 0.0412755 0.0314833 0.258633
0.0734102 0.283596 0.196517 9.9991E-05 0.0298391 0.0735191 0.343018
0.0316584 0.578286 0.118354 0.146646 9.9991E-05 0.043557 0.0813987
0.0180269 0.590963 0.00997532 9.9991E-05 0.0324567 0.0764061 0.272072
0.0750643 0.25616 0.144095 9.9982E-05 9.9982E-05 0.0461918 0.478289
0.15376 0.266806 0.12926 0.00820735 9.9991E-05 0.0055173 0.436348
9.9982E-05 0.251705 0.12658 9.9982E-05 0.0575263 0.126349 0.43764
0.0697132 0.0846399 9.9964E-05 0.845247 9.9964E-05 9.9964E-05 9.9964E-05
9.9955E-05 0.155953 9.9955E-05 0.843547 9.9955E-05 9.9955E-05 9.9955E-05
0.0325208 0.174162 9.9964E-05 0.792917 9.9964E-05 9.9964E-05 9.9964E-05
0.124291 0.104007 0.0760665 0.68133 9.9982E-05 9.9982E-05 0.0141059
0.0147865 0.531064 0.213509 0.023025 0.0883526 9.9991E-05 0.129163
0.0799915 0.382982 0.382058 0.133476 0.020618 9.9991E-05 0.000774638
9.9964E-05 0.480527 0.450793 0.0682808 9.9964E-05 9.9964E-05 9.9964E-05
0.030059 0.153524 0.113134 0.0985618 0.0908386 9.9991E-05 0.513782
0.0600274 0.291251 0.562039 0.00321982 0.00247899 0.0808832 9.9991E-05
0.0596866 0.473574 0.193585 0.0869053 9.9982E-05 9.9982E-05 0.186049
0.0243567 0.694513 0.176226 0.0640852 0.0406196 9.9982E-05 9.9982E-05
0.0101775 0.57148 0.168071 0.0532782 0.0455146 0.109185 0.0422938
9.9973E-05 0.748166 0.0649506 0.17563 9.9973E-05 0.0109534 9.9973E-05
9.9982E-05 0.0708602 0.772234 0.0658711 9.9982E-05 0.00986488 0.0809699
0.049899 0.534447 0.136486 0.0371898 9.9991E-05 0.232619 0.00925989
0.0872464 0.50838 0.330804 0.00502999 0.0683392 9.9982E-05 9.9982E-05
0.0536413 0.543395 0.219673 0.108042 9.9982E-05 0.0750489 9.9982E-05
9.9964E-05 0.266039 0.696995 9.9964E-05 0.0365658 9.9964E-05 9.9964E-05
0.0270893 0.587186 0.34088 0.0445455 9.9973E-05 9.9973E-05 9.9973E-05
0.109381 0.569154 0.130151 0.035354 0.0564232 0.0599712 0.0395653
9.9964E-05 9.9964E-05 0.668924 0.0389183 9.9964E-05 0.291758 9.9964E-05
9.9982E-05 0.167923 0.223407 9.9982E-05 0.0763864 0.11377 0.418314
9.9982E-05 0.136693 0.127621 9.9982E-05 0.14826 0.345109 0.242117
0.0965244 0.546434 0.0621545 9.9982E-05 9.9982E-05 0.0518382 0.242849
0.0284356 0.583631 9.9991E-05 0.159738 0.107297 0.0725756 0.0482227
0.0446507 0.558909 0.0768078 0.060504 0.116795 0.0654872 0.0768465
9.9991E-05 0.170461 0.263676 0.110083 0.0286334 0.0772816 0.349765
9.9982E-05 0.650664 0.0152432 9.9982E-05 0.0417267 0.0219632 0.270203
0.164876 0.476121 0.159564 0.0462367 9.9991E-05 0.0824653 0.0706374
9.9991E-05 0.323037 0.18509 0.151063 0.0549422 0.0477219 0.238045
0.00502362 0.161733 0.160287 0.186465 0.00614976 0.191989 0.288353
9.9991E-05 0.604712 0.114497 0.0839331 0.00353703 0.100437 0.0927841
0.0933238 0.314899 0.070096 0.0581133 0.193438 9.9991E-05 0.27003
9.9991E-05 0.0466797 0.213648 0.0258798 0.0444119 0.198723 0.470558
9.9982E-05 0.564802 0.0597622 9.9982E-05 0.11904 0.0954253 0.160771
0.0650021 0.629607 0.0554799 9.9982E-05 0.153226 0.0964859 9.9982E-05
0.0479833 0.523879 0.117713 0.0789525 0.0678099 0.0391929 0.12447
0.0555738 0.254742 0.213138 0.0178644 0.0891049 0.100567 0.269009
0.0601806 0.480748 0.189495 0.0081702 0.0154856 0.0984129 0.147508
0.0397836 0.551226 9.9982E-05 0.0708777 0.154077 9.9982E-05 0.183836
9.9991E-05 0.213425 0.14402 0.0117384 0.136025 0.0762885 0.418404
9.9964E-05 0.582804 0.354214 9.9964E-05 9.9964E-05 9.9964E-05 0.0625821
9.9973E-05 0.20149 0.67541 0.00356628 9.9973E-05 9.9973E-05 0.119234
0.0530893 0.492604 0.245887 0.0235026 9.9991E-05 0.152793 0.0320241
9.9955E-05 9.9955E-05 0.904511 9.9955E-05 9.9955E-05 0.0949893 9.9955E-05
9.9973E-05 9.9973E-05 0.849764 9.9973E-05 0.0299415 0.0984743 0.0215198
9.9964E-05 0.245482 0.697884 9.9964E-05 0.0562341 9.9964E-05 9.9964E-05
0.018223 0.399755 0.491535 9.9973E-05 9.9973E-05 9.9973E-05 0.0901872
0.0592084 0.417454 0.174408 0.230368 0.0334224 9.9991E-05 0.0850392
0.0319088 0.367739 0.521902 0.0457569 9.9982E-05 9.9982E-05 0.0324937
0.041043 0.135427 0.671686 9.9973E-05 9.9973E-05 9.9973E-05 0.151544
9.9973E-05 0.259456 0.507856 0.0323742 9.9973E-05 9.9973E-05 0.200015
9.9982E-05 0.546179 0.269308 0.0763238 0.056885 9.9982E-05 0.0511051
0.0505746 0.215501 0.677797 0.0238811 9.9982E-05 9.9982E-05 0.0320468
9.9982E-05 0.413503 0.439668 0.0879085 9.9982E-05 0.00355004 0.0551698
9.9982E-05 0.319976 0.556425 0.033446 0.0168308 0.0731229 9.9982E-05
9.9964E-05 9.9964E-05 0.760566 9.9964E-05 0.0546156 0.184418 9.9964E-05
0.144018 0.439253 0.310597 0.0132057 0.0473513 9.9991E-05 0.0454759
0.0389126 0.100552 9.9973E-05 0.78224 9.9973E-05 9.9973E-05 0.0779954
9.9955E-05 0.0885426 9.9955E-05 0.910958 9.9955E-05 9.9955E-05 9.9955E-05
0.0212736 0.0953072 9.9964E-05 0.883019 9.9964E-05 9.9964E-05 9.9964E-05
9.9964E-05 0.0716082 9.9964E-05 0.905289 9.9964E-05 0.022703 9.9964E-05
9.9964E-05 0.0635748 0.0509243 0.885101 9.9964E-05 9.9964E-05 9.9964E-05
0.0141365 0.0219903 0.056337 0.902783 0.00455316 9.9982E-05 9.9982E-05
0.0172817 0.0789589 9.9964E-05 0.90336 9.9964E-05 9.9964E-05 9.9964E-05
0.0855377 0.358709 0.275052 0.166774 0.0135334 0.0331057 0.067288
9.9991E-05 0.580825 0.0384206 0.0988807 0.075892 0.123054 0.0828286
9.9982E-05 0.044119 0.822026 0.0100631 0.0345608 9.9982E-05 0.0890306
0.0883002 0.658835 0.144132 9.9973E-05 9.9973E-05 0.108433 9.9973E-05
9.9973E-05 0.419179 0.375109 0.0683528 9.9973E-05 9.9973E-05 0.137059
9.9973E-05 0.510079 0.269979 0.092639 0.127003 9.9973E-05 9.9973E-05
0.000530816 0.534934 0.270162 0.0324699 0.109144 0.0526596 9.9991E-05
0.124614 0.348808 0.481381 9.9973E-05 0.0448963 9.9973E-05 9.9973E-05
9.9973E-05 9.9973E-05 0.713923 0.0521128 0.0759998 9.9973E-05 0.157664
0.129508 0.456604 0.110101 0.0740494 0.0320428 0.064364 0.133331
0.0827486 0.612145 0.163938 0.00777977 0.0355313 0.0821999 0.0156577
0.13648 0.480311 0.102809 0.00391284 9.9991E-05 0.0284307 0.247957
0.0358738 0.209891 0.545042 0.0310273 0.0474764 0.13059 9.9991E-05
9.9973E-05 0.474742 0.415509 0.0262484 0.0832003 9.9973E-05 9.9973E-05
0.000289868 0.471596 0.425054 0.0374839 9.9991E-05 0.00927142 0.0562047
0.115038 0.236773 0.563887 9.9973E-05 0.0840013 9.9973E-05 9.9973E-05
9.9973E-05 0.43106 0.450808 0.0740646 9.9973E-05 9.9973E-05 0.0437674
9.9982E-05 0.561578 0.177051 0.126892 0.0701967 0.0640821 9.9982E-05
9.9991E-05 0.254952 0.140261 0.0239181 0.135684 0.153012 0.292073
9.9982E-05 0.468363 0.0235346 0.159123 9.9982E-05 0.0621957 0.286584
9.9991E-05 0.5811 0.03166 0.124643 0.111839 0.0484962 0.102161
9.9991E-05 0.563204 0.142466 0.0715848 0.0263778 0.08962 0.106648
9.9991E-05 0.501037 0.0559135 0.0436116 0.10422 0.030647 0.264471
9.9982E-05 0.570131 0.0203158 0.0154322 0.0832919 9.9982E-05 0.310629
9.9973E-05 0.422822 9.9973E-05 0.0220241 0.19967 9.9973E-05 0.355184
9.9982E-05 0.474173 0.135716 0.0921073 9.9982E-05 0.141009 0.156795
0.0290572 0.60359 0.0449808 0.0912546 9.9991E-05 0.0937905 0.137227
9.9991E-05 0.597292 0.0970101 0.0915419 0.0129653 0.0460592 0.155032
9.9982E-05 0.529347 0.0856223 9.9982E-05 0.0658993 0.0463524 0.272579
0.0651131 0.64583 0.115005 0.0617577 0.0276416 0.0532848 0.0313681
9.9991E-05 0.516639 0.0798617 0.172813 0.0862312 0.0402388 0.104117
9.9973E-05 0.657499 0.0856131 9.9973E-05 0.0568738 9.9973E-05 0.199714
0.0954076 0.520248 9.9991E-05 0.0716143 0.0930637 0.0845044 0.135062
0.0347955 0.518462 0.0742773 0.0197775 0.0468049 0.090222 0.215661
9.9982E-05 0.428601 9.9982E-05 0.174073 0.128792 0.0874139 0.18092
0.0586374 0.579441 0.114535 9.9991E-05 0.0544692 0.0223499 0.170467
0.0134781 0.687472 9.9982E-05 9.9982E-05 0.102102 0.0722168 0.124531
0.0975625 0.218132 0.190091 9.99933E-05 0.077848 0.012646 0.403621
9.9982E-05 0.235059 0.0294663 9.9982E-05 0.180499 0.218291 0.336484
9.9982E-05 0.562449 0.10369 9.9982E-05 0.109003 0.0784935 0.146164
0.00266737 0.0935593 0.132298 9.9991E-05 0.205322 0.246549 0.319504
9.9991E-05 0.27374 0.0984264 0.0476768 0.166388 0.0085908 0.405078
9.9982E-05 0.484436 0.100366 9.9982E-05 0.0424049 0.0239819 0.348612
9.9982E-05 0.340703 0.164784 0.0505357 0.0281454 9.9982E-05 0.415632
9.9982E-05 0.318886 0.0643145 9.9982E-05 0.156098 0.03057 0.429931
0.0960461 0.594165 9.9991E-05 0.0355826 0.0763853 0.102083 0.0956376
0.119728 0.500248 0.0466788 0.117045 0.0682571 0.101401 0.0466425
0.0323499 0.595789 0.14712 0.0486213 0.0528523 9.9991E-05 0.123168
0.0696223 0.189994 0.127308 9.9982E-05 9.9982E-05 0.288282 0.324594
0.0657188 0.46835 0.0906095 0.177411 0.0198332 0.0125475 0.165531
0.0977372 0.441871 0.0536377 0.00177178 0.163607 0.151265 0.0901103
9.9982E-05 9.9982E-05 0.147107 0.119843 0.215504 0.384101 0.133244
0.00198018 0.607472 0.140545 0.053035 0.0847019 0.0954341 0.0168321
9.9991E-05 0.36218 0.166008 0.10463 0.114253 0.2404 0.0124301
0.166593 0.372905 0.0678948 0.010383 0.132775 0.198 0.05145
0.0306211 0.279791 0.0976931 0.0491874 0.083276 0.35182 0.107612
9.9991E-05 0.192737 0.0884363 0.075811 0.186232 0.298192 0.158491
9.9991E-05 0.459589 0.0659572 0.0402 0.146778 0.199701 0.0876739
0.0753766 0.460989 0.0353774 0.0925807 0.0753047 0.0526839 0.207687
0.055673 0.365769 0.123338 0.119865 0.0704402 0.140053 0.124861
0.144932 0.0385808 0.242793 0.0400975 0.061019 0.35158 0.120998
0.0551544 0.527107 0.0914444 0.0763989 0.0994684 0.0492881 0.101139
9.9982E-05 0.366954 0.231168 9.9982E-05 0.0291731 0.271177 0.101328
9.9982E-05 0.485241 0.189287 9.9982E-05 0.0258544 0.190168 0.10925
0.0392715 0.463472 0.134412 0.140843 0.169263 0.028281 0.0244567
0.247216 0.218786 9.9973E-05 0.29687 9.9973E-05 0.236827 9.9973E-05
0.118513 9.9964E-05 9.9964E-05 0.507014 9.9964E-05 0.374073 9.9964E-05
0.118171 9.9964E-05 9.9964E-05 0.385722 9.9964E-05 0.495707 9.9964E-05
0.324963 0.104494 9.9982E-05 0.326869 9.9982E-05 0.225873 0.0176016
9.9964E-05 0.587963 0.147619 9.9964E-05 9.9964E-05 0.264018 9.9964E-05
0.117566 0.515731 0.147359 0.00110768 0.0474287 0.0592536 0.111554
0.659298 0.306193 0.0341092 9.9964E-05 9.9964E-05 9.9964E-05 9.9964E-05
0.415903 0.304905 0.160303 9.9982E-05 0.0337191 9.9982E-05 0.0849704
0.377999 0.374021 0.0151248 0.0832732 0.0812096 9.9991E-05 0.068272
9.9982E-05 0.341532 0.104501 9.9982E-05 0.155372 0.390082 0.00831308
0.0534122 0.509568 0.0917765 0.0714076 0.112624 0.0946066 0.0666056
9.9973E-05 0.200246 0.0970247 9.9973E-05 0.203698 0.498731 9.9973E-05
9.9982E-05 0.589314 0.0605177 9.9982E-05 0.0646632 0.260409 0.0248961
9.9991E-05 0.464644 0.0755104 0.0509222 0.119555 0.170077 0.119192
0.00598345 0.612208 9.9991E-05 0.00508519 0.0867987 0.246435 0.0433891
9.9973E-05 0.179198 0.160558 9.9973E-05 0.15925 0.500695 9.9973E-05
0.105819 0.602435 0.146128 0.0421684 0.0212149 0.0821346 9.9991E-05
0.0360177 0.617189 0.0837352 0.062454 0.0110178 0.170088 0.0194982
0.943176 9.9955E-05 9.9955E-05 9.9955E-05 0.0563238 9.9955E-05 9.9955E-05
0.889639 0.0795851 9.9973E-05 9.9973E-05 0.021685 9.9973E-05 0.00879049
0.550784 0.270258 0.109993 0.0686653 9.9973E-05 9.9973E-05 9.9973E-05
0.671988 0.306532 9.9964E-05 9.9964E-05 9.9964E-05 9.9964E-05 0.0210805
0.825048 0.148071 9.9973E-05 0.00303207 0.0235487 9.9973E-05 9.9973E-05
0.9994 9.995E-05 9.995E-05 9.995E-05 9.995E-05 9.995E-05 9.995E-05
0.972749 9.9955E-05 9.9955E-05 9.9955E-05 9.9955E-05 9.9955E-05 0.0267516
0.759311 0.240189 9.9955E-05 9.9955E-05 9.9955E-05 9.9955E-05 9.9955E-05
0.958339 0.00427772 9.9964E-05 9.9964E-05 9.9964E-05 9.9964E-05 0.0369837
0.9994 9.995E-05 9.995E-05 9.995E-05 9.995E-05 9.995E-05 9.995E-05
0.9994 9.995E-05 9.995E-05 9.995E-05 9.995E-05 9.995E-05 9.995E-05
0.790421 0.12077 9.9982E-05 9.9982E-05 0.0103511 0.00903952 0.0692187
0.770307 0.117453 9.9982E-05 0.0422231 0.0365165 9.9982E-05 0.0333001
0.996403 9.9955E-05 0.00309741 9.9955E-05 9.9955E-05 9.9955E-05 9.9955E-05
0.402175 0.277478 0.0879094 0.0701549 9.9982E-05 9.9982E-05 0.162083
0.618363 0.227042 0.0124132 0.0768609 9.9982E-05 9.9982E-05 0.0651203
0.727887 0.180018 9.9973E-05 0.0206626 9.9973E-05 9.9973E-05 0.071132
0.858779 0.0598789 0.0149273 9.9982E-05 0.0154699 9.9982E-05 0.0507454
0.995715 0.00378501 9.9955E-05 9.9955E-05 9.9955E-05 9.9955E-05 9.9955E-05
0.863719 0.0937167 9.9973E-05 0.0244464 9.9973E-05 9.9973E-05 0.0178179
0.9994 9.995E-05 9.995E-05 9.995E-05 9.995E-05 9.995E-05 9.995E-05
0.574901 0.299458 9.9973E-05 9.9973E-05 0.0923708 9.9973E-05 0.0329701
0.874852 9.9973E-05 0.096746 0.00278289 9.9973E-05 9.9973E-05 0.0253187
0.064686 9.9982E-05 0.00265357 0.261565 0.0543685 0.616527 9.9982E-05
0.0544608 0.424113 9.9982E-05 0.170842 9.9982E-05 0.214383 0.136
9.9991E-05 0.424781 0.100154 0.256934 0.01543 0.183463 0.0191374
0.0882492 0.171598 0.0488492 0.213548 0.0583975 0.419259 9.9991E-05
0.0849809 0.565096 0.00160162 0.179937 0.0442833 0.124001 9.9991E-05
0.0722707 0.182885 0.069803 0.227429 0.0791739 0.368339 9.9991E-05
9.9991E-05 0.449103 0.0475774 0.193149 0.151941 0.100721 0.0574091
0.173711 0.341653 9.9973E-05 0.115015 9.9973E-05 0.369321 9.9973E-05
0.128333 0.431804 9.9982E-05 0.108452 0.0271685 0.304043 9.9982E-05
0.208844 0.282657 9.9973E-05 0.0498977 9.9973E-05 0.458301 9.9973E-05
0.109571 0.387817 0.125833 0.204888 9.9982E-05 0.171691 9.9982E-05
0.00891028 0.0604598 0.01415 0.80479 9.9991E-05 0.0210501 0.0905402
0.0352699 9.9964E-05 9.9964E-05 0.921106 9.9964E-05 0.0432237 9.9964E-05
9.9982E-05 0.000763356 9.9982E-05 0.95763 0.00563263 0.0232998 0.0124744
9.9973E-05 0.0445663 9.9973E-05 0.947969 0.000187004 9.9973E-05 0.00697823
9.9964E-05 0.0238597 9.9964E-05 0.897109 9.9964E-05 9.9964E-05 0.0786315
0.0664716 9.9964E-05 9.9964E-05 0.880284 0.0528443 9.9964E-05 9.9964E-05
0.106178 9.9964E-05 0.0291005 0.864321 9.9964E-05 9.9964E-05 9.9964E-05
9.9964E-05 9.9964E-05 9.9964E-05 0.900431 0.08529 0.013879 9.9964E-05
9.9973E-05 0.0539405 0.00221378 0.891521 0.0520249 9.9973E-05 9.9973E-05
0.101151 0.00319223 9.9973E-05 0.852184 9.9973E-05 0.0431723 9.9973E-05
0.0001269 9.9982E-05 0.122648 0.610197 0.031765 9.9982E-05 0.235064
9.9964E-05 9.9964E-05 0.0785656 0.606878 9.9964E-05 9.9964E-05 0.314156
9.9982E-05 9.9982E-05 0.0398849 0.537942 0.0381406 0.0677562 0.316077
9.9982E-05 9.9982E-05 0.107917 0.496801 0.0127885 0.059494 0.322799
0.046627 0.479387 0.239416 0.0235372 9.9991E-05 0.00709782 0.203834
0.0741999 0.410009 0.337184 0.0519577 0.116063 9.9991E-05 0.0104863
0.0175743 0.603879 0.177113 0.0115565 9.9982E-05 9.9982E-05 0.189677
9.9982E-05 0.398852 0.212554 0.0595706 0.0591932 9.9982E-05 0.269631
0.0126049 0.157667 0.16216 9.9982E-05 0.0381365 9.9982E-05 0.629232
0.00375418 0.59132 0.263198 0.0973477 0.0441797 9.9982E-05 9.9982E-05
0.038404 0.606024 0.220718 9.9991E-05 0.0381263 0.0110287 0.0855992
0.00903493 0.533603 0.261718 9.9991E-05 0.0479025 0.0431045 0.104538
0.0467714 0.332721 0.564659 9.9982E-05 0.0270203 0.0286292 9.9982E-05
0.0023854 0.659439 0.148696 0.0526483 0.0196178 0.0414084 0.0758056
9.9982E-05 0.409236 0.457158 9.9982E-05 0.0469044 0.000143931 0.0863577
9.9964E-05 9.9964E-05 0.693587 9.9964E-05 0.201786 9.9964E-05 0.104228
9.9991E-05 0.560838 0.100413 0.101904 0.0979131 0.00818875 0.130643
9.9973E-05 0.304006 0.376642 9.9973E-05 0.149477 0.169576 9.9973E-05
9.9982E-05 0.559601 0.300136 9.9982E-05 0.076347 0.0151978 0.0485189
9.9973E-05 0.0888424 0.644875 0.0300638 9.9973E-05 9.9973E-05 0.235919
9.9973E-05 0.0378957 9.9973E-05 0.0756815 9.9973E-05 0.137621 0.748502
9.9982E-05 0.0627272 9.9982E-05 0.0849845 0.0588422 0.0786807 0.714565
9.9964E-05 9.9964E-05 9.9964E-05 0.0667113 0.0965894 9.9964E-05 0.8363
9.9973E-05 9.9973E-05 0.00642794 0.0919618 0.109682 9.9973E-05 0.791629
0.0671269 0.0562414 9.9973E-05 9.9973E-05 9.9973E-05 0.0412045 0.835127
0.0250224 0.107417 9.9982E-05 0.0744021 0.0163818 9.9982E-05 0.776577
9.9955E-05 0.105369 9.9955E-05 0.894131 9.9955E-05 9.9955E-05 9.9955E-05
9.9964E-05 0.133223 9.9964E-05 0.818769 9.9964E-05 9.9964E-05 0.0476072
0.100308 0.153889 9.9964E-05 0.745404 9.9964E-05 9.9964E-05 9.9964E-05
0.104718 0.0657234 9.9973E-05 0.737125 9.9973E-05 9.9973E-05 0.0921339
0.0401078 0.118144 9.9982E-05 0.787846 9.9982E-05 0.0388755 0.0148264
9.9973E-05 9.9973E-05 0.0371058 0.380029 9.9973E-05 0.0450946 0.537471
9.9973E-05 9.9973E-05 0.0765347 0.428399 0.124023 9.9973E-05 0.370743
9.9973E-05 9.9973E-05 0.00657391 0.440778 0.126377 9.9973E-05 0.425971
0.0267782 0.14057 9.9973E-05 0.82403 9.9973E-05 9.9973E-05 0.00832105
9.9973E-05 9.9973E-05 0.103368 0.367156 0.0305376 9.9973E-05 0.498638
0.355601 0.299249 9.9982E-05 0.195637 0.00715257 0.142159 9.9982E-05
0.235835 0.498193 0.0101826 0.12559 0.0195454 0.0413382 0.0693162
0.19888 0.605334 9.9964E-05 0.195387 9.9964E-05 9.9964E-05 9.9964E-05
0.185041 0.327272 0.0422823 0.282253 0.0473007 0.115751 9.9991E-05
0.126021 0.582812 9.9991E-05 0.157307 0.0423291 0.0462785 0.0451534
0.306304 9.9964E-05 9.9964E-05 0.399653 9.9964E-05 0.293644 9.9964E-05
9.9991E-05 0.443009 0.13098 0.00650826 0.0595814 0.00308166 0.35674
0.0249594 0.366392 0.0954809 0.0225759 0.174185 0.110115 0.206291
0.00282409 0.300999 0.0552225 0.0181033 0.0301857 0.0465729 0.546092
9.9982E-05 0.47548 0.0672842 9.9982E-05 0.26262 0.0964278 0.0979885
9.9973E-05 9.9973E-05 0.151918 9.9973E-05 0.376081 0.319655 0.152046
0.0714172 0.484569 0.0904132 9.9991E-05 0.0718112 0.0757514 0.205938
9.9982E-05 0.490904 0.122843 9.9982E-05 0.139173 0.0303727 0.216508
9.9991E-05 0.349842 0.102312 0.00456995 0.0727658 0.0885914 0.381818
0.034413 0.447644 0.182629 0.0870362 0.0102743 0.0308592 0.207144
9.9982E-05 0.135014 0.199943 9.9982E-05 0.0977735 0.321559 0.24551
0.0444656 0.457098 0.0981974 9.9991E-05 0.10193 0.144976 0.153233
0.0243747 0.550719 0.0671251 0.0218264 0.0354208 0.0381469 0.262387
0.269761 0.290925 0.148161 0.125443 9.9991E-05 0.0489413 0.116669
0.0191247 0.36615 0.0396481 9.9991E-05 0.270794 0.0451854 0.258997
0.0183194 0.430437 0.108953 0.0226905 0.149278 9.9991E-05 0.270222
0.089771 0.442351 0.0245926 9.9991E-05 0.201331 0.0823255 0.159528
9.9991E-05 0.557682 0.0158556 0.0161044 0.207388 0.0584982 0.144372
0.0105159 0.690655 0.117098 0.0576853 0.0508586 0.0210108 0.0521771
9.9991E-05 0.511904 0.178932 0.15109 0.0587591 0.00671457 0.0925008
0.0637084 0.524138 0.139283 0.0268413 0.0220575 0.0608682 0.163104
0.0691477 0.144723 9.9973E-05 0.778528 9.9973E-05 0.00730149 9.9973E-05
0.0615222 0.0345792 9.9973E-05 0.811511 0.0920876 9.9973E-05 9.9973E-05
9.9991E-05 0.0771546 0.0742151 0.77061 0.029219 0.0260166 0.0226847
0.0625743 0.023967 0.0356122 0.798509 0.0791379 9.9982E-05 9.9982E-05
0.00638406 0.122258 9.9973E-05 0.849847 0.0212114 9.9973E-05 9.9973E-05
0.0429736 0.172426 0.113115 9.9982E-05 9.9982E-05 0.131706 0.539578
0.123566 0.454861 0.0672101 0.0846946 0.177063 0.00296617 0.0896391
0.155803 0.328306 0.0587972 0.236552 0.0876119 0.0271782 0.105752
0.0807898 0.560781 0.104133 0.0354134 0.00495275 9.9991E-05 0.213831
0.00253872 0.52269 0.0783722 0.0664663 0.134579 9.9991E-05 0.195254
0.0664181 0.290545 9.9982E-05 9.9982E-05 0.123397 0.160943 0.358497
9.9982E-05 0.0317517 0.156005 0.132113 9.9982E-05 0.10374 0.576191
0.0183778 0.52772 0.020971 0.0261326 0.0882541 9.9991E-05 0.318445
0.0898484 0.106031 0.101694 0.0444095 0.159464 0.0133576 0.485196
0.0622312 0.368841 0.131591 0.0517949 0.112549 0.129013 0.14398
9.9991E-05 0.127878 0.0696768 0.11046 0.13935 0.0171197 0.535416
0.0475429 0.580459 9.9982E-05 0.150094 9.9982E-05 0.0301682 0.191535
0.00868599 0.225091 0.0590102 0.0345071 0.0485525 0.0756047 0.548548
0.0395706 0.360605 0.0504145 0.0172956 0.0922483 0.112663 0.327203
0.0117754 0.550008 0.00152671 9.9982E-05 9.9982E-05 0.27588 0.16061
9.9973E-05 0.272814 9.9973E-05 9.9973E-05 0.160338 0.446783 0.119764
9.9982E-05 0.607079 0.084615 0.000783966 9.9982E-05 0.217543 0.0897787
9.9991E-05 0.534587 0.12046 0.0479084 0.113905 0.130966 0.0520728
9.9982E-05 0.343645 0.0633205 9.9982E-05 0.0840233 0.382909 0.125902
0.0639652 0.477583 0.0507501 0.0237514 0.175429 0.164705 0.0438161
9.9982E-05 0.577804 9.9982E-05 0.0047445 0.0935264 0.256795 0.0669307
9.9982E-05 0.0604379 0.128653 9.9982E-05 0.22257 0.487323 0.100816
9.9973E-05 0.241867 0.0838285 9.9973E-05 0.0904077 0.583597 9.9973E-05
9.9991E-05 0.521929 0.0356547 0.0268999 0.0740482 0.286894 0.0544737
9.9982E-05 0.105318 0.215132 9.9982E-05 0.114111 0.424527 0.140711
9.9973E-05 0.487691 0.0917161 9.9973E-05 9.9973E-05 0.357908 0.0623853
9.9982E-05 0.185359 0.180589 9.9982E-05 0.00563193 0.0920265 0.536193
9.9982E-05 0.240494 0.126923 9.9982E-05 0.221329 0.107193 0.303861
0.02458 0.303766 0.235123 0.081855 0.0544451 9.9991E-05 0.300131
0.0394848 0.608165 0.0939045 0.0448915 0.0512379 0.0171957 0.145121
0.00121188 0.308224 0.185639 9.9982E-05 9.9982E-05 0.0449619 0.459763
0.0383438 0.529699 0.0654809 0.108694 0.0795998 0.0760236 0.102159
0.0890174 0.582107 0.043431 0.0268861 9.9982E-05 9.9982E-05 0.258358
0.0276426 0.542092 0.0408004 0.0548621 0.0647304 0.0545092 0.215363
0.0599848 0.531096 0.0835629 9.9982E-05 0.00891926 9.9982E-05 0.316237
0.0966093 0.32428 0.2446 0.029586 9.9982E-05 9.9982E-05 0.304725
0.0834283 0.203915 0.19572 9.9982E-05 0.0187781 9.9982E-05 0.497958
0.117177 0.319547 0.144074 9.9991E-05 0.010827 0.0102959 0.397979
0.0598293 0.570504 0.0787412 9.9991E-05 0.0461734 0.00602683 0.238625
0.0834171 0.535913 0.150753 0.0858458 9.9991E-05 0.0574325 0.0865387
9.9991E-05 0.445109 0.0967957 0.0562923 0.0901677 0.135304 0.176231
0.042446 0.542639 9.9982E-05 9.9982E-05 0.180791 0.034401 0.199522
0.0119027 0.399931 0.00481917 0.000877723 0.00709184 0.0977494 0.477628
9.9982E-05 0.609576 0.0781141 0.0357542 9.9982E-05 0.0546229 0.221733
9.9982E-05 0.526868 0.0756941 0.0500178 0.0860477 9.9982E-05 0.261173
0.0788012 0.535998 0.0684232 0.0655459 0.0327488 0.0777523 0.14073
0.0580127 0.424225 0.0442054 0.343127 9.9991E-05 0.0689285 0.0614012
0.253158 0.479265 0.0645378 0.103414 0.00843593 0.0732526 0.0179364
0.183829 0.440959 0.0834666 0.110623 9.9991E-05 0.14589 0.0351324
0.0892592 0.634107 9.9991E-05 0.0896065 0.0419442 0.0850195 0.0599636
0.208486 0.449549 0.0861192 0.163232 0.0302741 0.0622391 9.9991E-05
9.9973E-05 0.480602 9.9973E-05 9.9973E-05 0.177911 0.193064 0.148122
0.117307 0.510255 0.0536838 0.170986 0.0433939 0.0335927 0.0707811
0.155848 0.0203127 0.13532 0.181513 0.0290856 0.477821 9.9991E-05
0.136681 0.524289 0.00617464 0.028623 9.9991E-05 0.13942 0.164712
0.088996 0.607382 9.9991E-05 0.106276 0.0549444 0.00417413 0.138128
0.222092 0.446298 9.9991E-05 0.0763871 0.150789 0.0511283 0.0532049
0.0818062 0.36962 0.131615 0.160683 9.9991E-05 0.203682 0.0524926
0.185125 0.508421 0.100617 0.0844054 0.0196816 0.101651 9.9991E-05
0.12796 0.548319 9.9982E-05 0.167386 0.070713 0.0854216 9.9982E-05
0.175457 9.9973E-05 9.9973E-05 0.441416 0.00353659 0.37929 9.9973E-05
0.185671 0.43245 9.9982E-05 0.186571 9.9982E-05 0.123144 0.0719638
0.213721 0.472422 9.9982E-05 0.178692 0.0908541 0.0441104 9.9982E-05
0.0874242 0.601882 0.0701922 0.148235 0.0519838 0.0401819 9.9991E-05
0.179095 0.489092 9.9982E-05 0.156141 0.10087 0.0746014 9.9982E-05
0.170056 0.470668 9.9991E-05 0.116265 0.0363407 0.123334 0.0832361
0.0486583 0.449461 0.128831 0.0517025 0.321147 9.9982E-05 9.9982E-05
0.16791 0.42545 0.0194843 0.0825416 0.182636 0.0282164 0.0937623
9.9964E-05 9.9964E-05 0.149688 9.9964E-05 0.837579 9.9964E-05 0.0123335
9.9964E-05 9.9964E-05 9.9964E-05 9.9964E-05 0.921555 0.0295354 0.0485094
0.148827 0.261219 0.240451 9.9982E-05 0.300125 9.9982E-05 0.0491779
0.283376 0.388969 9.9991E-05 0.1105 0.199466 0.00801461 0.00957496
0.330095 0.261735 9.9973E-05 0.116835 0.291035 9.9973E-05 9.9973E-05
0.273485 0.122607 0.0166373 0.223876 0.196617 0.166677 9.9991E-05
0.269617 0.341783 0.00643498 0.180124 0.201841 9.9982E-05 9.9982E-05
0.103616 9.9973E-05 9.9973E-05 0.0493014 0.70305 0.143733 9.9973E-05
0.081626 0.0890184 9.9982E-05 0.0701381 0.736332 0.0226853 9.9982E-05
0.134981 0.470004 0.0420204 9.9982E-05 0.349169 0.00362558 9.9982E-05
0.114806 0.298642 9.9973E-05 0.0519066 0.534346 9.9973E-05 9.9973E-05
0.115042 0.0603895 9.9973E-05 0.0540424 0.770226 9.9973E-05 9.9973E-05
0.192815 0.331692 0.122058 0.0320297 0.321205 9.9982E-05 9.9982E-05
0.141845 0.430115 9.9982E-05 0.0106161 0.355316 9.9982E-05 0.0619068
0.134188 0.448684 9.9991E-05 0.0483306 0.302316 0.0580324 0.00834914
9.9964E-05 0.292804 0.0972239 9.9964E-05 0.609572 9.9964E-05 9.9964E-05
9.9991E-05 0.344468 0.118284 0.0185643 0.46475 0.0237638 0.0300695
0.0250581 0.419586 0.0675094 0.0425321 0.29147 0.128535 0.0253092
9.9982E-05 0.379212 9.9982E-05 0.0682186 0.338406 0.108674 0.105289
0.0875723 0.445954 0.129054 0.0968125 0.0951875 0.0530519 0.092367
9.9964E-05 0.399022 9.9964E-05 9.9964E-05 0.448619 0.151959 9.9964E-05
9.9964E-05 0.120496 9.9964E-05 9.9964E-05 0.797213 9.9964E-05 0.0818919
9.9964E-05 0.553059 9.9964E-05 0.011969 0.434573 9.9964E-05 9.9964E-05
9.9973E-05 0.162489 0.0826382 9.9973E-05 0.724746 9.9973E-05 0.0298271
9.9964E-05 0.409307 9.9964E-05 9.9964E-05 0.583229 0.00706479 9.9964E-05
0.0542259 0.484793 0.0246058 0.0592835 0.349457 9.9991E-05 0.0275347
0.0231629 0.45407 0.116153 0.0345888 0.362858 9.9991E-05 0.00906686
0.0969069 0.512803 0.0346816 0.209606 0.145802 9.9982E-05 9.9982E-05
0.120204 0.394397 0.0782167 0.0695249 0.255898 0.0234615 0.0582976
0.288072 0.312557 9.9991E-05 0.0779832 0.0505724 0.20757 0.0631453
0.211324 0.278156 9.9991E-05 0.173566 0.168638 0.0371151 0.131101
0.127949 0.453861 0.0993445 0.165251 0.0412069 0.0111203 0.101268
0.143114 0.445965 0.0459214 0.180042 0.15965 0.0252083 9.9991E-05
0.098602 9.9973E-05 9.9973E-05 0.177585 0.604318 0.119194 9.9973E-05
0.171719 0.570679 9.9982E-05 0.0723067 0.133285 0.0518109 9.9982E-05
0.095269 9.9973E-05 9.9973E-05 0.339564 0.359095 0.205772 9.9973E-05
0.188344 0.412506 9.9973E-05 0.0710693 0.32778 9.9973E-05 9.9973E-05
9.9973E-05 0.00441574 0.151794 9.9973E-05 0.820969 0.0225213 9.9973E-05
9.9955E-05 9.9955E-05 0.0949631 9.9955E-05 0.904537 9.9955E-05 9.9955E-05
0.0163397 0.430067 0.0233025 9.9982E-05 0.504082 9.9982E-05 0.0260096
9.9964E-05 0.568415 9.9964E-05 0.0615936 0.369592 9.9964E-05 9.9964E-05
9.9964E-05 0.33081 9.9964E-05 9.9964E-05 0.632968 9.9964E-05 0.0358229
9.9964E-05 0.385822 0.0744861 9.9964E-05 0.539292 9.9964E-05 9.9964E-05
9.9955E-05 0.463644 9.9955E-05 9.9955E-05 0.535856 9.9955E-05 9.9955E-05
0.108017 9.9973E-05 9.9973E-05 0.754586 0.104717 0.0323801 9.9973E-05
0.124915 9.9973E-05 9.9973E-05 0.689195 9.9973E-05 0.0257826 0.159807
0.0726675 9.9964E-05 9.9964E-05 0.885901 9.9964E-05 9.9964E-05 0.0410313
9.9955E-05 0.0690662 9.9955E-05 0.930434 9.9955E-05 9.9955E-05 9.9955E-05
0.0369994 0.510923 0.326466 0.0236814 0.0664038 9.9991E-05 0.0354264
9.9973E-05 0.4663 0.475409 0.0286026 9.9973E-05 9.9973E-05 0.0293885
9.9973E-05 0.458071 0.47522 0.0258649 9.9973E-05 9.9973E-05 0.0405442
9.9982E-05 0.646529 0.233243 0.0771924 9.9982E-05 0.0250947 0.0177414
9.9991E-05 0.539633 0.192835 0.110479 0.0144182 0.0792078 0.0633266
0.0378618 0.170773 0.62587 0.0381885 9.9991E-05 0.0737403 0.0534672
0.00748888 0.533636 0.390102 0.0684739 9.9973E-05 9.9973E-05 9.9973E-05
9.9973E-05 0.33745 0.490984 9.9973E-05 0.0143344 0.156932 9.9973E-05
0.0915698 0.514935 9.9982E-05 0.285165 0.0296017 9.9982E-05 0.078529
0.044244 0.369489 0.327992 9.9991E-05 0.0753288 0.0653053 0.117542
9.9964E-05 0.356865 0.520903 9.9964E-05 9.9964E-05 9.9964E-05 0.121833
0.0124484 0.528126 0.357209 9.9973E-05 0.101917 9.9973E-05 9.9973E-05
0.0206683 0.370405 0.403986 0.0250084 0.114403 9.9991E-05 0.0654293
9.9973E-05 0.570576 0.323266 0.00479241 0.101067 9.9973E-05 9.9973E-05
0.00794299 0.57996 0.263541 0.0889826 9.9982E-05 9.9982E-05 0.0593735
9.9973E-05 0.0453013 0.896037 9.9973E-05 0.0136331 0.0447288 9.9973E-05
0.0249831 0.180234 0.563529 9.9982E-05 0.137976 0.0930778 9.9982E-05
9.9982E-05 0.283399 0.62285 0.00732867 0.0451365 9.9982E-05 0.0410864
9.9964E-05 9.9964E-05 0.785648 9.9964E-05 0.0483042 0.165648 9.9964E-05
0.0359035 0.393898 0.408958 0.0507335 0.0352305 9.9991E-05 0.0751762
9.9973E-05 0.0973207 0.552827 9.9973E-05 0.0523893 0.297163 9.9973E-05
9.9964E-05 9.9964E-05 0.744335 9.9964E-05 0.0378378 0.217427 9.9964E-05
0.0369705 0.519775 0.300895 0.0426896 0.0872658 0.012304 9.9991E-05
9.9991E-05 0.221486 0.574073 0.0300972 0.0146508 0.00716735 0.152426
0.0829757 0.346833 0.458988 9.9982E-05 9.9982E-05 0.0374724 0.0735308
0.0539505 0.644046 0.0935235 0.0683298 0.0518391 0.0882114 9.9991E-05
0.00606617 0.482303 0.394075 9.9991E-05 0.00868382 0.0686025 0.0401691
0.00871479 0.442892 0.072054 9.9991E-05 0.0615058 0.185687 0.229046
9.9982E-05 0.563615 0.267387 0.0669271 0.0882636 9.9982E-05 0.0136075
9.9982E-05 0.488641 0.340365 0.0709875 9.9982E-05 0.0191967 0.0806098
9.9973E-05 0.317927 0.614538 9.9973E-05 0.00914593 0.0580895 9.9973E-05
0.0973536 0.379513 0.27177 0.0639123 0.170668 0.0166837 9.9991E-05
0.0209837 9.9973E-05 9.9973E-05 0.579461 9.9973E-05 0.0865074 0.312748
9.9982E-05 0.0262791 0.0941794 0.739607 0.0320401 9.9982E-05 0.107695
9.9973E-05 9.9973E-05 0.0110304 0.785187 9.9973E-05 0.0694688 0.134014
9.9964E-05 9.9964E-05 9.9964E-05 0.813785 0.0627743 9.9964E-05 0.123041
9.9991E-05 0.00513716 0.0179949 0.741705 0.0158473 0.0396313 0.179584
0.0464129 0.0765588 0.71741 0.0664785 9.9982E-05 9.9982E-05 0.0929396
9.9973E-05 0.100831 0.619216 0.0840151 9.9973E-05 9.9973E-05 0.195638
9.9973E-05 0.127078 0.732241 9.9973E-05 0.0937227 0.0466576 9.9973E-05
0.000520398 0.55461 0.14827 0.109217 0.108096 0.0312611 0.0480251
0.026392 0.617178 0.192374 0.059958 0.0477157 0.01106 0.0453225
9.9982E-05 0.259769 0.61718 0.0568815 0.0260167 0.039953 9.9982E-05
0.0250018 0.611373 0.2718 0.00538237 9.9991E-05 0.00669621 0.0796462
0.0956167 0.322313 0.45188 0.0214479 0.0138207 0.0948215 9.9991E-05
9.9973E-05 0.512785 0.370138 9.9973E-05 0.0553336 9.9973E-05 0.0614429
9.9991E-05 0.678945 0.212505 0.0234696 0.00353829 0.0479385 0.0335032
0.0372239 0.27459 0.514532 9.9991E-05 0.0456663 0.00359388 0.124294
9.9964E-05 0.312862 0.556061 9.9964E-05 9.9964E-05 9.9964E-05 0.130677
0.02068 0.31255 0.509591 9.9973E-05 9.9973E-05 9.9973E-05 0.156879
9.9991E-05 0.604229 0.0358242 0.100822 0.00738247 0.178732 0.0729102
9.9973E-05 0.391646 0.566209 0.0163986 9.9973E-05 9.9973E-05 0.0254457
0.00132941 0.457466 0.425383 0.0353152 9.9991E-05 0.0595262 0.02088
0.450126 0.381205 9.9973E-05 0.0469682 9.9973E-05 0.1214 9.9973E-05
0.462092 0.374374 9.9991E-05 0.0508847 0.00482187 0.100953 0.00677517
0.419219 0.419122 9.9982E-05 0.134179 0.0126688 0.0146112 9.9982E-05
0.43225 0.2708 0.0610805 0.0835488 0.0437539 0.108467 9.9991E-05
0.357544 0.454037 9.9982E-05 0.082709 0.0284412 0.0770687 9.9982E-05
9.9964E-05 0.455363 0.315211 9.9964E-05 9.9964E-05 0.229026 9.9964E-05
0.673993 0.0445095 9.9973E-05 0.264697 9.9973E-05 0.0165009 9.9973E-05
0.471003 0.339504 9.9982E-05 0.166673 0.00688365 0.0157367 9.9982E-05
0.077551 0.542316 0.00520978 0.123726 9.9982E-05 0.250997 9.9982E-05
9.9973E-05 0.510957 9.9973E-05 0.132944 9.9973E-05 0.28058 0.0752194
9.9982E-05 0.501352 0.0702996 0.134875 9.9982E-05 0.213215 0.0800584
0.0181993 0.53887 0.0449732 0.0193311 9.9991E-05 0.286773 0.0917535
9.9991E-05 0.546485 0.0958247 0.0527995 0.0956495 0.187025 0.0221167
0.345596 0.398101 0.0351707 0.210123 9.9982E-05 0.0108089 9.9982E-05
0.372401 0.347407 0.0468797 0.215363 0.0177495 9.9982E-05 9.9982E-05
0.448793 0.452 9.9964E-05 0.0988067 9.9964E-05 9.9964E-05 9.9964E-05
0.279731 0.397718 9.9982E-05 0.125411 0.125205 9.9982E-05 0.0717348
0.534416 0.228218 9.9982E-05 0.0877924 9.9982E-05 0.125842 0.0235325
0.301889 0.397346 0.0848897 0.160536 0.0451425 9.9991E-05 0.010097
0.649997 0.155875 0.0212663 0.13087 0.0269224 9.9991E-05 0.0149686
0.445804 0.305486 0.0461598 0.0678964 0.0672192 9.9991E-05 0.0673342
9.9973E-05 0.512292 0.08151 9.9973E-05 9.9973E-05 0.400576 0.00532221
0.320807 0.4227 9.9982E-05 0.0919208 9.9982E-05 0.0495403 0.114832
0.623199 0.169092 9.9973E-05 0.131977 9.9973E-05 0.0754322 9.9973E-05
0.401107 0.316161 0.104942 0.0874666 0.0128753 0.00306979 0.0743792
9.9982E-05 0.247363 0.124376 0.0926561 9.9982E-05 0.308085 0.227319
0.0690322 0.54662 9.9982E-05 9.9982E-05 0.00670462 0.329283 0.0481605
0.267326 0.450758 0.0167565 0.186946 9.9982E-05 0.0780141 9.9982E-05
0.00673959 0.616441 9.9982E-05 0.0960341 9.9982E-05 0.148468 0.132117
9.9982E-05 0.494713 0.00548897 0.134 9.9982E-05 0.288496 0.0771031
0.24612 0.338409 0.100374 0.198459 9.9991E-05 0.0770373 0.0395018
0.247237 0.309557 9.9982E-05 0.250678 0.105648 0.0866801 9.9982E-05
0.122281 0.604384 0.0789783 0.0117481 0.015859 0.0758372 0.0909122
0.423038 0.289842 0.0871045 0.0145446 0.0809076 0.0524178 0.0521458
0.50236 0.349646 0.00202827 0.0476853 0.0690907 0.0290896 9.9991E-05
0.554791 0.186937 9.9973E-05 0.192436 9.9973E-05 0.0655351 9.9973E-05
0.0107157 0.593634 0.0881789 0.101071 0.187729 0.0185712 9.9991E-05
9.9982E-05 0.515359 0.052785 0.0674114 9.9982E-05 0.213317 0.150928
9.9982E-05 0.240343 9.9982E-05 0.0669824 0.0335262 0.634587 0.0243617
0.105877 0.557056 0.073411 0.107622 9.9991E-05 0.0520719 0.103862
9.9991E-05 0.477272 0.0142874 0.0720324 0.0666924 0.138126 0.23149
0.100144 0.435021 0.0754632 0.165804 9.9991E-05 0.214638 0.0088299
0.137672 0.441617 9.9991E-05 0.113483 0.147159 0.0598739 0.100094
0.159235 9.9964E-05 9.9964E-05 0.223708 9.9964E-05 0.616657 9.9964E-05
0.0907536 9.9964E-05 9.9964E-05 0.202552 9.9964E-05 0.706295 9.9964E-05
0.00908628 0.410329 9.9982E-05 0.151932 0.0396692 0.388784 9.9982E-05
0.186833 0.038268 0.033602 0.255965 9.9982E-05 0.485132 9.9982E-05
0.178216 9.9964E-05 9.9964E-05 0.331976 9.9964E-05 0.489407 9.9964E-05
0.103343 0.366039 0.0851175 0.146842 0.132278 0.166279 9.9991E-05
0.0642715 0.509035 9.9982E-05 0.191657 0.00993061 0.224905 9.9982E-05
0.164317 0.231048 0.0142209 0.235551 0.0370016 0.313146 0.00471543
0.130538 0.105644 9.9973E-05 0.233963 9.9973E-05 0.529556 9.9973E-05
0.0457357 0.591484 0.0105451 0.130044 0.042457 0.179635 9.9991E-05
0.0912339 0.14289 0.123303 0.186059 0.0238133 0.432601 9.9991E-05
0.0305926 9.9964E-05 9.9964E-05 0.342278 9.9964E-05 0.626729 9.9964E-05
0.252069 0.471868 9.9991E-05 0.0317578 0.0582453 0.0713444 0.114616
0.188103 0.385349 9.9991E-05 0.152936 0.0219183 0.208292 0.0433015
0.110835 0.435426 0.00221875 0.346307 9.9991E-05 0.0609744 0.0441386
0.266557 0.546209 9.9964E-05 0.186834 9.9964E-05 9.9964E-05 9.9964E-05
0.130788 0.524402 0.0162715 0.213122 0.00901955 0.106297 9.9991E-05
0.234333 0.475689 9.9982E-05 0.118559 0.0952254 0.0759936 9.9982E-05
0.191437 0.323394 0.0439838 0.360683 9.9991E-05 0.0338866 0.0465155
0.116033 0.632721 9.9973E-05 0.200052 9.9973E-05 9.9973E-05 0.0508944
0.238571 0.429918 0.0702078 0.245672 9.9982E-05 9.9982E-05 0.0154311
0.200857 0.321698 0.0263945 0.231986 9.9991E-05 0.190165 0.0287995
0.0929188 0.333856 0.242057 0.133955 9.9991E-05 0.102039 0.0950734
0.113887 0.537873 0.104778 0.160883 0.0233673 0.0261963 0.033015
0.102864 0.605201 0.04862 0.138287 0.0214028 0.0832491 0.000375512
9.9991E-05 0.608036 0.0841727 0.124639 0.120953 0.00801892 0.0540804
0.251047 0.409907 9.9973E-05 0.249405 9.9973E-05 0.0893411 9.9973E-05
0.201411 0.451633 0.0796 0.208774 0.0370581 9.9991E-05 0.0214242
0.169685 0.183675 0.0143834 0.349739 9.9982E-05 0.282318 9.9982E-05
0.279485 0.483884 0.0441569 0.171196 0.00594178 0.015237 9.9991E-05
0.261046 0.265881 9.9982E-05 0.276552 0.00209649 0.194224 9.9982E-05
9.9982E-05 9.9982E-05 0.0516161 0.779108 0.0399585 0.0373268 0.0917911
0.013609 0.125275 9.9982E-05 0.0751209 9.9982E-05 0.0118908 0.773904
9.9964E-05 9.9964E-05 9.9964E-05 0.0363994 0.00534196 9.9964E-05 0.957859
9.9955E-05 9.9955E-05 9.9955E-05 0.00338913 9.9955E-05 9.9955E-05 0.996111
0.00767613 9.9955E-05 9.9955E-05 9.9955E-05 9.9955E-05 9.9955E-05 0.991824
0.0273992 0.00574602 9.9964E-05 9.9964E-05 9.9964E-05 9.9964E-05 0.966455
9.9955E-05 0.0559625 9.9955E-05 9.9955E-05 9.9955E-05 9.9955E-05 0.943538
9.995E-05 9.995E-05 9.995E-05 9.995E-05 9.995E-05 9.995E-05 0.9994
9.9964E-05 0.000427652 9.9964E-05 0.208318 9.9964E-05 9.9964E-05 0.790854
0.0189895 0.0277425 9.9982E-05 0.895728 9.9982E-05 0.028318 0.0290216
0.00700777 0.0259169 0.0148228 0.809938 0.0160296 9.9991E-05 0.126185
0.0645977 0.0176847 9.9982E-05 0.879573 9.9982E-05 0.0174709 0.0204734
9.9982E-05 0.0202351 9.9982E-05 0.816419 0.0353032 0.0198345 0.108008
0.0713987 9.9964E-05 0.0451169 0.883085 9.9964E-05 9.9964E-05 9.9964E-05
9.9964E-05 0.0238958 9.9964E-05 0.899096 9.9964E-05 9.9964E-05 0.0766084
0.124853 0.0486268 9.9982E-05 0.753647 0.0435564 9.9982E-05 0.0291168
0.0941593 9.9973E-05 9.9973E-05 0.852286 0.0374631 0.0157912 9.9973E-05
0.120268 0.0173848 9.9982E-05 0.669597 0.0428214 9.9982E-05 0.149729
0.0824282 9.9982E-05 0.0198439 0.887625 0.00758135 9.9982E-05 0.00232139
9.9973E-05 9.9973E-05 0.00620036 0.930785 0.0439762 9.9973E-05 0.018739
0.0769192 9.9982E-05 0.014881 0.830817 0.046585 9.9982E-05 0.0305979
9.9973E-05 0.0243817 9.9973E-05 0.92376 9.9973E-05 0.0504722 0.00108657
0.038576 0.0498004 9.9973E-05 0.910129 9.9973E-05 0.00119461 9.9973E-05
0.0056759 0.102173 0.034185 0.857666 9.9973E-05 9.9973E-05 9.9973E-05
9.9955E-05 0.137306 9.9955E-05 0.862194 9.9955E-05 9.9955E-05 9.9955E-05
0.116668 0.109749 9.9964E-05 0.773183 9.9964E-05 9.9964E-05 9.9964E-05
0.057143 0.180154 9.9964E-05 0.762303 9.9964E-05 9.9964E-05 9.9964E-05
0.0395148 0.140512 9.9964E-05 0.819573 9.9964E-05 9.9964E-05 9.9964E-05
0.00999671 0.406045 0.110755 0.137632 0.0329085 0.233889 0.0687734
9.9991E-05 0.662699 0.080799 0.0791088 0.0150421 0.119627 0.042624
0.0678173 0.487465 0.102056 0.118451 0.146772 0.0450293 0.0324102
9.9982E-05 0.143294 0.0633333 9.9982E-05 0.0859934 0.704188 0.00299136
9.9982E-05 0.586431 9.9982E-05 0.0813248 0.0186723 0.169442 0.14393
9.9964E-05 0.166949 9.9964E-05 0.0571234 9.9964E-05 0.775528 9.9964E-05
9.9973E-05 0.709075 9.9973E-05 0.042467 9.9973E-05 0.201424 0.0467344
9.9982E-05 0.392843 0.0883544 0.0241775 9.9982E-05 0.329042 0.165383
9.9982E-05 0.490689 0.0583065 0.0172468 9.9982E-05 0.310635 0.122923
9.9982E-05 0.512768 0.341885 0.0824432 0.0546463 9.9982E-05 0.00805748
9.9973E-05 0.485331 9.9973E-05 0.0179934 9.9973E-05 0.364552 0.131823
0.0265265 0.631187 0.0282007 9.9991E-05 0.0721136 0.224742 0.0171298
0.0271849 0.604821 0.00721279 9.9982E-05 9.9982E-05 0.229953 0.130628
0.0462499 0.0353719 0.232755 9.9991E-05 0.0451797 0.184666 0.455678
9.9973E-05 9.9973E-05 0.0559302 9.9973E-05 0.0807356 0.765751 0.0972832
9.9964E-05 0.19075 9.9964E-05 9.9964E-05 9.9964E-05 0.751553 0.0572974
0.0952565 0.602102 9.9982E-05 0.0290938 9.9982E-05 0.174845 0.0985022
9.9982E-05 0.548805 0.00847116 0.0484343 9.9982E-05 0.339597 0.0544925
9.9982E-05 0.483569 0.0564905 0.119033 9.9982E-05 0.311565 0.0291425
0.0389236 0.57032 0.122294 0.00666354 0.0366871 0.225012 9.9991E-05
