0.0851277 9.9982E-05 0.031184 0.0242857 0.0176847 0.841518 9.9982E-05
9.9964E-05 9.9964E-05 0.0339919 9.9964E-05 0.025695 0.939913 9.9964E-05
0.059149 9.9982E-05 9.9982E-05 0.0708707 0.0511369 0.746377 0.0722667
0.0784256 9.9982E-05 9.9982E-05 0.0823155 0.117622 0.690537 0.0309001
0.001508 9.9973E-05 9.9973E-05 0.0474432 9.9973E-05 0.880798 0.0699508
9.999E-05 0.137639 0.0512519 0.0135129 0.0669551 0.664032 0.0665094
0.0480666 0.0828981 9.9973E-05 9.9973E-05 0.0172291 0.851506 9.9973E-05
0.0361151 0.115828 9.9982E-05 9.9982E-05 0.0954581 0.742013 0.0103857
0.0415023 0.0477399 0.0175349 9.9982E-05 0.0651937 0.827829 9.9982E-05
0.0048848 0.0981726 9.9982E-05 9.9982E-05 0.0394877 0.717197 0.140058
9.9973E-05 0.0848808 9.9973E-05 9.9973E-05 0.140873 0.754048 0.0198985
9.9982E-05 0.04256 0.108222 0.0702831 0.478181 9.9982E-05 0.300553
0.0193817 9.9982E-05 0.142103 0.0117159 0.263826 9.9982E-05 0.562774
0.00864935 0.212722 0.0325153 0.0772913 0.46793 0.00823337 0.192659
9.9982E-05 0.0677282 9.9982E-05 0.0969404 0.366455 0.0686246 0.400051
9.999E-05 0.0922894 0.0395923 0.12998 0.274349 0.0837012 0.379989
0.0300572 0.0294233 0.0778436 0.0761521 0.143654 0.0702572 0.572613
0.00518462 0.0477534 0.14396 0.117202 0.276983 9.9991E-05 0.408816
0.0431477 0.0296842 0.0997941 0.0650504 0.343329 0.107274 0.311721
0.0241361 0.201704 0.0743952 0.0938111 0.593926 0.00372616 0.00830179
0.0488901 0.162854 0.167831 0.132219 0.142959 9.9991E-05 0.345146
0.0641416 0.223984 9.9982E-05 0.0439783 0.206351 9.9982E-05 0.461346
0.0293681 0.108838 0.123302 9.9991E-05 0.145126 0.0453228 0.547942
0.0278819 0.0930279 0.0980963 0.115861 0.379137 9.9991E-05 0.285897
0.0760481 0.123927 0.0792971 0.0774833 0.0086089 9.9991E-05 0.634535
0.0767903 0.0705734 9.9991E-05 0.0783458 0.262731 0.0165599 0.4949
0.0605631 0.0304465 0.193919 0.0748664 0.486329 9.9991E-05 0.153777
9.9982E-05 0.0829901 0.135857 0.224057 0.428854 9.9982E-05 0.128042
9.9973E-05 0.187097 0.0927399 9.9973E-05 0.474594 9.9973E-05 0.245269
0.9994 9.995E-05 9.995E-05 9.995E-05 9.995E-05 9.995E-05 9.995E-05
0.9994 9.995E-05 9.995E-05 9.995E-05 9.995E-05 9.995E-05 9.995E-05
0.353269 9.9982E-05 0.0566846 0.01651 9.9982E-05 0.517855 0.0554818
0.27246 9.9982E-05 0.103051 0.123462 9.9982E-05 0.490217 0.0106109
0.00735234 0.0700467 0.141759 0.0011062 0.163723 0.0593214 0.556691
9.9982E-05 9.9982E-05 0.394779 0.0498021 0.0346956 0.124965 0.395559
9.9964E-05 0.00678441 0.433233 9.9964E-05 9.9964E-05 9.9964E-05 0.559583
0.0190581 9.9991E-05 0.167463 0.0378385 0.606359 0.0476048 0.121577
0.0212028 0.133572 0.566308 0.0586725 9.9982E-05 9.9982E-05 0.220044
0.0612073 0.0169332 0.220922 0.082729 0.13113 9.9991E-05 0.486979
9.9982E-05 0.0432555 0.181227 0.0381857 9.9982E-05 0.0450213 0.692111
9.9982E-05 0.0604846 0.134439 9.9982E-05 0.0831268 0.142207 0.579542
0.0429356 9.9991E-05 0.136411 0.0569492 0.0602309 0.138486 0.564888
0.0321148 9.9982E-05 0.68702 9.9982E-05 0.169642 0.0394578 0.0715653
0.0115158 0.0973738 0.0919641 0.0186069 0.0642043 0.0671088 0.649226
0.0155871 0.0099871 0.347382 9.9982E-05 9.9982E-05 0.0900523 0.536791
0.013042 9.9991E-05 0.269871 0.131942 0.018286 0.138803 0.427956
9.9964E-05 0.0360021 0.677575 9.9964E-05 9.9964E-05 9.9964E-05 0.286023
9.9973E-05 9.9973E-05 0.381602 0.163587 9.9973E-05 0.0102014 0.44431
0.0742511 0.0160447 0.258826 0.0656071 0.0658143 0.0602707 0.459186
9.9964E-05 0.300217 0.61745 9.9964E-05 9.9964E-05 0.0819332 9.9964E-05
9.9973E-05 0.144516 0.230486 9.9973E-05 0.415473 9.9973E-05 0.209225
9.9982E-05 0.484374 0.101186 0.0215301 0.227443 9.9982E-05 0.165267
0.0870594 0.102357 0.0861724 0.0681932 0.146514 0.0163543 0.493349
0.0372242 0.106756 0.0581494 9.9991E-05 0.0261698 0.070937 0.700663
0.00284635 0.0867378 0.0078433 0.129449 0.121736 0.100374 0.551013
0.0306081 0.103586 0.204708 9.9991E-05 0.406689 0.0713563 0.182952
0.0420448 0.0812731 0.0295555 9.9982E-05 0.239415 9.9982E-05 0.607512
9.9991E-05 0.110238 0.064178 0.124566 0.182712 0.0923284 0.425877
0.0315823 0.113241 0.178391 9.9991E-05 0.211346 0.0943477 0.370992
0.0253093 0.249734 0.0535055 0.0374711 0.404116 0.146409 0.0834549
0.128552 0.0993288 0.199671 0.029137 0.0169479 9.9991E-05 0.526263
0.0224402 0.0814271 0.090823 0.0590134 0.327501 0.0550062 0.363789
0.0376647 0.229148 0.126129 9.9982E-05 0.526057 9.9982E-05 0.0808012
9.9982E-05 0.10959 0.0523901 0.0374897 0.253829 9.9982E-05 0.5465
9.9982E-05 0.15903 9.9982E-05 0.0691724 0.0292735 0.0202597 0.722064
0.0151508 0.126743 9.9982E-05 9.9982E-05 0.105365 0.101599 0.650942
9.9991E-05 0.127119 0.224364 0.0334063 0.241181 0.0348979 0.338932
0.00688933 0.236101 0.00312568 0.0338067 0.204766 0.00115069 0.51416
0.0913952 0.0861178 0.0208748 9.9982E-05 0.162057 9.9982E-05 0.639356
0.0321441 0.274089 0.12019 9.9982E-05 0.365295 9.9982E-05 0.208082
9.9964E-05 9.9964E-05 0.516401 9.9964E-05 0.00390369 9.9964E-05 0.479295
0.0293054 9.9973E-05 0.730322 9.9973E-05 0.125832 9.9973E-05 0.114241
0.0140699 0.0492935 0.208267 0.136034 0.0920608 0.0966153 0.40366
9.9955E-05 0.144215 0.855285 9.9955E-05 9.9955E-05 9.9955E-05 9.9955E-05
9.9964E-05 0.211586 0.780719 9.9964E-05 0.00729599 9.9964E-05 9.9964E-05
9.9955E-05 9.9955E-05 0.787675 9.9955E-05 9.9955E-05 9.9955E-05 0.211825
0.0238778 9.9982E-05 0.590238 9.9982E-05 0.00835964 0.0528408 0.324484
9.9982E-05 9.9982E-05 0.19999 0.121839 0.0742084 0.0988388 0.504923
0.020133 0.0392482 0.431569 0.0805781 0.0826225 9.9991E-05 0.34575
0.0132025 9.9991E-05 0.683384 0.0501986 0.197538 0.00943349 0.046143
0.0282008 9.9991E-05 0.49615 0.0186596 0.275456 0.0140156 0.167418
0.0346958 9.9991E-05 0.214372 0.0788325 0.0667823 0.0802698 0.524948
0.00173562 0.0176131 0.636045 0.0504297 0.0475949 0.0674719 0.17911
9.9973E-05 9.9973E-05 0.446302 9.9973E-05 0.0332472 0.107634 0.412518
0.00377829 0.116556 0.505149 9.9973E-05 9.9973E-05 9.9973E-05 0.374216
9.9964E-05 0.316966 0.663096 9.9964E-05 9.9964E-05 0.019538 9.9964E-05
0.0571678 9.9982E-05 0.351478 0.0684365 0.0218938 9.9982E-05 0.500824
0.0404635 9.9982E-05 9.9982E-05 0.0435739 0.108246 0.728958 0.0785585
0.123827 9.9973E-05 9.9973E-05 0.0134114 9.9973E-05 0.773751 0.0887101
0.129415 9.9973E-05 9.9973E-05 0.0421786 9.9973E-05 0.741002 0.0871051
0.114405 0.0365317 9.9973E-05 9.9973E-05 9.9973E-05 0.797583 0.0511807
0.118794 9.9982E-05 0.0188293 0.00614027 9.9982E-05 0.770935 0.0851018
0.0784629 0.0130602 0.0583629 0.0476688 0.00808639 0.780388 0.0139704
0.086635 9.9964E-05 9.9964E-05 9.9964E-05 9.9964E-05 0.848389 0.0645766
0.0130845 9.9991E-05 0.234421 0.0816391 0.169417 0.0081557 0.493183
0.00726633 9.9991E-05 0.247787 0.0923456 0.0873275 0.107988 0.457186
9.9973E-05 0.0030197 0.856595 9.9973E-05 0.0635981 0.0764873 9.9973E-05
0.00406333 9.9991E-05 0.122486 0.066621 0.116222 0.121015 0.569493
0.000790582 9.9991E-05 0.421249 0.0270836 0.110465 0.0132878 0.427024
0.0290415 9.9982E-05 0.384931 0.00383246 9.9982E-05 0.0545997 0.527396
0.0565289 0.155361 0.233734 0.0234192 9.9982E-05 9.9982E-05 0.530757
9.9973E-05 9.9973E-05 0.571817 0.0838159 9.9973E-05 0.0147718 0.329296
9.9973E-05 0.0278832 0.69835 9.9973E-05 0.201583 0.0718841 9.9973E-05
0.0460256 0.090853 0.144991 0.0705128 0.0264986 0.0946146 0.526505
9.9982E-05 0.0160578 0.197887 9.9982E-05 0.016249 0.147663 0.621943
0.0488929 0.0420366 0.187335 0.0849872 0.134047 9.9991E-05 0.502601
0.00326555 0.204413 0.535201 0.0646957 9.9982E-05 9.9982E-05 0.192225
0.0124367 0.013799 0.458879 0.0177553 9.9991E-05 0.012382 0.484648
0.00581297 0.0120181 0.427905 9.9982E-05 0.159382 9.9982E-05 0.394682
9.9964E-05 9.9964E-05 0.701662 0.131675 9.9964E-05 9.9964E-05 0.166264
0.00669068 9.9982E-05 0.444707 9.9982E-05 0.0624241 0.130294 0.355684
9.9982E-05 9.9982E-05 0.224965 0.0654241 0.0265115 0.160394 0.522505
0.0380851 0.216542 0.130839 9.9991E-05 0.301634 0.0141702 0.29863
0.0725938 0.0195621 9.9991E-05 0.0727575 0.383796 0.0493128 0.401878
0.0863006 0.0535289 0.101333 9.9991E-05 0.148736 0.022501 0.587501
0.0496525 9.9991E-05 0.222229 0.0794954 0.0982545 0.0674843 0.482785
0.0519093 0.00357006 9.9982E-05 9.9982E-05 0.340717 0.040584 0.56302
9.9991E-05 0.0593368 0.0497946 0.0747017 0.257936 0.0551362 0.502995
9.9973E-05 0.0229639 0.0413153 9.9973E-05 0.411412 9.9973E-05 0.524009
0.0240444 0.0743768 0.105092 0.00886406 0.173725 0.00776906 0.606129
0.0210834 0.0497844 0.119515 0.111937 0.142719 0.0535462 0.501415
0.07733 0.080884 0.0691386 9.9982E-05 0.200797 9.9982E-05 0.571651
0.0171187 0.0525809 0.0374129 9.9982E-05 0.334994 9.9982E-05 0.557694
9.9982E-05 0.102837 9.9982E-05 0.0728109 0.104347 0.0324305 0.687375
0.0223412 0.112111 9.9991E-05 0.0765545 0.0963722 0.0845873 0.607933
9.9982E-05 0.00857856 0.0894239 0.0703096 0.206837 9.9982E-05 0.624651
0.0856949 0.122252 9.9991E-05 0.0337311 0.141782 0.0217353 0.594705
0.0288377 0.0935096 0.04857 0.114839 0.188082 0.021308 0.504854
0.0457125 0.176586 9.9982E-05 9.9982E-05 0.255464 0.0502382 0.4718
9.9982E-05 0.012163 0.0176267 9.9982E-05 0.178178 0.0949802 0.696852
9.9973E-05 9.9973E-05 9.9973E-05 0.00239597 0.1478 0.0866167 0.762887
9.9991E-05 0.0542102 0.208567 0.0860931 0.427479 0.0178098 0.205741
9.9982E-05 0.392926 0.0301607 9.9982E-05 0.290892 0.0104476 0.275374
9.9982E-05 9.9982E-05 0.102418 0.133341 0.261877 0.0418963 0.460267
9.9982E-05 0.391433 0.138181 0.0658691 0.303262 9.9982E-05 0.101055
9.9982E-05 0.114668 0.143126 9.9982E-05 0.433076 0.0214356 0.287494
9.9973E-05 0.0100165 0.172672 9.9973E-05 0.293695 9.9973E-05 0.523317
0.0494017 9.9982E-05 0.238737 9.9982E-05 0.392236 0.000319043 0.319106
9.9973E-05 0.119422 0.0648189 9.9973E-05 0.490826 9.9973E-05 0.324633
0.0544225 0.0376301 0.150489 0.0357214 0.0565904 0.076376 0.58877
0.0172917 0.151659 0.0498082 0.0978624 9.9991E-05 0.0893264 0.593952
0.100797 0.0793401 0.120272 0.0778547 0.199061 9.9991E-05 0.422575
9.9982E-05 0.334691 0.036514 0.0324494 0.374955 9.9982E-05 0.221191
0.0132295 0.0982926 0.0363572 9.9991E-05 0.0577414 0.195625 0.598654
0.0126156 0.318944 0.00341825 0.0210232 0.0721573 0.0119759 0.559866
9.9982E-05 0.623099 0.120103 9.9982E-05 0.0845651 0.168998 0.00303548
0.0668317 0.0377701 0.0191292 0.0548139 0.102 0.0999456 0.619509
0.00585942 0.27051 0.195962 0.0573805 0.0973487 0.0617455 0.311193
0.0210334 0.182672 0.112761 0.11703 0.0906375 0.0570571 0.418809
0.025517 0.395244 0.13317 0.0307057 0.0971653 0.0681589 0.250039
0.0218799 0.485958 0.0435925 9.9991E-05 0.104853 0.0843512 0.259264
0.0047308 0.292763 0.0965934 9.9991E-05 0.136092 0.0100338 0.459688
0.00230858 0.210931 0.0321298 0.156619 0.0717295 0.0711554 0.455126
0.0182175 0.151367 0.108585 0.0216065 0.125682 0.110882 0.46366
9.9982E-05 0.479082 0.231319 0.149732 0.061338 0.0783296 9.9982E-05
9.9991E-05 0.160548 0.132097 0.0634079 0.0941128 0.06329 0.486444
9.9973E-05 0.349819 0.245717 9.9973E-05 0.0866412 9.9973E-05 0.317523
9.9982E-05 0.262811 0.0724358 9.9982E-05 0.129224 0.0509465 0.484383
0.0836132 0.0977077 0.0522858 0.0230277 0.0570734 0.0606681 0.625624
0.0595959 0.322749 9.9982E-05 0.281294 9.9982E-05 0.236809 0.0993526
0.00964873 0.331181 9.9973E-05 0.144241 9.9973E-05 0.514629 9.9973E-05
0.0145512 0.397678 9.9973E-05 0.131459 9.9973E-05 0.456012 9.9973E-05
9.9982E-05 0.181321 9.9982E-05 0.383379 0.0187538 0.402659 0.0136863
9.9964E-05 0.249862 0.0560296 9.9964E-05 9.9964E-05 9.9964E-05 0.693709
0.114679 0.0983608 0.0736431 9.9982E-05 9.9982E-05 0.0924661 0.620651
0.00667839 9.9982E-05 0.0528085 0.730223 0.0370686 9.9982E-05 0.173021
0.0331502 9.9991E-05 0.162113 0.39968 0.0492957 0.0556075 0.300054
9.9991E-05 0.00613643 0.0970113 0.444004 0.123378 0.0514218 0.277949
9.9964E-05 0.574364 0.0352091 9.9964E-05 9.9964E-05 9.9964E-05 0.390027
9.9991E-05 0.0751522 0.182601 0.00529506 0.032236 0.134722 0.569894
0.00169783 0.699992 0.025202 9.9973E-05 9.9973E-05 9.9973E-05 0.272809
0.00260812 0.263086 9.9991E-05 0.0134224 0.0425576 0.0146517 0.663574
0.047587 0.278284 0.0952142 9.9991E-05 0.00443316 0.0380356 0.536346
9.9973E-05 0.302082 9.9973E-05 9.9973E-05 0.0181691 0.0260069 0.653442
9.9973E-05 0.625245 0.071347 9.9973E-05 0.0146076 9.9973E-05 0.2885
9.9982E-05 0.107019 0.0762067 0.116342 0.0881907 9.9982E-05 0.612041
9.9982E-05 0.210753 0.149934 0.165155 0.0322105 9.9982E-05 0.441748
9.9964E-05 9.9964E-05 0.0114111 0.954253 9.9964E-05 9.9964E-05 0.0339356
9.9964E-05 9.9964E-05 9.9964E-05 0.961293 0.010315 9.9964E-05 0.0279921
0.0192742 9.9982E-05 0.113579 0.588828 0.0444022 9.9982E-05 0.233717
9.9964E-05 9.9964E-05 9.9964E-05 0.660068 0.035357 9.9964E-05 0.304175
0.00825364 9.9982E-05 0.0662045 0.817513 0.0156079 9.9982E-05 0.0922212
9.995E-05 9.995E-05 9.995E-05 0.9994 9.995E-05 9.995E-05 9.995E-05
0.02149 0.0108957 9.9982E-05 0.947866 0.0141862 0.00536195 9.9982E-05
9.9955E-05 9.9955E-05 9.9955E-05 0.907551 9.9955E-05 9.9955E-05 0.0919489
9.9955E-05 9.9955E-05 9.9955E-05 0.973102 0.0263987 9.9955E-05 9.9955E-05
9.995E-05 9.995E-05 9.995E-05 0.9994 9.995E-05 9.995E-05 9.995E-05
0.00456871 9.9955E-05 9.9955E-05 0.994932 9.9955E-05 9.9955E-05 9.9955E-05
0.0723815 9.9964E-05 9.9964E-05 0.764917 9.9964E-05 9.9964E-05 0.162302
0.0391373 9.9982E-05 9.9982E-05 0.837223 0.067985 0.00489438 0.0505599
0.0152407 9.9964E-05 0.0390329 0.945327 9.9964E-05 9.9964E-05 9.9964E-05
0.0538041 0.050165 0.0175297 0.414012 0.114719 9.9991E-05 0.34967
0.0811241 9.9991E-05 0.0352201 0.511123 0.0392939 0.0290591 0.30408
0.00442241 9.9982E-05 9.9982E-05 0.765524 0.0342351 0.0419532 0.153666
0.0290513 9.9973E-05 9.9973E-05 0.861994 0.0280434 9.9973E-05 0.0806114
9.9964E-05 9.9964E-05 0.017854 0.974343 9.9964E-05 0.00740316 9.9964E-05
9.9973E-05 9.9973E-05 9.9973E-05 0.884608 0.000454143 0.0686848 0.0459533
0.0143618 9.9955E-05 9.9955E-05 0.985138 9.9955E-05 9.9955E-05 9.9955E-05
0.0236053 9.9991E-05 0.0505285 0.582804 0.107396 0.031189 0.204377
9.9991E-05 0.00693013 0.0170663 0.883379 0.0695842 0.00704205 0.0158983
9.9964E-05 0.617517 9.9964E-05 0.0454767 9.9964E-05 0.336607 9.9964E-05
0.025761 0.19508 9.9991E-05 0.101902 0.140171 0.124894 0.412092
9.9982E-05 0.213769 9.9982E-05 0.0314927 0.0136701 0.242204 0.498664
0.0556764 0.461347 0.01459 0.072692 9.9991E-05 0.200764 0.194831
0.00550422 0.201253 0.122639 0.053194 0.031649 0.115706 0.470054
0.00470622 0.375296 0.0204517 0.095756 9.9991E-05 0.273956 0.229734
9.9982E-05 0.216843 0.098234 0.0154682 9.9982E-05 0.20921 0.460045
0.0151802 0.292301 9.9982E-05 0.129061 9.9982E-05 0.182304 0.380953
0.12658 0.178951 0.0453177 0.144487 0.0546993 0.0870417 0.362924
0.0837316 0.243404 9.9982E-05 0.197697 9.9982E-05 0.132376 0.342591
9.9991E-05 0.110514 0.0469249 0.0839829 0.00131862 0.2035 0.553659
9.9973E-05 9.9973E-05 0.0153317 9.9973E-05 0.0852328 0.855551 0.0435842
0.0721182 0.0075741 0.000540933 0.0859933 9.9982E-05 0.833573 9.9982E-05
0.0416038 9.9964E-05 9.9964E-05 9.9964E-05 0.0472444 0.910752 9.9964E-05
0.0248683 9.9964E-05 9.9964E-05 9.9964E-05 0.0592501 0.915482 9.9964E-05
0.109784 0.00941618 9.9991E-05 0.0156868 0.0656737 0.784319 0.0150211
0.09614 0.0297083 9.9973E-05 0.0802003 9.9973E-05 0.793651 9.9973E-05
0.0908384 9.9973E-05 9.9973E-05 0.0736235 9.9973E-05 0.822573 0.0126654
0.0827069 0.0579933 0.00846324 0.00748982 0.0167151 0.818668 0.00796325
0.00647508 9.9982E-05 0.0174647 0.0295759 9.9982E-05 0.898004 0.0482805
0.0444419 0.0335936 9.9991E-05 0.0972933 0.02192 0.792 0.0106509
0.0798035 0.0397424 0.102497 0.00105461 0.24459 0.532213 9.9991E-05
0.0680357 9.9973E-05 0.0764324 9.9973E-05 0.316011 0.539221 9.9973E-05
0.073941 0.109403 0.0593584 9.9982E-05 0.294911 0.462187 9.9982E-05
9.9973E-05 0.0748785 0.08061 9.9973E-05 0.340025 0.504187 9.9973E-05
0.0463024 0.0300325 0.253734 0.0446791 0.137826 9.9991E-05 0.487326
9.9973E-05 9.9973E-05 0.299534 9.9973E-05 0.0663503 0.0763588 0.557457
0.00943555 9.9982E-05 0.213747 0.118713 0.157194 9.9982E-05 0.50071
0.0481538 9.9982E-05 0.323974 0.00842421 0.303848 9.9982E-05 0.315401
9.9982E-05 0.0538763 0.202862 0.0133076 0.56101 9.9982E-05 0.168744
0.0597367 0.0051084 0.233733 0.0236641 0.050684 0.0626543 0.564419
9.9991E-05 0.0796239 0.306601 0.0529882 0.0324575 0.00139073 0.526838
9.9982E-05 0.0680708 0.286163 9.9982E-05 0.0273343 0.0279327 0.590299
9.9973E-05 0.104619 0.558596 0.0718866 9.9973E-05 9.9973E-05 0.264598
0.0369884 9.9991E-05 0.250977 0.0468776 0.0676934 0.0477878 0.549576
9.9991E-05 0.014366 0.43093 0.00453813 0.133802 0.0156891 0.400575
9.9964E-05 0.239853 0.66869 9.9964E-05 0.0910578 9.9964E-05 9.9964E-05
0.0149619 0.037524 0.173187 0.0790798 0.108912 0.0565707 0.529764
0.011734 0.22662 0.480646 9.9982E-05 0.0324595 9.9982E-05 0.248341
0.0301344 0.122853 0.328433 9.9973E-05 9.9973E-05 9.9973E-05 0.51828
9.9973E-05 9.9973E-05 0.719011 9.9973E-05 0.175395 0.0730223 0.0322721
0.0432053 0.0851439 9.9982E-05 9.9982E-05 0.768843 0.0948515 0.0077568
9.9973E-05 0.108248 9.9973E-05 9.9973E-05 0.716329 0.0919193 0.0832034
0.0152019 0.103822 9.9982E-05 9.9982E-05 0.865346 0.00954532 0.00588547
9.9964E-05 0.022913 9.9964E-05 9.9964E-05 0.849049 0.127638 9.9964E-05
0.00505439 0.131788 9.9982E-05 0.0115619 0.801451 9.9982E-05 0.0499447
9.9982E-05 0.0271199 9.9982E-05 0.053319 0.759947 0.0898163 0.0695975
0.156405 9.9973E-05 9.9973E-05 0.0190858 9.9973E-05 0.740134 0.0840758
0.0263442 9.9973E-05 9.9973E-05 9.9973E-05 0.0843316 0.783748 0.105276
0.0607368 9.9973E-05 9.9973E-05 0.127568 9.9973E-05 0.704022 0.107373
0.0617619 9.9982E-05 9.9982E-05 0.0984138 0.0731855 0.701724 0.0647145
0.0217642 9.9991E-05 0.00453434 0.0855123 0.0586096 0.739663 0.0898167
0.0252135 0.0463047 0.0160859 9.9982E-05 0.548364 0.363831 9.9982E-05
9.9964E-05 0.08366 9.9964E-05 9.9964E-05 0.419424 0.496516 9.9964E-05
0.00956063 0.0599777 0.0217183 9.9991E-05 0.501262 0.396451 0.0109303
0.9994 9.995E-05 9.995E-05 9.995E-05 9.995E-05 9.995E-05 9.995E-05
0.0141985 0.105467 0.024522 9.9982E-05 0.486814 0.368798 9.9982E-05
9.9973E-05 0.189211 9.9973E-05 0.377917 9.9973E-05 0.184676 0.247897
0.019484 0.0135418 0.0713944 0.191413 9.9991E-05 0.12255 0.581517
0.0368571 9.9973E-05 9.9973E-05 0.297813 9.9973E-05 0.105536 0.559494
9.9991E-05 0.115503 0.0166959 0.212776 0.0132933 0.270048 0.371584
0.0773828 0.105617 0.000838814 0.152516 0.107574 0.122156 0.433915
9.9964E-05 0.208444 9.9964E-05 0.31198 9.9964E-05 0.479177 9.9964E-05
9.9973E-05 0.0882778 0.122732 9.9973E-05 0.313804 9.9973E-05 0.474886
9.9964E-05 0.335485 9.9964E-05 9.9964E-05 0.214475 9.9964E-05 0.44964
0.0142654 0.0033911 0.0704311 9.9991E-05 0.510512 0.101038 0.300262
9.9973E-05 0.168361 0.148424 9.9973E-05 0.150997 9.9973E-05 0.531919
9.9964E-05 0.631315 0.153373 9.9964E-05 0.214912 9.9964E-05 9.9964E-05
0.00292605 0.166568 0.130508 0.0356409 0.0985148 0.0606799 0.505162
0.00712104 0.104613 0.035146 0.044988 0.29404 9.9991E-05 0.513991
0.0525968 0.0836761 0.0716459 9.9991E-05 0.403438 0.0469296 0.341614
0.033404 0.0761748 0.101401 0.0632678 0.121404 0.0919789 0.512369
9.9973E-05 0.435146 0.0985783 9.9973E-05 0.292069 9.9973E-05 0.173906
0.0164642 0.296785 9.9973E-05 9.9973E-05 0.0997967 9.9973E-05 0.586654
0.0275945 9.9991E-05 0.113087 0.0432786 0.274683 0.0036698 0.537587
9.9982E-05 0.0937011 9.9982E-05 0.175673 0.0928947 0.162516 0.475016
9.9982E-05 0.257131 0.0210631 0.0455292 0.258617 9.9982E-05 0.417459
9.9982E-05 0.192879 0.0804867 0.0195742 0.250246 9.9982E-05 0.456614
9.9982E-05 0.208776 0.085117 0.0946951 0.0979582 9.9982E-05 0.513253
9.9982E-05 0.102237 0.126683 9.9982E-05 0.119492 0.0406277 0.61076
0.0159443 0.0324493 0.0487891 0.0446931 0.0884431 0.0594538 0.710227
0.0243246 0.0775086 0.123073 0.0925259 0.163187 0.051657 0.467724
0.0213586 0.0680292 0.0588166 0.116246 0.199958 0.00477982 0.530811
9.9964E-05 9.9964E-05 9.9964E-05 0.0969065 9.9964E-05 0.787437 0.115257
0.0255126 0.00845053 0.00350179 0.0313892 9.9991E-05 0.827294 0.103752
9.9973E-05 0.0878794 0.0604433 9.9973E-05 9.9973E-05 0.795785 0.0555923
0.0564492 0.0057132 0.122701 0.0253444 9.9991E-05 0.786677 0.00301469
0.0784244 9.9964E-05 9.9964E-05 9.9964E-05 9.9964E-05 0.798621 0.122555
0.00498233 0.130666 0.0272769 0.0891624 0.575487 9.9991E-05 0.172325
9.9991E-05 0.0993054 0.141478 0.0536904 0.111345 0.079428 0.514653
0.0174743 0.115498 0.0177782 0.196411 9.9991E-05 0.226078 0.426661
0.102633 0.0879937 0.000979031 9.9982E-05 0.0962242 9.9982E-05 0.71197
0.0306661 9.9982E-05 0.167714 9.9982E-05 0.231191 0.0800897 0.49014
0.00565397 0.287365 9.9982E-05 0.0261965 0.339094 9.9982E-05 0.341491
0.0120654 0.188933 0.0876739 9.9991E-05 0.605967 0.083803 0.0214573
0.0344221 0.0809927 0.0767408 9.9982E-05 0.317485 9.9982E-05 0.49016
0.00657887 0.15791 0.0346526 0.0738691 0.557903 0.0638357 0.105251
9.9991E-05 0.208789 0.0264294 0.102374 0.143682 0.0743786 0.444247
0.0180254 0.0691097 0.0767792 0.021961 0.565192 0.132966 0.115967
0.00334773 9.9991E-05 0.0123478 0.161615 0.196487 0.0713929 0.55471
0.0259312 0.139532 0.103292 0.0102582 0.489022 0.0227868 0.209177
0.0655996 0.22794 0.0662855 0.0483612 0.268692 9.9991E-05 0.323022
0.0284123 0.25921 9.9991E-05 0.041717 0.0910904 0.0721524 0.507317
9.9973E-05 0.539076 9.9973E-05 9.9973E-05 0.0501675 0.0200911 0.390365
0.0317591 0.220917 0.0266994 9.9991E-05 0.0484106 0.0300947 0.642019
0.0673879 0.213564 0.105959 0.0482721 9.9991E-05 0.0249094 0.539808
9.9973E-05 0.51788 0.0291462 9.9973E-05 0.0351284 9.9973E-05 0.417545
0.0137133 0.199568 0.0506667 0.0142349 0.168239 0.0896259 0.463952
0.0622461 0.32439 0.0638543 9.9982E-05 0.0271287 9.9982E-05 0.522181
9.9973E-05 0.720583 0.073502 9.9973E-05 0.0276977 9.9973E-05 0.177917
0.010083 0.630587 0.0422672 9.9973E-05 9.9973E-05 9.9973E-05 0.316763
0.0217198 0.425069 0.026171 9.9982E-05 0.0220665 9.9982E-05 0.504773
9.9973E-05 0.531032 0.187146 9.9973E-05 0.103827 9.9973E-05 0.177695
9.9982E-05 0.272269 0.0530926 9.9982E-05 0.106175 0.0129557 0.555307
0.017906 0.0796472 0.12102 9.9991E-05 0.63892 0.000449244 0.141958
9.9982E-05 0.288343 0.0627592 0.0121854 0.324346 9.9982E-05 0.312166
0.0160129 9.9982E-05 0.0850971 0.0848803 0.494514 9.9982E-05 0.319296
0.0144529 9.9982E-05 9.9982E-05 0.11764 0.247843 0.02539 0.594474
9.9964E-05 9.9964E-05 0.21748 9.9964E-05 0.548467 9.9964E-05 0.233653
0.125548 0.183705 9.9982E-05 0.0559718 0.151851 9.9982E-05 0.482724
0.0561961 9.9991E-05 0.0967501 0.163119 0.246242 0.00391787 0.433674
0.0202696 0.113423 0.0130076 0.0578253 0.289757 0.00399433 0.501723
0.0657493 0.0774546 0.0408646 0.109262 0.24624 9.9991E-05 0.460329
9.9991E-05 0.00518686 0.182215 0.0778062 0.3143 0.0494764 0.370916
0.0183261 9.9982E-05 0.156426 0.112243 0.505793 9.9982E-05 0.207012
0.00355861 0.0431002 0.114232 0.0904111 0.415397 9.9991E-05 0.333201
9.9982E-05 0.0897727 0.00973636 0.0215911 0.199093 9.9982E-05 0.679607
0.036773 0.0339867 0.0901291 0.0469818 0.18423 0.0974201 0.510479
0.0324127 0.199516 0.0556338 9.9991E-05 0.201657 0.0479799 0.4627
9.9973E-05 0.106709 9.9973E-05 0.0896762 0.304412 9.9973E-05 0.498903
9.9991E-05 0.0542218 0.0356931 0.0125267 0.42472 0.0502324 0.422506
9.9973E-05 0.0675919 9.9973E-05 0.0155428 0.213584 9.9973E-05 0.702981
9.9991E-05 0.0287248 0.00762908 0.0576908 0.325135 0.0122564 0.568463
0.0517028 0.0150085 0.0721455 0.111043 0.211203 0.063472 0.475425
0.0501325 9.9991E-05 0.0227447 0.0802539 0.00487184 0.372731 0.469166
9.9982E-05 0.0503003 0.135973 0.263467 9.9982E-05 0.127899 0.422161
0.0328948 0.0651612 9.9982E-05 0.103983 9.9982E-05 0.198117 0.599645
0.0450787 0.0383208 0.0777011 0.091102 0.0479062 0.107186 0.592705
0.0174836 0.0507576 0.0794204 0.201769 0.00926598 0.199761 0.441542
9.9982E-05 0.265715 0.0189015 0.00530701 0.164278 9.9982E-05 0.545598
0.0315993 0.0105589 0.0963921 0.0675201 0.0211408 0.231697 0.541092
9.9982E-05 0.49356 0.0427508 0.129311 9.9982E-05 0.259002 0.0751764
9.9991E-05 0.0727065 0.0367782 0.153262 0.00307307 0.17014 0.563941
0.0386695 0.0881573 0.0432879 0.0825828 0.0172069 0.132129 0.597967
0.0837031 0.0463036 0.0168395 0.217695 0.10347 0.026933 0.505055
0.0114439 0.292205 9.9991E-05 0.164342 0.0981705 0.129376 0.304362
9.9982E-05 0.0327151 0.0485462 0.231429 9.9982E-05 0.162481 0.524628
0.0462722 0.0802404 9.9991E-05 0.116723 0.0678973 0.148152 0.540615
0.0157385 0.363615 9.9973E-05 0.169113 9.9973E-05 0.451233 9.9973E-05
0.0958222 0.0847887 0.0319995 0.227313 0.08601 0.0662348 0.407832
0.0118791 0.0755096 0.00847866 0.215481 9.9991E-05 0.193485 0.495066
9.9982E-05 0.0832831 9.9982E-05 0.0744069 0.087558 0.0909795 0.663572
9.9973E-05 0.0322447 9.9973E-05 0.129795 9.9973E-05 0.205711 0.63195
0.058092 0.100635 0.0551666 0.152917 0.0660213 0.120821 0.446348
0.0714811 0.261665 0.0803266 0.099859 0.0890074 9.9991E-05 0.39756
0.0557662 0.236292 0.0221766 0.0489432 0.0356234 0.0332096 0.567989
9.9973E-05 0.654492 0.169347 9.9973E-05 0.0987604 9.9973E-05 0.0771008
9.9973E-05 0.675845 0.104159 9.9973E-05 0.0978327 9.9973E-05 0.121863
0.0109528 0.0590171 0.179468 0.0968092 0.134076 0.0824529 0.437224
9.9973E-05 0.1295 9.9973E-05 0.32507 9.9973E-05 0.131504 0.413626
0.00733287 0.224763 0.0490094 0.353306 9.9991E-05 0.068636 0.296853
0.00117988 0.285244 9.9982E-05 0.292341 9.9982E-05 0.230388 0.190647
0.00415138 0.198683 9.9982E-05 0.264286 9.9982E-05 0.173186 0.359493
9.9973E-05 0.710444 9.9973E-05 0.0925525 9.9973E-05 0.0338392 0.162865
0.0562144 0.566628 9.9982E-05 0.122895 9.9982E-05 0.0104175 0.243645
0.0339659 0.152574 0.0977342 0.0976169 0.0489446 9.9991E-05 0.569064
9.9982E-05 0.256748 0.0781558 0.0893538 9.9982E-05 0.0614321 0.514111
0.021803 0.533588 0.0324821 0.141888 0.0406486 9.9991E-05 0.229491
0.00993959 0.125197 0.118359 0.0838679 0.0260576 0.118196 0.518383
0.0278398 0.261041 0.0543454 0.0640984 0.03531 0.0147366 0.542629
0.0269371 0.159731 0.0535762 0.0990965 0.0891838 0.113416 0.458059
9.9973E-05 0.45963 0.144677 9.9973E-05 0.0630056 9.9973E-05 0.332387
0.0198279 0.228858 0.128365 0.02408 0.144268 9.9991E-05 0.454501
0.0372208 0.286861 0.0729315 9.9982E-05 9.9982E-05 0.0423292 0.560458
0.0830461 0.236944 0.10172 9.9991E-05 0.0711258 0.0224695 0.484594
0.0149583 0.299655 0.207164 0.165115 0.0123635 0.0144709 0.286273
0.0140152 0.349892 0.0639582 9.9973E-05 9.9973E-05 9.9973E-05 0.571834
9.9973E-05 0.560019 0.0521083 9.9973E-05 0.116895 9.9973E-05 0.270678
0.0708664 0.128553 0.22622 9.9982E-05 9.9982E-05 0.0160683 0.558092
9.9973E-05 0.538159 0.105966 9.9973E-05 0.0270509 9.9973E-05 0.328523
9.9991E-05 0.339742 0.208977 0.0327744 0.028046 0.00782654 0.382535
0.0275116 0.195248 0.135867 0.0324077 0.0114587 9.9991E-05 0.597407
0.0112781 0.177196 0.075685 0.125784 0.204058 9.9991E-05 0.405899
0.0633201 0.168494 0.0399682 0.199351 9.9991E-05 0.151937 0.376829
0.0547864 0.149721 0.0976848 0.214001 9.9991E-05 0.103653 0.380053
0.051576 0.187185 9.9991E-05 0.261296 0.0541279 0.117357 0.328358
0.0599635 0.13128 9.9991E-05 0.26496 0.161108 0.0792461 0.303343
0.00503124 0.0712771 0.0745865 0.182176 0.0582868 0.116752 0.491891
0.00878522 0.183566 9.9991E-05 0.115082 0.0485729 0.126323 0.517571
0.00109636 0.643166 9.9982E-05 0.1889 0.0303923 0.136245 9.9982E-05
0.00893969 0.099691 9.9982E-05 0.178844 9.9982E-05 0.062261 0.650064
0.0144053 0.505591 9.9973E-05 0.134311 9.9973E-05 0.345393 9.9973E-05
9.9982E-05 0.154291 0.0484498 0.219423 9.9982E-05 0.0623011 0.515335
9.9964E-05 0.568369 0.268874 9.9964E-05 9.9964E-05 9.9964E-05 0.162357
9.9964E-05 0.732157 0.245502 9.9964E-05 0.0219408 9.9964E-05 9.9964E-05
0.0237904 0.266555 0.199423 9.9973E-05 9.9973E-05 9.9973E-05 0.509932
0.0187303 0.211859 0.0978723 9.9973E-05 9.9973E-05 9.9973E-05 0.671238
9.9973E-05 0.394063 0.151775 9.9973E-05 0.0198167 9.9973E-05 0.434046
9.9973E-05 0.205411 0.194721 9.9973E-05 9.9973E-05 0.0418658 0.557702
9.9964E-05 0.25474 0.137274 9.9964E-05 9.9964E-05 9.9964E-05 0.607586
0.0917298 0.0105109 0.0435877 0.0405428 9.9991E-05 0.746288 0.0672406
0.0378992 9.9982E-05 0.0376414 0.121254 0.157258 0.645748 9.9982E-05
0.0710488 9.9973E-05 9.9973E-05 0.0631426 0.0565174 0.808991 9.9973E-05
0.136168 9.9964E-05 9.9964E-05 9.9964E-05 9.9964E-05 0.809215 0.0542166
0.0711211 0.0528982 0.361048 0.0419748 0.0494276 9.9991E-05 0.42343
0.0207423 9.9982E-05 0.373494 0.00119276 9.9982E-05 0.113118 0.491253
0.0559431 9.9964E-05 0.520706 9.9964E-05 9.9964E-05 9.9964E-05 0.422951
9.9991E-05 0.0200826 0.182181 0.0274593 0.0388076 0.0848407 0.646529
0.0163982 0.162074 0.292099 0.105534 0.00804971 0.0307055 0.38514
9.9991E-05 0.0492229 0.568466 0.00479297 0.135928 0.0448586 0.196632
0.0317544 9.9973E-05 0.408559 0.0479284 9.9973E-05 9.9973E-05 0.511459
9.9964E-05 0.228243 0.411439 9.9964E-05 9.9964E-05 9.9964E-05 0.359918
0.0425852 0.0528686 9.9991E-05 0.149722 0.0693991 0.239187 0.446138
9.9982E-05 0.0868915 0.39515 0.0862492 0.0388623 9.9982E-05 0.392647
0.0162123 0.0699331 0.513254 0.00652771 0.0654158 9.9991E-05 0.328557
9.9973E-05 0.0544773 0.392162 0.0457504 9.9973E-05 9.9973E-05 0.507311
0.0354729 9.9973E-05 0.48973 9.9973E-05 0.0931707 9.9973E-05 0.381327
0.0165421 0.0502314 0.366569 0.0389732 9.9991E-05 0.0156378 0.511946
0.0218839 9.9973E-05 0.334299 9.9973E-05 9.9973E-05 0.0936439 0.549874
9.9955E-05 0.149869 0.849632 9.9955E-05 9.9955E-05 9.9955E-05 9.9955E-05
9.9973E-05 0.181704 0.508989 0.00978916 9.9973E-05 9.9973E-05 0.299219
0.00675324 0.040376 0.614158 0.0559351 9.9991E-05 0.0176096 0.265068
9.9955E-05 0.233976 0.765525 9.9955E-05 9.9955E-05 9.9955E-05 9.9955E-05
0.00150736 9.9991E-05 0.466656 0.0387236 0.108274 0.0455422 0.339197
0.00424897 0.275562 0.620272 0.064617 9.9982E-05 9.9982E-05 0.0351003
9.9964E-05 0.326595 0.670276 9.9964E-05 0.00272921 9.9964E-05 9.9964E-05
0.00841042 0.0307379 0.377714 0.144729 0.011447 0.0231417 0.40382
0.0100692 9.9991E-05 0.655769 0.0235707 0.153495 0.010565 0.146432
0.0272521 9.9982E-05 0.425294 0.0409834 0.0781204 9.9982E-05 0.42815
0.0783678 0.0115371 0.213664 0.0623655 0.0697879 0.0326008 0.531677
9.9973E-05 9.9973E-05 0.436692 0.0448699 0.0978668 9.9973E-05 0.420271
9.9973E-05 0.245888 9.9973E-05 0.02294 0.285576 9.9973E-05 0.445296
0.0286968 9.9982E-05 0.379302 9.9982E-05 0.0446111 0.00442453 0.542766
0.0591725 0.0084264 0.399446 0.0188982 0.0994832 9.9991E-05 0.414474
0.0182156 0.0872852 0.64233 9.9973E-05 9.9973E-05 9.9973E-05 0.251869
0.0632739 0.0483106 0.343316 0.124518 0.0598698 9.9991E-05 0.360611
0.0683854 0.103937 9.9982E-05 0.0061661 0.268167 0.553144 9.9982E-05
0.0830547 0.0877872 0.0217341 9.9991E-05 0.116326 0.641792 0.049206
0.137614 0.0427869 9.9973E-05 9.9973E-05 0.130658 0.688641 9.9973E-05
0.113042 0.0519953 9.9973E-05 9.9973E-05 0.128521 0.706142 9.9973E-05
0.0799022 0.0181372 9.9982E-05 9.9982E-05 0.192111 0.683461 0.0261886
9.9982E-05 9.9982E-05 0.776029 0.00515701 0.142982 0.0241578 0.0514734
0.042056 0.0640109 0.683075 9.9991E-05 0.0936416 0.0207148 0.0964012
0.00281356 0.122812 0.758699 9.9973E-05 9.9973E-05 9.9973E-05 0.115376
9.9991E-05 0.00889765 0.259954 0.111253 0.0419493 0.116119 0.461727
0.043439 0.00527587 0.313201 0.0375068 0.0443208 0.0784779 0.477779
9.9964E-05 0.13434 0.598392 9.9964E-05 9.9964E-05 9.9964E-05 0.266868
0.0276055 0.0205218 0.341771 0.114557 0.00362907 0.0114131 0.480503
9.9982E-05 0.0257602 0.453601 0.0540707 9.9982E-05 0.154416 0.311952
9.9973E-05 9.9973E-05 0.426596 9.9973E-05 0.0880071 0.0531443 0.431952
9.9982E-05 9.9982E-05 0.214778 0.0587489 0.0861236 0.0958551 0.544294
9.9973E-05 9.9973E-05 0.683812 0.0854229 0.1073 9.9973E-05 0.123165
0.0183202 9.9973E-05 0.602497 9.9973E-05 0.0679345 9.9973E-05 0.310949
0.00866539 9.9973E-05 0.595879 9.9973E-05 0.148342 9.9973E-05 0.246814
0.00809519 0.192009 9.9982E-05 0.0430683 9.9982E-05 0.136426 0.620201
0.0411843 9.9973E-05 0.533716 9.9973E-05 0.0988269 9.9973E-05 0.325973
9.9982E-05 9.9982E-05 0.49813 0.0364845 0.0391406 0.00258185 0.423463
9.9973E-05 9.9973E-05 9.9973E-05 0.410772 0.0279554 0.102497 0.458475
0.0744801 0.0242298 0.084139 0.446806 0.0113786 0.0252914 0.333675
9.9973E-05 0.0227479 9.9973E-05 0.41914 9.9973E-05 0.161627 0.396185
0.0802839 0.0701142 0.013945 0.468747 0.0042688 0.0697816 0.292859
9.9991E-05 0.0352057 0.0326062 0.278367 0.0830479 0.137796 0.432877
0.000238662 0.139164 0.306345 0.0264113 9.9991E-05 0.0467971 0.480944
0.0565048 0.0448849 9.9982E-05 0.641534 9.9982E-05 0.23255 0.0243265
0.00587143 9.9973E-05 9.9973E-05 0.445915 9.9973E-05 0.164346 0.383568
0.033822 0.153059 0.162392 0.20881 9.9991E-05 0.105423 0.336393
0.0858226 0.179995 9.9982E-05 9.9982E-05 0.0482722 0.128499 0.557211
0.0475484 0.24844 9.99888E-05 9.99888E-05 0.108908 0.129881 0.465022
0.0213356 0.149771 0.000837131 0.0491018 0.0982789 0.120331 0.560345
0.0486941 0.0872334 0.153172 0.0465331 0.0193011 0.0376907 0.607376
0.0252302 9.9973E-05 9.9973E-05 0.468272 9.9973E-05 0.162247 0.343952
0.0340411 9.9991E-05 0.106047 0.338684 0.12425 0.0903965 0.306482
0.00806959 9.9973E-05 9.9973E-05 0.517865 9.9973E-05 0.0979534 0.375812
0.0392151 9.9991E-05 0.0722731 0.307338 0.0826743 0.100176 0.398223
0.0447551 0.00302221 0.0909933 0.48533 0.00570031 0.135219 0.234979
0.0236631 0.0794104 0.132024 0.395675 0.0497008 0.064533 0.254994
0.044454 0.0998159 9.9991E-05 0.575647 0.00225822 0.0842393 0.193485
0.0434273 0.0203103 0.0776955 0.391591 9.9991E-05 0.065973 0.400903
0.0429037 0.30604 9.9982E-05 0.0153893 9.9982E-05 0.0432338 0.592233
0.0172763 0.0349173 0.0445054 0.241518 9.9991E-05 0.184898 0.476785
0.00848582 9.9973E-05 9.9973E-05 0.607858 9.9973E-05 0.217064 0.166292
0.0147028 9.9991E-05 0.131696 0.343845 0.0428573 0.106355 0.360443
0.0153862 0.303379 0.0785423 9.9991E-05 0.255241 0.129277 0.218075
0.0386711 0.237341 0.0735412 0.058287 0.000874783 0.0081132 0.583172
0.0143666 0.0854463 9.9991E-05 0.325268 0.0700959 0.134766 0.369957
9.9982E-05 0.12202 0.0260991 9.9982E-05 0.0665644 0.155432 0.629685
0.0916293 0.114719 0.033815 9.9991E-05 0.123458 0.107935 0.528343
0.0515112 0.128744 0.069377 0.268546 9.9991E-05 0.222339 0.259383
0.0129455 0.137844 9.9982E-05 0.301265 9.9982E-05 0.230959 0.316787
0.0527446 0.0879688 0.0336792 0.113284 0.177592 0.00579363 0.528938
0.0493735 9.9991E-05 0.162246 0.314232 0.024872 0.112599 0.336577
9.9973E-05 0.0522681 9.9973E-05 0.418687 9.9973E-05 0.0996159 0.429129
0.0188872 0.0324122 9.9982E-05 0.6087 9.9982E-05 0.226899 0.112901
0.0280907 0.139277 9.9982E-05 9.9982E-05 0.0609745 0.103129 0.668329
0.0236892 0.226392 0.186781 9.9982E-05 9.9982E-05 0.10083 0.462107
0.113598 0.643941 0.00936377 9.9982E-05 9.9982E-05 0.00836235 0.224535
9.9991E-05 0.0291837 0.0398082 0.0915347 0.0677364 0.139252 0.632385
0.0394509 0.0742702 0.0686684 0.0544896 0.318993 0.044014 0.400114
0.0427454 0.0949431 0.215577 0.190108 9.9991E-05 0.143922 0.312604
0.0586285 0.0938072 0.0985 0.162788 0.0647083 0.0775688 0.443999
9.9964E-05 0.490491 9.9964E-05 0.208333 9.9964E-05 0.300776 9.9964E-05
0.0585348 0.620642 9.9973E-05 0.0798984 9.9973E-05 0.240625 9.9973E-05
9.9982E-05 0.450105 9.9982E-05 0.150088 0.0679005 0.083728 0.247979
0.0768356 0.43267 9.9982E-05 0.250535 9.9982E-05 0.227902 0.0118569
0.00553404 0.334415 9.9973E-05 0.234087 9.9973E-05 0.425664 9.9973E-05
0.054486 0.333265 0.0135864 0.140685 0.0577714 0.056145 0.344061
0.0458574 0.178158 0.0422138 0.133211 9.9991E-05 0.206727 0.393734
0.0324801 0.287615 0.0630553 0.188447 9.9991E-05 0.288862 0.13944
0.0449689 0.464286 9.9982E-05 0.158281 9.9982E-05 0.26159 0.0706743
0.0190803 0.175282 0.0430095 0.150647 9.9991E-05 0.104183 0.507699
0.0111344 0.416733 0.0851935 0.131391 9.9991E-05 0.171631 0.183818
0.0533315 0.463894 9.9973E-05 0.0631834 9.9973E-05 0.419292 9.9973E-05
9.9982E-05 9.9982E-05 0.0694902 0.163835 0.132276 0.19282 0.44138
0.0424209 0.145022 9.9991E-05 0.273015 0.0960927 0.121811 0.321538
9.9991E-05 0.00129831 0.0870118 0.192444 0.0390737 0.312489 0.367583
0.00249075 9.9982E-05 0.0108943 0.204756 9.9982E-05 0.216779 0.564879
0.0409953 0.0521489 0.0961429 0.189162 0.000120977 0.137537 0.483894
9.9991E-05 0.0446109 0.022467 0.204977 0.00293025 0.20288 0.522035
9.9973E-05 9.9973E-05 9.9973E-05 0.210418 0.0385831 0.361902 0.388797
0.0299827 0.119876 9.9991E-05 0.18565 0.0252783 0.172359 0.466754
0.0532367 9.9982E-05 9.9982E-05 0.253113 0.0278423 0.219859 0.445748
0.035315 0.116511 0.00526892 0.202589 0.0205439 0.276504 0.343268
9.9982E-05 9.9982E-05 0.303586 0.156079 0.153077 0.179158 0.2079
0.0100594 0.00331821 0.0969847 0.04205 0.0172017 0.238298 0.592088
0.0357273 9.9982E-05 9.9982E-05 0.0690653 0.0875992 0.197823 0.609585
9.9991E-05 0.0405574 0.237544 0.10553 0.0283259 0.090256 0.497687
0.0269475 0.0944569 9.9982E-05 0.341065 9.9982E-05 0.239186 0.298144
0.0420481 0.109034 9.9991E-05 0.205255 0.0277533 0.155288 0.460522
9.9973E-05 0.217314 9.9973E-05 0.250892 9.9973E-05 0.367913 0.163581
9.9991E-05 0.0733646 0.0302109 0.238629 0.0514239 0.132565 0.473707
9.9973E-05 0.217774 9.9973E-05 0.304924 9.9973E-05 0.290278 0.186725
0.0287644 0.0470248 0.036364 0.0128286 0.119539 0.755379 9.9991E-05
0.022353 9.9991E-05 0.101397 0.00336345 0.757925 0.0309438 0.0839178
9.9955E-05 9.9955E-05 9.9955E-05 9.9955E-05 0.992533 0.00696726 9.9955E-05
0.048285 9.9955E-05 9.9955E-05 9.9955E-05 0.951215 9.9955E-05 9.9955E-05
9.9955E-05 9.9955E-05 9.9955E-05 0.0520511 0.947449 9.9955E-05 9.9955E-05
0.0036866 9.9964E-05 9.9964E-05 0.0352345 0.960679 9.9964E-05 9.9964E-05
9.9955E-05 9.9955E-05 9.9955E-05 9.9955E-05 0.916264 9.9955E-05 0.0832365
0.0351603 9.9955E-05 9.9955E-05 9.9955E-05 0.96434 9.9955E-05 9.9955E-05
0.0621746 9.9973E-05 9.9973E-05 9.9973E-05 0.753569 0.157501 0.026456
0.07217 9.9973E-05 9.9973E-05 9.9973E-05 0.0479202 0.860284 0.0193255
0.0456472 9.9973E-05 9.9973E-05 9.9973E-05 0.119182 0.790109 0.0447623
0.11514 9.9982E-05 0.0227277 0.0139708 9.9982E-05 0.799752 0.0482094
0.0611889 0.0760112 9.9982E-05 9.9982E-05 0.0861556 0.774109 0.0023351
0.00943651 9.9982E-05 0.0137851 0.0768476 0.0546863 0.845045 9.9982E-05
0.0442139 0.0160402 9.9982E-05 0.0195159 0.0687587 0.851271 9.9982E-05
0.0569519 9.9982E-05 9.9982E-05 0.138516 0.104135 0.669862 0.0303348
0.0566619 9.9982E-05 0.0367634 0.0809274 0.00586545 0.819582 9.9982E-05
0.0540252 9.9991E-05 0.0710268 0.0787314 0.0922448 0.671757 0.032115
0.0803973 9.9973E-05 9.9973E-05 0.0373615 9.9973E-05 0.868377 0.0135639
0.122022 9.9964E-05 9.9964E-05 9.9964E-05 0.0234846 0.854093 9.9964E-05
0.0570136 0.00422966 0.0126494 0.0512666 0.0572039 0.771522 0.0461149
0.0442436 9.9964E-05 9.9964E-05 9.9964E-05 0.0531266 0.90223 9.9964E-05
0.0741574 0.0105392 9.9982E-05 0.0165069 9.9982E-05 0.850655 0.0479417
0.08037 9.9991E-05 0.0442673 0.0626778 0.0159248 0.788526 0.00813432
0.0530411 9.9973E-05 9.9973E-05 0.0717091 9.9973E-05 0.794725 0.0802251
0.0111193 9.9973E-05 9.9973E-05 0.128556 9.9973E-05 0.769766 0.0902583
0.0494226 9.9973E-05 9.9973E-05 0.100878 9.9973E-05 0.75589 0.0935097
0.0638714 9.9982E-05 0.0140555 0.050802 9.9982E-05 0.76287 0.108201
9.9982E-05 0.220675 0.09288 9.9982E-05 0.132628 0.1439 0.409716
0.0809358 0.14325 0.0948278 9.9982E-05 9.9982E-05 0.0253596 0.655427
0.00250808 0.0400868 0.0445463 9.9991E-05 0.0590109 0.182566 0.671182
9.9982E-05 0.683417 0.0733801 0.02306 9.9982E-05 0.0735814 0.146362
0.0389579 0.223395 9.9982E-05 9.9982E-05 0.131605 0.0580135 0.547829
9.9973E-05 0.688288 9.9973E-05 0.00259088 9.9973E-05 0.154312 0.154509
9.9973E-05 0.214534 9.9973E-05 0.0488637 9.9973E-05 0.0740022 0.6623
9.9982E-05 0.151702 0.162195 9.9982E-05 0.0988827 0.113991 0.473029
0.0649093 0.249034 0.121958 9.9991E-05 0.0443919 0.0531405 0.466467
9.9973E-05 9.9973E-05 0.3469 9.9973E-05 0.0796156 0.0853091 0.487876
0.079321 0.205981 0.0565518 9.9991E-05 0.178067 0.039466 0.440513
0.0584453 0.125618 0.0911411 9.9982E-05 9.9982E-05 0.132604 0.591992
0.106733 0.128648 0.0802536 9.9991E-05 0.103311 0.0316466 0.549307
9.9982E-05 0.298652 0.159291 0.0325336 0.432742 9.9982E-05 0.0765803
9.9982E-05 0.847654 0.0115536 9.9982E-05 0.067574 0.0686038 0.00441503
9.9973E-05 0.647147 9.9973E-05 9.9973E-05 0.0194886 0.101025 0.23204
0.0353573 0.17082 0.020523 0.0301767 0.0509686 0.061464 0.630691
0.0165147 0.209609 0.00436588 9.9991E-05 0.0722316 0.121919 0.57526
0.0328475 0.240347 0.0197653 9.9991E-05 0.01122 0.114095 0.581624
0.0897165 0.116804 9.9991E-05 0.132907 0.0323893 0.0177888 0.610294
