9.9982E-05 0.0745693 0.0103236 0.0118963 0.812548 9.9982E-05 0.0799416 0.0105215
0.0489524 0.0330565 9.9964E-05 9.9964E-05 0.89285 0.0247415 9.9964E-05 9.9964E-05
0.0068906 0.0751386 0.045697 0.106512 0.720141 9.9982E-05 0.0454204 9.9982E-05
9.9973E-05 0.03972 0.0740243 0.0587726 0.721801 9.9973E-05 0.105382 9.9973E-05
9.9964E-05 9.9964E-05 0.0396119 0.0608679 0.871105 0.0280157 9.9964E-05 9.9964E-05
0.00299068 0.0110754 0.0574712 0.118561 0.568482 9.9991E-05 0.0610672 0.180253
9.9982E-05 0.0830764 0.0276882 0.0164744 0.697809 9.9982E-05 0.0454589 0.129293
9.999E-05 0.0403102 0.0666757 0.00240795 0.639791 0.0398881 0.145771 0.0650561
0.0258167 0.00434195 9.99729E-05 9.99729E-05 0.802565 9.99729E-05 0.109777 0.0572
9.9991E-05 0.067685 0.000864744 0.110422 0.645328 0.05666 0.00361425 0.115326
9.9964E-05 9.9964E-05 9.9964E-05 0.0398875 0.70344 9.9964E-05 0.0881428 0.16813
0.193262 9.9982E-05 0.117722 0.174027 0.01225 9.9982E-05 0.414934 0.0876051
9.9973E-05 0.0319338 0.0761238 0.560128 9.9973E-05 9.9973E-05 0.30781 0.0237044
0.0389896 0.0196872 0.0619079 0.249242 0.0524897 0.082375 0.406789 0.0885195
0.0717921 0.0316364 0.149069 0.266914 0.0333891 0.0645705 0.322288 0.0603402
0.0368369 9.9991E-05 0.111108 0.386556 0.123781 0.021644 0.228446 0.091528
0.0913751 0.0699612 0.16632 0.482325 9.9991E-05 0.0600015 0.0991168 0.0307999
0.181694 0.0228744 0.118625 0.362332 9.9982E-05 9.9982E-05 0.208573 0.105702
0.0830081 0.000320997 0.129967 0.300012 0.121162 9.9991E-05 0.2897 0.0757301
0.0660514 9.9973E-05 0.0820401 9.9973E-05 0.0211113 9.9973E-05 0.621599 0.208898
0.104858 0.0529405 0.0686118 0.410326 9.9991E-05 0.0321979 0.300034 0.030932
0.0953326 0.0281701 0.0544842 0.376145 9.9991E-05 0.0868658 0.214697 0.144206
0.136188 9.9991E-05 0.0139633 0.542166 0.0412707 0.0269066 0.206856 0.0325481
0.189397 0.0368882 0.130408 0.225995 9.9991E-05 0.0181636 0.265361 0.133687
0.0451881 0.0544337 9.9982E-05 0.713438 0.00556037 9.9982E-05 0.086888 0.0942922
0.0312804 0.0227658 0.067361 0.560998 0.0129004 9.9991E-05 0.22718 0.0774139
0.159934 0.039267 0.104402 0.138608 9.9991E-05 0.0157508 0.452066 0.0898724
0.0561909 0.00347466 0.194012 0.206435 9.9982E-05 9.9982E-05 0.407342 0.132345
0.0481367 9.9991E-05 0.00336034 0.292331 0.00500671 0.11359 0.398396 0.139079
9.994E-05 0.9993 9.994E-05 9.994E-05 9.994E-05 9.994E-05 9.994E-05 9.994E-05
9.994E-05 0.9993 9.994E-05 9.994E-05 9.994E-05 9.994E-05 9.994E-05 9.994E-05
0.0285088 0.355055 0.0448203 0.0830259 0.48829 9.9973E-05 9.9973E-05 9.9973E-05
0.0932734 0.297517 0.0546057 0.042466 0.511838 9.9973E-05 9.9973E-05 9.9973E-05
0.176397 0.00837015 9.9991E-05 0.609485 0.0289479 0.0389182 0.0886512 0.0491307
0.278169 0.0204143 0.0495483 0.443985 0.10748 9.9982E-05 0.100204 9.9982E-05
0.344633 0.0414384 9.9973E-05 0.551392 0.02835 0.0338866 9.9973E-05 9.9973E-05
0.0967558 0.00839158 9.9991E-05 0.199702 0.142423 0.0580969 0.49209 0.00244091
0.631248 0.0538074 0.0341954 0.273288 0.00716186 9.9973E-05 9.9973E-05 9.9973E-05
0.0935332 9.9982E-05 0.0716852 0.490508 0.0709503 0.164475 0.108648 9.9982E-05
0.176202 0.0392078 9.9982E-05 0.58974 0.048342 0.0703685 9.9982E-05 0.0759391
0.18367 0.0145602 0.0215128 0.575819 0.0630452 9.9991E-05 0.0115055 0.129787
0.132526 0.0648847 0.023303 0.553152 0.0511091 9.9991E-05 0.134739 0.0401867
0.686431 0.0187791 0.0173395 0.0881536 0.0146376 9.9991E-05 0.119753 0.0548056
9.9973E-05 9.9973E-05 0.058641 0.579314 0.0018186 9.9973E-05 0.0427596 0.317167
0.263757 0.0347184 0.0611203 0.584752 0.0152921 9.9991E-05 0.0248938 0.0153659
0.12528 0.0634316 0.140735 0.464472 0.115692 0.0300465 0.0526112 0.00773214
0.69204 0.000242261 9.9964E-05 0.232159 9.9964E-05 0.0751585 9.9964E-05 9.9964E-05
0.300434 9.9973E-05 0.0649687 0.590321 0.00690442 9.9973E-05 0.037072 9.9973E-05
0.168664 0.0383757 9.9991E-05 0.620033 0.0775921 0.0428833 0.00827367 0.0440784
0.636534 9.9955E-05 9.9955E-05 9.9955E-05 0.0736654 9.9955E-05 9.9955E-05 0.289301
0.270185 9.9973E-05 9.9973E-05 0.208678 9.9973E-05 0.0279761 0.39254 0.100321
0.16052 9.9982E-05 0.0310782 0.0558365 9.9982E-05 0.145944 0.20606 0.400362
0.00119208 9.9982E-05 0.0764825 0.563281 0.0737373 9.9982E-05 0.200177 0.0849297
9.999E-05 0.000556973 0.122147 0.588309 0.0392534 0.111834 0.055656 0.0821429
0.0965857 0.00473264 0.0705471 0.580021 0.0767147 0.0836307 9.9991E-05 0.0876685
0.262166 0.0234942 9.9991E-05 0.171948 0.0945281 0.0680058 0.340547 0.0392107
9.9964E-05 0.0278706 9.9964E-05 0.620933 9.9964E-05 9.9964E-05 0.228535 0.122261
0.0318178 0.0419499 0.0435228 0.599619 0.0741701 9.9991E-05 0.115793 0.0930273
0.198694 0.0811743 9.9991E-05 0.35578 0.0314442 0.0577264 0.153224 0.121857
0.109106 0.0475016 0.0742123 0.068298 0.152846 0.0149793 0.317445 0.215613
0.189715 0.0615781 0.124472 0.478152 0.0259082 0.0627636 0.0573104 9.9991E-05
0.0102279 0.0431122 0.0315747 0.463201 9.9991E-05 0.160618 0.254585 0.0365811
0.192831 0.0651499 9.9973E-05 0.0613828 9.9973E-05 9.9973E-05 0.503275 0.177062
0.103354 0.0317075 0.0117756 0.423081 9.9991E-05 0.117328 0.221362 0.0912914
0.0401914 9.9982E-05 0.100386 0.532407 9.9982E-05 0.221836 0.0289391 0.0760412
0.0285361 0.0358018 0.0436798 0.606322 9.9991E-05 0.0664821 0.138408 0.08067
0.215733 0.0528186 0.0433412 0.249141 0.0202297 0.091256 0.245102 0.0823793
0.0679137 0.0401707 0.0297994 0.481197 9.9991E-05 0.0853652 0.147862 0.147592
0.0422962 0.0519489 0.0926566 0.547901 9.9991E-05 0.0868112 0.169948 0.00833811
0.189998 0.0825466 9.9982E-05 0.216713 9.9982E-05 0.0471398 0.360551 0.102851
0.385959 9.9955E-05 9.9955E-05 0.522276 9.9955E-05 9.9955E-05 0.0912657 9.9955E-05
0.735593 0.0214153 9.9973E-05 0.175353 0.000429954 9.9973E-05 0.0669087 9.9973E-05
0.22828 0.0395907 0.0418142 0.442927 0.0334593 0.064199 0.116716 0.0330131
0.849278 9.9955E-05 9.9955E-05 9.9955E-05 9.9955E-05 0.0349389 9.9955E-05 0.115283
0.763816 9.9973E-05 9.9973E-05 0.00711417 9.9973E-05 0.0957456 0.100084 0.0329409
0.719864 9.9955E-05 9.9955E-05 0.228104 9.9955E-05 0.0515322 9.9955E-05 9.9955E-05
0.476155 0.0552506 9.9973E-05 0.392545 9.9973E-05 9.9973E-05 0.0474771 0.0282724
0.187094 9.9982E-05 0.00877171 0.571765 0.191705 0.00131254 0.0391513 9.9982E-05
0.569305 9.9964E-05 0.0558036 0.332748 9.9964E-05 9.9964E-05 0.0417428 9.9964E-05
0.652716 9.9973E-05 0.0246836 0.106403 0.0556289 9.9973E-05 0.160269 9.9973E-05
0.514739 9.9964E-05 9.9964E-05 0.193456 0.0439409 9.9964E-05 0.247464 9.9964E-05
0.321924 9.9982E-05 0.0934361 0.345825 0.096874 0.0182409 0.1235 9.9982E-05
0.629678 0.0167875 0.0781657 0.225888 9.9973E-05 9.9973E-05 0.0491809 9.9973E-05
0.526063 0.00621989 9.9973E-05 0.355954 0.0577755 9.9973E-05 0.0536869 9.9973E-05
0.540636 9.9964E-05 9.9964E-05 0.341029 9.9964E-05 0.0746767 9.9964E-05 0.0432587
0.645545 9.9964E-05 9.9964E-05 9.9964E-05 0.0131807 0.172935 9.9964E-05 0.16794
0.319195 0.0542334 0.0614741 0.537659 9.9973E-05 9.9973E-05 0.0271387 9.9973E-05
9.9973E-05 0.0292422 0.0625911 0.107243 0.740622 9.9973E-05 0.0600015 9.9973E-05
9.9955E-05 0.10011 9.9955E-05 0.0996064 0.799784 9.9955E-05 9.9955E-05 9.9955E-05
9.9955E-05 0.136193 9.9955E-05 0.116883 0.746424 9.9955E-05 9.9955E-05 9.9955E-05
9.9973E-05 0.0646424 0.009855 0.0409724 0.853902 9.9973E-05 9.9973E-05 0.0303284
9.9964E-05 0.117433 9.9964E-05 0.0835857 0.769562 9.9964E-05 9.9964E-05 0.0290203
0.0152602 0.0767293 0.0224906 0.0503384 0.80422 0.0287603 9.9991E-05 0.00210136
9.99641E-05 0.0447446 9.99641E-05 0.0772047 0.871414 0.00623715 9.99641E-05 9.99641E-05
0.272374 0.0217841 0.0577454 0.485793 0.0897953 9.9991E-05 0.0368954 0.0355119
0.176986 9.9982E-05 0.0391691 0.554992 0.125992 9.9982E-05 0.100147 0.00251519
0.739794 9.9973E-05 9.9973E-05 0.059925 0.00415411 0.0146948 0.181132 9.9973E-05
0.222435 0.0188379 9.9982E-05 0.54467 0.0779456 0.106449 9.9982E-05 0.0294629
0.40062 0.00872884 9.9991E-05 0.422495 0.047573 0.0106876 0.103509 0.00628643
0.315695 0.039315 0.0327472 0.526776 9.9982E-05 0.0534981 0.031768 9.9982E-05
0.256517 0.0204589 0.0243521 0.586735 0.0601342 9.9982E-05 9.9982E-05 0.0516027
0.402971 0.0248566 0.10621 0.364763 9.9982E-05 0.0988042 9.9982E-05 0.00219585
0.696235 9.9955E-05 9.9955E-05 9.9955E-05 0.0902536 9.9955E-05 0.213012 9.9955E-05
0.152618 0.0611971 0.110738 0.474107 0.101294 0.0472481 9.9991E-05 0.0526983
0.17416 0.00631014 0.0400106 0.681599 0.0210004 9.9991E-05 0.0291635 0.0476564
0.160197 0.0543466 0.108998 0.468646 0.0165095 9.9982E-05 0.191102 9.9982E-05
0.5295 0.00870223 0.0276962 0.195321 9.9991E-05 0.135281 0.0108328 0.0925662
0.412715 0.0492367 0.0167433 0.413951 0.006301 0.100853 9.9982E-05 9.9982E-05
0.405934 9.9973E-05 9.9973E-05 0.45867 0.0177616 9.9973E-05 0.0866573 0.0306775
0.614705 0.0322777 0.100217 0.207327 9.9973E-05 0.0451737 9.9973E-05 9.9973E-05
0.389635 9.9964E-05 9.9964E-05 0.398178 0.124418 9.9964E-05 0.0873695 9.9964E-05
0.258272 0.0180077 9.9991E-05 0.490632 0.0838231 0.0314358 0.0363209 0.0814083
0.0132097 0.0266577 0.00782552 0.278862 0.00828701 0.246401 0.283434 0.135322
0.00562996 0.0358674 0.11219 0.411895 0.0487841 9.9991E-05 0.286351 0.0991823
9.9991E-05 0.016767 0.0117855 0.569656 0.06568 0.0621955 0.208826 0.0649899
0.086199 0.0104023 0.0479963 0.588685 0.0739911 0.054142 0.113571 0.0250135
9.9973E-05 0.0267959 9.9973E-05 0.484858 9.9973E-05 0.121029 0.35653 0.010487
0.0685943 9.9991E-05 0.0459534 0.546416 0.0346076 0.0376266 0.236857 0.0298448
0.00678392 9.9982E-05 0.0144156 0.498839 0.0284473 0.0621691 0.389145 9.9982E-05
0.0701271 9.9982E-05 9.9982E-05 0.512559 0.122315 0.195517 0.0799617 0.0193208
0.0752619 9.9982E-05 0.0854183 0.562969 0.0303627 9.9982E-05 0.146446 0.0993421
0.0728685 0.0168702 9.9973E-05 0.592794 9.9973E-05 0.0905279 0.226639 9.9973E-05
9.9982E-05 0.0286763 9.9982E-05 0.51055 0.00193889 0.0339161 0.375676 0.0490425
9.9964E-05 9.9964E-05 9.9964E-05 0.67252 9.9964E-05 0.0424014 0.146595 0.138084
0.0823616 0.00368584 9.9991E-05 0.522432 0.164232 0.140615 0.020418 0.0661558
0.0390036 9.9973E-05 0.0499946 0.577835 9.9973E-05 0.0856988 0.247168 9.9973E-05
0.0484678 0.0165578 0.0876794 0.524169 0.0403284 0.160253 0.0673455 0.0551994
0.127798 0.00970022 0.0746152 0.487554 9.9982E-05 0.0997695 0.200363 9.9982E-05
9.9982E-05 0.00837896 9.9982E-05 0.352119 0.0971461 0.170474 0.219824 0.151858
0.0721517 9.9991E-05 0.0161607 0.652036 0.0335579 0.0492219 0.166357 0.0104141
9.9973E-05 9.9973E-05 0.0200581 0.708287 9.9973E-05 0.0633494 0.194353 0.013653
0.177625 9.9991E-05 0.0952146 0.235302 0.0112828 0.0827775 0.33365 0.0640481
9.9964E-05 9.9964E-05 9.9964E-05 0.195092 9.9964E-05 0.280427 0.294126 0.229956
0.0525399 9.9982E-05 9.9982E-05 0.540573 0.0740247 0.0867519 0.234786 0.0111247
0.130486 9.9982E-05 0.0683093 0.0298548 9.9982E-05 0.32164 0.311371 0.138139
0.121549 9.9982E-05 9.9982E-05 0.327928 0.0542166 0.107746 0.377999 0.0103614
0.171106 9.9973E-05 9.9973E-05 0.447556 0.0179102 0.0158946 0.347233 9.9973E-05
0.247045 0.0552398 9.9973E-05 0.307097 9.9973E-05 0.0411476 0.34917 9.9973E-05
0.080198 9.9973E-05 9.9973E-05 0.321229 9.9973E-05 0.0926256 0.465588 0.0400596
0.0828627 0.0247326 9.9991E-05 0.659817 0.0337036 0.000745069 0.0955463 0.102493
0.0945986 9.9991E-05 0.0583846 0.522168 0.147966 0.0579333 0.0898933 0.0289558
0.0940473 0.0279089 0.141825 0.431921 9.9982E-05 0.00929858 0.294799 9.9982E-05
0.118335 9.9982E-05 0.0300747 0.163468 9.9982E-05 0.143086 0.356035 0.188802
0.125486 0.038224 0.0715978 0.511555 0.119218 0.0267415 0.0463553 0.0608228
0.0607844 0.0646702 0.0859977 0.51805 9.9991E-05 0.0456881 0.0397729 0.184937
0.161441 0.0277047 9.9991E-05 0.00926096 0.0833135 0.0676558 0.121319 0.529205
0.0152106 0.0262063 0.0891849 0.603746 0.0131678 0.0324703 0.0362828 0.183731
0.152886 9.9982E-05 0.0290168 0.323183 0.102958 0.13458 9.9982E-05 0.257176
0.0986662 9.9982E-05 0.0482279 0.443737 0.109325 9.9982E-05 0.0591331 0.240711
0.0933804 0.0474714 9.9973E-05 0.281187 9.9973E-05 9.9973E-05 0.110314 0.467347
0.130479 9.9982E-05 9.9982E-05 0.18233 0.0579659 0.0806528 0.138067 0.410306
0.0694965 0.0225361 9.9991E-05 0.466566 0.0535605 0.08897 0.120424 0.178347
0.105399 0.0138968 0.0847677 0.512984 0.093262 0.0387102 0.0906816 0.0602983
0.0576021 9.9982E-05 0.0365586 0.454772 0.128561 9.9982E-05 0.0955386 0.226768
0.255688 9.9982E-05 0.186387 9.9982E-05 0.0274762 0.00133121 0.112006 0.416913
0.0242549 9.9982E-05 9.9982E-05 0.569101 0.0865861 0.173362 0.052628 0.0938677
0.200703 9.9964E-05 9.9964E-05 0.359247 9.9964E-05 9.9964E-05 0.121652 0.317999
0.0587446 0.00586562 9.9982E-05 0.449523 9.9982E-05 0.105879 0.110789 0.268998
0.102264 0.0215884 9.9991E-05 0.540712 0.0917644 0.101494 0.0964349 0.0456426
9.9973E-05 0.0581579 0.245516 0.159238 0.212139 9.9973E-05 9.9973E-05 0.32465
9.9964E-05 0.0370993 0.124737 9.9964E-05 0.460647 9.9964E-05 9.9964E-05 0.377117
9.9964E-05 0.0256758 0.151535 9.9964E-05 0.376913 9.9964E-05 9.9964E-05 0.445476
9.9973E-05 0.0226653 0.303989 0.0697749 0.358353 9.9973E-05 9.9973E-05 0.244917
9.9964E-05 9.9964E-05 0.0144133 0.649364 9.9964E-05 0.0919643 9.9964E-05 0.243858
0.114267 9.9991E-05 0.00797983 0.54755 0.101397 0.148652 0.0323807 0.0476733
9.9964E-05 0.0021592 0.661139 0.292852 9.9964E-05 9.9964E-05 0.0434492 9.9964E-05
0.0188671 9.9964E-05 0.442789 0.292264 9.9964E-05 9.9964E-05 0.24568 9.9964E-05
0.18463 0.0178596 0.424465 0.28918 0.0536429 0.00690311 0.021337 0.00198185
0.078286 0.0155922 9.9982E-05 0.310545 9.9982E-05 0.157669 0.0108969 0.426811
0.127077 0.0360663 0.0503226 0.466306 0.000711324 0.144529 0.0597829 0.115205
0.0260936 9.9964E-05 9.9964E-05 0.226513 9.9964E-05 0.113349 9.9964E-05 0.633645
0.0523042 9.9973E-05 9.9973E-05 0.556728 0.0324975 0.122699 9.9973E-05 0.235471
0.0883299 0.0196338 9.9991E-05 0.422333 0.00850142 0.088277 0.0537681 0.319057
0.0398931 9.9982E-05 9.9982E-05 0.582219 0.025613 0.0826991 0.0213172 0.248059
0.124667 9.9973E-05 9.9973E-05 0.237197 9.9973E-05 0.0310699 0.0753291 0.531437
0.0886405 0.0181408 0.0392584 0.62421 9.9991E-05 0.0137528 0.0698967 0.146001
0.00991543 0.0117383 0.114147 0.487327 0.0223396 0.0349262 0.0841932 0.235413
9.9955E-05 9.9955E-05 0.944344 0.0181151 9.9955E-05 0.0370408 9.9955E-05 9.9955E-05
9.9964E-05 9.9964E-05 0.898842 0.0724469 9.9964E-05 0.0216967 0.00661435 9.9964E-05
0.0772616 0.0255565 0.548888 0.239021 9.9973E-05 9.9973E-05 0.108973 9.9973E-05
9.9973E-05 9.9973E-05 0.62321 0.31042 0.0400458 0.0194937 0.00653058 9.9973E-05
0.0843233 9.9964E-05 0.75285 0.131735 0.0306913 9.9964E-05 9.9964E-05 9.9964E-05
9.994E-05 9.994E-05 0.9993 9.994E-05 9.994E-05 9.994E-05 9.994E-05 9.994E-05
9.9955E-05 0.00956657 0.949664 9.9955E-05 9.9955E-05 9.9955E-05 0.0402701 9.9955E-05
0.0275413 9.9964E-05 0.836371 0.132049 9.9964E-05 0.0036388 9.9964E-05 9.9964E-05
9.9955E-05 0.0145183 0.966381 9.9955E-05 9.9955E-05 9.9955E-05 0.0186007 9.9955E-05
9.994E-05 9.994E-05 0.9993 9.994E-05 9.994E-05 9.994E-05 9.994E-05 9.994E-05
9.9946E-05 0.0149337 0.984467 9.9946E-05 9.9946E-05 9.9946E-05 9.9946E-05 9.9946E-05
9.9964E-05 0.0455349 0.732616 0.218825 9.9964E-05 9.9964E-05 0.00262462 9.9964E-05
9.9973E-05 0.012845 0.802126 0.0664168 0.0454078 9.9973E-05 0.0729048 9.9973E-05
0.0348819 9.9946E-05 0.964518 9.9946E-05 9.9946E-05 9.9946E-05 9.9946E-05 9.9946E-05
0.0750344 9.9982E-05 0.430609 0.294173 0.0542024 0.0708681 0.0749139 9.9982E-05
0.0366823 0.0342293 0.648362 0.242941 9.9973E-05 9.9973E-05 0.0374853 9.9973E-05
9.9991E-05 0.0152845 0.761527 0.139156 0.0302409 0.0283187 0.0165043 0.00886871
9.9973E-05 0.00322248 0.901924 0.050969 9.9973E-05 0.0150288 0.0285562 9.9973E-05
9.9946E-05 9.9946E-05 0.968049 0.0313509 9.9946E-05 9.9946E-05 9.9946E-05 9.9946E-05
9.9982E-05 0.0225018 0.850586 0.0703143 0.0093462 0.0359099 0.0111424 9.9982E-05
9.9946E-05 0.0432767 0.956124 9.9946E-05 9.9946E-05 9.9946E-05 9.9946E-05 9.9946E-05
9.9982E-05 0.0222823 0.606327 0.198934 0.129508 0.0387536 0.00399569 9.9982E-05
0.0676942 9.9955E-05 0.898601 9.9955E-05 0.033205 9.9955E-05 9.9955E-05 9.9955E-05
0.012682 9.9973E-05 0.0171055 9.9973E-05 0.294553 0.0565544 9.9973E-05 0.618806
9.9982E-05 0.0883871 0.0824265 0.386529 0.0359255 9.9982E-05 0.162066 0.244465
9.9982E-05 0.00943814 0.0594103 0.460696 0.153574 9.9982E-05 0.0845001 0.232181
0.0033064 0.025803 0.0649655 0.248558 0.151758 9.9991E-05 0.0123884 0.49312
0.0588252 9.9991E-05 0.130228 0.3938 0.154385 0.101714 0.0997564 0.0611918
0.0455009 0.0555238 0.0463729 0.234475 0.177043 9.9982E-05 9.9982E-05 0.440885
9.9991E-05 0.000808229 0.0993044 0.446287 0.134236 0.150512 0.0213875 0.147365
9.9973E-05 9.9973E-05 0.18697 0.348904 0.089874 0.0110717 9.9973E-05 0.36288
0.0325691 0.0277298 0.179561 0.482847 0.0969643 0.00529153 0.0153596 0.159678
9.9982E-05 0.0736837 0.155905 0.362675 0.105372 0.0296947 9.9982E-05 0.272469
0.112634 0.00768222 0.0731444 0.425224 0.201677 0.0435135 9.9991E-05 0.136024
9.9982E-05 9.9982E-05 0.0108114 0.0479357 0.769619 0.0667359 0.0389094 0.0657888
9.9973E-05 0.0854938 0.0593781 9.9973E-05 0.825206 0.0275012 0.00212144 9.9973E-05
0.0141849 0.0557315 9.9973E-05 0.011856 0.912906 9.9973E-05 0.00502215 9.9973E-05
9.9955E-05 0.047607 9.9955E-05 0.0516577 0.900236 9.9955E-05 9.9955E-05 9.9955E-05
9.9982E-05 0.122869 0.0407979 0.0332771 0.755545 9.9982E-05 0.0254895 0.0218218
9.9964E-05 0.0528628 0.0788547 9.9964E-05 0.852941 0.0149412 9.9964E-05 9.9964E-05
9.9973E-05 0.0434188 0.0648687 0.0474655 0.83675 9.9973E-05 0.00719696 9.9973E-05
9.9973E-05 0.0422261 9.9973E-05 9.9973E-05 0.868695 0.0463525 0.0069868 0.0354401
0.0146881 0.0229898 0.046634 0.0203336 0.895055 9.9973E-05 9.9973E-05 9.9973E-05
9.9973E-05 0.0185472 0.0959027 0.0454503 0.819407 9.9973E-05 9.9973E-05 0.0203925
0.0747437 0.0425811 9.9973E-05 9.9973E-05 0.553517 0.0883418 0.240516 9.9973E-05
0.00572819 0.0235542 0.0182047 9.9982E-05 0.590641 0.050397 0.311275 9.9982E-05
0.0266842 0.0514621 9.9982E-05 9.9982E-05 0.470981 0.0473719 0.283408 0.119893
0.101267 0.0014599 9.9982E-05 9.9982E-05 0.508432 0.0507468 0.326669 0.0112246
0.314354 0.0183433 9.9982E-05 0.521594 0.0513861 9.9982E-05 0.0630439 0.0310784
0.299773 9.9982E-05 0.0151045 0.493271 0.0697924 0.0577028 0.064157 9.9982E-05
0.245101 0.0407536 0.0390609 0.481598 0.0239777 0.0295625 0.13142 0.00852643
0.254416 0.0493966 9.9982E-05 0.381346 9.9982E-05 0.0808421 0.198621 0.0351789
0.15521 0.0121389 0.00877879 0.211128 0.000387846 0.0502116 0.553661 0.00848345
0.143332 9.9973E-05 0.11072 0.532618 0.0516372 0.161392 9.9973E-05 9.9973E-05
0.310214 0.0203693 0.0461402 0.562094 9.9982E-05 0.0229762 0.0380062 9.9982E-05
0.34059 9.9982E-05 0.0148524 0.495648 9.9982E-05 0.0329651 0.100208 0.0155365
0.548767 9.9973E-05 0.0297991 0.339166 9.9973E-05 0.0810508 0.000916869 9.9973E-05
0.229967 9.9991E-05 0.0651783 0.479232 0.0678181 0.0233626 0.128613 0.0057292
0.340502 0.00818391 9.9982E-05 0.397674 0.00545086 0.119324 0.128665 9.9982E-05
0.645415 9.9964E-05 9.9964E-05 9.9964E-05 9.9964E-05 0.22832 0.113532 0.0123342
0.0973238 9.9991E-05 0.0538287 0.491181 0.0392845 0.130976 0.165994 0.021312
0.49021 9.9973E-05 0.0103725 0.248185 9.9973E-05 0.110346 9.9973E-05 0.140586
0.351638 0.0042515 9.9982E-05 0.55047 0.0291788 0.0312355 9.9982E-05 0.0330259
0.664432 9.9964E-05 9.9964E-05 0.0807411 0.0661841 9.9964E-05 0.188243 9.9964E-05
9.9973E-05 0.00227922 9.9973E-05 0.0118879 0.105302 9.9973E-05 0.724122 0.156108
9.9964E-05 9.9964E-05 9.9964E-05 0.0921224 0.10165 9.9964E-05 0.718702 0.087126
9.9973E-05 0.00718921 9.9973E-05 9.9973E-05 0.0409376 0.0683092 0.80889 0.0743738
0.0283135 9.9964E-05 9.9964E-05 9.9964E-05 0.137006 0.0732793 0.761002 9.9964E-05
9.9991E-05 0.0507941 0.00645498 0.0787052 0.00819263 0.0307255 0.768065 0.0569625
9.9973E-05 9.9973E-05 0.0265015 0.108349 0.0505694 0.0756262 0.738654 9.9973E-05
9.9973E-05 0.0513819 0.00241326 0.0890026 0.821821 0.0350815 9.9973E-05 9.9973E-05
9.9973E-05 0.0188274 0.0247036 0.119633 0.798936 9.9973E-05 0.0376002 9.9973E-05
9.9964E-05 0.0197672 0.10426 0.158568 0.717005 9.9964E-05 9.9964E-05 9.9964E-05
9.9973E-05 0.0344712 0.104 0.0719997 0.723266 9.9973E-05 0.0659634 9.9973E-05
9.9973E-05 0.00902584 0.100798 0.110831 0.762994 9.9973E-05 9.9973E-05 0.0160514
0.00159518 0.025354 9.9982E-05 9.9982E-05 0.339789 0.018115 0.581828 0.033119
0.0372689 0.00221559 9.9982E-05 9.9982E-05 0.451434 0.0490948 0.427763 0.0320237
9.9964E-05 0.0319159 9.9964E-05 9.9964E-05 0.405149 0.11969 0.442845 9.9964E-05
9.994E-05 0.9993 9.994E-05 9.994E-05 9.994E-05 9.994E-05 9.994E-05 9.994E-05
0.0995042 0.0410525 9.9982E-05 9.9982E-05 0.307633 0.0151305 0.476003 0.060476
9.9973E-05 9.9973E-05 0.364719 0.276087 0.169887 0.0452584 9.9973E-05 0.143748
9.9982E-05 0.0107462 0.205302 0.507436 0.0598366 9.9982E-05 0.0639821 0.152498
9.9964E-05 0.0226465 0.259842 0.518348 0.198763 9.9964E-05 9.9964E-05 9.9964E-05
0.0632444 0.0259118 0.231955 0.308598 0.22869 9.9982E-05 9.9982E-05 0.141402
0.0952965 0.0204052 0.172853 0.441845 0.12218 0.0481536 0.0598231 0.0394443
9.9955E-05 9.9955E-05 0.314948 9.9955E-05 0.409117 9.9955E-05 9.9955E-05 0.275435
0.0999614 0.00539541 9.9982E-05 0.48682 9.9982E-05 0.0514566 0.32056 0.0356065
0.094393 0.0135469 9.9991E-05 0.296674 0.0081993 0.250468 0.252575 0.0840442
0.0225441 0.0325797 9.9991E-05 0.314498 0.0513347 0.029559 0.473266 0.0761187
0.0253669 9.9964E-05 9.9964E-05 0.514104 9.9964E-05 0.304591 0.155539 9.9964E-05
0.126827 9.9964E-05 9.9964E-05 9.9964E-05 9.9964E-05 0.424104 0.185663 0.263007
9.9991E-05 0.00681486 0.0756781 0.540977 0.0577601 0.0283799 0.153515 0.136775
0.0324237 0.00161168 0.0226615 0.436002 9.9991E-05 0.112532 0.218909 0.17576
0.108847 0.0115378 9.9982E-05 0.329724 9.9982E-05 0.0227791 0.435252 0.0916602
0.00389645 0.0294908 9.9991E-05 0.523864 0.132691 0.147425 0.149633 0.0129
0.203537 9.9973E-05 9.9973E-05 0.109894 9.9973E-05 0.123374 0.221524 0.341372
0.123566 0.00326714 0.0849926 0.395379 9.9991E-05 0.151129 0.150457 0.0911093
0.151252 0.00395889 0.033761 0.515848 0.0469271 0.0118312 0.236322 9.9991E-05
0.115267 9.9982E-05 0.171806 0.398486 0.121218 9.9982E-05 0.133117 0.0599066
0.00332324 9.9973E-05 9.9973E-05 0.386021 9.9973E-05 0.21713 0.270774 0.122452
0.0706515 9.9982E-05 0.0325585 0.390917 0.0351443 0.241432 0.229097 9.9982E-05
0.0985752 9.9982E-05 0.0579177 0.506668 9.9982E-05 0.148975 0.0384298 0.149235
0.120296 9.9982E-05 9.9982E-05 0.516882 0.0364652 0.0657182 0.170765 0.0896743
9.9973E-05 0.0284478 0.121995 0.544015 9.9973E-05 0.144612 0.160631 9.9973E-05
0.137427 0.0556339 0.0712085 0.47321 0.0672096 0.0452361 0.149975 9.9991E-05
9.9982E-05 9.9982E-05 0.100767 0.503328 0.0225149 0.0679113 0.210198 0.095081
9.9955E-05 9.9955E-05 0.0932952 0.131979 0.774226 9.9955E-05 9.9955E-05 9.9955E-05
9.9973E-05 0.00183486 0.0530797 0.0952936 0.813493 0.0359991 9.9973E-05 9.9973E-05
9.9982E-05 9.9982E-05 0.0164058 0.0646743 0.772353 0.0469534 0.0534761 0.045938
0.0611801 0.0211786 0.0565394 0.0122899 0.777844 0.0707678 9.9982E-05 9.9982E-05
9.9955E-05 0.0729079 9.9955E-05 0.165904 0.760688 9.9955E-05 9.9955E-05 9.9955E-05
0.0889634 9.9982E-05 0.0429051 0.217055 0.0117948 9.9982E-05 0.544293 0.0947887
0.158509 0.0558566 0.0663086 0.471233 0.0116128 0.0831542 0.153226 9.9991E-05
0.0038733 9.9991E-05 0.165084 0.371516 0.209657 0.153304 0.0346515 0.0618143
9.9973E-05 0.0519346 0.0607309 0.645778 9.9973E-05 0.107977 0.133279 9.9973E-05
0.0796492 9.9973E-05 9.9973E-05 0.52614 0.0570011 0.103951 0.232959 9.9973E-05
9.9982E-05 0.0525048 0.0626086 0.229073 9.9982E-05 0.187282 0.312132 0.1562
0.0820773 0.0412381 9.9982E-05 0.0202875 0.0884909 9.9982E-05 0.576055 0.191651
0.0549441 9.9973E-05 9.9973E-05 0.55481 0.0195731 0.0856874 0.284686 9.9973E-05
0.0899862 0.0192863 0.00163005 0.206019 0.0873384 0.137349 0.458291 9.9991E-05
0.0607051 0.0274332 9.9991E-05 0.498306 0.0628585 0.17431 0.127541 0.0487452
0.104154 0.0114621 9.9982E-05 0.1473 0.158368 0.129058 0.449458 9.9982E-05
0.0322722 0.0338971 0.137981 0.514603 0.109501 0.0125037 0.108987 0.050255
0.0258138 0.0406279 9.9982E-05 0.243603 0.0597765 0.148194 0.481785 9.9982E-05
0.0986545 0.0298495 0.00274137 0.40398 0.0356122 0.0460401 0.221517 0.161605
0.0514426 9.9991E-05 0.0230499 0.461638 0.0621144 0.116904 0.132335 0.152416
9.9964E-05 9.9964E-05 9.9964E-05 0.286772 9.9964E-05 0.0688859 0.142152 0.50179
0.088802 9.9973E-05 9.9973E-05 0.609221 0.0364781 9.9973E-05 0.0624058 0.202793
0.0806855 0.0207531 9.9982E-05 0.531918 0.128095 0.0433575 9.9982E-05 0.19499
0.102071 9.9973E-05 9.9973E-05 0.315322 9.9973E-05 0.0148279 0.0558117 0.511668
0.0129454 0.0175133 0.0501874 0.502435 0.00196541 0.166135 0.207709 0.0411097
0.0593395 0.00656271 9.9991E-05 0.543981 0.0837281 0.140072 0.0182128 0.148004
0.106768 9.9973E-05 9.9973E-05 0.0891009 9.9973E-05 0.124869 0.146037 0.532925
0.0274795 9.9973E-05 9.9973E-05 0.293214 9.9973E-05 0.0801184 0.0177062 0.581182
9.9964E-05 9.9964E-05 9.9964E-05 0.525933 9.9964E-05 0.0945656 0.0787065 0.300395
0.220555 9.9973E-05 9.9973E-05 0.127211 9.9973E-05 0.0292917 0.145922 0.47672
0.0632624 9.9964E-05 9.9964E-05 0.460993 9.9964E-05 9.9964E-05 0.18855 0.286795
0.125951 0.0206521 0.0489559 0.103983 9.9991E-05 0.0638938 0.614935 0.0215296
0.0447081 9.9973E-05 9.9973E-05 0.28391 9.9973E-05 0.339781 0.325169 0.00613145
0.135891 0.0486991 0.119461 0.25508 9.9982E-05 0.02768 0.412989 9.9982E-05
0.0382002 9.9973E-05 0.0856724 0.625905 9.9973E-05 9.9973E-05 0.167074 0.0828488
0.259832 9.9973E-05 0.0266462 0.271006 9.9973E-05 0.00736494 0.434851 9.9973E-05
0.0397912 0.0422148 0.119964 0.405313 9.9991E-05 0.144327 0.156396 0.091895
0.051306 0.0856837 0.0148653 0.542301 9.9991E-05 0.0539112 0.20932 0.0425124
0.106533 9.9982E-05 0.0515143 0.493593 0.0216941 9.9982E-05 0.306189 0.0202771
0.0349087 0.0513274 0.107415 0.446929 9.9982E-05 0.0455286 0.313692 9.9982E-05
0.183879 0.0500871 0.0346298 0.379471 9.9973E-05 9.9973E-05 0.351632 9.9973E-05
0.204142 0.00467251 0.0276282 0.225383 9.9982E-05 0.0216467 0.516328 9.9982E-05
0.0174729 9.9982E-05 0.0256711 0.382737 9.9982E-05 0.100342 0.455923 0.0176537
0.00937309 9.9982E-05 0.0784555 0.558068 0.0044774 0.163651 0.185775 9.9982E-05
0.0489393 0.0517762 9.9982E-05 0.678421 0.0227801 0.0743404 0.123543 9.9982E-05
0.00292413 0.00881288 9.9991E-05 0.459565 0.0760797 0.1045 0.258802 0.0892159
0.0383733 9.9982E-05 0.0855161 0.474288 9.9982E-05 0.203142 0.190239 0.00824096
9.9991E-05 0.0325004 0.089046 0.327144 0.0129321 0.0170438 0.429335 0.0918989
0.033345 9.9973E-05 9.9973E-05 0.661611 0.00213736 0.0769101 0.225697 9.9973E-05
0.00947803 9.9982E-05 0.0981498 0.446947 0.0301352 0.164917 0.250173 9.9982E-05
0.058952 0.0306041 0.0814806 0.45793 0.0544846 0.0509212 0.174867 0.0907608
0.0305502 0.00584174 0.176484 0.391047 0.315148 9.9982E-05 9.9982E-05 0.0807292
9.9982E-05 0.0173518 0.210169 0.447688 0.114332 0.125777 9.9982E-05 0.0844813
0.0886973 0.107852 0.156476 0.460379 0.0750396 9.9982E-05 9.9982E-05 0.111356
0.00198608 0.0369928 0.0445234 0.664273 0.0607823 0.0750203 0.0271246 0.0892971
0.0649728 0.0490097 0.177448 0.45349 0.167969 0.0116078 9.9991E-05 0.075403
9.9973E-05 0.0325823 9.9973E-05 0.459836 9.9973E-05 0.24253 0.141616 0.123136
0.0102678 0.0482534 0.0230338 0.627752 0.199911 0.000150939 0.0741931 0.0164381
0.15588 9.9982E-05 0.13557 0.0284913 0.187939 0.039826 9.9982E-05 0.452094
0.0201725 0.0343711 0.183535 0.455364 0.0734245 0.116126 0.0639468 0.0530599
0.0181138 0.0122921 0.0902353 0.528901 0.0960814 0.179881 0.0743956 9.9991E-05
9.9982E-05 0.0122788 0.180877 0.574473 0.134293 0.0211887 9.9982E-05 0.0766892
0.0760976 0.0285434 0.0985964 0.346519 0.132983 0.00702847 0.0421401 0.268092
0.0302621 9.9991E-05 0.155818 0.511839 0.0763071 0.0127917 0.0274771 0.185405
9.9991E-05 0.0289399 0.219956 0.432 0.166253 0.0858141 0.0277616 0.0391753
9.9973E-05 0.0179753 0.20259 9.9973E-05 0.424075 0.0339869 9.9973E-05 0.321073
0.0291258 0.0668763 0.199166 0.470854 0.126536 0.0432892 0.0640524 9.9991E-05
9.9982E-05 0.00321115 0.180903 0.524947 0.131396 0.116413 9.9982E-05 0.0429302
0.032771 0.0157202 0.102227 0.546286 0.0760255 9.9982E-05 9.9982E-05 0.226771
9.9982E-05 0.0215511 0.195959 0.538596 0.137552 0.00849906 9.9982E-05 0.0976426
0.0864718 0.0847795 0.0886006 0.517205 0.0774617 0.0603869 0.0321662 0.0529282
0.145541 0.0266842 0.0460175 0.358948 0.0114465 0.411164 9.9982E-05 9.9982E-05
0.00417287 0.0295148 0.0553451 0.460125 0.0232383 0.311254 0.100282 0.016068
0.0963286 9.9964E-05 9.9964E-05 9.9964E-05 9.9964E-05 0.83642 0.0471658 0.0196858
0.00357564 9.9964E-05 9.9964E-05 9.9964E-05 0.0263252 0.924325 0.0453742 9.9964E-05
0.0867786 0.0310995 0.161397 0.316407 9.9982E-05 0.399497 0.00462151 9.9982E-05
9.9973E-05 9.9973E-05 0.303413 0.401601 0.105414 0.127479 9.9973E-05 0.0617928
0.0239039 0.0219067 0.361145 0.193281 0.0698511 0.285794 9.9991E-05 0.0440172
0.0052998 0.058107 0.290452 0.13877 0.157787 0.201139 0.0184938 0.129953
9.9973E-05 0.0247387 0.228416 0.291746 0.235445 0.219354 9.9973E-05 9.9973E-05
9.9982E-05 0.00623844 0.0527367 0.062722 0.0654752 0.596306 9.9982E-05 0.216321
9.9982E-05 0.0527824 0.0732161 0.0981189 0.0832536 0.623463 9.9982E-05 0.0689664
0.0182855 0.0177084 0.180951 0.417423 9.9973E-05 0.365332 9.9973E-05 9.9973E-05
9.9964E-05 9.9964E-05 0.101348 0.392309 0.0135242 0.492419 9.9964E-05 9.9964E-05
9.9973E-05 0.0762511 0.104352 0.050515 0.0252527 0.743329 9.9973E-05 9.9973E-05
9.9991E-05 0.0300953 0.129879 0.431847 0.036579 0.326872 0.0296499 0.0149782
9.9982E-05 9.9982E-05 0.129817 0.445773 0.0309607 0.333293 0.0504025 0.00955366
0.0248995 0.0226704 0.181867 0.40374 0.098089 0.174021 0.0294029 0.0653106
0.039541 9.9964E-05 9.9964E-05 0.314636 9.9964E-05 0.558492 0.086931 9.9964E-05
0.0184432 0.067369 9.9982E-05 0.325949 9.9982E-05 0.501332 0.0683747 0.018332
0.0491123 0.00780887 0.0053861 0.513709 0.100269 0.311213 9.9991E-05 0.0124015
0.0492951 0.0283077 0.00837821 0.376224 0.0727672 0.357976 0.106952 9.9991E-05
9.9982E-05 9.9982E-05 0.103929 0.377617 0.0165178 0.135634 0.237095 0.129008
9.9964E-05 9.9964E-05 9.9964E-05 0.457434 9.9964E-05 0.389294 0.0204261 0.132446
9.9964E-05 9.9964E-05 9.9964E-05 0.165886 0.0179184 0.76858 0.0472157 9.9964E-05
0.0986774 9.9973E-05 0.0615435 0.478791 0.0340727 0.326615 9.9973E-05 9.9973E-05
0.0121251 9.9964E-05 0.0198824 0.170955 9.9964E-05 0.796637 9.9964E-05 9.9964E-05
9.9982E-05 0.00680929 0.000306472 0.389596 9.9982E-05 0.522951 0.0365395 0.0435974
0.0415782 0.0384087 9.9982E-05 0.573303 9.9982E-05 0.235743 0.0727122 0.0380541
9.9973E-05 0.0556563 9.9973E-05 0.48204 9.9973E-05 0.38267 0.0419862 0.0373474
9.9982E-05 0.0439587 0.126642 0.610816 0.124134 0.0881512 9.9982E-05 0.00609777
0.0663931 9.9991E-05 0.0640244 0.41015 0.120353 0.188228 0.0812581 0.0694933
0.0266531 0.0507822 0.23994 0.299017 0.0969789 0.0911468 0.0454395 0.150042
0.0378374 0.0610817 0.260519 0.222071 0.0869526 0.0273063 0.155966 0.148266
0.00303928 0.0487311 0.150579 0.499018 0.0892719 0.0483066 0.111969 0.0490856
9.9991E-05 0.0161673 0.119786 0.416746 0.156014 0.226928 0.028507 0.0357518
9.9973E-05 0.013478 0.110358 9.9973E-05 0.175484 0.58485 9.9973E-05 0.11553
9.9982E-05 0.0210784 0.230308 0.533596 0.0537527 0.151104 9.9982E-05 0.00996148
9.9973E-05 0.010793 0.0930111 9.9973E-05 0.32022 0.371955 9.9973E-05 0.203721
9.9964E-05 9.9964E-05 0.181449 0.469323 0.0620893 0.286738 9.9964E-05 9.9964E-05
0.12525 9.9964E-05 9.9964E-05 0.0409016 9.9964E-05 0.823151 9.9964E-05 0.0102976
0.0660859 9.9946E-05 9.9946E-05 9.9946E-05 9.9946E-05 0.933314 9.9946E-05 9.9946E-05
0.0331466 0.0216665 9.9973E-05 0.442503 9.9973E-05 0.502192 0.000192752 9.9973E-05
9.9955E-05 0.0271504 9.9955E-05 0.580878 9.9955E-05 0.391471 9.9955E-05 9.9955E-05
0.0411668 9.9964E-05 9.9964E-05 0.327817 9.9964E-05 0.627232 0.00338431 9.9964E-05
0.0340515 9.9964E-05 9.9964E-05 0.427775 0.0408775 0.496896 9.9964E-05 9.9964E-05
9.9955E-05 9.9955E-05 9.9955E-05 0.523731 9.9955E-05 0.474991 0.00077809 9.9955E-05
0.0132723 0.11168 0.0545717 0.0456659 0.694369 0.044907 0.0159453 0.0195887
9.9982E-05 0.0451422 0.114825 9.9982E-05 0.64051 0.0440526 0.151913 0.00335762
9.9964E-05 0.0417704 0.0892675 9.9964E-05 0.828878 9.9964E-05 0.0396843 9.9964E-05
9.9964E-05 0.133423 9.9964E-05 0.0458026 0.808626 0.0117479 9.9964E-05 9.9964E-05
0.379485 0.054793 0.0628345 0.39927 0.0149655 9.9991E-05 0.0624158 0.0261362
0.365634 0.00394396 0.0160327 0.491844 0.106224 9.9982E-05 0.0161217 9.9982E-05
0.506526 0.0157196 9.9964E-05 0.460633 9.9964E-05 9.9964E-05 0.0167215 9.9964E-05
0.318237 0.0323561 0.0305031 0.524466 0.0941379 9.9973E-05 9.9973E-05 9.9973E-05
0.255618 0.0166897 0.0220042 0.477022 0.0799707 9.9991E-05 0.0331701 0.115426
0.596536 9.9973E-05 9.9973E-05 0.160938 0.0378347 9.9973E-05 0.109202 0.0951901
0.370282 9.9964E-05 0.063537 0.550455 0.0153265 9.9964E-05 9.9964E-05 9.9964E-05
0.511472 0.02918 9.9973E-05 0.301524 9.9973E-05 0.0402216 9.9973E-05 0.117302
9.9982E-05 0.00690927 0.179015 0.488511 0.23731 0.0362844 0.0517703 9.9982E-05
0.315562 9.9973E-05 0.0929692 0.342028 9.9973E-05 0.185998 0.0631428 9.9973E-05
0.506039 0.0355019 9.9964E-05 0.347016 9.9964E-05 9.9964E-05 0.111043 9.9964E-05
0.329821 0.029843 9.9982E-05 0.508551 9.9982E-05 0.089423 0.0092087 0.0329537
0.413892 0.01747 9.9982E-05 0.43002 0.0403092 0.00595806 0.0921504 9.9982E-05
0.329606 9.9955E-05 9.9955E-05 0.574863 9.9955E-05 0.0950316 9.9955E-05 9.9955E-05
0.255655 9.9964E-05 9.9964E-05 0.560804 0.0611613 0.12198 9.9964E-05 9.9964E-05
0.912766 9.9964E-05 9.9964E-05 0.0191125 9.9964E-05 0.057689 9.9964E-05 0.0100325
0.521852 0.0213415 0.045495 0.214508 9.9982E-05 0.115594 9.9982E-05 0.0810096
0.577358 0.0255524 0.0141383 0.296435 0.0114348 0.0667533 0.00822812 9.9991E-05
0.866405 9.9955E-05 9.9955E-05 9.9955E-05 9.9955E-05 0.0466877 9.9955E-05 0.0864071
0.375881 0.0445007 9.9973E-05 0.407631 9.9973E-05 0.0843984 0.087289 9.9973E-05
0.578168 0.00172623 9.9973E-05 0.114569 9.9973E-05 0.026429 9.9973E-05 0.278808
0.711554 9.9955E-05 9.9955E-05 9.9955E-05 9.9955E-05 0.127759 9.9955E-05 0.160187
0.30022 0.00577974 0.0132521 0.563862 9.9982E-05 0.0328727 0.0838126 9.9982E-05
0.622979 0.0110371 0.00621229 0.174281 0.0595192 0.0224485 0.103423 9.9991E-05
0.468392 9.9973E-05 0.0452713 0.380375 0.0357154 9.9973E-05 0.0699467 9.9973E-05
0.134654 0.0296557 0.0234741 0.543602 0.109828 0.0720766 0.00371735 0.082993
0.455056 9.9973E-05 0.0207495 0.483746 9.9973E-05 9.9973E-05 0.0258117 0.0143369
0.0244561 9.9982E-05 0.00339216 0.385913 9.9982E-05 0.189187 0.259197 0.137655
0.295196 9.9964E-05 9.9964E-05 0.555582 9.9964E-05 0.109101 0.0397211 9.9964E-05
0.454154 0.0132324 9.9973E-05 0.456264 0.0416351 9.9973E-05 0.0344147 9.9973E-05
0.707881 0.00497358 9.9973E-05 0.250179 9.9973E-05 0.0161442 9.9973E-05 0.0205218
0.19586 9.99937E-05 0.0622921 0.511875 0.0742628 0.0979276 0.0437976 0.013885
9.9973E-05 0.0653729 9.9973E-05 0.0204404 0.601107 9.9973E-05 0.256712 0.0560679
0.0289019 0.0678748 0.0237271 0.0430837 0.682996 9.9991E-05 0.100115 0.0532021
9.9964E-05 0.115461 9.9964E-05 9.9964E-05 0.681712 9.9964E-05 0.122215 0.0802116
9.9964E-05 0.0963297 9.9964E-05 9.9964E-05 0.686615 9.9964E-05 0.192904 0.0237517
9.9973E-05 0.0315992 9.9973E-05 0.0168349 0.680186 9.9973E-05 0.263294 0.007785
0.693502 9.9973E-05 0.041422 0.0731074 0.0390403 9.9973E-05 0.152628 9.9973E-05
0.596335 0.0476043 9.9982E-05 0.123031 9.9982E-05 0.0318196 0.107673 0.0933368
0.767153 9.9964E-05 9.9964E-05 0.0820152 9.9964E-05 0.08413 9.9964E-05 0.0663019
0.20327 9.9982E-05 0.0232182 0.544304 0.170088 0.0114952 9.9982E-05 0.0474249
0.0938521 0.0554984 0.0167527 0.531156 0.166655 0.118949 9.9991E-05 0.0170368
0.649581 0.012308 0.0524451 0.215615 9.9982E-05 0.0160522 9.9982E-05 0.0537994
0.262793 0.00114858 0.0760834 0.522403 9.9982E-05 0.11744 9.9982E-05 0.0199317
0.446433 9.9973E-05 0.0275917 0.35567 0.0632527 9.9973E-05 9.9973E-05 0.106752
0.30537 9.9973E-05 9.9973E-05 0.488993 0.0408104 0.117681 0.0468461 9.9973E-05
0.209889 0.0389942 0.0369631 0.664862 0.0367137 9.9982E-05 0.0123775 9.9982E-05
0.544819 9.9973E-05 0.0395068 0.242909 9.9973E-05 9.9973E-05 0.1646 0.00786503
0.598477 9.9955E-05 9.9955E-05 0.305452 9.9955E-05 9.9955E-05 0.0955712 9.9955E-05
0.558343 9.9964E-05 9.9964E-05 0.279897 9.9964E-05 0.0259013 0.135459 9.9964E-05
0.0237717 9.9973E-05 9.9973E-05 0.61645 0.0975123 9.9973E-05 0.042796 0.21917
0.493006 0.00255442 9.9973E-05 0.413706 0.022809 9.9973E-05 0.0676251 9.9973E-05
0.390202 9.9973E-05 0.0126149 0.395027 0.0514376 9.9973E-05 0.150418 9.9973E-05
9.9982E-05 0.0337538 0.394488 0.483189 0.0341976 0.0390154 9.9982E-05 0.0151561
0.0558201 0.0367582 0.46875 0.29253 0.0154914 0.0988274 9.9991E-05 0.0317226
9.9973E-05 0.0189317 0.417108 0.364661 0.0690175 0.129983 9.9973E-05 9.9973E-05
9.9982E-05 0.0330849 0.505484 0.290101 0.0698035 0.0272267 9.9982E-05 0.0740997
9.9982E-05 0.0441771 0.184978 0.545154 0.167333 0.0430612 0.0150963 9.9982E-05
0.263105 9.9973E-05 0.0153736 0.449925 0.0109741 9.9973E-05 9.9973E-05 0.260322
9.9982E-05 0.0647039 0.652073 0.0061377 0.205009 0.0557607 9.9982E-05 0.0161161
9.9982E-05 0.0489979 0.468741 0.241991 0.177201 0.0615499 9.9982E-05 0.00131883
0.0603699 0.015546 0.109095 0.428025 0.118838 9.9982E-05 9.9982E-05 0.267926
9.9964E-05 0.0362069 9.9964E-05 0.607908 0.0562291 9.9964E-05 9.9964E-05 0.299256
0.0316967 0.0255884 0.00486017 0.437119 0.0563178 9.9991E-05 0.0615184 0.3828
0.0779572 0.000845966 0.0342725 0.519345 0.0839711 9.9991E-05 0.0672209 0.216288
0.0869887 9.9991E-05 0.0206358 0.5423 0.132033 0.00941349 0.113448 0.0950813
9.9973E-05 9.9973E-05 0.423298 0.379152 0.148785 0.0363986 9.9973E-05 0.012066
0.0940295 0.0316895 0.374456 0.269175 0.111924 0.0493123 0.0693135 9.9991E-05
9.9973E-05 0.0064703 0.459527 0.421501 0.0413156 9.9973E-05 9.9973E-05 0.0708867
0.0438796 0.0902883 0.204078 0.463507 0.0780084 0.102723 0.017415 9.9991E-05
0.0835346 0.00202577 0.507998 0.234879 0.102145 9.9991E-05 0.0217021 0.0476159
0.0769066 0.032118 0.329453 0.332203 0.105358 0.0499196 9.9991E-05 0.0739412
9.9973E-05 9.9973E-05 0.525291 0.266421 0.133346 0.0573979 9.9973E-05 0.0172448
9.9991E-05 0.0370495 0.389018 0.364184 0.0463739 0.0537234 0.0712138 0.0383378
0.0696545 0.011285 0.0128934 0.50905 9.9982E-05 9.9982E-05 0.0519607 0.344957
0.0827828 0.0410051 0.256694 0.348934 0.18124 9.9982E-05 9.9982E-05 0.0891446
9.9973E-05 0.000237288 0.657791 0.186452 0.116159 9.9973E-05 9.9973E-05 0.0390606
9.9982E-05 0.0279002 0.329004 0.373453 0.0962874 0.0170538 0.156101 9.9982E-05
0.0335277 0.0374581 9.9982E-05 0.270067 0.0586087 9.9982E-05 0.20395 0.396188
9.9964E-05 9.9964E-05 0.0493166 0.613331 9.9964E-05 9.9964E-05 0.05137 0.285583
9.9982E-05 0.00890901 0.246152 0.412068 0.189749 0.129145 9.9982E-05 0.0137771
9.9982E-05 0.0141482 0.0363565 0.63236 0.0693882 9.9982E-05 0.0124508 0.235097
9.9973E-05 0.0307045 9.9973E-05 0.496859 0.130221 9.9973E-05 0.0708029 0.271112
0.094392 0.0161048 0.217471 0.317539 0.179815 9.9991E-05 0.0443544 0.130224
9.9982E-05 0.0278882 0.297162 0.289536 0.167054 0.120157 9.9982E-05 0.0980041
0.115609 0.0697903 0.289824 0.360909 0.00107645 9.9991E-05 0.0535445 0.109147
0.0763058 9.9973E-05 0.424462 0.321132 0.0888814 9.9973E-05 9.9973E-05 0.0889195
9.9991E-05 0.0287862 0.427344 0.365422 0.0962411 0.0495294 0.0186055 0.0139719
9.9973E-05 0.00421421 0.545995 0.1852 0.175206 9.9973E-05 9.9973E-05 0.089085
0.0437068 0.079484 0.0825086 0.585062 0.0134044 0.0199032 0.0755716 0.100359
0.107118 0.0163363 9.9982E-05 0.450148 0.0411026 9.9982E-05 0.11526 0.269835
0.0478824 0.0942625 0.0152272 0.15003 0.0296149 0.0190808 9.9991E-05 0.643802
0.0804561 9.9982E-05 0.0859967 0.561574 0.11405 9.9982E-05 0.0914695 0.0662537
0.129583 0.0193039 0.057443 0.394501 0.0358822 0.086216 0.169105 0.107966
0.0532824 0.0738581 0.0860603 0.451933 0.1739 9.9982E-05 9.9982E-05 0.160766
0.0223063 0.047091 0.107879 0.386833 0.0905378 0.170555 0.069561 0.105236
9.9955E-05 9.9955E-05 0.192906 9.9955E-05 0.247617 9.9955E-05 9.9955E-05 0.558978
9.9964E-05 0.0236186 0.0961106 9.9964E-05 0.21108 9.9964E-05 9.9964E-05 0.668791
9.9991E-05 0.00307345 0.106037 0.330355 0.121698 0.101792 0.0900105 0.246934
