0.037062 0.0113348 9.9973E-05 0.0414984 9.9973E-05 0.906572 0.00323263 9.9973E-05
9.9964E-05 0.0263802 0.0401393 9.9964E-05 9.9964E-05 0.889656 9.9964E-05 0.0434247
0.110762 9.9973E-05 0.0253882 0.0538796 9.9973E-05 0.796365 0.0133051 9.9973E-05
0.0504625 9.9973E-05 0.0798427 0.0339022 9.9973E-05 0.785895 0.0495974 9.9973E-05
0.0366536 9.9973E-05 0.0678396 0.0174966 9.9973E-05 0.845269 9.9973E-05 0.0324417
9.9973E-05 0.0924235 0.141106 0.0908768 0.125104 0.55019 9.9973E-05 9.9973E-05
9.9982E-05 0.0338088 0.0590262 0.032868 0.0908088 0.779571 0.00371733 9.9982E-05
9.9973E-05 9.9973E-05 0.192634 0.0384547 0.0519607 0.655697 9.9973E-05 0.0609542
9.99729E-05 0.071505 0.0626677 9.99729E-05 0.0216728 0.794311 0.0495439 9.99729E-05
0.0291911 9.9982E-05 0.129154 0.114471 0.0451459 0.632959 9.9982E-05 0.0488785
0.0434495 9.9973E-05 0.115495 9.9973E-05 0.137233 0.676618 0.0269056 9.9973E-05
0.180575 0.135104 9.9964E-05 0.0924147 9.9964E-05 9.9964E-05 0.591507 9.9964E-05
0.471525 0.0627823 0.057433 0.0493181 9.9982E-05 9.9982E-05 0.337453 0.0212886
0.210205 9.9982E-05 0.0100445 0.0626095 0.0513908 9.9982E-05 0.627307 0.038244
0.210222 9.9964E-05 9.9964E-05 0.17896 9.9964E-05 9.9964E-05 0.543845 0.0665724
0.292554 0.00678448 0.018 0.116019 0.0372309 0.127717 0.337049 0.0646458
0.470042 9.9982E-05 9.9982E-05 0.0482873 0.0468897 0.0602022 0.278865 0.0955135
0.356209 0.129521 9.9982E-05 0.0833132 0.00231374 9.9982E-05 0.343903 0.0845397
0.236144 0.0326164 9.9973E-05 0.086611 9.9973E-05 0.111768 0.532561 9.9973E-05
9.9964E-05 9.9964E-05 9.9964E-05 0.0648532 0.0658952 0.020522 0.84833 9.9964E-05
0.31902 0.116424 0.0321867 0.0488885 0.0772491 9.9991E-05 0.272054 0.134078
0.414063 0.147374 0.00426298 0.0424656 0.181573 9.9982E-05 0.210061 9.9982E-05
0.579227 0.0932214 0.106974 0.0500376 0.0581106 0.0262497 0.0860796 9.9991E-05
0.279419 0.127952 9.9973E-05 0.0880915 0.00880131 9.9973E-05 0.495436 9.9973E-05
0.577407 0.0648473 0.0500205 0.0662651 0.0601531 0.0705736 0.0974637 0.0132696
0.40259 9.9973E-05 9.9973E-05 0.0763965 0.0457131 0.0407107 0.434289 9.9973E-05
0.131282 0.0330166 9.9982E-05 0.0678344 9.9982E-05 0.0603671 0.700174 0.00712678
0.129607 0.010088 9.9964E-05 0.224246 9.9964E-05 9.9964E-05 0.635659 9.9964E-05
0.206973 0.0454698 9.9991E-05 0.00476986 0.0795236 0.0364134 0.574779 0.0519716
0.141516 9.9955E-05 9.9955E-05 0.0497553 9.9955E-05 0.808229 9.9955E-05 9.9955E-05
0.148921 9.9955E-05 9.9955E-05 0.0261627 9.9955E-05 0.824416 9.9955E-05 9.9955E-05
0.0916292 0.0291349 9.9982E-05 0.0689469 9.9982E-05 0.731051 0.0749946 0.00404382
0.223026 9.9955E-05 9.9955E-05 0.0358301 9.9955E-05 0.740644 9.9955E-05 9.9955E-05
0.537975 0.258502 0.0530478 9.9991E-05 0.00373161 0.0169955 0.0970151 0.0326335
0.469174 0.257387 0.0422329 0.0921708 9.9991E-05 0.0407185 0.023468 0.0747482
0.563554 0.395667 0.038854 9.9964E-05 9.9964E-05 0.00152558 9.9964E-05 9.9964E-05
0.154409 0.076161 0.0253589 9.9982E-05 9.9982E-05 0.0949318 0.617482 0.0314573
0.235284 0.654733 0.00768707 0.101896 9.9964E-05 9.9964E-05 9.9964E-05 9.9964E-05
0.522822 0.229263 9.9982E-05 0.0253915 9.9982E-05 0.0968447 0.114927 0.0105514
0.748055 0.0943873 0.0761937 0.0221542 0.0589101 9.9973E-05 9.9973E-05 9.9973E-05
0.570881 0.0776666 0.114615 0.0198365 0.123936 0.0928643 9.9982E-05 9.9982E-05
0.629726 0.0472 0.125139 9.9982E-05 9.9982E-05 0.104907 0.057412 0.0354165
0.137008 0.645635 9.9973E-05 9.9973E-05 0.0226271 0.0517225 0.142707 9.9973E-05
0.57543 0.112537 9.9973E-05 0.0819166 0.177445 9.9973E-05 0.0523714 9.9973E-05
0.447399 0.28207 0.0225689 0.0964627 9.9991E-05 0.0836115 0.0246302 0.0431569
0.504824 0.229278 0.00923836 0.0801673 0.0785656 0.0972188 0.000608476 9.9991E-05
0.253562 0.694012 0.00870945 9.9964E-05 9.9964E-05 9.9964E-05 9.9964E-05 0.0433174
0.652164 0.249784 0.0119433 9.9973E-05 0.0621122 0.0236959 9.9973E-05 9.9973E-05
0.575373 0.195937 9.9982E-05 0.0662612 9.9982E-05 0.0803093 0.0484523 0.0334676
9.9964E-05 0.698927 9.9964E-05 9.9964E-05 0.234317 0.0633952 0.00296074 9.9964E-05
0.12052 0.259769 0.114297 9.9982E-05 0.103916 9.9982E-05 0.392187 0.00911139
0.00930062 0.18798 9.9973E-05 9.9973E-05 0.356238 9.9973E-05 0.338818 0.107363
0.604908 9.9982E-05 0.0617024 0.0608709 0.110788 0.00291975 0.158611 9.9982E-05
0.476036 0.0395279 9.9991E-05 0.0802034 0.050247 0.0842586 0.134573 0.135054
0.625424 0.0364093 0.0533714 9.9991E-05 0.0577019 0.0752009 0.0399192 0.111873
0.193217 0.234349 0.14935 9.9982E-05 0.0799287 0.0830589 0.259897 9.9982E-05
0.579829 0.0438108 0.0830311 9.9991E-05 0.0782509 0.0145973 0.133521 0.0668602
0.460421 0.0690089 9.9982E-05 0.0949315 0.156292 0.00814343 0.211003 9.9982E-05
0.268956 0.203023 0.0557993 0.0373616 0.0958677 0.106053 0.127197 0.105743
0.0630637 0.0533969 0.10463 0.0500976 0.16819 0.195473 0.365049 9.9991E-05
0.443499 0.122336 9.9991E-05 0.0303543 0.0223212 0.111919 0.149179 0.120292
0.320199 0.0454155 0.101731 0.0235717 0.0682491 0.059267 0.294031 0.087536
0.017707 0.136375 0.0803627 9.9991E-05 0.127263 0.0414996 0.574492 0.0222009
0.482353 9.9964E-05 9.9964E-05 9.9964E-05 0.0522314 9.9964E-05 0.34297 0.122046
0.607733 9.9991E-05 0.0457671 0.0314545 0.0270042 0.0108304 0.0729994 0.204112
0.50869 0.0304229 0.00733289 0.0579708 0.00822151 0.0983287 0.171864 0.117169
0.243075 0.0873996 0.0181089 0.0370534 0.00943427 0.0646679 0.421979 0.118282
0.412514 0.03068 9.9982E-05 0.0347238 0.135543 9.9982E-05 0.310156 0.0761827
0.594255 9.9991E-05 0.0426517 0.00766317 0.0639098 0.0554985 0.152 0.0839214
0.152573 0.119357 9.9982E-05 9.9982E-05 0.116854 0.0203547 0.478404 0.112257
0.531714 0.440629 0.0262446 9.9964E-05 9.9964E-05 9.9964E-05 0.00101317 9.9964E-05
0.106726 0.720725 9.9964E-05 9.9964E-05 9.9964E-05 0.0357833 0.136365 9.9964E-05
0.490145 0.161868 9.9991E-05 0.0674273 0.0618045 0.0205316 0.0774669 0.120656
9.9946E-05 0.918499 9.9946E-05 9.9946E-05 0.0809015 9.9946E-05 9.9946E-05 9.9946E-05
9.9964E-05 0.808375 9.9964E-05 9.9964E-05 0.0952887 9.9964E-05 0.0513411 0.0445957
0.259464 0.715311 9.9955E-05 9.9955E-05 9.9955E-05 9.9955E-05 9.9955E-05 0.0247255
0.37703 0.546421 0.0502835 0.0204516 9.9973E-05 9.9973E-05 0.00551395 9.9973E-05
0.453451 0.194732 9.9973E-05 0.0527105 9.9973E-05 0.133574 0.165233 9.9973E-05
0.402654 0.398983 9.9982E-05 0.0536347 9.9982E-05 0.00277207 0.104221 0.0375358
0.161661 0.644326 0.073576 0.0046032 9.9982E-05 0.0336591 0.0819753 9.9982E-05
0.245158 0.470077 0.105798 9.9964E-05 9.9964E-05 9.9964E-05 0.178567 9.9964E-05
0.43437 0.193422 0.13471 0.101915 9.9991E-05 0.0249096 0.0758402 0.034733
0.222207 0.554606 9.99745E-05 0.0861211 0.00453257 9.99745E-05 0.132233 9.99745E-05
0.398738 0.455296 0.0268139 9.9973E-05 9.9973E-05 0.04307 0.0757817 9.9973E-05
0.425991 0.52852 0.0229718 9.9973E-05 0.012292 9.9973E-05 9.9973E-05 0.00992439
9.9964E-05 0.741436 0.0455707 9.9964E-05 0.154723 9.9964E-05 9.9964E-05 0.05787
0.596711 0.22948 0.0565351 0.043316 9.9982E-05 0.0280336 0.045724 9.9982E-05
0.125513 9.9973E-05 0.0212987 0.0396953 9.9973E-05 0.807242 0.00595097 9.9973E-05
0.100075 9.9946E-05 9.9946E-05 9.9946E-05 9.9946E-05 0.899325 9.9946E-05 9.9946E-05
0.136735 9.9964E-05 0.00757192 0.0150921 9.9964E-05 0.840201 9.9964E-05 9.9964E-05
0.0817501 9.9955E-05 9.9955E-05 9.9955E-05 0.0557009 0.862049 9.9955E-05 9.9955E-05
0.108197 0.0159483 9.9973E-05 0.00596244 0.0119835 0.857609 9.9973E-05 9.9973E-05
0.0540246 9.9973E-05 0.047603 0.0485006 0.00644028 0.843132 9.9973E-05 9.9973E-05
0.0711846 9.99551E-05 9.99551E-05 9.99551E-05 0.0109619 0.917354 9.99551E-05 9.99551E-05
0.361734 0.314448 0.0335963 0.13598 0.0307879 0.0382964 0.0464493 0.0387077
0.529256 0.1005 0.0377285 0.0531857 9.9991E-05 0.112257 0.105478 0.0614943
9.9964E-05 0.803972 9.9964E-05 9.9964E-05 9.9964E-05 0.00271043 0.154032 0.0388865
0.540833 0.120291 0.0885888 0.0523113 0.0667551 0.0658195 9.9991E-05 0.0653015
0.419179 0.367055 0.0462803 9.9982E-05 0.0441199 0.0425698 0.0805958 9.9982E-05
0.596187 0.314898 9.9973E-05 0.027648 9.9973E-05 0.0499569 0.0110099 9.9973E-05
0.62024 0.190154 9.9973E-05 9.9973E-05 9.9973E-05 0.0555459 0.0423718 0.0913878
0.451327 0.401584 9.9964E-05 0.0640382 9.9964E-05 9.9964E-05 9.9964E-05 0.0826512
9.9964E-05 0.718033 0.0618202 9.9964E-05 9.9964E-05 0.0674562 0.15229 9.9964E-05
0.368311 0.271853 9.9982E-05 0.109501 9.9982E-05 0.104653 0.0514042 0.0940783
0.601183 0.190514 9.9991E-05 0.0112247 0.00618466 0.087852 0.0591041 0.0438381
0.573594 0.132911 0.100835 0.0471208 9.9982E-05 0.0905482 9.9982E-05 0.054791
0.284736 0.566671 9.9973E-05 9.9973E-05 0.0744661 0.0516823 9.9973E-05 0.0221449
0.562264 0.369172 0.0252674 9.9964E-05 9.9964E-05 9.9964E-05 9.9964E-05 0.0428967
0.455217 0.396617 0.0205121 9.9982E-05 0.0411811 0.0354238 0.0508487 9.9982E-05
0.269912 0.615819 9.9955E-05 0.113769 9.9955E-05 9.9955E-05 9.9955E-05 9.9955E-05
0.470049 0.456499 0.0093648 9.9973E-05 9.9973E-05 0.0537903 0.00999695 9.9973E-05
0.487034 0.0940018 9.9991E-05 0.0616904 0.0141555 0.0676844 0.188049 0.0872856
0.22605 0.0445759 9.9991E-05 0.0366508 0.13063 0.0149628 0.375906 0.171124
0.403815 0.0467195 0.0895173 0.0557436 0.0936755 0.114403 0.196026 9.9991E-05
0.546967 9.9982E-05 0.0220975 0.0271979 9.9982E-05 0.138373 0.152899 0.112266
0.57489 0.0623238 0.133635 0.0366725 9.9982E-05 0.0512498 9.9982E-05 0.141029
0.462361 9.9982E-05 0.0637355 9.9982E-05 0.0415804 0.00358261 0.377094 0.0514474
0.550988 0.04773 0.0582922 0.0374086 9.9991E-05 0.0426362 0.242808 0.0200372
0.443155 9.9964E-05 0.0807117 9.9964E-05 9.9964E-05 9.9964E-05 0.399332 0.0764012
0.479022 0.0539042 0.0536949 0.0146087 0.0594853 0.0476927 0.229665 0.0619269
0.487679 0.155843 0.0216317 0.0732294 0.0421842 9.9982E-05 0.219233 9.9982E-05
0.560484 0.144868 9.9982E-05 9.9982E-05 0.023695 0.040346 0.183438 0.0469694
0.494514 0.0231301 0.0861093 9.9982E-05 0.0477657 9.9982E-05 0.346821 0.0014596
0.55683 9.9991E-05 0.122232 0.0676427 0.0133122 0.0678733 0.0943243 0.0776855
0.617672 9.9991E-05 0.0110589 0.0192629 0.0126947 0.0814875 0.135251 0.122472
0.545478 0.0137473 0.0174145 0.0741764 9.9982E-05 9.9982E-05 0.307771 0.0412128
0.588192 0.037011 0.0492699 0.018179 0.107244 0.0225045 0.133756 0.0438438
0.508331 0.000705918 0.0652509 0.0854319 9.9982E-05 9.9982E-05 0.226822 0.113258
0.389104 9.9982E-05 0.0215506 9.9982E-05 0.156359 0.0535924 0.33819 0.0410029
0.550101 0.0106614 0.0323987 0.0530268 9.9982E-05 9.9982E-05 0.313837 0.0397758
0.580523 9.9982E-05 0.0329831 0.0413944 0.072121 9.9982E-05 0.170661 0.102117
0.232092 0.135012 9.9991E-05 0.00963506 0.0496714 0.0592763 0.49711 0.0171028
0.142175 0.0137474 0.00338507 9.9991E-05 0.257012 0.0181522 0.355358 0.21007
0.563039 0.0640684 0.0979162 9.9982E-05 0.0606954 0.0196882 0.194393 9.9982E-05
0.110619 0.147649 0.0881878 9.9982E-05 0.114699 9.9982E-05 0.245727 0.292918
0.274622 0.0333251 9.9973E-05 9.9973E-05 9.9973E-05 0.0591504 0.569027 0.0635764
0.38079 0.19262 0.0760233 9.9973E-05 9.9973E-05 0.0129338 0.337332 9.9973E-05
0.328331 0.106289 0.0941215 9.9973E-05 9.9973E-05 9.9973E-05 0.411179 0.05978
0.318554 0.0261295 0.0450836 0.00849342 9.9991E-05 0.0310182 0.552655 0.0179661
0.63277 0.0186097 9.9982E-05 9.9982E-05 0.0170738 0.0416634 0.210042 0.0796414
0.608275 0.0959086 0.0642796 0.0245692 0.0418093 0.0858777 0.0791807 9.9991E-05
0.508792 0.153421 9.9964E-05 9.9964E-05 9.9964E-05 0.126163 0.211225 9.9964E-05
0.151583 0.0479105 0.00315156 0.0369164 0.241247 9.9991E-05 0.469192 0.0499004
0.487777 0.122334 0.0142231 9.9991E-05 0.0485607 0.195657 0.0816969 0.0496515
0.455765 0.189843 0.00158797 0.0500271 0.238181 0.0643958 9.9982E-05 9.9982E-05
9.9982E-05 0.138459 0.0367773 9.9982E-05 0.430357 0.095038 0.155826 0.143343
0.630438 0.127756 9.9982E-05 9.9982E-05 0.0729456 0.081806 0.0330388 0.0538158
0.36397 0.232689 0.0274217 0.0122403 0.171835 0.0963402 0.0661183 0.0293842
0.467835 0.112255 0.0802664 0.0668857 0.106988 0.0606166 0.0595283 0.0456252
0.28239 0.101068 0.0655745 9.9982E-05 0.380915 0.0607466 0.109106 9.9982E-05
0.213933 0.0773135 0.134122 9.9991E-05 0.332282 0.019369 0.124923 0.0979573
0.442928 0.0764551 0.0847584 9.9982E-05 0.187036 9.9982E-05 0.0911204 0.117502
0.562263 0.016569 0.0821122 0.0527894 0.110105 0.0216935 0.076869 0.0775989
0.365723 0.150779 9.9991E-05 0.039033 0.0926531 0.164583 0.151813 0.0353154
9.9991E-05 0.27751 0.0422816 0.154717 0.331379 0.0257559 0.135356 0.0329003
0.578458 9.9982E-05 9.9982E-05 0.015542 0.12045 0.00711912 0.147308 0.130923
0.384358 0.126841 9.9973E-05 9.9973E-05 0.305689 9.9973E-05 0.170861 0.0119512
0.472846 0.21171 9.9973E-05 9.9973E-05 0.144513 9.9973E-05 0.106955 0.0636769
0.481746 0.119691 0.0286755 0.0292314 0.0725262 0.121019 0.101065 0.0460456
0.143023 0.0286786 9.9991E-05 0.228104 0.25287 0.316695 0.0117216 0.0188073
9.9955E-05 9.9955E-05 9.9955E-05 0.114993 0.393836 0.490671 9.9955E-05 9.9955E-05
9.9955E-05 9.9955E-05 9.9955E-05 0.124731 0.518794 0.355974 9.9955E-05 9.9955E-05
0.0666956 9.9982E-05 0.00948949 0.317202 0.245136 0.317829 0.0434478 9.9982E-05
0.697072 0.0302583 9.9964E-05 9.9964E-05 0.20049 9.9964E-05 9.9964E-05 0.0717801
0.473414 0.129755 0.0542631 0.111898 0.0825614 0.0173247 0.0817333 0.049051
0.272861 9.9955E-05 9.9955E-05 0.671126 9.9955E-05 9.9955E-05 0.0555138 9.9955E-05
0.304507 0.145497 0.00693654 0.443895 9.9973E-05 9.9973E-05 0.0988653 9.9973E-05
0.27466 0.0501226 0.0758382 0.457812 9.9982E-05 0.04758 9.9982E-05 0.0937873
0.341424 0.147539 0.0160788 9.9982E-05 0.349624 9.9982E-05 0.0240201 0.121113
0.460568 0.173373 9.9991E-05 0.0411846 0.0542791 0.0757064 0.046387 0.148402
0.160154 0.0813917 9.9973E-05 9.9973E-05 0.509936 9.9973E-05 0.00617752 0.242042
0.636263 0.0221573 0.0212939 9.9973E-05 0.220534 9.9973E-05 0.0994522 9.9973E-05
0.392578 0.129245 9.9991E-05 0.00344294 0.20399 0.0887304 0.0653078 0.116606
0.62819 0.0459908 0.0356094 9.9973E-05 0.250921 9.9973E-05 9.9973E-05 0.0389893
0.17688 0.314251 0.0423744 9.9973E-05 0.35908 9.9973E-05 9.9973E-05 0.107115
0.54073 0.143477 9.9982E-05 0.0587052 0.0270639 0.141103 9.9982E-05 0.0887204
0.539864 0.128935 0.0579437 0.0489298 0.152261 9.9982E-05 9.9982E-05 0.0718662
9.9955E-05 0.010885 9.9955E-05 0.942172 9.9955E-05 9.9955E-05 9.9955E-05 0.0464427
0.0225233 9.9955E-05 9.9955E-05 0.936726 9.9955E-05 9.9955E-05 9.9955E-05 0.0402508
0.272789 0.0343214 9.9982E-05 0.580722 0.0121226 9.9982E-05 0.0577397 0.0421052
0.315919 9.9964E-05 0.00160545 0.643052 9.9964E-05 9.9964E-05 9.9964E-05 0.0390244
0.14247 0.0113346 0.0334925 0.776891 9.9982E-05 0.00793976 0.0276719 9.9982E-05
9.9946E-05 9.9946E-05 0.00300497 0.996395 9.9946E-05 9.9946E-05 9.9946E-05 9.9946E-05
9.9964E-05 9.9964E-05 0.0139035 0.976885 9.9964E-05 9.9964E-05 0.00371274 0.00509878
0.139128 9.9946E-05 9.9946E-05 0.860273 9.9946E-05 9.9946E-05 9.9946E-05 9.9946E-05
0.0133562 9.9955E-05 0.0414698 0.944674 9.9955E-05 9.9955E-05 9.9955E-05 9.9955E-05
9.994E-05 9.994E-05 9.994E-05 0.9993 9.994E-05 9.994E-05 9.994E-05 9.994E-05
9.994E-05 9.994E-05 9.994E-05 0.9993 9.994E-05 9.994E-05 9.994E-05 9.994E-05
0.168272 9.9973E-05 9.9973E-05 0.777531 9.9973E-05 0.0274571 0.0183385 0.00810145
0.106534 0.0241633 0.0155758 0.772543 9.9973E-05 0.0808838 9.9973E-05 9.9973E-05
0.00269313 9.9955E-05 0.0427384 0.954069 9.9955E-05 9.9955E-05 9.9955E-05 9.9955E-05
0.329162 0.0621667 9.9982E-05 0.366418 0.0393892 0.071123 0.13154 9.9982E-05
0.240054 9.9973E-05 0.0525095 0.659742 9.9973E-05 0.0026791 0.0447155 9.9973E-05
0.166486 9.9964E-05 0.0451698 0.735597 9.9964E-05 0.0523468 9.9964E-05 9.9964E-05
0.0817424 9.9982E-05 0.0351061 0.835369 9.9982E-05 0.0292033 0.0104015 0.00797734
0.00942393 9.9946E-05 9.9946E-05 0.989976 9.9946E-05 9.9946E-05 9.9946E-05 9.9946E-05
0.0306144 9.9964E-05 9.9964E-05 0.887216 9.9964E-05 0.0716516 9.9964E-05 0.0101182
9.9955E-05 0.000138626 9.9955E-05 0.996876 9.9955E-05 0.00248606 9.9955E-05 9.9955E-05
0.214794 0.0924825 0.0457683 0.582614 9.9982E-05 0.0492468 9.9982E-05 0.0148946
0.00679777 0.0585554 9.9982E-05 0.877782 9.9982E-05 0.000115467 0.0232397 0.0333094
9.9973E-05 9.9973E-05 9.9973E-05 0.0348921 0.51597 0.285295 0.0897541 0.0737891
0.462361 9.9973E-05 0.091201 0.0707628 0.222438 0.152937 9.9973E-05 9.9973E-05
0.451153 0.0097003 0.0797972 0.0494438 0.149096 0.18234 9.9991E-05 0.0783696
0.190131 0.040141 0.0647221 0.11149 0.409184 0.184133 9.9982E-05 9.9982E-05
0.503308 9.9982E-05 0.00423594 0.0639765 0.247564 0.14818 0.0325358 9.9982E-05
0.215511 0.0739635 9.9982E-05 0.0833773 0.410733 0.202283 9.9982E-05 0.0139325
0.489276 0.0188534 0.0861047 0.0466692 0.0264573 0.212338 9.9991E-05 0.120202
0.329721 0.00194017 0.0397565 0.161883 0.332539 0.111648 9.9991E-05 0.0224129
0.525512 0.0714818 0.0308854 0.0693051 0.152197 0.13773 9.9991E-05 0.0127884
0.338434 0.0815263 0.0272927 0.117552 0.293614 0.141381 9.9982E-05 9.9982E-05
0.444302 0.0526487 0.00948786 0.0653692 0.187844 0.149455 0.0907935 9.9991E-05
0.0779324 0.00655315 0.0559592 9.9982E-05 0.0364584 0.779007 0.0438903 9.9982E-05
9.9973E-05 0.0131817 9.9973E-05 0.0725172 0.00398059 0.90652 0.00350031 9.9973E-05
9.9964E-05 0.0499404 0.0188966 9.9964E-05 9.9964E-05 0.926309 0.00445398 9.9964E-05
0.0247899 9.9955E-05 0.0637174 9.9955E-05 9.9955E-05 0.910993 9.9955E-05 9.9955E-05
9.9964E-05 9.9964E-05 9.9964E-05 0.0199944 0.0676025 0.848477 0.0635261 9.9964E-05
9.9955E-05 9.9955E-05 9.9955E-05 0.080753 9.9955E-05 0.878253 0.0404947 9.9955E-05
0.0755238 9.9964E-05 0.00822734 0.0537706 9.9964E-05 0.862078 9.9964E-05 9.9964E-05
0.0159265 9.9973E-05 9.9973E-05 9.9973E-05 0.000382098 0.8745 0.036569 0.0723222
0.0223568 0.0152775 9.9982E-05 0.011374 9.9982E-05 0.909091 0.0121247 0.0295764
9.9964E-05 9.9964E-05 9.9964E-05 0.109311 0.0439712 0.814063 0.0322544 9.9964E-05
9.9973E-05 0.181721 0.078045 9.9973E-05 9.9973E-05 0.601795 0.117994 0.0201456
9.9982E-05 0.0894247 0.165443 0.00193071 9.9982E-05 0.606958 0.131223 0.00482132
9.9973E-05 0.0444765 0.0770177 9.9973E-05 0.0826401 0.508992 0.286574 9.9973E-05
9.9973E-05 0.0999493 0.116335 9.9973E-05 9.9973E-05 0.480594 0.29426 0.00856111
0.512408 0.207876 0.0493662 9.9982E-05 9.9982E-05 0.0268925 0.182205 0.0210529
0.443745 0.33614 0.0601885 9.9964E-05 9.9964E-05 9.9964E-05 9.9964E-05 0.159526
0.488959 0.105195 0.078712 0.0438654 0.00798201 9.9982E-05 0.275087 9.9982E-05
0.408118 0.0874532 0.039489 9.9982E-05 0.101802 0.0354013 0.327537 9.9982E-05
0.14194 0.117854 0.0573684 0.00512364 0.0280091 9.9991E-05 0.649237 0.000368646
0.477032 0.288619 0.0716427 0.104065 9.9982E-05 0.0447451 0.013696 9.9982E-05
0.565022 0.248379 0.0401092 0.00274157 0.0352461 9.9991E-05 0.0941088 0.0142932
0.577429 0.318535 0.0272609 9.9973E-05 0.0310251 9.9973E-05 0.0454501 9.9973E-05
0.283698 0.623108 9.9964E-05 0.0804371 9.9964E-05 9.9964E-05 9.9964E-05 0.0123567
0.554349 0.112659 0.0460897 0.0391958 9.9991E-05 0.0568757 0.109068 0.0816627
0.402742 0.35533 0.111273 9.9982E-05 0.0719846 9.9982E-05 0.000150109 0.0583204
9.9964E-05 0.699794 0.00754984 9.9964E-05 9.9964E-05 9.9964E-05 0.110226 0.18203
0.413196 0.152042 9.9991E-05 0.0243773 0.0478393 0.0266893 0.162555 0.173201
0.229715 0.530044 0.028369 0.0136355 0.0918502 0.00329026 9.9991E-05 0.102996
0.492954 0.406094 9.9982E-05 9.9982E-05 0.00118825 0.0265871 0.0534037 0.0195722
0.0954891 0.603162 0.0848493 0.00541668 9.9991E-05 0.0136907 0.141501 0.0557918
0.0101338 0.00563455 0.892255 0.0061829 0.0747395 9.9982E-05 9.9982E-05 0.0108548
0.0211634 9.9955E-05 0.944184 9.9955E-05 0.0341529 9.9955E-05 9.9955E-05 9.9955E-05
9.994E-05 9.994E-05 0.9993 9.994E-05 9.994E-05 9.994E-05 9.994E-05 9.994E-05
9.9955E-05 0.112315 0.869081 9.9955E-05 9.9955E-05 0.0181044 9.9955E-05 9.9955E-05
0.0380791 0.00727494 0.883278 9.9973E-05 0.0374443 9.9973E-05 9.9973E-05 0.0336238
9.9946E-05 9.9946E-05 0.919578 0.0798218 9.9946E-05 9.9946E-05 9.9946E-05 9.9946E-05
0.126342 9.9955E-05 9.9955E-05 0.0128623 9.9955E-05 0.860296 9.9955E-05 9.9955E-05
0.0555383 9.9973E-05 0.0368835 0.000882178 9.9973E-05 0.836203 0.0701933 9.9973E-05
0.153119 9.9964E-05 9.9964E-05 0.0936663 9.9964E-05 0.745331 0.00748314 9.9964E-05
0.0234535 9.9964E-05 9.9964E-05 0.128115 9.9964E-05 0.725019 0.123012 9.9964E-05
0.0825679 9.9973E-05 0.0359644 0.0891638 0.0356883 0.756316 9.9973E-05 9.9973E-05
9.9973E-05 0.00714599 0.393674 9.9973E-05 0.0431695 0.351353 0.204358 9.9973E-05
9.9964E-05 0.0607192 0.433834 9.9964E-05 9.9964E-05 0.405928 9.9964E-05 0.0991188
9.9973E-05 0.0549794 0.390948 9.9973E-05 9.9973E-05 0.379926 0.0687566 0.10509
0.160543 9.9955E-05 9.9955E-05 0.0100455 9.9955E-05 0.828912 9.9955E-05 9.9955E-05
9.9973E-05 0.131377 0.498394 9.9973E-05 0.0161143 0.350673 0.00314165 9.9973E-05
0.206515 9.9964E-05 9.9964E-05 0.392402 0.189276 0.211408 9.9964E-05 9.9964E-05
0.569401 0.0535003 9.9982E-05 0.174021 0.0279292 0.129288 0.045661 9.9982E-05
0.582172 0.0495264 9.9973E-05 0.216408 0.00663976 0.144954 9.9973E-05 9.9973E-05
0.392246 0.00357471 0.0837281 0.178089 0.153414 0.188748 9.9982E-05 9.9982E-05
0.483402 0.077023 0.00874756 0.113809 0.0346205 0.155642 0.126655 9.9991E-05
9.9955E-05 9.9955E-05 9.9955E-05 0.331863 0.277576 0.390062 9.9955E-05 9.9955E-05
0.42997 0.0675382 0.0188902 9.9982E-05 9.9982E-05 0.0186056 0.394188 0.0706083
0.280512 0.125233 0.0474094 9.9991E-05 0.144559 0.0401858 0.227872 0.134129
0.256355 0.0102747 9.9964E-05 9.9964E-05 9.9964E-05 0.105501 0.627469 9.9964E-05
0.399562 0.113738 0.074874 9.9982E-05 0.0146954 9.9982E-05 0.173392 0.223539
9.9964E-05 0.172501 9.9964E-05 9.9964E-05 0.209536 9.9964E-05 0.300254 0.31731
0.576996 9.9982E-05 9.9982E-05 0.0546303 0.0413994 0.069759 0.218924 0.0380913
0.447086 9.9982E-05 9.9982E-05 0.0124579 0.0520109 0.0333475 0.208619 0.246279
0.324696 0.0497247 9.9973E-05 9.9973E-05 9.9973E-05 0.022569 0.58899 0.0137204
0.458617 0.165261 9.9991E-05 0.0196294 0.0654464 0.0615208 0.140636 0.0887901
0.114644 0.130754 9.9973E-05 9.9973E-05 0.235759 9.9973E-05 0.403712 0.114831
0.426077 0.0439016 0.0377902 0.0200082 0.0960038 9.9991E-05 0.157534 0.218584
0.548306 9.9982E-05 0.0981964 0.000885702 0.0180962 9.9982E-05 0.221708 0.112608
0.329601 0.028846 0.044665 0.172724 0.0784328 0.129964 0.156569 0.059198
0.388787 0.0241791 0.00789386 9.9982E-05 0.116673 9.9982E-05 0.30714 0.155127
0.361604 0.106529 0.0373617 0.0162977 9.9991E-05 0.0605996 0.339614 0.0778937
0.377555 0.199421 0.0240107 0.129425 0.0225304 9.9991E-05 0.0815638 0.165394
0.520339 0.15093 0.0389618 9.9991E-05 0.0356302 0.0293196 0.196707 0.0280114
0.525041 0.0947888 0.0644046 0.12622 0.0449241 0.0120886 0.0779455 0.0545877
0.475543 0.0491674 0.140353 0.0627585 9.9982E-05 0.074264 0.197714 9.9982E-05
0.560915 0.0946976 0.0632415 9.9982E-05 0.0747601 0.0969884 0.109197 9.9982E-05
0.140156 9.9955E-05 9.9955E-05 0.0790249 9.9955E-05 0.780319 9.9955E-05 9.9955E-05
0.0342908 0.0620874 9.9973E-05 0.0928618 9.9973E-05 0.800439 9.9973E-05 0.0100211
0.0216481 0.0426282 0.0131655 0.0226334 0.0570937 0.734893 0.0688288 0.0391091
9.9964E-05 0.0939233 0.0540574 0.0784065 9.9964E-05 0.773213 9.9964E-05 9.9964E-05
0.138599 9.9955E-05 9.9955E-05 9.9955E-05 9.9955E-05 0.850081 9.9955E-05 0.0108201
0.201406 0.00395412 9.9982E-05 0.00887455 0.0723747 0.00502075 0.708169 9.9982E-05
0.401839 0.079809 0.0657906 0.108531 0.0897678 0.00124593 0.21456 0.0384568
0.560906 9.9973E-05 9.9973E-05 0.078313 0.111447 0.151048 9.9973E-05 0.097986
0.597685 0.00199812 9.9982E-05 0.0581166 0.0163015 9.9982E-05 0.204252 0.121446
0.424891 0.0272406 0.0366474 0.0219024 0.0221779 0.0304172 0.330782 0.105941
0.300475 9.9982E-05 9.9982E-05 0.00361262 0.152822 0.0574161 0.321254 0.16422
9.9973E-05 0.0644527 0.0068925 9.9973E-05 0.0822999 0.117856 0.728199 9.9973E-05
0.548562 0.0147792 0.137633 9.9973E-05 9.9973E-05 0.0517703 0.246955 9.9973E-05
9.9982E-05 0.125356 0.126777 0.0934735 9.9982E-05 0.0515188 0.463146 0.139529
0.334524 0.170601 0.0646845 0.0595072 0.0782191 0.0104804 0.187246 0.0947371
0.0784218 9.9982E-05 0.0536605 0.0444622 9.9982E-05 0.127268 0.610527 0.0854605
0.623407 9.9982E-05 0.0593324 0.0575607 9.9982E-05 0.0858472 0.16078 0.0128731
0.187576 9.9982E-05 0.00364637 9.9982E-05 0.0322728 0.0513302 0.687379 0.0375957
0.34472 0.0241174 0.0315712 0.067979 0.128633 9.9991E-05 0.338593 0.0642862
0.547359 0.105227 9.9973E-05 9.9973E-05 0.165172 0.0632284 0.118714 9.9973E-05
0.308616 0.0301027 0.102432 9.9982E-05 0.358577 9.9982E-05 0.0782921 0.12178
0.527284 0.109109 0.0676773 0.0292887 0.119417 0.0691027 0.0333274 0.0447933
0.594944 9.9982E-05 9.9982E-05 0.0170811 0.148558 0.0864175 0.0384763 0.114324
0.336808 0.0493948 0.0901436 9.9982E-05 0.369383 9.9982E-05 0.0987557 0.0553146
0.478342 0.0587793 0.0207917 0.0844014 0.101569 0.0250621 0.0453964 0.185658
0.4891 0.0182965 0.0898272 0.00150114 0.205361 9.9982E-05 9.9982E-05 0.195714
0.104556 0.153016 0.166793 9.9973E-05 0.41879 9.9973E-05 9.9973E-05 0.156544
0.253207 0.125976 0.0370334 9.9973E-05 0.551773 9.9973E-05 9.9973E-05 0.031711
0.475429 0.142281 0.144724 9.9973E-05 0.224456 9.9973E-05 9.9973E-05 0.0128098
0.2018 0.170263 0.0859765 9.9982E-05 0.373341 9.9982E-05 0.0392147 0.129204
0.475809 0.0521592 0.0106862 9.9973E-05 0.286229 9.9973E-05 0.174817 9.9973E-05
0.122204 0.0671814 0.0934221 0.00559863 0.0138976 0.035032 0.635116 0.0275484
0.208374 0.0797078 0.0634024 9.9982E-05 0.00729751 9.9982E-05 0.3433 0.297719
0.371551 0.0518133 0.0545762 0.0550611 9.9991E-05 0.0208699 0.404577 0.0414517
0.615545 9.9973E-05 0.0633166 0.0561746 0.0342643 9.9973E-05 0.230399 9.9973E-05
0.244188 0.139791 0.0736183 0.00881996 9.9973E-05 9.9973E-05 0.533284 9.9973E-05
0.519447 0.0711166 0.0126614 0.059043 0.0462054 0.0869371 0.12983 0.0747597
0.571014 0.00245561 0.0116986 0.0954051 0.036905 0.0365328 0.245888 9.9991E-05
0.424157 0.128515 0.00657212 0.0751905 9.9982E-05 9.9982E-05 0.360033 0.00533273
0.515411 0.044841 0.077486 0.0218734 9.9991E-05 0.00707068 0.250858 0.08236
0.396735 0.225616 0.150074 0.0630539 9.9991E-05 0.0154896 0.138645 0.0102856
0.156542 0.0774738 0.0441978 0.0669301 9.9982E-05 9.9982E-05 0.568181 0.0864752
0.274816 0.00270923 0.222884 0.122196 0.00217265 9.9991E-05 0.289365 0.0857572
0.513629 9.9982E-05 9.9982E-05 0.0491056 0.0382519 0.00426303 0.315552 0.0789986
0.596477 0.050675 0.00523883 0.00409245 0.00137132 0.124729 0.202831 0.014586
0.431734 0.0291888 0.0465766 9.9991E-05 0.162599 0.0447953 0.23573 0.0492763
0.41719 9.9982E-05 0.0806526 0.112256 0.0345883 9.9982E-05 0.243776 0.111338
0.324896 9.9982E-05 0.0343746 0.0662485 0.136307 0.0289695 0.409004 9.9982E-05
0.554604 0.0723939 0.0300844 0.013326 9.9982E-05 9.9982E-05 0.265316 0.064076
0.517342 0.0331277 9.9982E-05 0.0422394 9.9982E-05 0.0421222 0.259116 0.105853
0.552139 0.0540224 9.9982E-05 0.0760334 9.9982E-05 0.0808536 0.213306 0.0234457
0.384865 0.00714399 9.9982E-05 0.119845 0.0900803 0.364593 0.0332726 9.9982E-05
0.398101 0.158865 9.9982E-05 0.185794 0.0550962 0.160964 9.9982E-05 0.04098
0.495168 9.9982E-05 9.9982E-05 0.0783903 0.118542 0.130574 0.0941514 0.0829748
0.52872 0.139721 0.0648066 0.108075 0.0794252 0.052566 0.026491 0.000195979
0.427963 0.0134498 9.9991E-05 0.215658 0.0147769 0.231485 0.00445499 0.0921125
0.381197 0.0576893 9.9982E-05 0.0411794 0.07451 9.9982E-05 0.267053 0.178172
0.485398 0.0477035 9.9991E-05 0.153274 0.0482855 0.134909 0.12293 0.00740096
0.015502 0.153096 9.9982E-05 0.086724 0.482735 0.208463 0.0532798 9.9982E-05
0.529692 0.0232899 0.0146578 0.0801513 0.162856 0.075541 0.113712 9.9991E-05
0.493864 0.00766556 0.00613836 0.113824 9.99971E-05 0.106326 0.0885502 0.183531
0.504152 0.121548 0.0373406 0.16646 9.9991E-05 0.0375836 0.0382131 0.0946018
0.212533 0.19165 0.0194894 0.170619 0.133008 0.121846 0.124662 0.0261921
0.554153 9.9973E-05 9.9973E-05 0.151324 0.0900616 0.157984 0.0461779 9.9973E-05
0.481596 9.9982E-05 9.9982E-05 0.199862 0.0638611 0.119928 0.0863353 0.0482178
9.9973E-05 0.0161422 9.9973E-05 0.182271 0.332973 0.449331 9.9973E-05 0.0189831
0.486278 0.0627365 9.9973E-05 0.10215 9.9973E-05 0.231457 0.117079 9.9973E-05
0.435661 0.0552339 0.0405322 0.213982 0.0489185 0.184825 9.9991E-05 0.0207475
0.590295 0.135505 9.9973E-05 0.108661 0.0829526 0.082286 9.9973E-05 9.9973E-05
0.502959 0.0097976 0.0308642 0.161278 0.0931039 0.155089 0.0468081 9.9991E-05
0.520001 9.9991E-05 0.00420609 0.119042 0.0561463 0.149622 0.10463 0.0462524
0.385881 0.0976001 0.0423609 0.0600242 9.9982E-05 0.00921558 9.9982E-05 0.404719
0.50154 0.137653 9.9982E-05 0.0210607 9.9982E-05 0.117079 0.047123 0.175344
9.9946E-05 9.9946E-05 9.9946E-05 9.9946E-05 9.9946E-05 9.9946E-05 0.156934 0.842466
9.9973E-05 0.0356899 0.04713 9.9973E-05 0.0114763 9.9973E-05 0.0292473 0.876157
0.401235 9.9982E-05 0.0205231 0.0527336 9.9982E-05 0.0189429 0.166373 0.339992
0.426072 9.9982E-05 9.9982E-05 0.280742 0.129017 0.0980979 0.00528475 0.0605861
0.289484 9.9973E-05 9.9973E-05 0.368475 0.0519867 0.10211 9.9973E-05 0.187645
0.0889595 0.0667838 0.00436998 0.30149 0.117358 0.189373 0.0742099 0.157456
0.31064 9.9982E-05 9.9982E-05 0.227947 0.0188759 0.202986 0.0984136 0.140937
0.0659513 9.9973E-05 9.9973E-05 0.0342982 0.189816 0.0989486 9.9973E-05 0.610686
0.0844833 9.9973E-05 9.9973E-05 0.113289 0.121182 0.0396148 9.9973E-05 0.641131
0.51308 9.9964E-05 9.9964E-05 0.10469 9.9964E-05 0.015224 9.9964E-05 0.366607
0.390915 9.9964E-05 9.9964E-05 0.13508 9.9964E-05 0.0603516 9.9964E-05 0.413254
0.123642 9.9964E-05 9.9964E-05 0.0834036 9.9964E-05 0.0641658 9.9964E-05 0.728389
0.503943 9.9991E-05 0.000774336 0.054272 0.0600414 0.0780722 0.036056 0.266741
0.590313 9.9964E-05 0.021024 0.0248748 9.9964E-05 9.9964E-05 9.9964E-05 0.363388
0.445512 9.9982E-05 0.0974008 0.0969316 9.9982E-05 0.07668 0.0651798 0.218095
0.266341 0.0938273 0.0517026 9.9973E-05 9.9973E-05 9.9973E-05 0.108687 0.479142
0.31831 0.0625588 9.9982E-05 9.9982E-05 0.0014529 0.0565775 0.0800451 0.480856
0.517734 0.0493849 0.0365229 9.9991E-05 0.0513033 0.0362018 0.120189 0.188564
0.320386 0.0797532 0.0383543 0.0593271 0.0146856 0.0581053 0.0481324 0.381256
0.287293 0.0581725 0.0100909 0.193048 0.170686 0.0311505 0.100048 0.149511
0.402088 0.0139142 9.9973E-05 9.9973E-05 0.0302123 9.9973E-05 0.0389666 0.514519
0.186593 9.9964E-05 0.0668495 9.9964E-05 9.9964E-05 9.9964E-05 0.0122736 0.733884
0.495514 0.0741824 9.9973E-05 0.0616778 9.9973E-05 0.0305763 9.9973E-05 0.33775
0.155189 9.9955E-05 9.9955E-05 9.9955E-05 9.9955E-05 9.9955E-05 0.0994633 0.744848
0.435338 9.9946E-05 9.9946E-05 9.9946E-05 9.9946E-05 9.9946E-05 9.9946E-05 0.564063
0.472462 0.0808189 0.0675675 0.053161 9.9982E-05 0.0613768 9.9982E-05 0.264414
0.445681 0.107877 9.9964E-05 9.9964E-05 9.9964E-05 9.9964E-05 0.109589 0.336453
0.501652 0.113471 0.0161135 0.107725 0.0218517 0.20076 0.00312271 0.0353045
0.400022 0.0642384 9.9991E-05 0.0836526 0.0503018 0.162608 0.035365 0.203712
0.350657 9.9991E-05 0.0252467 0.210746 0.203443 0.128552 0.00822753 0.0730274
0.357851 9.9982E-05 0.126943 0.181708 0.121762 0.148438 0.0630977 9.9982E-05
0.354633 0.116557 0.0732133 0.18356 0.0635508 0.143558 0.033149 0.031779
0.431524 9.9973E-05 9.9973E-05 0.0949759 0.119653 0.156986 9.9973E-05 0.196561
9.9973E-05 9.9973E-05 0.0470652 0.123888 0.0317341 0.204472 9.9973E-05 0.592542
0.524066 9.9982E-05 0.00202963 0.160613 0.101112 0.102342 9.9982E-05 0.109636
9.9964E-05 9.9964E-05 9.9964E-05 0.0711217 0.152119 0.333966 9.9964E-05 0.442393
0.465827 9.9964E-05 9.9964E-05 0.192979 9.9964E-05 0.0438446 9.9964E-05 0.29695
0.00385642 0.170134 9.9955E-05 9.9955E-05 9.9955E-05 9.9955E-05 9.9955E-05 0.82551
9.9955E-05 0.0309088 9.9955E-05 9.9955E-05 9.9955E-05 9.9955E-05 0.0542017 0.91439
0.424015 0.0880211 9.9964E-05 9.9964E-05 9.9964E-05 9.9964E-05 0.0931601 0.394403
0.55052 0.0414903 9.9964E-05 0.00319579 9.9964E-05 9.9964E-05 9.9964E-05 0.404394
0.320855 0.00398377 9.9964E-05 9.9964E-05 9.9964E-05 9.9964E-05 0.0668248 0.607936
0.489381 0.0204237 9.9955E-05 9.9955E-05 9.9955E-05 9.9955E-05 9.9955E-05 0.489695
0.462618 9.9955E-05 9.9955E-05 9.9955E-05 9.9955E-05 9.9955E-05 0.00627437 0.530608
0.0346253 9.9964E-05 9.9964E-05 0.0556624 9.9964E-05 0.800015 9.9964E-05 0.109297
9.9973E-05 9.9973E-05 0.0381385 0.117958 9.9973E-05 0.699757 0.0881909 0.0556555
9.9964E-05 9.9964E-05 0.00930967 0.0972522 9.9964E-05 0.863745 0.0292934 9.9964E-05
0.0690799 9.9955E-05 9.9955E-05 9.9955E-05 9.9955E-05 0.911027 9.9955E-05 0.0193937
0.533755 0.357474 0.0338195 0.0062984 0.00319341 0.0383256 0.0270334 9.9991E-05
0.445325 0.249814 9.9982E-05 0.0399962 9.9982E-05 0.0932262 0.0692202 0.102219
0.455002 0.439819 9.9955E-05 9.9955E-05 9.9955E-05 9.9955E-05 0.104679 9.9955E-05
0.616802 0.18383 9.9973E-05 9.9973E-05 0.0640917 0.0902139 0.0447624 9.9973E-05
0.531703 0.0615175 0.148594 9.9991E-05 0.0711755 0.03086 0.012091 0.143959
0.191859 0.530224 0.00744205 9.9973E-05 0.12274 9.9973E-05 0.147435 9.9973E-05
0.565579 0.404324 0.0152136 9.9964E-05 9.9964E-05 9.9964E-05 9.9964E-05 0.0144838
0.260273 0.539095 9.9964E-05 9.9964E-05 0.0735323 9.9964E-05 9.9964E-05 0.1267
0.51332 9.9982E-05 0.0670055 0.168274 9.9982E-05 0.217537 0.00171687 0.0319474
0.346111 0.413923 0.00167134 0.0905552 9.9982E-05 9.9982E-05 0.0439995 0.10354
0.333516 0.514469 0.00337911 9.9973E-05 9.9973E-05 0.0366028 0.111733 9.9973E-05
0.503761 0.289785 0.0748899 9.9973E-05 9.9973E-05 9.9973E-05 0.00077364 0.13049
0.373315 0.50066 0.0890191 9.9964E-05 9.9964E-05 9.9964E-05 0.0366055 9.9964E-05
0.548343 0.398922 9.9955E-05 9.9955E-05 9.9955E-05 9.9955E-05 9.9955E-05 0.0522345
0.491882 0.409362 9.9973E-05 0.0112766 9.9973E-05 0.0534309 9.9973E-05 0.0337485
0.0411611 0.882158 9.9955E-05 9.9955E-05 9.9955E-05 9.9955E-05 9.9955E-05 0.0761812
0.257943 0.580161 0.0516359 9.9973E-05 0.066154 9.9973E-05 9.9973E-05 0.0438062
0.275695 0.558404 0.0857726 0.0300434 9.9973E-05 9.9973E-05 9.9973E-05 0.0497852
9.9946E-05 0.848494 9.9946E-05 9.9946E-05 0.150906 9.9946E-05 9.9946E-05 9.9946E-05
0.348471 0.453834 0.0559593 0.0251755 9.9982E-05 9.9982E-05 0.0233465 0.0930141
0.117956 0.636107 9.9964E-05 9.9964E-05 0.211415 9.9964E-05 9.9964E-05 0.0341228
9.9955E-05 0.782362 9.9955E-05 9.9955E-05 0.178148 9.9955E-05 9.9955E-05 0.0389907
0.456567 0.414313 0.0121501 0.0847645 9.9982E-05 0.000950679 9.9982E-05 0.0310552
0.169982 0.578728 9.9973E-05 9.9973E-05 9.9973E-05 0.0573485 0.171652 0.0219883
0.393755 0.405938 0.0317128 0.0248544 0.0531647 9.9982E-05 0.0903756 9.9982E-05
0.474425 0.170373 9.9991E-05 0.0859007 0.0627769 0.0988022 0.0471259 0.0604958
0.496762 0.393632 0.0117233 9.9964E-05 9.9964E-05 9.9964E-05 0.0974837 9.9964E-05
0.396398 0.016975 9.9982E-05 0.0185443 0.116707 9.9982E-05 0.352155 0.0990213
0.511864 0.262058 0.0945623 0.0342065 9.9991E-05 0.00147814 0.00579766 0.089933
0.514836 0.294538 9.9973E-05 0.00946206 9.9973E-05 0.0326857 0.148178 9.9973E-05
0.301773 0.645461 9.9964E-05 9.9964E-05 0.00145477 9.9964E-05 9.9964E-05 0.0509108
0.445814 0.298871 0.113092 0.0957292 0.0171939 0.0290997 9.9982E-05 9.9982E-05
0.00711512 0.0260734 0.144424 9.9982E-05 0.0725421 0.598593 0.151052 9.9982E-05
0.057396 0.0697071 0.0578489 9.9982E-05 0.0460785 0.737871 0.0308984 9.9982E-05
9.9973E-05 0.0344205 0.079685 9.9973E-05 0.0354359 0.796783 0.0533761 9.9973E-05
9.9973E-05 9.9973E-05 0.106734 9.9973E-05 0.0618045 0.748399 0.0481031 0.0346594
0.0237997 9.9973E-05 0.207346 9.9973E-05 0.0714803 0.691133 0.00594157 9.9973E-05
0.116244 0.638189 9.9973E-05 0.020653 9.9973E-05 0.0424387 0.182175 9.9973E-05
0.121672 0.571151 9.9973E-05 9.9973E-05 9.9973E-05 0.0875396 0.146444 0.0728937
0.0727965 0.889972 9.9964E-05 0.0239177 0.0129142 9.9964E-05 9.9964E-05 9.9964E-05
0.626565 0.172474 0.0417901 9.9973E-05 9.9973E-05 0.080541 0.0783296 9.9973E-05
0.598451 0.148652 9.9982E-05 0.00926086 9.9982E-05 0.17695 0.0166312 0.0498556
0.280885 0.652298 0.0033469 0.0435256 0.0056642 0.0140805 9.9982E-05 9.9982E-05
0.617014 0.305204 0.0172676 9.9973E-05 0.0289229 0.0312914 9.9973E-05 9.9973E-05
0.415191 0.493269 9.9955E-05 9.9955E-05 9.9955E-05 0.0910401 9.9955E-05 9.9955E-05
0.592957 0.333131 9.9982E-05 0.00831415 0.00413966 9.9982E-05 0.0452899 0.015968
0.608195 0.277922 9.9973E-05 9.9973E-05 0.00661952 0.0854929 0.0214704 9.9973E-05
0.171884 0.682241 0.0924795 0.0529951 9.9964E-05 9.9964E-05 9.9964E-05 9.9964E-05
0.316924 0.655559 0.00364717 9.9973E-05 9.9973E-05 0.0187431 0.00482722 9.9973E-05
0.308966 0.565249 9.9955E-05 9.9955E-05 9.9955E-05 9.9955E-05 0.125285 9.9955E-05
0.585608 9.9973E-05 0.0810766 9.9973E-05 0.266168 0.033892 0.032955 9.9973E-05
0.382311 0.508926 0.0282707 9.9973E-05 9.9973E-05 0.0195813 0.0606109 9.9973E-05
0.447975 0.421234 0.0364162 0.0117863 9.9991E-05 0.00739238 0.0743372 0.000758469
0.434913 0.0417097 0.0762299 0.367755 0.0584408 0.0207516 9.9982E-05 9.9982E-05
0.354746 0.0654665 9.9982E-05 0.382513 0.00529724 0.108723 9.9982E-05 0.0830543
0.434687 9.9964E-05 9.9964E-05 0.39562 0.0815288 0.0877642 9.9964E-05 9.9964E-05
0.36706 9.9973E-05 9.9973E-05 0.412617 0.0634339 0.143151 9.9973E-05 0.0134386
0.523684 9.9973E-05 9.9973E-05 0.262991 0.065843 0.0900617 0.0571205 9.9973E-05
0.46122 0.249313 9.9991E-05 0.0234404 0.151665 0.0284088 0.0363426 0.0495108
0.0561402 9.9964E-05 9.9964E-05 0.624936 0.0908136 0.22771 9.9964E-05 9.9964E-05
0.372127 9.9973E-05 9.9973E-05 0.398477 0.0340896 0.169016 9.9973E-05 0.0259906
0.409053 0.0749506 9.9973E-05 0.161629 0.276211 0.0778569 9.9973E-05 9.9973E-05
0.634913 0.0204805 9.9973E-05 9.9973E-05 0.218256 0.0954249 0.0306259 9.9973E-05
0.48016 9.9973E-05 0.0658455 9.9973E-05 0.356576 0.0384204 0.0586985 9.9973E-05
0.647286 0.0237113 0.0520558 9.9973E-05 0.199765 0.0768813 9.9973E-05 9.9973E-05
0.526562 0.141681 0.10638 0.00814772 0.0991371 0.059499 9.9991E-05 0.0584932
0.41537 9.9964E-05 9.9964E-05 0.389842 0.00254395 0.191845 9.9964E-05 9.9964E-05
0.38588 0.0354698 0.0386142 0.367936 0.0149348 0.146115 0.0109508 9.9991E-05
0.40925 9.9973E-05 0.0228933 0.493933 0.0595845 0.0140384 9.9973E-05 9.9973E-05
0.346397 0.107555 0.0511059 0.311431 0.0101343 0.12477 0.0485067 9.9991E-05
0.352475 9.9973E-05 9.9973E-05 0.481951 0.0343027 0.130377 0.000594954 9.9973E-05
0.473644 0.024004 9.9991E-05 0.236896 0.0697048 0.108531 0.0366865 0.0504339
0.184929 9.9964E-05 9.9964E-05 0.570969 9.9964E-05 0.122669 9.9964E-05 0.121033
0.376259 0.0225585 9.9982E-05 0.388689 0.0492887 0.110849 9.9982E-05 0.0521554
0.561946 0.0112694 0.0466209 9.9982E-05 0.28936 9.9982E-05 0.058557 0.0320463
0.376737 0.0454851 0.0210305 0.315211 0.0428853 0.154949 9.9991E-05 0.0436027
0.203626 9.9964E-05 9.9964E-05 0.560629 0.0906365 0.144708 9.9964E-05 9.9964E-05
0.304151 0.0702976 0.0760528 0.35944 0.0325145 0.155158 0.00228566 9.9991E-05
0.213619 0.0515194 0.177292 0.0276405 0.257271 0.0845093 0.188049 9.9991E-05
0.57489 0.00107365 0.0389179 0.0349536 0.236043 9.9982E-05 0.113922 9.9982E-05
0.300172 0.0140151 0.027579 0.284374 9.9991E-05 0.181475 0.132989 0.0592968
0.602446 9.9991E-05 0.0731153 0.0623178 0.113691 0.0681924 0.00344417 0.0766927
0.499326 0.0332292 9.9991E-05 0.0144067 0.182757 0.182925 0.0544611 0.0327945
0.369879 0.0896211 0.016025 0.233933 0.0975821 0.131706 0.0243109 0.0369437
0.229156 9.9982E-05 0.0260682 0.307795 0.127289 0.161749 9.9982E-05 0.147744
0.543089 0.103123 0.10833 0.161408 0.0346659 0.0424255 9.9991E-05 0.00685753
0.415615 0.0919857 9.9973E-05 0.330041 0.0603711 0.101687 9.9973E-05 9.9973E-05
0.350923 9.9982E-05 9.9982E-05 0.405256 0.0273976 0.142361 0.035766 0.038097
0.130968 9.9964E-05 9.9964E-05 0.602439 0.082757 0.183436 9.9964E-05 9.9964E-05
0.479623 0.0264067 0.0574428 0.0639308 0.20252 0.0633639 0.00672808 0.099985
0.478208 0.0611053 9.9973E-05 9.9973E-05 0.237119 0.0660106 0.157257 9.9973E-05
0.222019 0.0175623 0.0765383 9.9973E-05 0.671028 0.0125534 9.9973E-05 9.9973E-05
0.629848 9.9973E-05 9.9973E-05 0.0347187 0.0655917 0.138549 0.130992 9.9973E-05
0.3443 0.00897455 9.9991E-05 0.0380381 0.108974 0.116261 0.294143 0.0892091
0.346954 0.0458989 9.9982E-05 0.183196 0.193395 0.181921 0.0484355 9.9982E-05
0.500208 0.0815975 0.0430839 9.9982E-05 0.159718 0.140469 9.9982E-05 0.0747248
9.9955E-05 9.9955E-05 9.9955E-05 0.179336 0.582715 0.237449 9.9955E-05 9.9955E-05
9.9955E-05 9.9955E-05 9.9955E-05 0.0866122 0.739609 0.173279 9.9955E-05 9.9955E-05
