0.469351 0.0875246 0.0320692 0.138567 0.152667 0.0665528 0.0195491 0.00102872 9.9991E-05 0.032591
0.666675 0.0275174 9.9964E-05 0.0632366 9.9964E-05 0.0890172 9.9964E-05 0.152439 0.000714595 9.9964E-05
9.9946E-05 0.701004 9.9946E-05 9.9946E-05 9.9946E-05 9.9946E-05 0.101939 0.189277 9.9946E-05 0.00717995
0.814805 0.0368583 0.0683297 9.9964E-05 9.9964E-05 0.0432106 9.9964E-05 0.0142312 0.0221651 9.9964E-05
0.436434 0.200896 9.9964E-05 9.9964E-05 0.052297 9.9964E-05 0.00341475 9.9964E-05 0.145915 0.160643
0.440312 0.132113 9.9982E-05 0.0210126 0.179094 0.00775715 0.0518342 0.0491772 9.9982E-05 0.118499
0.244247 0.40931 9.9955E-05 9.9955E-05 9.9955E-05 9.9955E-05 9.9955E-05 0.0820502 0.100723 0.163171
0.223883 0.565982 9.9946E-05 9.9946E-05 9.9946E-05 0.0424032 9.9946E-05 0.167132 9.9946E-05 9.9946E-05
0.265205 0.376153 9.9973E-05 0.043256 0.132584 0.0492272 9.9973E-05 9.9973E-05 0.079413 0.0538617
0.492015 0.158043 0.093802 9.9973E-05 0.104927 9.9973E-05 0.0770506 0.0390693 0.0347933 9.9973E-05
0.215083 0.242988 0.216528 0.12004 9.9973E-05 9.9973E-05 0.157726 0.0333468 9.9973E-05 0.0139877
9.9973E-05 0.369445 0.0933274 0.153361 9.9973E-05 0.00487049 9.9973E-05 0.283636 0.0558421 0.0392186
0.409282 0.1581 9.9973E-05 0.0436494 0.300001 0.0456448 0.0360748 9.9973E-05 0.00694761 9.9973E-05
0.442702 0.385389 9.9946E-05 0.148604 9.9946E-05 9.9946E-05 9.9946E-05 9.9946E-05 9.9946E-05 0.0227054
0.667524 0.15795 9.9955E-05 9.9955E-05 9.9955E-05 9.9955E-05 0.0516689 9.9955E-05 0.0523105 0.0700473
0.724758 9.9964E-05 0.124751 0.0415634 9.9964E-05 9.9964E-05 9.9964E-05 0.00531856 0.0183238 0.0848849
0.203404 9.9955E-05 0.062358 9.9955E-05 0.0414454 0.0816015 9.9955E-05 0.610692 9.9955E-05 9.9955E-05
9.99201E-05 9.99201E-05 9.99201E-05 9.99201E-05 9.99201E-05 9.99201E-05 9.99201E-05 0.999101 9.99201E-05 9.99201E-05
9.99201E-05 9.99201E-05 9.99201E-05 9.99201E-05 9.99201E-05 9.99201E-05 9.99201E-05 0.999101 9.99201E-05 9.99201E-05
0.0518294 9.9955E-05 0.0680945 9.9955E-05 0.218749 9.9955E-05 9.9955E-05 0.605218 9.9955E-05 0.0556089
0.808806 0.190395 9.9928E-05 9.9928E-05 9.9928E-05 9.9928E-05 9.9928E-05 9.9928E-05 9.9928E-05 9.9928E-05
0.631787 0.00599194 0.106404 0.0374904 9.9982E-05 0.0331256 9.9982E-05 0.113389 0.0616725 0.00993985
0.227836 9.9946E-05 0.745567 9.9946E-05 0.0150973 9.9946E-05 0.0109 9.9946E-05 9.9946E-05 9.9946E-05
0.277138 9.9964E-05 0.49457 0.0088284 0.078347 9.9964E-05 0.129384 9.9964E-05 0.0113337 9.9964E-05
0.292956 9.9964E-05 0.382013 9.9964E-05 0.11844 0.157055 0.047589 9.9964E-05 9.9964E-05 0.00154731
0.112262 0.675757 0.0299263 9.9964E-05 0.0682372 0.0478232 9.9964E-05 9.9964E-05 0.0655947 9.9964E-05
0.470774 0.157555 0.0439026 0.208107 0.105793 9.9973E-05 9.9973E-05 0.00157185 9.9973E-05 0.0119973
9.9955E-05 0.789989 9.9955E-05 0.0754494 0.0431452 9.9955E-05 9.9955E-05 0.08472 0.0061966 9.9955E-05
0.933758 0.0548129 9.9937E-05 9.9937E-05 9.9937E-05 9.9937E-05 9.9937E-05 0.0107294 9.9937E-05 9.9937E-05
0.483088 0.166745 0.0823065 9.9964E-05 9.9964E-05 0.112571 9.9964E-05 0.0121954 0.142694 9.9964E-05
0.690265 0.132714 0.0229914 9.9955E-05 0.0340169 0.119513 9.9955E-05 9.9955E-05 9.9955E-05 9.9955E-05
0.013501 0.851356 0.0732701 9.9964E-05 9.9964E-05 9.9964E-05 0.0304074 9.9964E-05 0.0214019 0.00966364
0.723074 9.9955E-05 0.0354112 9.9955E-05 9.9955E-05 0.115808 9.9955E-05 0.0698926 0.0553144 9.9955E-05
0.356248 0.176539 0.109387 0.0252328 0.183787 0.148407 9.9964E-05 9.9964E-05 9.9964E-05 9.9964E-05
0.029944 9.9964E-05 0.851205 9.9964E-05 0.0486243 0.0181069 0.0444939 9.9964E-05 0.00722595 9.9964E-05
0.000728474 0.0233717 0.8531 0.0216772 9.9955E-05 0.100622 9.9955E-05 9.9955E-05 9.9955E-05 9.9955E-05
0.402194 9.9955E-05 0.54975 0.02557 9.9955E-05 9.9955E-05 9.9955E-05 0.0104375 9.9955E-05 0.0115484
0.220469 9.9946E-05 0.651575 9.9946E-05 0.10713 9.9946E-05 0.0202258 9.9946E-05 9.9946E-05 9.9946E-05
9.9955E-05 0.0252636 0.678823 0.02319 0.163329 0.108895 9.9955E-05 9.9955E-05 9.9955E-05 9.9955E-05
9.9928E-05 9.9928E-05 0.965819 9.9928E-05 9.9928E-05 9.9928E-05 9.9928E-05 0.0333815 9.9928E-05 9.9928E-05
9.99371E-05 9.99371E-05 0.899635 9.99371E-05 9.99371E-05 0.0794847 9.99371E-05 0.0201805 9.99371E-05 9.99371E-05
0.131109 9.9937E-05 0.732287 9.9937E-05 0.135905 9.9937E-05 9.9937E-05 9.9937E-05 9.9937E-05 9.9937E-05
0.0700304 9.9928E-05 0.92917 9.9928E-05 9.9928E-05 9.9928E-05 9.9928E-05 9.9928E-05 9.9928E-05 9.9928E-05
9.9928E-05 9.9928E-05 0.976815 9.9928E-05 9.9928E-05 9.9928E-05 9.9928E-05 0.0223856 9.9928E-05 9.9928E-05
9.99201E-05 9.99201E-05 0.999101 9.99201E-05 9.99201E-05 9.99201E-05 9.99201E-05 9.99201E-05 9.99201E-05 9.99201E-05
0.0555279 0.0729694 0.796802 9.9955E-05 0.0388532 9.9955E-05 0.0353476 9.9955E-05 9.9955E-05 9.9955E-05
0.0353403 9.9955E-05 0.747173 0.0923877 0.110727 9.9955E-05 9.9955E-05 9.9955E-05 9.9955E-05 0.0138721
9.99281E-05 9.99281E-05 0.97451 9.99281E-05 9.99281E-05 9.99281E-05 9.99281E-05 9.99281E-05 0.0246906 9.99281E-05
0.309445 0.0617548 0.418975 9.9973E-05 0.117494 9.9973E-05 0.0171937 9.9973E-05 0.0330117 0.0418264
9.9964E-05 0.0326878 0.542381 0.0389926 0.272434 0.0599478 9.9964E-05 9.9964E-05 9.9964E-05 0.0531564
0.00423289 0.05749 0.695178 0.0127454 0.124148 0.000387379 0.0373322 0.0194732 0.00104599 0.0479675
0.0458243 0.00110252 0.815593 9.9964E-05 0.122476 9.9964E-05 9.9964E-05 9.9964E-05 0.00304769 0.0115562
9.9955E-05 9.9955E-05 0.81981 9.9955E-05 0.148041 0.0212968 0.00981184 0.000539909 9.9955E-05 9.9955E-05
9.9946E-05 9.9946E-05 0.861669 0.0707239 9.9946E-05 0.0428857 9.9946E-05 0.0241215 9.9946E-05 9.9946E-05
9.9937E-05 9.9937E-05 0.948474 9.9937E-05 0.0227878 9.9937E-05 9.9937E-05 0.0280387 9.9937E-05 9.9937E-05
0.258527 9.9946E-05 0.648464 9.9946E-05 9.9946E-05 9.9946E-05 0.0572917 9.9946E-05 9.9946E-05 0.0351178
0.0124548 9.9964E-05 0.858271 0.0783255 0.00897865 9.9964E-05 9.9964E-05 9.9964E-05 0.0138863 0.0276834
9.9964E-05 0.217343 9.9964E-05 9.9964E-05 9.9964E-05 0.16867 0.034587 0.423451 0.0687552 0.0867948
0.627266 9.9937E-05 9.9937E-05 9.9937E-05 9.9937E-05 9.9937E-05 9.9937E-05 0.264516 9.9937E-05 0.107519
0.373167 9.9955E-05 0.0173436 0.118737 9.9955E-05 0.258404 9.9955E-05 0.231848 9.9955E-05 9.9955E-05
0.304661 0.192654 9.9964E-05 9.9964E-05 9.9964E-05 0.0179184 0.0196728 0.354255 9.9964E-05 0.110439
0.644291 9.9955E-05 0.00386009 9.9955E-05 0.181311 9.9955E-05 9.9955E-05 0.076116 9.9955E-05 0.0939218
0.139036 0.0928305 9.9955E-05 9.9955E-05 9.9955E-05 0.343271 9.9955E-05 0.332995 0.0913686 9.9955E-05
0.489423 0.00699851 0.0169584 9.9982E-05 0.15494 0.07185 9.9982E-05 0.0545692 0.0533209 0.151741
0.445866 0.12297 0.0768058 9.9946E-05 9.9946E-05 9.9946E-05 9.9946E-05 0.353758 9.9946E-05 9.9946E-05
0.268216 0.0529967 0.0425231 0.161054 0.256688 9.9973E-05 9.9973E-05 0.100008 9.9973E-05 0.118214
0.257699 0.205633 0.0998045 0.0451439 0.197243 9.9973E-05 9.9973E-05 0.137871 9.9973E-05 0.0563059
0.567014 0.0783532 0.103202 9.9955E-05 0.0488959 9.9955E-05 9.9955E-05 0.202035 9.9955E-05 9.9955E-05
0.213933 0.249682 9.9964E-05 0.0889062 0.284791 9.9964E-05 9.9964E-05 9.9964E-05 0.118123 0.0441652
0.0969968 0.753303 0.0766152 9.9946E-05 9.9946E-05 9.9946E-05 0.0724856 9.9946E-05 9.9946E-05 9.9946E-05
0.441621 0.320682 0.113785 0.0655936 9.9955E-05 0.0578184 9.9955E-05 9.9955E-05 9.9955E-05 9.9955E-05
0.248301 0.384389 0.153465 0.107232 0.106113 9.9955E-05 9.9955E-05 9.9955E-05 9.9955E-05 9.9955E-05
0.360159 0.526406 9.9946E-05 9.9946E-05 9.9946E-05 9.9946E-05 9.9946E-05 0.07664 0.0361951 9.9946E-05
0.145546 0.0998345 0.103565 0.206428 9.9955E-05 0.444128 9.9955E-05 9.9955E-05 9.9955E-05 9.9955E-05
0.597027 0.176181 9.9946E-05 9.9946E-05 9.9946E-05 0.0895731 0.136619 9.9946E-05 9.9946E-05 9.9946E-05
9.9928E-05 0.961153 9.9928E-05 9.9928E-05 9.9928E-05 9.9928E-05 9.9928E-05 9.9928E-05 0.0380478 9.9928E-05
0.0143529 0.963284 9.9937E-05 9.9937E-05 9.9937E-05 9.9937E-05 9.9937E-05 9.9937E-05 9.9937E-05 0.0216634
0.0228162 0.597453 9.9946E-05 0.179967 0.199165 9.9946E-05 9.9946E-05 9.9946E-05 9.9946E-05 9.9946E-05
0.00242596 0.748997 9.9964E-05 9.9964E-05 0.00643045 9.9964E-05 9.9964E-05 0.0130407 0.194765 0.0339407
0.382951 0.535354 9.9937E-05 9.9937E-05 9.9937E-05 0.0809948 9.9937E-05 9.9937E-05 9.9937E-05 9.9937E-05
0.424082 9.9955E-05 0.0620483 0.245919 9.9955E-05 9.9955E-05 0.0829238 9.9955E-05 0.184527 9.9955E-05
0.271716 0.0233051 9.9964E-05 0.277972 0.167434 0.136206 0.122966 9.9964E-05 9.9964E-05 9.9964E-05
9.99201E-05 9.99201E-05 9.99201E-05 9.99201E-05 9.99201E-05 9.99201E-05 9.99201E-05 9.99201E-05 0.999101 9.99201E-05
9.99201E-05 9.99201E-05 9.99201E-05 9.99201E-05 9.99201E-05 9.99201E-05 9.99201E-05 9.99201E-05 0.999101 9.99201E-05
0.109501 9.9946E-05 0.0625123 9.9946E-05 0.287332 9.9946E-05 9.9946E-05 9.9946E-05 0.540055 9.9946E-05
0.392167 9.9955E-05 9.9955E-05 9.9955E-05 0.337611 0.0551042 0.118415 0.0962037 9.9955E-05 9.9955E-05
9.9946E-05 9.9946E-05 0.0536436 9.9946E-05 0.396456 0.127134 0.422167 9.9946E-05 9.9946E-05 9.9946E-05
0.121351 9.9964E-05 0.0275045 9.9964E-05 0.286671 9.9964E-05 0.274188 0.240263 9.9964E-05 0.0496232
0.162729 9.9955E-05 9.9955E-05 0.0391633 0.370821 9.9955E-05 0.315435 0.111351 9.9955E-05 9.9955E-05
9.9946E-05 0.00169357 9.9946E-05 9.9946E-05 9.9946E-05 9.9946E-05 0.878694 9.9946E-05 0.107738 0.0112743
9.99201E-05 9.99201E-05 9.99201E-05 9.99201E-05 9.99201E-05 9.99201E-05 0.999101 9.99201E-05 9.99201E-05 9.99201E-05
0.548924 9.9937E-05 9.9937E-05 0.00966962 9.9937E-05 9.9937E-05 0.440707 9.9937E-05 9.9937E-05 9.9937E-05
0.235052 9.9955E-05 0.0141082 0.121626 0.100825 9.9955E-05 0.527889 9.9955E-05 9.9955E-05 9.9955E-05
9.9928E-05 9.9928E-05 9.9928E-05 9.9928E-05 9.9928E-05 9.9928E-05 0.973105 9.9928E-05 0.0260957 9.9928E-05
0.542947 9.9955E-05 9.9955E-05 9.9955E-05 0.100645 0.0294804 0.321054 9.9955E-05 0.00537434 9.9955E-05
0.425254 9.9964E-05 0.0773991 0.14982 0.029289 9.9964E-05 0.307276 9.9964E-05 9.9964E-05 0.0105625
0.190032 0.1482 0.156465 0.0485326 0.121213 0.130626 0.192544 9.9991E-05 0.0057808 0.00650627
0.0509409 0.114645 9.9955E-05 0.471713 0.0224844 9.9955E-05 9.9955E-05 9.9955E-05 0.339717 9.9955E-05
9.9955E-05 0.108033 0.1069 0.526574 9.9955E-05 9.9955E-05 0.154888 9.9955E-05 0.103105 9.9955E-05
0.413568 9.9946E-05 0.125126 0.333284 9.9946E-05 9.9946E-05 9.9946E-05 9.9946E-05 0.127422 9.9946E-05
0.0426944 0.108092 0.0766756 0.489145 0.1601 9.9982E-05 0.0216176 0.0593759 0.0420989 9.9982E-05
0.327807 0.182496 0.0271925 9.9964E-05 0.198456 0.117882 9.9964E-05 9.9964E-05 0.145767 9.9964E-05
0.289569 0.0363733 9.9964E-05 0.456194 9.9964E-05 0.00817112 0.190857 9.9964E-05 9.9964E-05 0.0184359
0.0315526 0.114083 9.9946E-05 0.376762 9.9946E-05 9.9946E-05 9.9946E-05 9.9946E-05 0.477003 9.9946E-05
0.337443 9.9955E-05 9.9955E-05 0.34707 0.160429 9.9955E-05 0.0576494 9.9955E-05 0.0969081 9.9955E-05
9.9964E-05 0.0223543 0.0773762 0.135275 0.00433101 9.9964E-05 0.0405559 9.9964E-05 0.719707 9.9964E-05
0.308135 0.104272 0.02056 0.278348 0.00440776 9.9982E-05 0.00726412 9.9982E-05 0.259153 0.0176606
0.362901 9.9973E-05 0.0740094 0.268659 0.091513 9.9973E-05 9.9973E-05 0.0231143 0.123363 0.0561414
0.109218 9.9964E-05 0.101452 0.288233 9.9964E-05 0.21256 0.187478 9.9964E-05 0.100659 9.9964E-05
0.391356 9.998E-05 0.0841351 0.0631154 0.247383 0.0571706 9.998E-05 0.0961502 0.0316465 0.0288438
0.407199 9.9991E-05 0.0235442 0.0703346 0.226917 0.0170471 0.0311199 0.0240597 0.117375 0.082304
0.422726 9.9955E-05 9.9955E-05 0.0726372 0.224369 9.9955E-05 9.9955E-05 0.170544 9.9955E-05 0.109224
0.0271472 0.168219 0.0659825 0.134911 0.364847 9.9982E-05 0.0526372 0.143413 9.9982E-05 0.0426433
0.351559 0.109173 0.107904 0.104995 0.266322 9.9973E-05 0.0357009 0.0240462 9.9973E-05 9.9973E-05
0.233889 0.0582432 0.0945364 0.089292 0.239022 0.044494 0.175951 0.0541575 9.9991E-05 0.0103149
9.9946E-05 9.9946E-05 9.9946E-05 0.279779 0.0207903 9.9946E-05 9.9946E-05 0.41448 0.28435 9.9946E-05
0.376221 9.9955E-05 0.0734167 0.0852117 0.337901 9.9955E-05 0.126749 9.9955E-05 9.9955E-05 9.9955E-05
9.9937E-05 9.9937E-05 9.9937E-05 0.088502 9.9937E-05 9.9937E-05 0.323225 0.587574 9.9937E-05 9.9937E-05
0.339314 9.9973E-05 0.0686261 0.28553 0.196572 9.9973E-05 0.0125072 0.0278564 0.0692943 9.9973E-05
9.9928E-05 9.9928E-05 9.9928E-05 0.979154 9.9928E-05 9.9928E-05 9.9928E-05 9.9928E-05 0.0200466 9.9928E-05
9.9937E-05 9.9937E-05 9.9937E-05 0.331634 9.9937E-05 9.9937E-05 0.0623956 9.9937E-05 0.605271 9.9937E-05
0.193733 0.0130513 0.0254555 0.537178 0.0441211 9.9982E-05 0.0664051 9.9982E-05 0.11325 0.00660644
0.308735 9.9955E-05 0.0475 0.586985 0.0397874 0.016493 9.9955E-05 9.9955E-05 9.9955E-05 9.9955E-05
9.99201E-05 9.99201E-05 9.99201E-05 0.999101 9.99201E-05 9.99201E-05 9.99201E-05 9.99201E-05 9.99201E-05 9.99201E-05
0.392748 9.9955E-05 9.9955E-05 0.432876 9.9955E-05 9.9955E-05 0.0165246 9.9955E-05 0.150191 0.00716063
0.452315 9.9955E-05 9.9955E-05 0.429312 9.9955E-05 9.9955E-05 0.0377499 0.0167894 0.063334 9.9955E-05
0.0438311 9.9955E-05 0.0999518 0.0330117 0.752713 9.9955E-05 9.9955E-05 9.9955E-05 0.0699925 9.9955E-05
0.0495771 0.142565 0.0707414 9.9946E-05 0.736517 9.9946E-05 9.9946E-05 9.9946E-05 9.9946E-05 9.9946E-05
0.115876 9.9946E-05 0.123367 9.9946E-05 0.606751 0.153407 9.9946E-05 9.9946E-05 9.9946E-05 9.9946E-05
0.0470942 9.9955E-05 0.133047 0.129181 0.614854 9.9955E-05 9.9955E-05 9.9955E-05 9.9955E-05 0.0753245
0.225106 9.9955E-05 0.0448766 0.0765106 0.577754 9.9955E-05 9.9955E-05 9.9955E-05 9.9955E-05 0.075253
9.9928E-05 9.9928E-05 9.9928E-05 9.9928E-05 0.812555 9.9928E-05 9.9928E-05 0.186646 9.9928E-05 9.9928E-05
9.9955E-05 9.9955E-05 0.044943 0.0446847 0.862717 9.9955E-05 0.0241274 9.9955E-05 0.0230285 9.9955E-05
9.9964E-05 0.047126 0.106647 9.9964E-05 0.80215 0.0274069 0.0152786 9.9964E-05 9.9964E-05 0.000992046
0.188381 9.9955E-05 0.014407 9.9955E-05 0.695379 9.9955E-05 0.0715582 9.9955E-05 0.0297755 9.9955E-05
0.168259 9.9937E-05 0.019479 9.9937E-05 0.811563 9.9937E-05 9.9937E-05 9.9937E-05 9.9937E-05 9.9937E-05
0.234882 0.0521512 0.123601 9.9982E-05 0.433643 0.0313487 0.0216133 9.9982E-05 0.0998825 0.0026788
9.9964E-05 0.0269866 0.0495235 9.9964E-05 0.81718 9.9964E-05 0.0339183 9.9964E-05 0.0699393 0.0020521
9.9973E-05 0.0165387 0.0315895 9.9973E-05 0.69911 0.0269453 9.9973E-05 0.0310346 0.14808 0.0464018
9.9937E-05 9.9937E-05 9.9937E-05 9.9937E-05 0.915314 9.9937E-05 0.0719685 9.9937E-05 0.0120178 9.9937E-05
0.130787 9.9955E-05 0.058183 9.9955E-05 0.565571 0.174809 9.9955E-05 9.9955E-05 0.0701508 9.9955E-05
9.9955E-05 9.9955E-05 9.9955E-05 0.0614308 0.662667 0.26219 9.9955E-05 9.9955E-05 0.00460314 0.00860912
9.9937E-05 9.9937E-05 9.9937E-05 9.9937E-05 0.871469 9.9937E-05 9.9937E-05 0.110786 9.9937E-05 0.0170452
9.9973E-05 0.0172253 0.248706 0.175897 0.288003 0.202983 0.0447862 9.9973E-05 9.9973E-05 0.0220998
0.00836368 0.0633686 9.9982E-05 0.0828723 0.711716 0.0327687 9.9982E-05 0.0391244 0.0507818 0.0108043
9.9973E-05 0.0292964 0.0677888 0.245984 0.405556 0.121124 9.9973E-05 9.9973E-05 0.00556798 0.124382
0.252358 9.9973E-05 0.0667059 9.9973E-05 0.344304 9.9973E-05 0.0111375 0.15042 0.0946053 0.0801692
0.00387795 0.238825 0.275439 9.9973E-05 0.435191 0.0160526 0.0105508 9.9973E-05 9.9973E-05 0.0197638
9.9937E-05 9.9937E-05 9.9937E-05 0.0767889 0.829209 9.9937E-05 9.9937E-05 0.0933024 9.9937E-05 9.9937E-05
9.9937E-05 9.9937E-05 9.9937E-05 9.9937E-05 0.878925 9.9937E-05 9.9937E-05 0.107937 9.9937E-05 0.0124383
0.482345 9.9964E-05 0.128905 9.9964E-05 9.9964E-05 0.157534 9.9964E-05 0.0687551 0.0185114 0.143549
0.5395 9.9964E-05 9.9964E-05 9.9964E-05 0.144971 0.0635767 9.9964E-05 0.050949 0.0781521 0.122451
9.9955E-05 9.9955E-05 0.0424063 9.9955E-05 9.9955E-05 0.0530984 9.9955E-05 0.0397881 0.0150261 0.849181
9.99201E-05 9.99201E-05 9.99201E-05 9.99201E-05 9.99201E-05 9.99201E-05 9.99201E-05 9.99201E-05 9.99201E-05 0.999101
9.9928E-05 0.00846019 9.9928E-05 9.9928E-05 9.9928E-05 0.99074 9.9928E-05 9.9928E-05 9.9928E-05 9.9928E-05
0.00259128 0.0100339 0.0432802 9.9964E-05 0.0301456 9.9964E-05 9.9964E-05 9.9964E-05 0.00550987 0.908039
9.9946E-05 9.9946E-05 0.0187919 9.9946E-05 0.078044 9.9946E-05 9.9946E-05 0.129363 9.9946E-05 0.773201
0.112079 9.9955E-05 0.0867995 0.322947 0.109675 9.9955E-05 9.9955E-05 9.9955E-05 9.9955E-05 0.368
0.115991 9.9982E-05 0.00694264 0.0580081 0.0587501 0.599313 9.9982E-05 0.109827 0.0332584 0.0177098
9.99201E-05 9.99201E-05 9.99201E-05 9.99201E-05 9.99201E-05 0.999101 9.99201E-05 9.99201E-05 9.99201E-05 9.99201E-05
9.9937E-05 9.9937E-05 9.9937E-05 0.078561 0.0379124 9.9937E-05 9.9937E-05 9.9937E-05 9.9937E-05 0.882827
0.304571 9.9937E-05 0.052214 9.9937E-05 9.9937E-05 0.642515 9.9937E-05 9.9937E-05 9.9937E-05 9.9937E-05
0.173891 9.9955E-05 9.9955E-05 0.0344071 9.9955E-05 0.0780338 0.0854219 9.9955E-05 9.9955E-05 0.627746
9.9937E-05 9.9937E-05 9.9937E-05 9.9937E-05 9.9937E-05 0.24346 9.9937E-05 0.00729333 9.9937E-05 0.748547
0.348078 0.0292036 9.9964E-05 0.00700526 0.363328 9.9964E-05 0.197644 9.9964E-05 9.9964E-05 0.0543409
0.171973 9.9964E-05 0.0840814 0.0927817 0.195657 9.9964E-05 0.0520334 9.9964E-05 9.9964E-05 0.403074
