0.0748531 0.0171777 0.29707 0.0148107 0.132241 9.9973E-05 9.9973E-05 0.157759 0.305788 9.9973E-05
0.0355054 0.0374956 0.619411 9.9982E-05 0.0776709 0.0239409 0.0182704 0.0175318 0.169974 9.9982E-05
0.0943602 9.9937E-05 9.9937E-05 9.9937E-05 9.9937E-05 0.89538 9.9937E-05 0.00955977 9.9937E-05 9.9937E-05
0.0471499 9.9955E-05 0.467422 9.9955E-05 0.0655013 9.9955E-05 0.147362 9.9955E-05 0.272065 9.9955E-05
9.9964E-05 0.112039 0.413194 9.9964E-05 0.020006 0.239188 0.0871117 9.9964E-05 9.9964E-05 0.128061
9.9964E-05 0.103307 9.9964E-05 9.9964E-05 0.0135085 0.126274 0.0275188 0.104335 0.624657 9.9964E-05
0.0477513 0.0383019 0.0238886 9.9973E-05 0.0116547 0.646295 9.9973E-05 0.0565939 0.175215 9.9973E-05
0.0829762 9.9937E-05 9.9937E-05 9.9937E-05 9.9937E-05 0.85483 9.9937E-05 9.9937E-05 0.0614939 9.9937E-05
9.9937E-05 9.9937E-05 9.9937E-05 9.9937E-05 0.0614751 0.396252 9.9937E-05 9.9937E-05 0.541573 9.9937E-05
0.0250103 0.00892771 0.263892 9.9982E-05 0.0757407 0.0958755 0.100504 0.110095 0.319755 9.9982E-05
0.123541 9.9973E-05 0.342915 9.9973E-05 0.0730438 0.0809458 0.00486091 9.9973E-05 0.228125 0.146268
0.207085 9.9973E-05 9.9973E-05 0.0376044 0.157262 0.377448 0.0978344 9.9973E-05 0.0640042 0.0584611
9.9955E-05 9.9955E-05 0.101536 9.9955E-05 9.9955E-05 0.238177 0.123159 0.067723 0.468905 9.9955E-05
9.9946E-05 0.00345822 0.449433 9.9946E-05 9.9946E-05 0.460254 9.9946E-05 9.9946E-05 0.0862552 9.9946E-05
9.996E-05 0.0197606 0.515748 9.996E-05 9.996E-05 0.197328 0.0507718 9.996E-05 0.202256 0.0137359
0.0538093 0.0442469 0.0778396 9.9973E-05 9.9973E-05 9.9973E-05 0.0506801 0.0787772 0.591577 0.10277
0.49924 9.9964E-05 0.15977 9.9964E-05 0.0478233 9.9964E-05 0.117687 0.0801537 0.0949264 9.9964E-05
0.999101 9.99201E-05 9.99201E-05 9.99201E-05 9.99201E-05 9.99201E-05 9.99201E-05 9.99201E-05 9.99201E-05 9.99201E-05
0.999101 9.99201E-05 9.99201E-05 9.99201E-05 9.99201E-05 9.99201E-05 9.99201E-05 9.99201E-05 9.99201E-05 9.99201E-05
0.573799 0.0741264 9.9964E-05 9.9964E-05 9.9964E-05 0.0355389 0.0966471 0.144879 0.0746099 9.9964E-05
9.99201E-05 9.99201E-05 0.999101 9.99201E-05 9.99201E-05 9.99201E-05 9.99201E-05 9.99201E-05 9.99201E-05 9.99201E-05
9.995E-05 9.995E-05 0.625633 9.995E-05 0.0237191 9.995E-05 0.0942578 0.175341 9.995E-05 0.0805489
9.9928E-05 9.9928E-05 9.9928E-05 9.9928E-05 9.9928E-05 9.9928E-05 0.681406 9.9928E-05 0.317795 9.9928E-05
9.9964E-05 0.0190472 9.9964E-05 0.00907049 9.9964E-05 9.9964E-05 0.455607 0.101793 0.32267 0.0914119
9.9955E-05 9.9955E-05 0.224671 0.123622 9.9955E-05 9.9955E-05 0.473983 0.143507 0.0337173 9.9955E-05
9.9955E-05 9.9955E-05 0.0894779 0.0647707 9.9955E-05 0.623008 0.0619776 9.9955E-05 0.160266 9.9955E-05
0.014665 0.0592855 9.9955E-05 9.9955E-05 9.9955E-05 0.139763 9.9955E-05 0.230426 0.555361 9.9955E-05
0.0890837 9.9955E-05 0.371188 0.0430552 0.0278752 0.468299 9.9955E-05 9.9955E-05 9.9955E-05 9.9955E-05
9.9937E-05 0.000344493 0.981634 9.9937E-05 9.9937E-05 9.9937E-05 9.9937E-05 0.0173223 9.9937E-05 9.9937E-05
9.9955E-05 9.9955E-05 0.629752 0.111585 0.0369105 9.9955E-05 0.0648474 9.9955E-05 0.156405 9.9955E-05
9.9955E-05 9.9955E-05 0.281332 9.9955E-05 9.9955E-05 0.240456 0.0483311 0.128795 0.300586 9.9955E-05
0.0145031 0.0245429 0.348744 0.0488339 9.9955E-05 0.562876 9.9955E-05 9.9955E-05 9.9955E-05 9.9955E-05
9.9955E-05 9.9955E-05 0.076417 9.9955E-05 0.241797 0.000487745 0.0970859 9.9955E-05 0.583713 9.9955E-05
9.9973E-05 0.00999289 0.162446 9.9973E-05 0.0369841 0.163909 0.117681 0.134684 0.374004 9.9973E-05
0.0158117 9.9955E-05 9.9955E-05 9.9955E-05 0.0423843 9.9955E-05 0.906727 0.0164511 9.9955E-05 0.0181265
9.9937E-05 9.9937E-05 0.0709972 0.00812898 9.9937E-05 9.9937E-05 0.920174 9.9937E-05 9.9937E-05 9.9937E-05
9.9964E-05 0.00888606 0.0916903 9.9964E-05 9.9964E-05 9.9964E-05 0.633178 0.00378487 0.238754 0.0233065
9.9964E-05 9.9964E-05 0.0116046 9.9964E-05 9.9964E-05 0.0328501 0.774676 0.0249966 0.0690234 0.0864497
9.9955E-05 0.00115845 0.0896412 9.9955E-05 9.9955E-05 0.0746543 0.805115 0.0289313 9.9955E-05 9.9955E-05
0.0339513 0.0180197 9.9937E-05 9.9937E-05 9.9937E-05 9.9937E-05 0.947329 9.9937E-05 9.9937E-05 9.9937E-05
9.9946E-05 0.0255373 9.9946E-05 0.0239363 9.9946E-05 9.9946E-05 0.943244 9.9946E-05 9.9946E-05 0.00668265
9.9946E-05 9.9946E-05 9.9946E-05 9.9946E-05 0.0024864 9.9946E-05 0.778192 0.068312 0.15041 9.9946E-05
9.9928E-05 9.9928E-05 9.9928E-05 9.9928E-05 9.9928E-05 0.00400744 0.995193 9.9928E-05 9.9928E-05 9.9928E-05
9.9928E-05 9.9928E-05 9.9928E-05 9.9928E-05 0.023727 9.9928E-05 0.975474 9.9928E-05 9.9928E-05 9.9928E-05
9.9937E-05 0.0286196 9.9937E-05 9.9937E-05 9.9937E-05 9.9937E-05 0.967852 0.0028292 9.9937E-05 9.9937E-05
9.9964E-05 9.9964E-05 0.0273834 9.9964E-05 0.0190961 0.0514454 0.688549 0.0759101 0.137216 9.9964E-05
9.9955E-05 0.0290628 9.9955E-05 9.9955E-05 0.00864857 9.9955E-05 0.716863 0.0695591 0.175367 9.9955E-05
9.9928E-05 9.9928E-05 9.9928E-05 9.9928E-05 9.9928E-05 0.0208222 0.978378 9.9928E-05 9.9928E-05 9.9928E-05
0.00666436 0.0852678 0.0553748 0.0377716 9.9973E-05 9.9973E-05 0.289725 0.232057 0.29284 9.9973E-05
0.0202873 9.9946E-05 9.9946E-05 9.9946E-05 9.9946E-05 9.9946E-05 0.705258 0.0379006 0.235955 9.9946E-05
9.9955E-05 0.0217848 9.9955E-05 9.9955E-05 9.9955E-05 0.0399845 0.689463 0.186984 0.0612836 9.9955E-05
0.032789 0.0155352 0.0302836 9.9955E-05 9.9955E-05 0.0523164 0.868576 9.9955E-05 9.9955E-05 9.9955E-05
0.0403564 9.9937E-05 9.9937E-05 9.9937E-05 9.9937E-05 9.9937E-05 0.880046 0.0788981 9.9937E-05 9.9937E-05
0.00318343 0.0181819 9.996E-05 9.996E-05 9.996E-05 9.996E-05 0.795835 0.12659 0.0306843 0.0251256
0.0233856 9.9937E-05 9.9937E-05 9.9937E-05 9.9937E-05 9.9937E-05 0.954262 0.0216526 9.9937E-05 9.9937E-05
9.9964E-05 0.0113144 0.181513 9.9964E-05 9.9964E-05 9.9964E-05 0.57902 0.128088 0.0501344 0.0495297
0.0326136 0.0164604 9.9955E-05 0.00107638 9.9955E-05 9.9955E-05 0.899926 9.9955E-05 0.0494235 9.9955E-05
9.99201E-05 9.99201E-05 9.99201E-05 9.99201E-05 0.999101 9.99201E-05 9.99201E-05 9.99201E-05 9.99201E-05 9.99201E-05
0.0222478 0.154229 0.0315888 9.9973E-05 0.170764 0.160597 9.9973E-05 0.149164 0.31111 9.9973E-05
9.9946E-05 9.9946E-05 9.9946E-05 9.9946E-05 0.555019 9.9946E-05 0.017051 9.9946E-05 0.41976 0.00756953
9.9937E-05 9.9937E-05 0.189347 9.9937E-05 0.789315 9.9937E-05 9.9937E-05 0.0206387 9.9937E-05 9.9937E-05
0.104135 0.00711891 0.437157 9.9991E-05 0.0462751 0.0295736 0.0274911 0.263929 0.034236 0.0499841
0.0281754 9.9946E-05 0.0783426 9.9946E-05 0.865719 9.9946E-05 0.0271631 9.9946E-05 9.9946E-05 9.9946E-05
0.134504 0.0482164 9.9973E-05 9.9973E-05 0.116201 0.0313111 0.0411121 0.145803 0.482551 9.9973E-05
0.177945 9.9982E-05 0.278735 9.9982E-05 0.101143 0.146828 0.0601956 0.165403 0.0603909 0.00915845
0.0453358 9.9955E-05 0.618926 9.9955E-05 0.0744755 9.9955E-05 0.03336 0.227403 9.9955E-05 9.9955E-05
0.240323 9.9964E-05 0.510461 9.9964E-05 0.0237546 0.00539863 0.101004 0.118658 9.9964E-05 9.9964E-05
0.0544578 9.9973E-05 0.164506 9.9973E-05 0.32046 9.9973E-05 0.100362 0.10589 0.22778 0.0262444
0.109408 0.0757435 0.389077 9.9982E-05 9.9982E-05 0.0583076 0.0249162 0.0960091 0.222131 0.0242068
9.993E-05 9.993E-05 0.521542 9.993E-05 0.161468 0.31629 9.993E-05 9.993E-05 9.993E-05 9.993E-05
9.9973E-05 9.9973E-05 0.346027 9.9973E-05 0.0725705 0.213468 0.0106013 0.0578467 0.241525 0.0576617
9.9982E-05 0.00655547 0.358606 9.9982E-05 0.0428137 0.120528 0.0384908 0.173043 0.247151 0.0126117
9.9937E-05 9.9937E-05 0.415108 9.9937E-05 0.135231 0.448961 9.9937E-05 9.9937E-05 9.9937E-05 9.9937E-05
9.9973E-05 0.00518734 0.270824 9.9973E-05 0.0727616 0.096121 0.129331 9.9973E-05 0.397071 0.0284045
9.9964E-05 9.9964E-05 0.703693 0.0368838 9.9964E-05 0.046095 9.9964E-05 0.00805332 0.185059 0.0198157
9.99201E-05 9.99201E-05 9.99201E-05 9.99201E-05 9.99201E-05 0.999101 9.99201E-05 9.99201E-05 9.99201E-05 9.99201E-05
9.9946E-05 0.0600091 0.432129 9.9946E-05 9.9946E-05 0.505972 9.9946E-05 9.9946E-05 9.9946E-05 0.00129018
9.99281E-05 9.99281E-05 0.950563 0.0486379 9.99281E-05 9.99281E-05 9.99281E-05 9.99281E-05 9.99281E-05 9.99281E-05
9.9937E-05 9.9937E-05 9.9937E-05 0.00142403 9.9937E-05 0.972993 9.9937E-05 0.0248836 9.9937E-05 9.9937E-05
9.9946E-05 9.9946E-05 0.775126 9.9946E-05 0.0526664 0.164825 9.9946E-05 9.9946E-05 9.9946E-05 0.00678302
9.9955E-05 9.9955E-05 0.509865 0.306725 9.9955E-05 9.9955E-05 0.0848537 0.040409 0.0576476 9.9955E-05
0.0803729 9.9973E-05 9.9973E-05 0.0145437 9.9973E-05 0.0391077 0.00908876 0.0471125 0.752391 0.0570839
9.9928E-05 9.9928E-05 9.9928E-05 0.944017 9.9928E-05 9.9928E-05 9.9928E-05 9.9928E-05 9.9928E-05 0.055184
9.9928E-05 9.9928E-05 9.9928E-05 0.981118 9.9928E-05 0.0180829 9.9928E-05 9.9928E-05 9.9928E-05 9.9928E-05
9.9973E-05 9.9973E-05 0.137605 0.223937 9.9973E-05 0.0590068 0.0829188 0.25635 0.0517623 0.18812
0.104584 9.9955E-05 9.9955E-05 9.9955E-05 9.9955E-05 9.9955E-05 0.00249028 0.427402 0.420538 0.0444868
9.9955E-05 9.9955E-05 9.9955E-05 9.9955E-05 0.0840225 9.9955E-05 0.0525286 0.368096 0.0473355 0.447518
0.132627 0.0523008 9.9964E-05 9.9964E-05 0.0937851 9.9964E-05 0.152187 0.107176 9.9964E-05 0.461525
0.139723 9.9946E-05 9.9946E-05 9.9946E-05 9.9946E-05 9.9946E-05 9.9946E-05 0.333337 0.157738 0.368602
0.0168088 0.00255985 9.9955E-05 0.0440242 9.9955E-05 0.172238 9.9955E-05 9.9955E-05 9.9955E-05 0.76387
9.9937E-05 0.0819544 9.9937E-05 0.0284329 9.9937E-05 9.9937E-05 9.9937E-05 9.9937E-05 9.9937E-05 0.888913
9.9946E-05 9.9946E-05 0.105714 9.9946E-05 9.9946E-05 9.9946E-05 9.9946E-05 0.112979 0.114305 0.666402
9.9928E-05 9.9928E-05 0.0458533 9.9928E-05 9.9928E-05 9.9928E-05 9.9928E-05 9.9928E-05 9.9928E-05 0.953347
9.9928E-05 9.9928E-05 9.9928E-05 0.086894 9.9928E-05 9.9928E-05 9.9928E-05 9.9928E-05 9.9928E-05 0.912307
9.9946E-05 0.0106139 9.9946E-05 9.9946E-05 9.9946E-05 9.9946E-05 9.9946E-05 0.0500752 0.477142 0.461569
9.9955E-05 9.9955E-05 0.432739 9.9955E-05 9.9955E-05 9.9955E-05 0.057338 0.0230492 0.0316724 0.454702
9.9955E-05 0.0203847 0.471167 0.0542303 9.9955E-05 9.9955E-05 0.191353 9.9955E-05 9.9955E-05 0.262365
9.9937E-05 9.9937E-05 0.449339 0.549445 9.9937E-05 9.9937E-05 9.9937E-05 0.000517004 9.9937E-05 9.9937E-05
9.9964E-05 9.9964E-05 0.227512 0.389159 0.0442952 9.9964E-05 0.0893414 9.9964E-05 0.17114 0.0781528
9.9973E-05 9.9973E-05 0.490449 0.0722903 0.00795902 9.9973E-05 0.0724909 0.0294939 0.152997 0.17402
0.0122677 9.996E-05 0.480658 0.219141 9.996E-05 9.996E-05 0.0451381 9.996E-05 0.0401749 0.202221
9.9982E-05 9.9982E-05 0.0716224 0.113978 0.0516222 0.166899 0.0574248 0.243119 0.25259 0.0425442
9.9955E-05 9.9955E-05 9.9955E-05 0.169824 0.0682526 0.122757 9.9955E-05 9.9955E-05 0.603501 0.0351658
9.9937E-05 9.9937E-05 0.29702 0.661048 9.9937E-05 9.9937E-05 9.9937E-05 9.9937E-05 0.0412327 9.9937E-05
9.9937E-05 9.9937E-05 9.9937E-05 0.0825216 0.0930361 9.9937E-05 9.9937E-05 9.9937E-05 0.823743 9.9937E-05
9.9964E-05 0.00277184 9.9964E-05 0.677802 0.0486537 9.9964E-05 0.0128861 9.9964E-05 0.202845 0.0546417
9.9946E-05 9.9946E-05 9.9946E-05 0.269419 9.9946E-05 0.116474 0.0125495 9.9946E-05 0.600958 9.9946E-05
0.0538672 0.0250435 9.9973E-05 0.0412122 0.0425317 9.9973E-05 0.0607584 9.9973E-05 0.671155 0.105132
9.9955E-05 9.9955E-05 0.0190364 0.120328 9.9955E-05 9.9955E-05 0.0826228 9.9955E-05 0.508154 0.26936
9.9982E-05 0.00165456 0.13978 9.9982E-05 0.0594379 0.0259012 0.116537 0.313935 0.21949 0.123065
0.115185 9.9982E-05 9.9982E-05 0.0469714 0.0204591 0.0623026 0.212827 0.034083 0.460138 0.0478342
0.227195 9.9955E-05 9.9955E-05 9.9955E-05 0.0471705 9.9955E-05 9.9955E-05 0.232194 0.407283 0.0856577
0.145648 0.0445347 0.309799 9.9982E-05 9.9982E-05 0.0499787 0.036414 0.332386 0.0733457 0.00769311
0.0856569 9.9973E-05 0.312589 9.9973E-05 0.0366423 9.9973E-05 0.236505 0.103236 0.143846 0.081225
0.131316 0.0384138 9.9973E-05 9.9973E-05 0.0373774 9.9973E-05 0.0570407 0.0792796 0.417085 0.239188
0.430508 9.9946E-05 9.9946E-05 0.480837 0.0160895 9.9946E-05 9.9946E-05 0.071965 9.9946E-05 9.9946E-05
0.0812185 9.9955E-05 0.20499 9.9955E-05 9.9955E-05 9.9955E-05 0.116362 0.144948 0.451981 9.9955E-05
0.648251 9.9937E-05 9.9937E-05 0.127002 9.9937E-05 9.9937E-05 9.9937E-05 9.9937E-05 9.9937E-05 0.224047
0.0923684 9.9964E-05 9.9964E-05 0.0639155 9.9964E-05 9.9964E-05 0.101727 0.061437 0.612765 0.0673872
9.9937E-05 0.0136413 9.9937E-05 0.689109 9.9937E-05 9.9937E-05 9.9937E-05 9.9937E-05 0.29655 9.9937E-05
9.9928E-05 9.9928E-05 9.9928E-05 0.983944 9.9928E-05 0.0152565 9.9928E-05 9.9928E-05 9.9928E-05 9.9928E-05
9.9928E-05 9.9928E-05 9.9928E-05 0.294589 9.9928E-05 9.9928E-05 9.9928E-05 9.9928E-05 0.704612 9.9928E-05
0.000984496 9.9955E-05 9.9955E-05 0.0596921 9.9955E-05 9.9955E-05 9.9955E-05 0.0088038 0.729608 0.200412
9.9928E-05 9.9928E-05 9.9928E-05 0.347507 9.9928E-05 9.9928E-05 9.9928E-05 9.9928E-05 0.651694 9.9928E-05
9.9937E-05 9.9937E-05 9.9937E-05 0.196807 9.9937E-05 9.9937E-05 9.9937E-05 9.9937E-05 0.655297 0.147197
9.9928E-05 9.9928E-05 9.9928E-05 0.229825 9.9928E-05 9.9928E-05 9.9928E-05 9.9928E-05 0.769375 9.9928E-05
0.0539681 9.9955E-05 0.0584852 9.9955E-05 9.9955E-05 9.9955E-05 0.0500062 0.558888 0.278152 9.9955E-05
9.9973E-05 0.0194051 0.0191242 9.9973E-05 9.9973E-05 0.063755 0.0279864 0.745782 0.11292 0.0107273
9.99624E-05 0.0108018 9.99624E-05 9.99624E-05 9.99624E-05 0.0165761 0.0641803 0.744292 0.16365 9.99624E-05
9.9955E-05 0.12362 9.9955E-05 9.9955E-05 9.9955E-05 0.105509 0.103509 0.638673 9.9955E-05 0.0281887
9.9964E-05 9.9964E-05 0.103807 9.9964E-05 0.0517307 0.0170516 9.9964E-05 0.784946 0.0371498 0.00491488
0.159305 9.9928E-05 9.9928E-05 9.9928E-05 9.9928E-05 9.9928E-05 9.9928E-05 0.839896 9.9928E-05 9.9928E-05
0.0437028 9.9955E-05 9.9955E-05 0.0713423 9.9955E-05 9.9955E-05 0.0178927 0.859044 0.00751815 9.9955E-05
9.9955E-05 9.9955E-05 9.9955E-05 0.0108447 0.113735 9.9955E-05 0.000560578 0.860715 9.9955E-05 0.0136449
9.9964E-05 0.0433038 0.0710519 0.0958006 9.9964E-05 9.9964E-05 0.193185 0.558278 0.0379812 9.9964E-05
9.9937E-05 9.9937E-05 9.9937E-05 9.9937E-05 9.9937E-05 9.9937E-05 0.163965 0.669326 0.166009 9.9937E-05
9.9982E-05 0.0364719 0.0193942 9.9982E-05 0.00227509 0.0941727 0.278813 0.297937 0.152128 0.118608
9.995E-05 9.995E-05 0.0367738 0.0170205 0.0761082 9.995E-05 0.00817523 0.861422 9.995E-05 9.995E-05
9.9973E-05 0.0144795 9.9973E-05 0.0833414 0.0573317 0.0326827 0.00042692 0.6421 0.169338 9.9973E-05
0.0047687 9.9946E-05 9.9946E-05 9.9946E-05 9.9946E-05 9.9946E-05 0.0138593 0.869874 9.9946E-05 0.110898
9.9946E-05 9.9946E-05 9.9946E-05 0.0996604 9.9946E-05 0.138961 0.286154 0.474624 9.9946E-05 9.9946E-05
9.9955E-05 9.9955E-05 9.9955E-05 9.9955E-05 0.0616739 0.0846668 0.0243772 0.734929 9.9955E-05 0.0938539
0.0632677 9.9928E-05 9.9928E-05 9.9928E-05 9.9928E-05 9.9928E-05 9.9928E-05 0.935933 9.9928E-05 9.9928E-05
9.9964E-05 9.9964E-05 0.00556908 0.00362325 9.9964E-05 0.0827259 0.127931 0.61233 0.167421 9.9964E-05
9.996E-05 0.0226266 0.123518 0.0312673 0.0423521 0.0188575 9.996E-05 0.760979 9.996E-05 9.996E-05
9.9973E-05 0.128287 0.182149 0.0506772 0.0635784 9.9973E-05 0.0393342 0.478289 0.0573862 9.9973E-05
0.10474 9.997E-05 0.118766 9.997E-05 0.129983 9.997E-05 0.163067 0.250485 0.0285704 0.20409
9.9946E-05 9.9946E-05 0.280246 9.9946E-05 9.9946E-05 9.9946E-05 0.28892 0.341157 0.0890772 9.9946E-05
0.0873929 9.9946E-05 9.9946E-05 9.9946E-05 9.9946E-05 9.9946E-05 0.0962151 0.642552 0.173241 9.9946E-05
0.0559593 0.0638875 9.9946E-05 9.9946E-05 0.0297496 9.9946E-05 9.9946E-05 0.849804 9.9946E-05 9.9946E-05
0.184994 0.115302 9.9955E-05 9.9955E-05 9.9955E-05 9.9955E-05 0.0728965 0.0724406 0.553867 9.9955E-05
0.012027 0.160237 9.9982E-05 0.00602211 0.0437651 0.0707057 0.131316 0.0295239 0.546204 9.9982E-05
0.148585 0.812543 0.00870407 9.9946E-05 9.9946E-05 9.9946E-05 0.0295687 9.9946E-05 9.9946E-05 9.9946E-05
9.99201E-05 0.999101 9.99201E-05 9.99201E-05 9.99201E-05 9.99201E-05 9.99201E-05 9.99201E-05 9.99201E-05 9.99201E-05
0.0284733 0.417499 0.457602 0.0695113 9.9955E-05 9.9955E-05 0.0264139 9.9955E-05 9.9955E-05 9.9955E-05
9.9955E-05 0.733223 9.9955E-05 0.0179684 0.161361 9.9955E-05 0.0118859 0.0750614 9.9955E-05 9.9955E-05
0.21253 0.684835 9.9955E-05 9.9955E-05 0.0532304 9.9955E-05 0.0428096 0.00609612 9.9955E-05 9.9955E-05
9.9964E-05 0.402428 0.0285812 0.0161766 9.9964E-05 0.062674 9.9964E-05 0.0782218 0.411518 9.9964E-05
0.0788428 0.217776 9.9964E-05 9.9964E-05 0.150955 9.9964E-05 0.0497201 0.0828272 0.41948 9.9964E-05
9.9955E-05 0.280051 0.0570535 9.9955E-05 0.382355 9.9955E-05 9.9955E-05 0.17815 0.101891 9.9955E-05
9.9964E-05 0.915602 9.9964E-05 9.9964E-05 9.9964E-05 0.00505194 0.0136268 0.0427983 0.0144253 0.00809576
9.9946E-05 0.323281 9.9946E-05 9.9946E-05 9.9946E-05 9.9946E-05 0.00652087 0.140284 0.529315 9.9946E-05
9.9964E-05 0.640665 9.9964E-05 0.0281912 9.9964E-05 0.0580317 0.0081732 9.9964E-05 0.252194 0.012345
0.0517241 0.947476 9.9928E-05 9.9928E-05 9.9928E-05 9.9928E-05 9.9928E-05 9.9928E-05 9.9928E-05 9.9928E-05
9.9982E-05 0.120504 0.194285 0.00286981 0.0353664 9.9982E-05 0.230498 0.160106 0.181573 0.0745974
9.9964E-05 0.430207 9.9964E-05 9.9964E-05 9.9964E-05 0.0732861 0.0436964 0.167377 0.197745 0.0872886
