0.0239873 0.535958 9.9964E-05 9.9964E-05 0.01886 9.9964E-05 0.204834 0.077068 9.9964E-05 0.138893
9.9982E-05 0.405836 0.15194 9.9982E-05 0.0571052 0.130329 0.104332 0.0887901 0.0390149 0.0224531
9.9928E-05 9.9928E-05 0.921102 9.9928E-05 9.9928E-05 9.9928E-05 9.9928E-05 9.9928E-05 0.0780985 9.9928E-05
0.0588636 0.621429 9.9964E-05 9.9964E-05 0.17774 0.0917705 9.9964E-05 0.0366645 0.0131327 9.9964E-05
9.9973E-05 0.274555 0.33244 0.0351696 0.00354627 0.0593738 0.187312 9.9973E-05 9.9973E-05 0.107303
9.9973E-05 0.470506 9.9973E-05 0.049246 0.0275865 9.9973E-05 0.159237 0.128117 0.141185 0.0238221
9.9973E-05 0.0948519 0.643275 9.9973E-05 0.0172057 9.9973E-05 0.0770353 0.0266997 0.0407959 0.0998365
0.0540585 9.9946E-05 0.801975 9.9946E-05 9.9946E-05 0.0317359 0.111631 9.9946E-05 9.9946E-05 9.9946E-05
0.0600131 0.464718 0.297868 0.0126574 9.9964E-05 9.9964E-05 0.0424791 0.121865 9.9964E-05 9.9964E-05
0.0365682 0.291939 0.0417674 0.0318516 0.000985734 0.0197315 0.42831 0.148647 9.9982E-05 9.9982E-05
0.122631 0.433238 0.0867081 9.9991E-05 0.101448 0.0333973 0.0295116 0.0685904 0.0544167 0.0699595
9.9964E-05 9.9964E-05 0.279328 9.9964E-05 0.0180689 9.9964E-05 0.0451725 0.249663 0.402355 0.00501251
9.9955E-05 0.492207 0.0912284 9.9955E-05 0.150596 9.9955E-05 9.9955E-05 0.228359 0.0371102 9.9955E-05
9.9946E-05 0.766896 0.161176 0.0432579 9.9946E-05 9.9946E-05 9.9946E-05 9.9946E-05 9.9946E-05 0.0280701
0.0249089 0.634886 0.0146013 9.9973E-05 9.9973E-05 0.189563 9.9973E-05 0.0683452 0.0205946 0.0468009
0.0508917 0.274567 0.0552753 9.9973E-05 0.0724049 9.9973E-05 0.25678 0.223183 0.0665979 9.9973E-05
9.9955E-05 0.0970727 9.9955E-05 0.00523257 0.0854941 9.9955E-05 0.107352 9.9955E-05 0.704349 9.9955E-05
0.0479422 9.9928E-05 9.9928E-05 9.9928E-05 9.9928E-05 9.9928E-05 9.9928E-05 9.9928E-05 0.951258 9.9928E-05
9.99201E-05 9.99201E-05 9.99201E-05 9.99201E-05 9.99201E-05 9.99201E-05 9.99201E-05 9.99201E-05 0.999101 9.99201E-05
9.9964E-05 0.0279199 0.0486029 9.9964E-05 0.0437163 9.9964E-05 0.302977 9.9964E-05 0.543647 0.0327369
9.9955E-05 0.8901 0.039682 0.0338232 0.0296273 9.9955E-05 9.9955E-05 9.9955E-05 9.9955E-05 0.0062678
9.996E-05 0.507419 0.00288857 0.091378 0.151868 0.114623 9.996E-05 9.996E-05 9.996E-05 0.131422
9.9946E-05 0.128181 9.9946E-05 9.9946E-05 0.780444 0.0846354 9.9946E-05 0.00614009 9.9946E-05 9.9946E-05
9.9955E-05 0.167189 0.0752154 9.9955E-05 0.591834 0.117284 9.9955E-05 0.0479781 9.9955E-05 9.9955E-05
0.140418 0.163788 0.0623906 9.9964E-05 0.516087 9.9964E-05 0.103674 0.0132414 9.9964E-05 9.9964E-05
9.9946E-05 0.584488 0.183055 0.1956 9.9946E-05 9.9946E-05 9.9946E-05 9.9946E-05 0.0362576 9.9946E-05
9.9946E-05 0.452941 9.9946E-05 9.9946E-05 9.9946E-05 9.9946E-05 0.181963 0.290698 0.0737985 9.9946E-05
9.994E-05 0.275531 0.497875 0.109795 9.994E-05 9.994E-05 9.994E-05 9.994E-05 0.116199 9.994E-05
9.9946E-05 0.840199 9.9946E-05 9.9946E-05 9.9946E-05 9.9946E-05 0.0485095 0.0131466 9.9946E-05 0.0975452
9.9955E-05 0.634935 9.9955E-05 0.226693 0.0570693 9.9955E-05 9.9955E-05 9.9955E-05 0.0569977 0.0238056
9.9955E-05 0.63489 0.194784 0.0300933 0.101355 9.9955E-05 0.0383783 9.9955E-05 9.9955E-05 9.9955E-05
0.0769927 0.317854 0.604453 9.9937E-05 9.9937E-05 9.9937E-05 9.9937E-05 9.9937E-05 9.9937E-05 9.9937E-05
0.00757656 0.776174 9.9946E-05 9.9946E-05 0.21532 9.9946E-05 0.000330233 9.9946E-05 9.9946E-05 9.9946E-05
9.9964E-05 0.559124 9.9964E-05 0.0658317 0.147386 0.0542351 0.0889012 9.9964E-05 0.0841221 9.9964E-05
0.0611788 0.00665106 9.9955E-05 9.9955E-05 0.909931 0.0062261 9.9955E-05 9.9955E-05 0.0155129 9.9955E-05
0.0248433 9.99461E-05 0.0110031 9.99461E-05 0.946693 9.99461E-05 9.99461E-05 9.99461E-05 9.99461E-05 0.0168605
9.9964E-05 0.147075 0.0042392 9.9964E-05 0.541559 0.0592412 0.210984 0.0365017 9.9964E-05 9.9964E-05
9.9955E-05 0.154925 9.9955E-05 9.9955E-05 0.646458 0.0353823 0.114586 0.0481485 9.9955E-05 9.9955E-05
0.00602249 0.0848254 9.9964E-05 9.9964E-05 0.740964 9.9964E-05 0.105333 0.0341206 9.9964E-05 0.0283345
9.9928E-05 9.9928E-05 9.9928E-05 9.9928E-05 0.955644 9.9928E-05 9.9928E-05 9.9928E-05 0.0435571 9.9928E-05
0.00365077 9.9955E-05 9.9955E-05 0.0290151 0.904559 9.9955E-05 9.9955E-05 9.9955E-05 0.0511784 0.0110971
0.0127853 0.0264383 9.9955E-05 9.9955E-05 0.797045 9.9955E-05 0.1337 0.0295313 9.9955E-05 9.9955E-05
9.9928E-05 9.9928E-05 0.0210629 9.9928E-05 0.978138 9.9928E-05 9.9928E-05 9.9928E-05 9.9928E-05 9.9928E-05
9.9928E-05 9.9928E-05 9.9928E-05 9.9928E-05 0.982436 9.9928E-05 9.9928E-05 9.9928E-05 0.0167643 9.9928E-05
9.99281E-05 9.99281E-05 9.99281E-05 9.99281E-05 0.967909 9.99281E-05 9.99281E-05 9.99281E-05 0.0312911 9.99281E-05
9.9964E-05 0.175682 0.00740421 9.9964E-05 0.710522 0.0199594 0.0827253 0.00330649 9.9964E-05 9.9964E-05
9.9946E-05 9.9946E-05 0.0314824 9.9946E-05 0.753729 9.9946E-05 0.136435 9.9946E-05 9.9946E-05 0.0777538
9.9928E-05 9.9928E-05 9.9928E-05 9.9928E-05 0.973717 9.9928E-05 9.9928E-05 9.9928E-05 9.9928E-05 0.0254836
0.015789 0.224919 0.0565105 0.0333647 0.451619 9.9982E-05 0.111594 0.0596668 9.9982E-05 0.0463381
9.9955E-05 0.0416786 0.0508504 9.9955E-05 0.695599 9.9955E-05 0.0838532 0.127519 9.9955E-05 9.9955E-05
9.9946E-05 9.9946E-05 0.0931463 0.0373869 0.636149 9.9946E-05 0.232718 9.9946E-05 9.9946E-05 9.9946E-05
0.00688942 9.9955E-05 0.0158616 9.9955E-05 0.866223 9.9955E-05 0.0978709 9.9955E-05 0.0126553 9.9955E-05
9.9937E-05 9.9937E-05 9.9937E-05 9.9937E-05 0.777702 9.9937E-05 0.193378 9.9937E-05 0.0282209 9.9937E-05
0.0577121 9.9955E-05 9.9955E-05 9.9955E-05 0.773656 9.9955E-05 0.124249 9.9955E-05 0.00449632 0.0393873
9.9946E-05 0.0102263 9.9946E-05 0.00872099 0.924744 9.9946E-05 9.9946E-05 9.9946E-05 0.0557086 9.9946E-05
0.0239288 0.14062 9.99756E-05 0.0384598 0.470068 0.0355747 0.282423 9.99756E-05 9.99756E-05 0.00862507
9.9955E-05 9.9955E-05 0.0779242 9.9955E-05 0.859836 9.9955E-05 0.012828 0.0343637 9.9955E-05 0.0145484
9.9955E-05 9.9955E-05 0.485787 9.9955E-05 0.00393638 0.00677942 9.9955E-05 9.9955E-05 0.435299 0.0676982
0.0793217 0.36568 9.9973E-05 0.101939 0.0700693 9.9973E-05 0.122889 9.9973E-05 0.246577 0.0132239
0.0388049 0.342275 0.176388 9.9973E-05 0.0243245 9.9973E-05 0.153736 0.0945635 0.169608 9.9973E-05
0.0441258 0.394612 0.146942 9.9955E-05 9.9955E-05 9.9955E-05 9.9955E-05 9.9955E-05 0.399201 0.0146188
0.0373478 0.265297 0.0128136 0.0203208 0.153503 0.172503 0.192418 0.0522638 0.0934325 9.9991E-05
0.0176119 0.294763 0.100027 0.0324171 9.9964E-05 0.0451053 9.9964E-05 9.9964E-05 0.509676 9.9964E-05
9.9982E-05 0.287087 0.0622991 0.0560747 0.225092 0.0865614 0.151033 9.9982E-05 0.0317317 0.0999209
0.0742399 0.151353 0.239452 9.9973E-05 0.181213 0.132961 0.0458373 9.9973E-05 0.174643 9.9973E-05
0.0674942 0.579977 9.9955E-05 9.9955E-05 0.0776709 9.9955E-05 0.101054 9.9955E-05 0.173304 9.9955E-05
0.00724066 0.499902 9.9982E-05 9.9982E-05 0.0285716 0.0387049 0.171235 0.00100406 0.241859 0.0112817
0.038088 0.418859 0.0363586 9.9973E-05 0.152453 9.9973E-05 0.0172776 0.149333 0.187331 9.9973E-05
9.9964E-05 0.336096 0.398719 0.0200972 0.0318946 9.9964E-05 0.150863 0.0619306 9.9964E-05 9.9964E-05
9.9955E-05 0.183756 0.612094 9.9955E-05 0.0133753 9.9955E-05 0.0286052 0.16167 9.9955E-05 9.9955E-05
0.0284055 0.382388 0.29405 9.9973E-05 0.094158 0.0581546 0.11142 0.031124 9.9973E-05 9.9973E-05
9.9982E-05 0.192606 0.375818 0.00803548 0.217503 0.057001 0.0883657 0.0558947 9.9982E-05 0.00457677
9.9955E-05 0.355467 0.546334 0.0851508 9.9955E-05 9.9955E-05 0.00243708 9.9955E-05 0.0101114 9.9955E-05
9.9946E-05 0.719055 9.9946E-05 9.9946E-05 0.0619232 0.112775 9.9946E-05 9.9946E-05 9.9946E-05 0.105647
0.0245769 0.821286 9.9964E-05 0.0490029 9.9964E-05 0.0910968 9.9964E-05 0.00935279 9.9964E-05 0.00428468
9.9928E-05 9.9928E-05 0.949061 0.0501391 9.9928E-05 9.9928E-05 9.9928E-05 9.9928E-05 9.9928E-05 9.9928E-05
9.9937E-05 0.325641 0.623535 9.9937E-05 9.9937E-05 9.9937E-05 9.9937E-05 9.9937E-05 9.9937E-05 0.0501239
0.0153533 0.498172 0.312598 9.9964E-05 9.9964E-05 9.9964E-05 0.0924358 0.0734236 9.9964E-05 0.00761767
9.9946E-05 0.0583684 0.912384 0.0190218 9.9946E-05 9.9946E-05 9.9946E-05 9.9946E-05 0.00962594 9.9946E-05
9.9937E-05 0.531118 0.366432 9.9937E-05 9.9937E-05 9.9937E-05 0.10175 9.9937E-05 9.9937E-05 9.9937E-05
0.0240121 0.246507 9.9973E-05 0.345851 0.101908 0.00878037 0.10405 0.168592 9.9973E-05 9.9973E-05
0.0704332 0.212047 9.9982E-05 0.0238106 0.0192808 0.152537 0.290223 0.213522 9.9982E-05 0.0179466
9.99201E-05 9.99201E-05 9.99201E-05 0.999101 9.99201E-05 9.99201E-05 9.99201E-05 9.99201E-05 9.99201E-05 9.99201E-05
9.99201E-05 9.99201E-05 9.99201E-05 0.999101 9.99201E-05 9.99201E-05 9.99201E-05 9.99201E-05 9.99201E-05 9.99201E-05
9.9946E-05 0.13768 9.9946E-05 0.486622 0.0926338 9.9946E-05 0.282465 9.9946E-05 9.9946E-05 9.9946E-05
0.0145609 0.183353 9.9982E-05 0.00177922 0.075011 0.264256 0.396833 9.9982E-05 0.0238429 0.0401645
0.0329967 9.9973E-05 9.9973E-05 9.9973E-05 0.075624 0.149952 0.38704 0.240899 0.102517 0.0106712
0.121285 9.9973E-05 0.124512 9.9973E-05 0.114848 0.223551 0.315791 9.9973E-05 0.064277 0.0354342
0.0856966 0.0057669 0.0303054 9.9982E-05 9.9982E-05 0.329896 0.432718 0.0031496 0.0960639 0.0162035
9.9955E-05 9.9955E-05 0.00747528 0.173142 9.9955E-05 0.702168 9.9955E-05 9.9955E-05 0.0800159 0.0366988
9.99201E-05 9.99201E-05 9.99201E-05 9.99201E-05 9.99201E-05 0.999101 9.99201E-05 9.99201E-05 9.99201E-05 9.99201E-05
9.9946E-05 0.222194 9.9946E-05 9.9946E-05 0.0609791 0.698638 0.0175889 9.9946E-05 9.9946E-05 9.9946E-05
9.9937E-05 9.9937E-05 9.9937E-05 9.9937E-05 0.0633295 0.825262 9.9937E-05 0.110709 9.9937E-05 9.9937E-05
9.9928E-05 9.9928E-05 9.9928E-05 0.0304404 9.9928E-05 0.96876 9.9928E-05 9.9928E-05 9.9928E-05 9.9928E-05
9.9955E-05 0.0537857 9.9955E-05 9.9955E-05 9.9955E-05 0.348974 0.230973 0.303471 9.9955E-05 0.0622968
9.9946E-05 0.267492 9.9946E-05 9.9946E-05 0.104942 0.457855 9.9946E-05 0.169112 9.9946E-05 9.9946E-05
0.014197 0.41747 9.9964E-05 9.9964E-05 0.150684 0.347036 0.0538313 9.9964E-05 9.9964E-05 0.0163814
0.041242 0.286216 9.9946E-05 0.389321 9.9946E-05 9.9946E-05 9.9946E-05 0.282621 9.9946E-05 9.9946E-05
0.0278219 0.0791843 0.069211 0.237137 9.9973E-05 0.0687915 0.142969 0.374586 9.9973E-05 9.9973E-05
0.0114501 0.221714 9.9973E-05 0.148598 0.137021 0.119254 9.9973E-05 0.32804 9.9973E-05 0.0336229
9.9964E-05 0.158558 9.9964E-05 0.198887 0.0846237 9.9964E-05 0.105029 0.40659 0.045913 9.9964E-05
9.9973E-05 0.0420745 0.35406 9.9973E-05 0.0188805 0.0371829 0.278116 0.26143 9.9973E-05 0.00795618
9.9946E-05 9.9946E-05 0.185265 9.9946E-05 9.9946E-05 9.9946E-05 0.0445605 0.737976 9.9946E-05 0.0315996
9.9946E-05 0.144294 9.9946E-05 0.627129 9.9946E-05 0.0571046 9.9946E-05 0.170873 9.9946E-05 9.9946E-05
0.0359058 0.160531 9.9973E-05 0.0819259 0.0152268 0.036241 0.16099 0.50888 9.9973E-05 9.9973E-05
0.00709303 9.9955E-05 9.9955E-05 0.502642 0.0250127 0.0148678 9.9955E-05 0.449885 9.9955E-05 9.9955E-05
9.9964E-05 0.0695302 9.9964E-05 0.0629706 0.0775413 0.0281441 9.9964E-05 0.760415 0.000998765 9.9964E-05
9.9955E-05 0.122228 9.9955E-05 9.9955E-05 0.130237 9.9955E-05 0.0854011 0.606703 0.0549318 9.9955E-05
9.9946E-05 0.0368587 9.9946E-05 9.9946E-05 0.0760772 9.9946E-05 9.9946E-05 0.862548 0.0239163 9.9946E-05
0.0105576 0.234799 0.0240596 9.9982E-05 0.0270469 0.229464 0.415141 0.0158511 0.0428816 9.9982E-05
0.072657 9.9973E-05 0.15948 9.9973E-05 0.191155 9.9973E-05 0.148689 0.27575 0.0228235 0.129146
0.251628 0.126436 0.0950685 9.9991E-05 0.0878093 0.0160025 0.309769 0.0207073 0.0227307 0.0697494
0.222143 0.116031 0.175459 9.9973E-05 0.166625 0.0234035 0.197158 0.0988798 9.9973E-05 9.9973E-05
9.9964E-05 0.277125 0.050649 9.9964E-05 0.165291 9.9964E-05 0.253654 0.245718 0.00716413 9.9964E-05
0.0932181 0.292346 9.9982E-05 9.9982E-05 0.17654 0.120394 0.0174541 0.172707 0.0566585 0.070482
0.943832 9.99279E-05 9.99279E-05 0.055369 9.99279E-05 9.99279E-05 9.99279E-05 9.99279E-05 9.99279E-05 9.99279E-05
0.167065 0.301503 9.9955E-05 9.9955E-05 0.0634226 9.9955E-05 0.351941 0.115568 9.9955E-05 9.9955E-05
0.999101 9.99201E-05 9.99201E-05 9.99201E-05 9.99201E-05 9.99201E-05 9.99201E-05 9.99201E-05 9.99201E-05 9.99201E-05
0.157096 0.0347623 9.9955E-05 9.9955E-05 0.0612908 9.9955E-05 0.273885 0.472466 9.9955E-05 9.9955E-05
0.0156063 9.9946E-05 0.0302032 0.0646014 9.9946E-05 9.9946E-05 9.9946E-05 0.888989 9.9946E-05 9.9946E-05
9.9928E-05 9.9928E-05 9.9928E-05 0.814496 9.9928E-05 9.9928E-05 9.9928E-05 0.184704 9.9928E-05 9.9928E-05
9.9955E-05 9.9955E-05 0.00134027 0.0264703 0.0286019 9.9955E-05 0.0122816 0.930806 9.9955E-05 9.9955E-05
9.9955E-05 0.163971 9.9955E-05 9.9955E-05 0.0349733 0.0178514 0.124704 0.658001 9.9955E-05 9.9955E-05
9.9928E-05 9.9928E-05 0.000386862 9.9928E-05 9.9928E-05 9.9928E-05 9.9928E-05 0.998814 9.9928E-05 9.9928E-05
9.9946E-05 0.111569 9.9946E-05 9.9946E-05 0.0513595 0.0819699 9.9946E-05 0.754502 9.9946E-05 9.9946E-05
9.9964E-05 0.221846 9.9964E-05 0.117076 0.00647226 0.151037 0.0643668 0.438802 9.9964E-05 9.9964E-05
9.9955E-05 0.0472959 0.170001 9.9955E-05 0.00263578 0.0385243 0.741043 9.9955E-05 9.9955E-05 9.9955E-05
9.9955E-05 9.9955E-05 0.092366 9.9955E-05 0.134019 0.053159 0.631123 0.0888328 9.9955E-05 9.9955E-05
0.0760243 0.188777 9.9955E-05 9.9955E-05 0.0754309 9.9955E-05 0.61307 9.9955E-05 9.9955E-05 0.0461981
0.0326818 0.0550652 9.9946E-05 9.9946E-05 9.9946E-05 9.9946E-05 0.804148 9.9946E-05 9.9946E-05 0.107505
0.00470483 0.124827 0.0101808 9.9973E-05 0.0356445 9.9973E-05 0.573057 0.15168 9.9973E-05 0.0996065
9.9928E-05 9.9928E-05 9.9928E-05 9.9928E-05 9.9928E-05 9.9928E-05 0.805698 9.9928E-05 0.193502 9.9928E-05
0.0165017 9.9964E-05 0.0271028 0.0135093 9.9964E-05 9.9964E-05 0.830299 0.0917318 0.0204558 9.9964E-05
9.9955E-05 9.9955E-05 9.9955E-05 0.076812 0.085731 0.0174249 0.760352 9.9955E-05 0.0591802 9.9955E-05
9.9955E-05 9.9955E-05 0.0307791 9.9955E-05 9.9955E-05 9.9955E-05 0.771459 0.102988 0.0844369 0.00983812
9.996E-05 0.102727 0.0194193 0.00509359 0.111807 9.996E-05 0.72964 9.996E-05 0.0309131 9.996E-05
9.995E-05 9.995E-05 0.0623201 9.995E-05 0.235397 0.0558226 0.401661 0.2443 9.995E-05 9.995E-05
9.9946E-05 0.0750285 9.9946E-05 9.9946E-05 0.0211213 9.9946E-05 0.819543 9.9946E-05 9.9946E-05 0.0837074
9.9937E-05 0.0483181 9.9937E-05 0.203064 9.9937E-05 9.9937E-05 0.747919 9.9937E-05 9.9937E-05 9.9937E-05
9.9955E-05 9.9955E-05 9.9955E-05 9.9955E-05 0.00456351 0.0267299 0.870451 0.0209986 0.076757 9.9955E-05
9.9982E-05 0.095497 9.9982E-05 0.0467889 0.119998 0.0913384 0.632444 0.00408755 0.00727593 0.0023707
9.997E-05 0.104878 9.997E-05 0.0168589 0.0178744 0.0805627 0.637997 9.997E-05 0.0706553 0.0708747
9.9937E-05 9.9937E-05 9.9937E-05 9.9937E-05 9.9937E-05 9.9937E-05 0.816873 9.9937E-05 0.160842 0.021585
0.00338763 0.156601 9.9973E-05 0.0764513 0.138577 0.068139 0.538983 9.9973E-05 0.0175611 9.9973E-05
0.00994454 0.052783 0.0756698 0.0502792 9.998E-05 9.998E-05 0.67289 0.058261 0.0350558 0.0449166
9.9982E-05 0.23803 0.056425 0.00805167 0.109836 0.0111097 0.335593 0.112393 9.9982E-05 0.128362
0.0857483 0.141356 9.9982E-05 0.0245607 0.192664 0.106892 0.285162 9.9982E-05 0.0671257 0.0962912
9.9964E-05 0.0492609 0.00905881 9.9964E-05 0.114632 9.9964E-05 0.499753 0.238994 0.0879008 9.9964E-05
0.00559126 9.9946E-05 0.0651273 9.9946E-05 9.9946E-05 0.0219827 0.906699 9.9946E-05 9.9946E-05 9.9946E-05
9.9937E-05 9.9937E-05 9.9937E-05 0.00638524 9.9937E-05 9.9937E-05 0.846887 9.9937E-05 0.146028 9.9937E-05
9.9955E-05 0.342593 9.9955E-05 9.9955E-05 9.9955E-05 9.9955E-05 0.349651 0.0643725 0.0926627 0.15022
0.0249868 0.185576 9.9973E-05 0.0686826 0.115822 9.9973E-05 0.311304 0.128615 9.9973E-05 0.164713
0.00237398 9.9937E-05 9.9937E-05 9.9937E-05 9.9937E-05 9.9937E-05 9.9937E-05 9.9937E-05 0.315497 0.681429
9.99201E-05 9.99201E-05 9.99201E-05 9.99201E-05 9.99201E-05 9.99201E-05 9.99201E-05 9.99201E-05 9.99201E-05 0.999101
9.997E-05 0.297582 0.084634 0.0160669 0.113347 0.0785887 0.0192513 9.997E-05 9.997E-05 0.39023
9.9955E-05 0.102687 9.9955E-05 9.9955E-05 0.0514756 9.9955E-05 9.9955E-05 0.0167831 0.0297279 0.798826
9.9937E-05 9.9937E-05 9.9937E-05 9.9937E-05 9.9937E-05 9.9937E-05 0.0219046 9.9937E-05 0.649742 0.327653
9.9964E-05 0.115601 0.0193685 9.9964E-05 0.0551748 9.9964E-05 0.101196 0.367363 9.9964E-05 0.340898
9.998E-05 0.208221 0.08208 9.998E-05 0.165227 0.129825 0.0826887 0.11318 0.0748157 0.143762
9.9973E-05 0.158956 0.0953304 9.9973E-05 0.0771961 0.0923174 0.0940583 9.9973E-05 0.119934 0.361908
0.026878 9.9946E-05 9.9946E-05 9.9946E-05 0.0375252 9.9946E-05 9.9946E-05 0.0094403 9.9946E-05 0.925557
0.0177565 0.447783 9.9955E-05 9.9955E-05 0.0414646 9.9955E-05 0.224959 9.9955E-05 9.9955E-05 0.267537
9.9973E-05 0.0841473 0.0150437 0.0314471 0.046514 0.0766918 9.9973E-05 0.0241882 9.9973E-05 0.721668
9.9928E-05 9.9928E-05 9.9928E-05 9.9928E-05 9.9928E-05 9.9928E-05 9.9928E-05 9.9928E-05 0.058998 0.940203
0.0599374 0.19782 9.9973E-05 9.9973E-05 0.116476 0.176456 0.271717 0.106148 9.9973E-05 0.0711444
9.9964E-05 0.0267014 0.0404324 9.9964E-05 9.9964E-05 0.0192943 0.384356 0.0859909 9.9964E-05 0.442825
