0.898066 9.9991E-05 0.101834
0.949064 9.9991E-05 0.0508356
0.798418 9.9991E-05 0.201482
0.797178 0.00483738 0.197985
0.867857 9.9991E-05 0.132043
0.653886 0.264925 0.081189
0.897993 0.0181802 0.0838271
0.812957 0.12717 0.0598729
0.930919 0.0689814 9.9991E-05
0.708342 0.123421 0.168237
0.803162 0.185229 0.0116089
0.0844297 0.810188 0.105382
0.0334984 0.597766 0.368736
0.154759 0.668806 0.176435
0.0958581 0.586941 0.317201
0.164297 0.498045 0.337658
0.00192607 0.576726 0.421348
0.0118026 0.7004 0.287797
0.148344 0.627275 0.224381
0.227317 0.772583 9.9991E-05
0.0493586 0.665329 0.285313
0.0634754 0.669784 0.266741
0.00654393 0.62051 0.372946
0.0818338 0.676887 0.241279
0.0522233 0.489734 0.458042
0.00165722 0.617484 0.380859
0.128655 0.724886 0.146459
0.132054 0.594517 0.27343
0.0803963 0.819516 0.100087
0.828261 9.9991E-05 0.171639
0.800082 9.9991E-05 0.199818
0.783062 9.9991E-05 0.216838
0.791835 0.0402812 0.167884
9.9991E-05 0.683717 0.316183
0.0619584 0.60357 0.334472
9.9991E-05 0.627336 0.372564
0.257393 0.734848 0.00775861
0.0434196 0.77629 0.18029
0.0873057 0.55612 0.356575
9.9991E-05 0.56678 0.43312
0.0676577 0.558525 0.373817
0.03107 0.605895 0.363035
0.034694 0.897196 0.0681096
0.0329663 0.493215 0.473819
0.0062982 0.626985 0.366716
0.0674095 0.519988 0.412602
9.9991E-05 0.82336 0.17654
9.9991E-05 0.588326 0.411574
0.026153 0.59581 0.378037
0.159796 0.840104 9.9991E-05
0.102921 0.890632 0.00644694
0.165909 0.802579 0.0315115
0.0729181 0.568582 0.3585
9.9991E-05 0.605568 0.394332
0.0715998 0.529081 0.399319
0.207885 0.76371 0.0284045
9.9991E-05 0.685903 0.313997
0.0214366 0.546735 0.431829
0.105422 0.665591 0.228987
0.332408 0.636603 0.0309885
0.00171217 0.609132 0.389156
0.0828673 0.563532 0.353601
0.182011 0.817889 9.9991E-05
9.9991E-05 0.732028 0.267872
9.9991E-05 0.549693 0.450207
0.0557937 0.615213 0.328993
0.11268 0.786429 0.100891
0.00591819 0.685023 0.309058
0.0236256 0.607154 0.369221
0.14296 0.807155 0.0498842
9.9991E-05 0.759879 0.240021
0.0429302 0.886704 0.0703659
0.0688512 0.570626 0.360523
0.0372021 0.962698 9.9991E-05
9.999E-05 0.9998 9.999E-05
9.9991E-05 0.870393 0.129507
9.9991E-05 0.811215 0.188685
0.11452 0.427225 0.458255
9.9991E-05 0.739813 0.260087
0.0718933 0.805833 0.122274
0.0924775 0.78541 0.122112
9.9991E-05 0.613627 0.386273
9.9991E-05 0.815418 0.184482
0.0299561 0.75869 0.211354
9.9991E-05 0.814699 0.185201
0.0640012 0.935899 9.9991E-05
9.9991E-05 0.589875 0.410025
0.820493 9.9991E-05 0.179407
0.874656 9.9991E-05 0.125244
0.819935 9.9991E-05 0.179965
0.875334 9.9991E-05 0.124566
0.853599 9.9991E-05 0.146301
0.867534 9.9991E-05 0.132366
0.889271 9.9991E-05 0.110629
0.0840642 0.568844 0.347092
0.000604118 0.571966 0.42743
0.0680445 0.931855 9.9991E-05
0.0110463 0.612276 0.376678
0.0309239 0.699161 0.269915
9.9991E-05 0.632493 0.367407
9.9991E-05 0.636621 0.363279
0.00641801 0.681651 0.311931
0.109739 0.890161 9.9991E-05
0.0928791 0.501386 0.405735
9.9991E-05 0.589012 0.410888
9.9991E-05 0.565648 0.434252
0.0230864 0.823576 0.153338
9.9991E-05 0.733254 0.266646
9.9991E-05 0.746208 0.253692
9.9991E-05 0.744969 0.254931
0.0207374 0.722718 0.256545
0.115474 0.59571 0.288816
0.114843 0.747298 0.137859
0.166797 0.573396 0.259807
0.0441178 0.570106 0.385776
0.0297507 0.55924 0.411009
0.0784451 0.679979 0.241576
9.9991E-05 0.608043 0.391857
0.0544778 0.676313 0.269209
0.080637 0.646052 0.273311
9.9991E-05 0.595772 0.404128
9.9991E-05 0.653326 0.346574
0.00509781 0.753926 0.240976
0.00612872 0.617184 0.376687
0.0134868 0.54893 0.437583
9.9991E-05 0.65255 0.34735
0.0786242 0.572122 0.349253
9.9991E-05 0.585384 0.414516
0.142202 0.615791 0.242007
9.9991E-05 0.623541 0.376359
9.9991E-05 0.578406 0.421494
0.108786 0.727737 0.163477
0.157144 0.73682 0.106036
9.9991E-05 0.639164 0.360736
0.0747542 0.872987 0.0522586
0.109692 0.813208 0.0770998
9.9991E-05 0.805398 0.194502
0.0833161 0.78376 0.132924
0.0784034 0.769519 0.152077
0.00347255 0.568509 0.428019
0.0162742 0.526274 0.457451
0.0558431 0.63094 0.313217
0.0820735 0.843643 0.074284
0.158273 0.531708 0.310019
0.00773366 0.675311 0.316956
0.295396 0.704504 9.9991E-05
9.9991E-05 0.600659 0.399241
0.125701 0.622276 0.252023
0.0358741 0.629084 0.335042
0.186839 0.66986 0.143301
0.170754 0.78796 0.0412865
0.0563311 0.707755 0.235914
0.0756085 0.581891 0.342501
0.14321 0.568349 0.288441
0.207535 0.66708 0.125385
0.109568 0.543271 0.347161
9.9991E-05 0.859454 0.140446
9.9991E-05 0.733193 0.266707
0.0532248 0.545957 0.400818
0.380323 0.282659 0.337018
0.761965 0.0790668 0.158968
0.673906 0.180755 0.145339
0.489382 0.101 0.409618
9.9991E-05 0.629186 0.370714
0.0579904 0.619012 0.322998
9.9991E-05 0.095236 0.904664
0.030297 0.371599 0.598104
0.0834158 0.284139 0.632445
0.0163188 0.748705 0.234976
0.0460125 0.571752 0.382235
0.089229 0.784456 0.126315
9.9991E-05 0.662583 0.337317
0.034921 0.720623 0.244456
9.9991E-05 0.621299 0.378601
0.121548 0.798837 0.079615
9.9991E-05 0.552923 0.446977
9.9991E-05 0.566144 0.433756
0.0518417 9.9991E-05 0.948058
0.000780832 0.00781268 0.991406
0.103579 0.149064 0.747357
0.0700173 0.0136673 0.916315
0.0702015 0.00603603 0.923763
0.0765184 9.9991E-05 0.923382
0.104435 9.9991E-05 0.895465
9.999E-05 9.999E-05 0.9998
0.0398589 9.9991E-05 0.960041
0.0361804 9.9991E-05 0.96372
0.0840302 9.9991E-05 0.91587
0.0953009 0.0269563 0.877743
0.0988992 9.9991E-05 0.901001
0.0444503 9.9991E-05 0.95545
0.124109 0.277457 0.598434
0.120179 0.100444 0.779377
0.129132 0.012727 0.858141
0.0863718 9.9991E-05 0.913528
0.0259286 9.9991E-05 0.973971
0.105978 9.9991E-05 0.893922
0.0485797 9.9991E-05 0.95132
0.108115 0.118099 0.773786
0.0676595 9.9991E-05 0.93224
0.506134 0.455535 0.0383308
0.211626 0.507733 0.280641
0.212561 0.475669 0.31177
0.32433 0.480543 0.195128
0.137539 0.512651 0.34981
0.367061 0.436371 0.196568
0.239699 0.352633 0.407667
0.20205 0.420288 0.377661
0.132489 0.455272 0.412239
0.191155 0.422676 0.386169
0.194139 0.468247 0.337615
0.883722 0.0634008 0.052877
0.890367 9.9991E-05 0.109533
0.98121 9.9991E-05 0.0186895
0.937163 9.9991E-05 0.0627371
0.918048 9.9991E-05 0.0818524
0.919857 9.9991E-05 0.0800433
0.865374 9.9991E-05 0.134526
0.930646 0.0147723 0.0545816
0.910333 9.9991E-05 0.0895665
0.853152 9.9991E-05 0.146748
0.695124 0.304776 9.9991E-05
0.71827 0.28163 9.9991E-05
0.642877 0.357023 9.9991E-05
0.603525 0.396375 9.9991E-05
0.0347096 0.722672 0.242619
0.00711878 0.671822 0.321059
9.9991E-05 0.711722 0.288178
0.0432236 0.739289 0.217487
0.112143 0.833212 0.0546447
9.9991E-05 0.639952 0.359948
9.9991E-05 0.68984 0.31006
9.9991E-05 0.718446 0.281454
9.9991E-05 0.743248 0.256652
9.9991E-05 0.603969 0.395931
0.0231471 0.796388 0.180465
0.0659828 0.933917 9.9991E-05
0.00692182 0.673945 0.319133
9.9991E-05 0.858078 0.141822
9.9991E-05 0.663336 0.336564
0.0921036 0.907796 9.9991E-05
0.354466 0.645434 9.9991E-05
0.341137 0.658763 9.9991E-05
0.27026 0.72964 9.9991E-05
0.308738 0.691162 9.9991E-05
0.214299 0.785601 9.9991E-05
0.314506 0.685394 9.9991E-05
0.860008 9.9991E-05 0.139892
0.823901 0.012093 0.164006
0.749607 9.9991E-05 0.250293
0.789049 0.00691723 0.204034
0.812038 9.9991E-05 0.187862
0.569552 0.430348 9.9991E-05
0.611121 0.388779 9.9991E-05
0.567856 0.432044 9.9991E-05
0.820453 0.00353744 0.176009
0.538617 0.461283 9.9991E-05
0.204232 0.207212 0.588556
0.164969 0.326709 0.508321
0.149408 0.178948 0.671643
0.272176 0.31173 0.416094
0.154136 0.400263 0.445601
0.562922 0.0709139 0.366164
0.0126621 0.777543 0.209795
0.0541193 0.782163 0.163718
0.1877 0.684851 0.127448
9.9991E-05 0.756671 0.243229
0.0863017 0.913598 9.9991E-05
0.111852 0.534715 0.353433
0.0799701 0.637425 0.282605
0.0918552 0.775585 0.13256
0.057796 0.538743 0.403461
0.133409 0.866491 9.9991E-05
9.9991E-05 0.678064 0.321836
0.0186843 0.69754 0.283776
0.152327 0.400425 0.447248
9.9991E-05 0.787699 0.212201
0.0463134 0.67753 0.276156
9.9991E-05 0.677175 0.322725
9.9991E-05 0.732865 0.267035
9.9991E-05 0.553796 0.446104
0.086616 0.477906 0.435477
0.071796 0.583736 0.344468
0.770955 9.9991E-05 0.228945
0.827271 0.00232122 0.170408
0.816418 0.0777268 0.105856
0.841821 0.0324704 0.125709
0.798192 9.9991E-05 0.201708
0.14209 0.796202 0.0617084
0.0150309 0.640957 0.344012
0.267825 0.278426 0.453749
0.00237738 0.594996 0.402626
0.0363504 0.668272 0.295377
0.0834715 0.705915 0.210613
0.274466 0.725434 9.9991E-05
0.00471262 0.644651 0.350637
0.219641 0.724337 0.0560222
0.133579 0.642706 0.223715
0.269979 0.696691 0.0333309
0.0540705 0.560958 0.384972
0.187744 0.746351 0.065905
0.0573881 0.722768 0.219844
0.0131246 0.662342 0.324533
0.0939444 0.775567 0.130489
0.0378096 0.636586 0.325605
0.13723 0.555265 0.307505
0.0585002 0.797091 0.144408
0.0723401 0.529201 0.398459
0.0250059 0.662647 0.312348
0.0759363 0.923964 9.9991E-05
0.0538059 0.855046 0.0911478
0.0299772 0.735449 0.234574
0.0985311 0.901369 9.9991E-05
0.00150852 0.758697 0.239794
0.190872 0.792709 0.0164194
9.9991E-05 0.874282 0.125618
0.109458 0.604412 0.28613
9.9991E-05 0.547618 0.452282
0.0174741 0.865004 0.117522
0.134934 0.478584 0.386482
0.0227653 0.574086 0.403149
0.0346122 0.621915 0.343473
0.00215846 0.705346 0.292495
0.0362201 0.650008 0.313772
0.0838971 0.760459 0.155644
0.0471706 0.700196 0.252634
9.9991E-05 0.616748 0.383152
9.9991E-05 0.627254 0.372646
0.124853 0.637995 0.237152
0.0123298 0.616554 0.371116
0.175421 0.634148 0.190431
0.0279042 0.605356 0.36674
0.0303552 0.622592 0.347052
0.0505377 0.511888 0.437575
0.327638 0.282822 0.38954
0.147856 0.325739 0.526405
0.132618 0.323483 0.543899
0.0351781 0.48956 0.475262
0.163361 0.288089 0.54855
9.9991E-05 0.742004 0.257896
0.153614 0.34041 0.505976
0.355334 0.457673 0.186993
0.108415 0.375868 0.515717
0.0364444 0.477364 0.486191
0.0420065 0.425117 0.532876
0.193887 0.490898 0.315215
0.16689 0.325145 0.507964
0.0993278 0.344596 0.556077
0.65524 0.153808 0.190951
0.117677 0.323303 0.55902
0.173137 0.335773 0.49109
0.0686649 0.442888 0.488447
0.141509 0.318411 0.540081
0.115614 0.429926 0.45446
9.9991E-05 0.635121 0.364779
9.9991E-05 0.640052 0.359848
0.0326657 0.967234 9.9991E-05
0.0849898 0.91491 9.9991E-05
0.0527331 0.618468 0.328799
0.109453 0.353844 0.536704
0.08967 0.302659 0.607671
0.271013 0.259683 0.469304
0.146576 0.347714 0.50571
0.177741 0.639692 0.182567
0.162696 0.658429 0.178875
9.9991E-05 0.549332 0.450569
0.0351562 0.5677 0.397144
0.140433 0.623732 0.235834
0.00675861 0.515994 0.477247
9.9991E-05 0.599266 0.400634
0.100918 0.436906 0.462176
0.0139686 0.827699 0.158332
9.9991E-05 0.783993 0.215907
0.0509726 0.623097 0.325931
0.0780624 0.665582 0.256355
0.114394 0.598087 0.287519
0.00952737 0.71736 0.273112
0.0474707 0.852548 0.099981
9.9991E-05 0.620506 0.379394
0.030814 0.857415 0.111771
0.032797 0.732597 0.234606
0.0629981 0.564503 0.372499
0.0216204 0.727303 0.251076
0.146858 0.358936 0.494206
0.129401 0.452486 0.418113
0.140466 0.357848 0.501686
0.200601 0.386134 0.413265
0.141615 0.33428 0.524105
0.108627 0.465465 0.425909
0.330333 0.518698 0.150969
9.9991E-05 0.380858 0.619042
0.549783 0.28885 0.161367
0.0219943 0.475854 0.502152
9.9991E-05 0.970697 0.0292035
0.0771864 0.922714 9.9991E-05
9.9991E-05 0.754978 0.244922
9.9991E-05 0.667266 0.332634
9.9991E-05 0.789772 0.210128
9.9991E-05 0.706317 0.293583
9.9991E-05 0.654165 0.345736
0.841877 0.0230414 0.135081
0.800697 0.0863337 0.112969
0.864093 9.9991E-05 0.135807
0.921919 9.9991E-05 0.0779814
0.00653108 0.648319 0.34515
0.000188636 0.711493 0.288318
9.9991E-05 0.749912 0.249988
0.0152949 0.610572 0.374133
0.108558 0.530113 0.361329
0.0682882 0.849694 0.0820179
9.9991E-05 0.611033 0.388867
0.0117331 0.849779 0.138488
0.22991 0.263026 0.507065
9.9991E-05 0.693194 0.306706
0.0107502 0.870391 0.118858
9.9991E-05 0.666483 0.333417
9.9991E-05 0.807107 0.192793
9.9991E-05 0.678482 0.321418
9.9991E-05 0.594505 0.405395
9.9991E-05 0.975401 0.024499
0.0211436 0.855468 0.123389
9.9991E-05 0.776118 0.223782
0.0125233 0.987377 9.9991E-05
9.9991E-05 0.703916 0.295984
0.0467634 0.895988 0.0572486
0.0820653 0.917835 9.9991E-05
9.9991E-05 0.616829 0.383071
0.0640061 0.847973 0.0880204
9.9991E-05 0.731897 0.268003
0.038832 0.563091 0.398077
9.9991E-05 0.684428 0.315472
9.9991E-05 0.776396 0.223504
9.9991E-05 0.678389 0.321511
9.9991E-05 0.706191 0.293709
9.9991E-05 0.865687 0.134213
9.9991E-05 0.621604 0.378296
0.738176 0.24799 0.0138345
0.801519 0.130386 0.0680949
0.90271 0.0971903 9.9991E-05
0.865262 0.134638 9.9991E-05
0.801146 0.193194 0.00566075
0.0955045 0.86454 0.0399551
0.150558 0.831931 0.0175112
9.9991E-05 0.892384 0.107516
0.0773278 0.485118 0.437554
0.0804762 0.580398 0.339126
9.9991E-05 0.786029 0.213871
9.9991E-05 0.558488 0.441412
0.0576499 0.700585 0.241765
0.021578 0.708047 0.270375
9.9991E-05 0.61647 0.38343
0.015357 0.851551 0.133092
9.9991E-05 0.792337 0.207564
9.9991E-05 0.841942 0.157958
0.0219186 0.588456 0.389626
9.9991E-05 0.802286 0.197614
9.9991E-05 0.793552 0.206348
0.0371794 0.203912 0.758909
0.0645426 0.191528 0.74393
0.0620386 0.215952 0.722009
0.216546 0.137472 0.645983
0.14648 0.308411 0.545108
9.9991E-05 0.700623 0.299277
0.315524 9.9991E-05 0.684376
0.180795 0.0784899 0.740715
0.145473 0.399381 0.455146
0.102531 0.572988 0.324481
0.120854 0.620957 0.258189
0.102724 0.528504 0.368773
0.0388983 0.575082 0.386019
0.18406 0.110628 0.705312
0.110318 0.238545 0.651137
0.0646333 0.0928462 0.842521
0.103542 0.304633 0.591825
0.143989 0.151131 0.70488
0.131739 0.326022 0.542239
0.147748 0.151006 0.701246
0.0936055 0.237993 0.668402
0.0348528 0.605346 0.359801
0.116362 0.30299 0.580648
0.191216 9.9991E-05 0.808684
0.175261 0.253596 0.571143
0.246336 0.689382 0.0642826
0.0494004 0.530478 0.420122
0.12214 0.252795 0.625065
0.070574 0.545457 0.383969
0.146033 0.528657 0.325309
0.132069 0.41576 0.452171
0.242938 0.278197 0.478865
0.0691771 0.467576 0.463247
0.199342 0.190154 0.610503
0.0957136 0.177488 0.726798
0.22861 0.00526323 0.766126
0.0441078 0.547997 0.407895
0.0966291 0.698035 0.205336
0.224881 0.646198 0.128921
0.0556376 0.466701 0.477661
0.15051 0.608968 0.240522
0.148874 0.41864 0.432486
0.121569 0.587002 0.291429
0.50555 0.297781 0.196669
0.5209 0.336442 0.142658
0.217766 0.469813 0.312421
0.480495 0.300245 0.21926
0.613019 0.145302 0.241678
0.154405 0.506674 0.338921
0.262202 0.394166 0.343632
0.33379 0.334306 0.331905
0.400306 0.351914 0.24778
0.125905 0.445673 0.428422
0.303757 0.480384 0.215858
0.642922 0.297367 0.0597108
0.102436 0.409344 0.488221
0.205706 0.292267 0.502027
0.281847 0.278503 0.43965
0.119742 0.213027 0.667231
0.204919 0.300636 0.494445
0.0796882 0.388539 0.531773
0.33383 0.178478 0.487692
0.154526 0.320497 0.524977
0.215093 0.207771 0.577136
0.270193 0.295255 0.434552
0.211376 0.514139 0.274485
0.0890958 0.46998 0.440924
0.140434 0.371274 0.488293
0.0286231 0.53068 0.440696
0.259319 0.163075 0.577606
0.186434 0.377005 0.436561
0.475776 0.198723 0.325501
0.179137 0.340548 0.480315
0.307386 0.204706 0.487908
0.841072 0.1477 0.0112284
0.245663 0.754237 9.9991E-05
0.261284 0.738616 9.9991E-05
0.236421 0.763479 9.9991E-05
0.203674 0.796226 9.9991E-05
0.251694 0.748206 9.9991E-05
0.217127 0.782773 9.9991E-05
0.328462 0.671438 9.9991E-05
0.446724 0.553176 9.9991E-05
0.884129 9.9991E-05 0.115771
0.82959 0.0464232 0.123987
0.868143 9.9991E-05 0.131757
0.88418 0.0893 0.0265196
0.905101 9.9991E-05 0.0947995
0.931886 9.9991E-05 0.0680141
0.798668 9.9991E-05 0.201232
0.837058 9.9991E-05 0.162842
0.737117 0.148461 0.114422
0.86125 9.9991E-05 0.13865
0.962006 9.9991E-05 0.0378935
0.852879 0.00455772 0.142563
0.950404 9.9991E-05 0.0494963
0.891303 9.9991E-05 0.108597
0.858534 9.9991E-05 0.141366
0.797278 9.9991E-05 0.202622
0.751263 9.9991E-05 0.248637
0.745228 9.9991E-05 0.254672
0.781502 9.9991E-05 0.218398
0.175308 0.584192 0.2405
0.0306812 0.578261 0.391057
0.0857224 0.525345 0.388932
0.191216 0.74798 0.0608041
0.102021 0.615534 0.282445
0.291779 0.648798 0.0594226
0.0368834 0.53765 0.425467
0.11909 0.710204 0.170706
0.0366057 0.662932 0.300462
9.9991E-05 0.694247 0.305653
0.0934063 0.690545 0.216049
9.9991E-05 0.589299 0.410601
0.0561683 0.597055 0.346777
0.143492 0.856408 9.9991E-05
0.214463 0.785437 9.9991E-05
0.202919 0.728229 0.0688526
0.0395653 0.510134 0.450301
0.0513067 0.597549 0.351144
0.111333 0.552622 0.336045
0.061572 0.558054 0.380375
0.133434 0.342757 0.523809
0.0976566 0.41667 0.485673
0.469177 0.323989 0.206834
0.13154 0.449109 0.419351
0.194579 0.425499 0.379922
0.60777 0.258598 0.133632
0.303492 0.299286 0.397222
0.331543 0.312494 0.355963
0.284788 0.378291 0.336921
0.0619283 0.466109 0.471963
0.140994 0.399993 0.459013
0.142024 0.33348 0.524496
0.160828 0.441888 0.397284
0.387744 0.247291 0.364966
