0.911262 0.0886383 9.9991E-05
0.936857 0.0630434 9.9991E-05
0.830635 0.169265 9.9991E-05
0.815475 0.167849 0.0166766
0.860357 0.139543 9.9991E-05
0.668967 0.148394 0.182639
0.865579 0.0729518 0.0614696
0.802463 0.0673541 0.130183
0.932761 9.9991E-05 0.067139
0.704834 0.187306 0.107861
0.818754 0.0487531 0.132493
0.121988 0.158115 0.719897
0.0364654 0.37811 0.585424
0.159733 0.141836 0.698431
0.0813915 0.317282 0.601327
0.167861 0.29714 0.534999
0.0878805 0.383699 0.52842
0.0426844 0.314196 0.64312
0.169556 0.247381 0.583064
0.264261 9.9991E-05 0.735639
0.0910022 0.283765 0.625233
0.126468 0.332909 0.540623
0.027033 0.304375 0.668592
0.103338 0.238892 0.65777
0.0603984 0.421244 0.518357
0.0130713 0.385223 0.601706
0.13853 0.145644 0.715826
0.148482 0.26685 0.584668
0.118398 0.110863 0.770739
0.78504 0.21486 9.9991E-05
0.797209 0.202691 9.9991E-05
0.738956 0.237558 0.0234865
0.738546 0.261354 9.9991E-05
9.9991E-05 0.33598 0.66392
9.9991E-05 0.320411 0.679489
9.9991E-05 0.394055 0.605845
0.252588 0.0156189 0.731793
9.9991E-05 0.214602 0.785298
0.0511388 0.345551 0.60331
9.9991E-05 0.461346 0.538554
0.0447085 0.392085 0.563206
0.0280345 0.436101 0.535865
0.068704 0.0658693 0.865427
0.0568672 0.406834 0.536299
9.9991E-05 0.417084 0.582816
0.014316 0.488987 0.496697
9.9991E-05 0.160204 0.839696
9.9991E-05 0.434282 0.565618
0.0573266 0.459484 0.48319
0.174016 9.9991E-05 0.825884
0.094827 0.0477199 0.857453
0.154691 0.00473795 0.840571
0.0494528 0.368021 0.582526
0.0450166 0.43124 0.523744
0.00619896 0.45449 0.539311
0.207028 0.0345567 0.758415
9.9991E-05 0.373796 0.626104
0.0420002 0.442582 0.515418
0.145187 0.230815 0.623998
0.327572 0.0358857 0.636543
0.045529 0.397387 0.557084
0.111888 0.261053 0.627059
0.199053 9.9991E-05 0.800847
9.9991E-05 0.352353 0.647547
9.9991E-05 0.402904 0.596996
0.11971 0.361663 0.518627
0.146971 0.11982 0.73321
9.9991E-05 0.366371 0.633529
0.0135888 0.386346 0.600065
0.152628 0.0475442 0.799828
9.9991E-05 0.262377 0.737523
0.0185484 0.0880341 0.893418
0.035105 0.386098 0.578797
0.0490076 9.9991E-05 0.950892
0.0342613 9.9991E-05 0.965639
9.9991E-05 0.164343 0.835557
9.9991E-05 0.2904 0.7095
0.015862 0.416038 0.5681
9.9991E-05 0.323235 0.676665
0.074878 0.115414 0.809708
0.0755172 0.0884323 0.83605
0.00710742 0.358627 0.634265
0.0184209 0.15756 0.824019
0.0365894 0.231706 0.731704
9.9991E-05 0.218505 0.781395
0.0883932 0.00293898 0.908668
9.9991E-05 0.351488 0.648412
0.792459 0.169769 0.0377722
0.885333 0.114567 9.9991E-05
0.816025 0.183875 9.9991E-05
0.889778 0.110122 9.9991E-05
0.857777 0.142123 9.9991E-05
0.870905 0.128995 9.9991E-05
0.884868 0.115032 9.9991E-05
0.104912 0.357724 0.537364
0.00731375 0.447197 0.545489
0.0722407 9.9991E-05 0.927659
0.00173341 0.395156 0.60311
0.0249669 0.267861 0.707172
0.044041 0.366958 0.589001
9.9991E-05 0.354367 0.645533
9.9991E-05 0.366089 0.633811
0.159044 9.9991E-05 0.840856
0.0956735 0.36656 0.537766
9.9991E-05 0.384422 0.615478
0.0424689 0.444708 0.512824
9.9991E-05 0.159881 0.840019
9.9991E-05 0.323498 0.676402
9.9991E-05 0.265372 0.734528
9.9991E-05 0.288804 0.711096
0.0274796 0.264179 0.708342
0.0761516 0.364279 0.559569
0.132177 0.113623 0.7542
0.144712 0.285611 0.569678
0.051775 0.365177 0.583048
0.0409155 0.420646 0.538438
0.0718216 0.253156 0.675023
0.0400132 0.334492 0.625495
0.0727089 0.244565 0.682726
0.0497094 0.37205 0.57824
0.0454231 0.373034 0.581543
9.9991E-05 0.350294 0.649606
0.0149176 0.204602 0.780481
0.0236842 0.42126 0.555056
0.0739344 0.472292 0.453774
9.9991E-05 0.398445 0.601455
0.0749918 0.365228 0.559781
0.03683 0.399247 0.563923
0.167945 0.218499 0.613556
9.9991E-05 0.459434 0.540466
9.9991E-05 0.471067 0.528833
0.126194 0.189261 0.684545
0.134849 0.0847112 0.78044
0.0583065 0.317728 0.623966
0.0463584 0.0465918 0.90705
0.130292 0.108642 0.761066
0.0081557 0.22674 0.765105
0.128196 0.105962 0.765841
0.0642211 0.14661 0.789168
9.9991E-05 0.405654 0.594246
0.0872189 0.409419 0.503362
0.0126016 0.353684 0.633714
0.129256 0.092442 0.778302
0.124176 0.343235 0.532589
0.030308 0.33036 0.639332
0.28421 9.9991E-05 0.71569
0.0200733 0.456043 0.523884
0.095653 0.228765 0.675582
0.0744255 0.397698 0.527876
0.155191 0.154567 0.690242
0.195918 0.0369638 0.767118
0.0357631 0.258404 0.705832
0.0262784 0.407081 0.566641
0.194777 0.294183 0.51104
0.22157 0.0757806 0.70265
0.097835 0.381551 0.520614
9.9991E-05 0.154029 0.845871
0.00436627 0.246942 0.748692
0.0865759 0.37431 0.539115
0.395382 0.357156 0.247462
0.758136 0.181767 0.0600968
0.663337 0.149299 0.187363
0.473987 0.417019 0.108994
9.9991E-05 0.401168 0.598732
9.9991E-05 0.395474 0.604426
9.9991E-05 0.828382 0.171518
0.096727 0.570591 0.332682
0.110689 0.587222 0.302089
0.0767854 0.168488 0.754727
0.0803302 0.393077 0.526592
0.102347 0.110079 0.787574
9.9991E-05 0.354568 0.645332
0.021124 0.291225 0.687651
9.9991E-05 0.379146 0.620754
0.0913116 0.0883848 0.820304
9.9991E-05 0.457683 0.542217
0.0301652 0.428958 0.540877
0.0719991 0.927901 9.9991E-05
0.00142972 0.99847 9.9991E-05
0.101871 0.72947 0.168658
0.0304599 0.918956 0.0505846
0.097652 0.871516 0.0308321
0.0782724 0.921628 9.9991E-05
0.0873487 0.912551 9.9991E-05
0.0286473 0.971253 9.9991E-05
0.0154031 0.984497 9.9991E-05
0.0344642 0.965436 9.9991E-05
0.0770913 0.922809 9.9991E-05
0.0708742 0.923637 0.00548877
0.1116 0.8883 9.9991E-05
0.0678424 0.932058 9.9991E-05
0.0503188 0.635697 0.313984
0.0424859 0.870805 0.0867089
0.114584 0.869116 0.0162997
0.0881847 0.911715 9.9991E-05
0.0529725 0.946927 9.9991E-05
0.117056 0.882844 9.9991E-05
0.0895672 0.910333 9.9991E-05
0.0927414 0.804663 0.102595
0.0886157 0.911284 9.9991E-05
0.511605 0.0109647 0.47743
0.179843 0.338595 0.481563
0.18361 0.34315 0.47324
0.300891 0.229359 0.46975
0.135229 0.380295 0.484476
0.343761 0.238801 0.417438
0.150985 0.394182 0.454834
0.192223 0.38069 0.427087
0.112694 0.529058 0.358248
0.180403 0.452161 0.367436
0.158353 0.400851 0.440797
0.871393 0.0628733 0.0657335
0.885918 0.113982 9.9991E-05
0.97261 0.02729 9.9991E-05
0.953741 0.046159 9.9991E-05
0.90997 0.0899303 9.9991E-05
0.888662 0.111238 9.9991E-05
0.869341 0.130559 9.9991E-05
0.886714 0.0842023 0.0290836
0.911744 0.0881559 9.9991E-05
0.864783 0.135117 9.9991E-05
0.694901 9.9991E-05 0.304999
0.703652 9.9991E-05 0.296248
0.679483 9.9991E-05 0.320417
0.618495 9.9991E-05 0.381405
0.0285166 0.26874 0.702743
0.0253861 0.309784 0.66483
9.9991E-05 0.332824 0.667076
0.0722637 0.161066 0.76667
0.165954 0.0186019 0.815444
9.9991E-05 0.369292 0.630608
9.9991E-05 0.326422 0.673478
9.9991E-05 0.305405 0.694495
9.9991E-05 0.220032 0.779868
0.0115064 0.372203 0.61629
9.9991E-05 0.198127 0.801773
0.0605245 9.9991E-05 0.939375
0.0562081 0.354492 0.5893
0.0269869 0.152399 0.820614
9.9991E-05 0.283518 0.716382
0.0770696 9.9991E-05 0.92283
0.339736 9.9991E-05 0.660164
0.299531 9.9991E-05 0.700369
0.277303 9.9991E-05 0.722597
0.29883 9.9991E-05 0.70107
0.224784 9.9991E-05 0.775116
0.303969 0.0101117 0.685919
0.833162 0.166738 9.9991E-05
0.829604 0.170296 9.9991E-05
0.742275 0.257625 9.9991E-05
0.796371 0.203529 9.9991E-05
0.786732 0.167792 0.0454759
0.55706 9.9991E-05 0.44284
0.604867 9.9991E-05 0.395033
0.572142 9.9991E-05 0.427758
0.81642 0.18348 9.9991E-05
0.570337 9.9991E-05 0.429563
0.241073 0.595556 0.163371
0.171604 0.538405 0.289991
0.155915 0.702716 0.14137
0.334929 0.456335 0.208736
0.190293 0.425555 0.384152
0.598549 0.354277 0.0471739
0.0202773 0.215339 0.764383
0.0164267 0.228055 0.755519
0.213632 0.0789635 0.707404
9.9991E-05 0.266986 0.732914
0.0720354 9.9991E-05 0.927865
0.0563902 0.404182 0.539427
0.0684272 0.264483 0.66709
0.120955 0.13493 0.744115
0.0274647 0.357624 0.614911
0.0869058 9.9991E-05 0.912994
0.0157642 0.296564 0.687672
9.9991E-05 0.290125 0.709775
0.0857994 0.450383 0.463818
0.00324598 0.187087 0.809667
0.0167171 0.235605 0.747678
0.0306847 0.37071 0.598605
9.9991E-05 0.278334 0.721566
9.9991E-05 0.456529 0.543371
0.0714164 0.304426 0.624158
0.0575406 0.349742 0.592717
0.757938 0.241962 9.9991E-05
0.85094 0.129254 0.0198065
0.793497 0.149169 0.0573347
0.836222 0.127823 0.035955
0.811894 0.188006 9.9991E-05
0.13476 0.0999047 0.765335
0.017572 0.382545 0.599883
0.147466 0.451213 0.401321
9.9991E-05 0.455016 0.544884
0.061988 0.292622 0.64539
0.135698 0.207532 0.65677
0.304177 9.9991E-05 0.695723
0.0248706 0.3431 0.632029
0.238726 0.0734947 0.687779
0.0607655 0.253366 0.685868
0.288555 0.0200084 0.691437
0.0523027 0.491617 0.456081
0.200448 0.122305 0.677247
0.0994886 0.21735 0.683162
0.0838892 0.367105 0.549005
0.0837496 0.154024 0.762226
0.0350385 0.360408 0.604553
0.00339408 0.399098 0.597508
0.0560227 0.138816 0.805162
0.0263331 0.34195 0.631716
9.9991E-05 0.294401 0.705499
0.0939603 9.9991E-05 0.90594
0.0511012 0.122298 0.826601
0.059088 0.256388 0.684524
0.123908 9.9991E-05 0.875992
0.0216115 0.227735 0.750653
0.182314 0.0181982 0.799487
9.9991E-05 0.129653 0.870247
0.0633173 0.231812 0.70487
9.9991E-05 0.41906 0.58084
0.0536521 0.133125 0.813223
0.0612248 0.378156 0.560619
0.0356758 0.436749 0.527575
0.0510303 0.332073 0.616897
0.0274798 0.346849 0.625671
0.0775048 0.282261 0.640235
0.0570507 0.132834 0.810115
0.0577685 0.229283 0.712949
9.9991E-05 0.338369 0.661531
0.0356033 0.40537 0.559027
0.0845104 0.235901 0.679588
9.9991E-05 0.361336 0.638564
0.161516 0.21718 0.621304
9.9991E-05 0.375945 0.623955
0.0653878 0.368305 0.566307
0.0949219 0.410289 0.49479
0.338084 0.412313 0.249602
0.108304 0.524927 0.366769
0.132624 0.468406 0.39897
0.0269729 0.48427 0.488757
0.199656 0.506493 0.293851
9.9991E-05 0.290797 0.709103
0.186943 0.358018 0.455039
0.365583 0.170737 0.46368
0.0921632 0.494419 0.413418
0.0967733 0.505072 0.398155
0.0480726 0.513162 0.438766
0.255138 0.353612 0.39125
0.126459 0.528408 0.345134
0.0677629 0.531108 0.401129
0.646544 0.178008 0.175449
0.0998415 0.622743 0.277416
0.106062 0.584921 0.309018
0.107285 0.453345 0.43937
0.167532 0.53762 0.294847
0.127138 0.503473 0.369389
9.9991E-05 0.298804 0.701096
0.0422718 0.352106 0.605622
0.0260518 9.9991E-05 0.973848
0.064064 9.9991E-05 0.935836
0.0234847 0.344332 0.632183
0.132462 0.586211 0.281327
0.132667 0.591709 0.275624
0.284107 0.421283 0.29461
0.224761 0.527658 0.247581
0.156862 0.130752 0.712386
0.174754 0.2491 0.576145
9.9991E-05 0.448038 0.551862
0.0149724 0.43252 0.552507
0.108103 0.268142 0.623755
0.0270482 0.421493 0.551459
9.9991E-05 0.412546 0.587354
0.0626244 0.406106 0.53127
0.0179865 0.140873 0.841141
0.00250785 0.266065 0.731427
9.9991E-05 0.359476 0.640424
0.0952286 0.253221 0.65155
0.0856879 0.320157 0.594155
9.9991E-05 0.237026 0.762874
0.0207655 0.124888 0.854347
9.9991E-05 0.378421 0.621479
0.0187245 0.154164 0.827112
0.0121774 0.269948 0.717875
0.0354033 0.409114 0.555483
0.0294439 0.31472 0.655836
0.126086 0.520069 0.353844
0.143081 0.43261 0.424308
0.226783 0.446838 0.326379
0.222102 0.448749 0.329149
0.136899 0.389514 0.473587
0.0970067 0.423948 0.479045
0.334164 0.134569 0.531267
0.0299264 0.608431 0.361643
0.552103 0.143697 0.3042
0.0351441 0.516539 0.448317
9.9991E-05 0.0414883 0.958412
0.073302 9.9991E-05 0.926598
9.9991E-05 0.243655 0.756245
9.9991E-05 0.440474 0.559426
9.9991E-05 0.168685 0.831215
9.9991E-05 0.267446 0.732454
9.9991E-05 0.321539 0.678361
0.79706 0.188356 0.014584
0.787517 0.174786 0.0376972
0.908019 0.0918806 9.9991E-05
0.903982 0.0959176 9.9991E-05
9.9991E-05 0.276462 0.723438
0.0515635 0.308936 0.6395
9.9991E-05 0.265854 0.734046
0.0604782 0.342775 0.596747
0.0348645 0.34336 0.621776
0.0433624 0.112945 0.843693
9.9991E-05 0.348793 0.651107
9.9991E-05 0.161536 0.838364
0.215812 0.483863 0.300324
9.9991E-05 0.273584 0.726316
0.0276992 0.174488 0.797813
9.9991E-05 0.306224 0.693676
9.9991E-05 0.208231 0.791669
9.9991E-05 0.358947 0.640953
9.9991E-05 0.419039 0.580861
9.9991E-05 0.0467995 0.9531
9.9991E-05 0.154264 0.845636
0.00933591 0.181916 0.808748
0.024062 9.9991E-05 0.975838
9.9991E-05 0.262863 0.737037
0.0214848 0.0846601 0.893855
0.0598027 9.9991E-05 0.940097
9.9991E-05 0.404972 0.594928
0.058222 0.105167 0.836611
9.9991E-05 0.273186 0.726714
0.0129347 0.443809 0.543256
9.9991E-05 0.318331 0.681569
0.00502987 0.28818 0.706791
9.9991E-05 0.353239 0.646661
0.019158 0.263025 0.717817
9.9991E-05 0.120599 0.879301
9.9991E-05 0.416966 0.582934
0.732496 9.9991E-05 0.267404
0.751226 0.071829 0.176945
0.88378 9.9991E-05 0.11612
0.882178 9.9991E-05 0.117722
0.765742 0.022656 0.211602
0.0566838 0.0642014 0.879115
0.105027 0.0117946 0.883178
9.9991E-05 0.10571 0.89419
0.037328 0.481303 0.481369
0.0497063 0.455624 0.49467
0.026946 0.214445 0.758609
9.9991E-05 0.419649 0.580251
9.9991E-05 0.311329 0.688571
9.9991E-05 0.370005 0.629895
9.9991E-05 0.384018 0.615882
9.9991E-05 0.153153 0.846747
9.9991E-05 0.18923 0.81067
9.9991E-05 0.147575 0.852325
0.0502445 0.439498 0.510258
0.017121 0.157248 0.825631
0.00475747 0.325224 0.670019
0.0541384 0.735171 0.210691
0.121251 0.644187 0.234563
0.0857145 0.723453 0.190832
0.12765 0.723072 0.149277
0.107238 0.625244 0.267518
9.9991E-05 0.337979 0.661921
0.329902 0.669998 9.9991E-05
0.189614 0.690237 0.120149
0.13604 0.4546 0.40936
0.08722 0.405373 0.507407
0.156534 0.245343 0.598123
0.0749685 0.396066 0.528965
0.0650596 0.434042 0.500898
0.208142 0.719741 0.0721168
0.103334 0.642588 0.254078
0.0526784 0.807115 0.140207
0.0593692 0.584516 0.356115
0.140464 0.787794 0.0717418
0.0538044 0.657409 0.288787
0.159912 0.70253 0.137558
0.0288547 0.672737 0.298408
0.0387053 0.371316 0.589979
0.177268 0.56458 0.258152
0.19548 0.80442 9.9991E-05
0.112538 0.583486 0.303976
0.311209 0.0482532 0.640538
9.9991E-05 0.460841 0.539059
0.146206 0.573302 0.280491
0.0712901 0.364811 0.563899
0.0999444 0.344464 0.555591
0.189028 0.503437 0.307535
0.230846 0.53017 0.238984
0.0986277 0.428565 0.472807
0.158105 0.609903 0.231992
0.0578475 0.731285 0.210867
0.240434 0.759466 9.9991E-05
0.0618088 0.385323 0.552868
0.15417 0.227794 0.618036
0.239091 0.111677 0.649232
0.0383326 0.44429 0.517377
0.0847048 0.260849 0.654446
0.175021 0.478479 0.3465
0.0641469 0.402137 0.533716
0.501264 0.183826 0.31491
0.520034 0.123801 0.356165
0.247303 0.285809 0.466888
0.442369 0.24852 0.309111
0.579537 0.30916 0.111303
0.210948 0.335848 0.453204
0.260478 0.401239 0.338282
0.340187 0.337388 0.322426
0.436801 0.205771 0.357428
0.149732 0.446744 0.403524
0.335897 0.244407 0.419696
0.660885 0.0725301 0.266585
0.166766 0.473851 0.359383
0.173819 0.451325 0.374856
0.216386 0.56079 0.222824
0.112026 0.621462 0.266513
0.139074 0.478191 0.382735
0.0911166 0.594974 0.313909
0.376693 0.46072 0.162587
0.167019 0.533663 0.299319
0.19119 0.586328 0.222482
0.212293 0.54929 0.238416
0.186628 0.294162 0.51921
0.167238 0.478186 0.354576
0.0509722 0.461904 0.487124
0.056441 0.464152 0.479407
0.290783 0.546787 0.162431
0.148653 0.573006 0.27834
0.387397 0.375261 0.237342
0.112321 0.557482 0.330197
0.321118 0.448628 0.230255
0.833606 0.0403909 0.126003
0.273589 9.9991E-05 0.726311
0.245872 9.9991E-05 0.754028
0.269039 9.9991E-05 0.730861
0.204706 9.9991E-05 0.795194
0.261786 9.9991E-05 0.738114
0.211665 9.9991E-05 0.788235
0.294514 9.9991E-05 0.705386
0.44554 9.9991E-05 0.55436
0.883792 0.111881 0.00432723
0.841001 0.104185 0.054814
0.881713 0.118187 9.9991E-05
0.852043 0.0580792 0.0898776
0.888702 0.111198 9.9991E-05
0.923658 0.0762417 9.9991E-05
0.73703 0.206607 0.0563632
0.854626 0.145274 9.9991E-05
0.745638 0.125742 0.128621
0.869987 0.129913 9.9991E-05
0.949297 0.0506034 9.9991E-05
0.857985 0.141378 0.000637336
0.923681 0.0762185 9.9991E-05
0.886222 0.113678 9.9991E-05
0.846519 0.153381 9.9991E-05
0.808078 0.191822 9.9991E-05
0.747502 0.252398 9.9991E-05
0.737598 0.262302 9.9991E-05
0.789791 0.210109 9.9991E-05
0.191886 0.271921 0.536193
9.9991E-05 0.422359 0.577541
0.045638 0.424476 0.529886
0.238076 0.0494907 0.712433
0.10086 0.342402 0.556738
0.271831 0.0528695 0.675299
0.0249209 0.480588 0.494492
0.117324 0.235055 0.647621
0.0896745 0.331318 0.579007
9.9991E-05 0.265931 0.733969
0.120645 0.259066 0.620289
9.9991E-05 0.367007 0.632893
0.107706 0.295218 0.597075
0.157924 0.01484 0.827237
0.222394 9.9991E-05 0.777506
0.204402 0.100563 0.695035
0.0309629 0.515455 0.453582
0.118125 0.323659 0.558216
0.125694 0.279117 0.595189
9.9991E-05 0.443023 0.556877
0.148054 0.482127 0.369819
0.0770651 0.544607 0.378328
0.45865 0.241086 0.300265
0.0180826 0.412398 0.569519
0.218785 0.401558 0.379656
0.585538 0.142108 0.272354
0.264723 0.464097 0.27118
0.382317 0.364583 0.253101
0.300442 0.370613 0.328945
0.151454 0.544013 0.304533
0.147542 0.503621 0.348837
0.0653844 0.584112 0.350504
0.19847 0.434908 0.366622
0.465616 0.367744 0.16664
