9.9991E-05 0.912702 0.0871983
0.0169321 0.941189 0.0418793
0.00565663 0.827671 0.166673
0.0261915 0.823461 0.150347
9.9991E-05 0.86924 0.13066
0.206296 0.66668 0.127024
0.0282003 0.928397 0.0434025
0.146529 0.780789 0.0726819
0.0676503 0.93225 9.9991E-05
0.0971473 0.737481 0.165372
0.122818 0.786405 0.0907761
0.743895 0.0719774 0.184128
0.61608 9.9991E-05 0.38382
0.687858 0.163995 0.148147
0.599871 0.127645 0.272484
0.533845 0.122573 0.343582
0.473597 0.0871255 0.439277
0.724566 9.9991E-05 0.275334
0.597523 0.170357 0.23212
0.735615 0.264285 9.9991E-05
0.6196 0.0476851 0.332715
0.632962 0.0439187 0.323119
0.636952 0.00398587 0.359062
0.68106 0.0742499 0.24469
0.598574 0.00700705 0.394419
0.595737 0.0243451 0.379918
0.694507 0.154117 0.151376
0.620761 0.133068 0.246171
0.795304 0.123229 0.0814665
9.9991E-05 0.791942 0.207958
9.9991E-05 0.83555 0.16435
0.0265835 0.753661 0.219756
0.0043389 0.745342 0.250319
0.618251 0.0257557 0.355993
0.542967 0.0972452 0.359788
0.707335 9.9991E-05 0.292565
0.768275 0.227737 0.00398752
0.778685 9.9991E-05 0.221215
0.592622 0.0160383 0.39134
0.49717 9.9991E-05 0.50273
0.603104 0.0146685 0.382227
0.524653 0.0278704 0.447476
0.902683 0.0567243 0.0405927
0.53661 0.0252239 0.438166
0.589697 9.9991E-05 0.410203
0.421543 0.111318 0.467139
0.855418 9.9991E-05 0.144482
0.51186 9.9991E-05 0.48804
0.543399 0.0306208 0.42598
0.840052 0.159848 9.9991E-05
0.892144 0.0899584 0.0178975
0.852333 0.144167 0.0035
0.507816 0.049106 0.443078
0.507097 0.0812415 0.411661
0.523911 0.0287249 0.447364
0.735245 0.262702 0.0020531
0.636101 0.00359008 0.360309
0.511013 0.0384248 0.450562
0.643743 0.207424 0.148832
0.647663 0.352237 9.9991E-05
0.594128 9.9991E-05 0.405772
0.580072 0.0986206 0.321307
0.82603 0.17387 9.9991E-05
0.696759 9.9991E-05 0.303141
0.558977 9.9991E-05 0.440923
0.603503 0.0242916 0.372206
0.67401 0.116417 0.209573
0.654066 0.00764317 0.338291
0.5471 0.0533399 0.39956
0.85541 0.139703 0.00488694
0.697121 9.9991E-05 0.302779
0.876228 0.0432619 0.0805097
0.663646 0.0147439 0.32161
0.95654 0.0433596 9.9991E-05
0.970951 0.0289494 9.9991E-05
0.895117 9.9991E-05 0.104783
0.786127 9.9991E-05 0.213773
0.590918 0.0117935 0.397289
0.734806 0.00590011 0.259294
0.839917 0.0803381 0.0797446
0.832718 0.0704621 0.0968201
0.565272 0.054976 0.379752
0.751109 0.0270136 0.221878
0.726592 0.0346219 0.238786
0.758922 9.9991E-05 0.240978
0.928299 0.0716015 9.9991E-05
0.645624 9.9991E-05 0.354276
0.0283441 0.822479 0.149177
9.9991E-05 0.899782 0.100118
9.9991E-05 0.84528 0.15462
9.9991E-05 0.893661 0.106239
9.9991E-05 0.843079 0.156821
9.9991E-05 0.854869 0.145031
9.9991E-05 0.893705 0.106195
0.514643 0.108449 0.376908
0.521183 0.0586239 0.420193
0.920718 0.0791823 9.9991E-05
0.537151 0.0487205 0.414128
0.718565 0.0260244 0.25541
0.641192 9.9991E-05 0.358708
0.68885 9.9991E-05 0.31105
0.64879 9.9991E-05 0.35111
0.873319 0.126581 9.9991E-05
0.50701 0.0949911 0.397999
0.532718 0.0282219 0.43906
0.587267 0.0133899 0.399343
0.808115 0.0208623 0.171023
0.685517 9.9991E-05 0.314383
0.744368 9.9991E-05 0.255532
0.720344 9.9991E-05 0.279556
0.717698 0.00478274 0.277519
0.624694 0.00188059 0.373425
0.800596 0.136382 0.0630221
0.587923 0.139597 0.27248
0.634783 0.113482 0.251735
0.569861 0.0901736 0.339965
0.715054 0.0377592 0.247187
0.679603 9.9991E-05 0.320297
0.726011 0.0315507 0.242438
0.604601 0.106528 0.28887
0.565117 0.0347024 0.40018
0.682667 0.0255843 0.291749
0.762347 0.0245114 0.213142
0.504176 9.9991E-05 0.495724
0.535434 0.0678229 0.396743
0.596763 0.00766585 0.395572
0.5893 9.9991E-05 0.4106
0.588642 0.0220442 0.389314
0.653262 0.121377 0.225361
0.540986 9.9991E-05 0.458914
0.602686 0.000493514 0.396821
0.763902 0.118108 0.11799
0.779034 0.150403 0.0705634
0.560471 0.0718454 0.367684
0.907661 0.0575368 0.0348024
0.758521 0.174298 0.0671803
0.784769 0.00968486 0.205546
0.825737 0.0828471 0.0914161
0.757169 0.0804509 0.16238
0.50967 0.0354697 0.454861
0.483722 0.0737022 0.442575
0.661689 0.0312112 0.307099
0.817487 0.114096 0.0684169
0.543346 0.127884 0.32877
0.622966 0.00476409 0.37227
0.6916 0.3083 9.9991E-05
0.506816 0.048462 0.444722
0.643349 0.144784 0.211867
0.565482 0.0716337 0.362884
0.676841 0.186455 0.136705
0.752353 0.205614 0.0420334
0.65369 0.0826935 0.263617
0.596068 0.163911 0.24002
0.589476 0.171497 0.239027
0.66642 0.19922 0.13436
0.712345 0.0287954 0.258859
0.866626 0.00124148 0.132133
0.740047 9.9991E-05 0.259853
0.600415 0.0605735 0.339011
0.219755 0.428422 0.351823
0.114843 0.750496 0.134661
0.153363 0.677713 0.168924
0.129372 0.4759 0.394728
0.617387 9.9991E-05 0.382513
0.533585 0.0932318 0.373183
0.0914877 9.9991E-05 0.908412
0.311179 0.0576609 0.63116
0.234255 0.160278 0.605466
0.774873 0.0373968 0.18773
0.516664 0.0578326 0.425503
0.815979 0.0936277 0.0903935
0.591241 0.00492124 0.403837
0.726986 0.0648337 0.208181
0.615613 9.9991E-05 0.384287
0.819792 0.0918255 0.0883829
0.540671 9.9991E-05 0.459229
0.574461 0.00189918 0.42364
9.9991E-05 0.0601975 0.939703
9.9991E-05 0.0720646 0.927835
0.242952 0.0108961 0.746152
0.0429755 0.0502611 0.906763
9.9991E-05 0.0432545 0.956645
9.9991E-05 0.0664065 0.933494
9.9991E-05 0.150326 0.849574
9.999E-05 9.999E-05 0.9998
9.999E-05 9.999E-05 0.9998
9.9991E-05 0.0770672 0.922833
9.9991E-05 0.0576008 0.942299
0.028612 0.118141 0.853247
9.9991E-05 0.125013 0.874887
9.9991E-05 0.0513391 0.948561
0.338064 0.110643 0.551293
0.0972753 0.0947599 0.807965
0.0232827 0.129217 0.8475
9.9991E-05 0.0820772 0.917823
9.9991E-05 0.0546537 0.945246
9.9991E-05 0.0631722 0.936728
9.9991E-05 0.0728302 0.92707
0.114935 0.0804875 0.804577
9.9991E-05 0.11095 0.88895
0.445612 0.519491 0.0348969
0.481773 0.218654 0.299573
0.451726 0.205839 0.342435
0.504643 0.260877 0.234481
0.462035 0.0955009 0.442464
0.428289 0.31996 0.251752
0.433859 0.190623 0.375518
0.445434 0.17744 0.377126
0.363892 0.205458 0.430649
0.324091 0.182414 0.493495
0.469357 0.161996 0.368647
0.118377 0.83198 0.0496428
9.9991E-05 0.915982 0.0839178
9.9991E-05 0.942584 0.0573161
9.9991E-05 0.930317 0.0695835
9.9991E-05 0.898463 0.101437
9.9991E-05 0.883569 0.116331
9.9991E-05 0.832333 0.167567
0.0241002 0.935221 0.0406787
9.9991E-05 0.90394 0.0959603
9.9991E-05 0.866427 0.133473
0.266851 0.733049 9.9991E-05
0.299605 0.6874 0.0129954
0.341486 0.658414 9.9991E-05
0.392332 0.607568 9.9991E-05
0.666297 0.0113136 0.32239
0.679542 9.9991E-05 0.320358
0.617781 0.000498016 0.381721
0.799573 0.0707008 0.129726
0.865671 0.134229 9.9991E-05
0.584526 0.00921786 0.406256
0.607717 9.9991E-05 0.392183
0.742637 9.9991E-05 0.257263
0.740597 9.9991E-05 0.259303
0.532707 0.00735984 0.459933
0.824448 9.9991E-05 0.175452
0.966932 0.0329677 9.9991E-05
0.619905 0.0710588 0.309037
0.811911 0.0340652 0.154024
0.687977 9.9991E-05 0.311923
0.908219 0.0916813 9.9991E-05
0.655757 0.344143 9.9991E-05
0.683876 0.316024 9.9991E-05
0.729148 0.270752 9.9991E-05
0.680236 0.319664 9.9991E-05
0.766528 0.233372 9.9991E-05
0.699947 0.299953 9.9991E-05
9.9991E-05 0.874628 0.125272
0.0369732 0.814687 0.14834
9.9991E-05 0.750915 0.248985
9.9991E-05 0.776855 0.223045
0.0242275 0.832202 0.14357
0.441339 0.558561 9.9991E-05
0.372188 0.627712 9.9991E-05
0.458873 0.541027 9.9991E-05
9.9991E-05 0.817218 0.182682
0.412343 0.587557 9.9991E-05
0.216231 0.238285 0.545484
0.33743 0.131209 0.531361
0.224288 0.137828 0.637884
0.273082 0.285577 0.441341
0.35211 0.158176 0.489714
0.0735545 0.575356 0.35109
0.750182 0.0542319 0.195586
0.735281 0.0699666 0.194752
0.730113 0.193458 0.0764288
0.761875 9.9991E-05 0.238025
0.895746 0.104154 9.9991E-05
0.587517 0.0310254 0.381458
0.659553 0.0306836 0.309763
0.747907 0.127764 0.124329
0.609684 0.0682269 0.322089
0.875879 0.101495 0.0226256
0.709249 9.9991E-05 0.290651
0.700939 9.9991E-05 0.298961
0.455467 0.0953373 0.449196
0.804428 9.9991E-05 0.195472
0.681623 0.0444825 0.273895
0.600507 9.9991E-05 0.399393
0.708299 9.9991E-05 0.291601
0.543935 0.025108 0.430957
0.52582 0.0720059 0.402174
0.593945 0.0331459 0.372909
9.9991E-05 0.78163 0.21827
9.9991E-05 0.834419 0.165481
0.101098 0.803648 0.0952539
0.0535827 0.840886 0.105532
9.9991E-05 0.849466 0.150434
0.775162 0.15961 0.0652277
0.642706 0.00995454 0.34734
0.411095 0.116119 0.472786
0.567516 9.9991E-05 0.432384
0.613094 0.0737445 0.313161
0.742728 0.0808184 0.176453
0.708503 0.291397 9.9991E-05
0.679846 0.000686438 0.319467
0.748585 0.203204 0.0482107
0.644977 0.00694937 0.348073
0.690598 0.287396 0.0220055
0.504516 0.0875258 0.407958
0.75887 0.213855 0.027275
0.665233 0.0818723 0.252895
0.539183 0.0777268 0.38309
0.74579 0.0961713 0.158039
0.533507 0.0906895 0.375803
0.531453 0.102365 0.366182
0.807025 0.0561351 0.13684
0.579693 0.0401022 0.380205
0.642464 0.0206934 0.336843
0.909811 0.0900888 9.9991E-05
0.850301 0.0640547 0.0856441
0.700076 0.0237008 0.276224
0.869191 0.0907854 0.0400237
0.820263 9.9991E-05 0.179637
0.813853 0.156119 0.0300282
0.860859 9.9991E-05 0.139041
0.644828 0.129988 0.225185
0.558974 9.9991E-05 0.440926
0.840035 0.086431 0.0735344
0.53664 0.123772 0.339588
0.592022 0.00149561 0.406482
0.660807 9.9991E-05 0.339093
0.597643 0.0125204 0.389837
0.689251 0.0331775 0.277571
0.774189 0.059 0.166811
0.670819 0.0715088 0.257672
0.599171 9.9991E-05 0.400729
0.550765 0.0113691 0.437866
0.654174 0.0951864 0.25064
0.653823 9.9991E-05 0.346077
0.616757 0.12791 0.255333
0.662612 9.9991E-05 0.337288
0.623187 0.0533564 0.323456
0.547452 0.116136 0.336411
0.241358 0.297327 0.461315
0.400884 0.0879107 0.511205
0.39457 0.158889 0.446541
0.453846 0.0268151 0.519338
0.369289 0.132667 0.498043
0.717428 9.9991E-05 0.282472
0.378717 0.141357 0.479926
0.465328 0.396885 0.137786
0.372899 0.0735143 0.553587
0.436469 0.0578357 0.505695
0.408862 0.0726052 0.518533
0.475337 0.190916 0.333746
0.348758 0.160068 0.491174
0.380481 0.0730521 0.546467
0.129781 0.655988 0.214231
0.342186 0.157761 0.500053
0.228906 0.195594 0.5755
0.449838 0.0998289 0.450333
0.337462 0.131719 0.530819
0.342053 0.185047 0.472899
0.65237 0.00233465 0.345295
0.629091 0.0370925 0.333816
0.948096 0.0518039 9.9991E-05
0.934112 0.0657879 9.9991E-05
0.589626 9.9991E-05 0.410274
0.296517 0.120962 0.582521
0.28709 0.142035 0.570875
0.327393 0.273323 0.399284
0.240653 0.211561 0.547787
0.652523 0.186768 0.16071
0.594936 0.186146 0.218918
0.556577 0.0183475 0.425076
0.531496 0.0550009 0.413503
0.633454 0.117908 0.248637
0.504843 0.0669719 0.428185
0.568164 9.9991E-05 0.431736
0.536649 0.0374533 0.425898
0.802847 0.0283617 0.168791
0.736119 0.0108515 0.253029
0.593716 0.00894635 0.397337
0.642104 0.10994 0.247956
0.645424 0.13397 0.220606
0.741682 9.9991E-05 0.258218
0.863121 0.026629 0.110251
0.568613 0.0253756 0.406012
0.849561 0.0297853 0.120654
0.7345 0.00415409 0.261346
0.57362 9.9991E-05 0.42628
0.604841 0.00964828 0.385511
0.342633 0.197548 0.459819
0.503562 0.111137 0.385301
0.346012 0.149076 0.504911
0.353832 0.179393 0.466774
0.476 0.101457 0.422542
0.404412 0.140912 0.454676
0.52707 0.344513 0.128418
0.406541 0.011876 0.581583
0.271726 0.585721 0.142553
0.393821 0.0191471 0.587032
0.93929 0.0304815 0.0302281
0.920284 0.0796163 9.9991E-05
0.679182 9.9991E-05 0.320718
0.6278 9.9991E-05 0.3721
0.816634 9.9991E-05 0.183266
0.727416 9.9991E-05 0.272484
0.625454 9.9991E-05 0.374446
0.0204627 0.803495 0.176042
0.0808006 0.761806 0.157393
9.9991E-05 0.887964 0.111936
9.9991E-05 0.899292 0.100608
0.681042 9.9991E-05 0.318858
0.647056 0.00511962 0.347824
0.764927 9.9991E-05 0.234973
0.598512 0.00849733 0.392991
0.573841 0.0523083 0.373851
0.818338 0.0383238 0.143338
0.682452 9.9991E-05 0.317448
0.821161 9.9991E-05 0.178739
0.272669 0.234017 0.493314
0.678413 9.9991E-05 0.321487
0.828827 0.0439123 0.127261
0.724751 9.9991E-05 0.275149
0.783994 9.9991E-05 0.215906
0.613363 9.9991E-05 0.386537
0.579117 0.0569961 0.363887
0.995773 9.9991E-05 0.00412689
0.830912 9.9991E-05 0.168988
0.846632 9.9991E-05 0.153268
0.959329 0.0405707 9.9991E-05
0.763182 0.0219811 0.214837
0.932819 0.0449096 0.022271
0.923716 0.0761842 9.9991E-05
0.648703 9.9991E-05 0.351197
0.895999 0.0463939 0.0576069
0.690125 0.0351451 0.274729
0.521742 0.0153833 0.462875
0.643015 9.9991E-05 0.356885
0.746296 9.9991E-05 0.253604
0.634692 9.9991E-05 0.365208
0.741701 9.9991E-05 0.258199
0.859214 9.9991E-05 0.140686
0.570237 0.0279997 0.401763
0.242459 0.748172 0.00936947
0.154623 0.777972 0.0674058
0.117582 0.882318 9.9991E-05
0.109709 0.890191 9.9991E-05
0.217072 0.782828 9.9991E-05
0.841904 0.082735 0.0753613
0.868369 0.107345 0.0242859
0.917751 9.9991E-05 0.0821488
0.56647 0.0157221 0.417808
0.530886 0.0705075 0.398607
0.804999 9.9991E-05 0.194901
0.585759 9.9991E-05 0.414141
0.685595 0.00539636 0.309008
0.696764 9.9991E-05 0.303136
0.547112 0.0700076 0.382881
0.864926 9.9991E-05 0.134974
0.845336 9.9991E-05 0.154564
0.85954 9.9991E-05 0.14036
0.566465 0.0655258 0.36801
0.787539 9.9991E-05 0.212361
0.658643 9.9991E-05 0.341257
0.194057 0.0718621 0.73408
0.136153 0.101041 0.762806
0.152455 0.134039 0.713506
0.0959842 0.187061 0.716955
0.261483 0.105909 0.632609
0.640211 0.0321334 0.327656
9.9991E-05 0.274282 0.725618
0.0772331 0.201081 0.721685
0.384905 0.135743 0.479352
0.548787 0.0986844 0.352529
0.561648 0.145294 0.293058
0.591846 0.0653832 0.342771
0.604038 0.0289974 0.366964
0.0464537 0.21959 0.733956
0.299929 0.135049 0.565023
0.156088 0.0455468 0.798365
0.320313 0.0809823 0.598704
0.109781 0.145398 0.744821
0.324108 0.118759 0.557133
0.040573 0.215202 0.744225
0.201507 0.11086 0.687633
0.579146 0.0589886 0.361865
0.223699 0.189436 0.586865
9.9991E-05 0.219038 0.780862
0.256682 0.138486 0.604832
0.72221 0.250163 0.0276272
0.570114 9.9991E-05 0.429786
0.22899 0.196321 0.57469
0.477014 0.0532202 0.469766
0.476438 0.16044 0.363122
0.327269 0.216991 0.45574
0.251616 0.206355 0.542029
0.428716 0.104439 0.466845
0.234302 0.10473 0.660968
0.151774 0.104 0.744226
9.9991E-05 0.264105 0.735795
0.526835 0.0297864 0.443379
0.633388 0.10135 0.265262
0.618001 0.244247 0.137752
0.446903 0.104865 0.448232
0.597729 0.114954 0.287317
0.38328 0.193845 0.422875
0.462164 0.135122 0.402714
0.294207 0.518652 0.187142
0.322519 0.542276 0.135204
0.554349 0.208902 0.236749
0.302813 0.445165 0.252022
0.148234 0.576927 0.274839
0.470579 0.160649 0.368772
0.461484 0.180892 0.357624
0.323892 0.361608 0.3145
0.379267 0.412841 0.207893
0.463459 0.105396 0.431144
0.469956 0.298295 0.231749
0.277083 0.654679 0.0682383
0.387307 0.140517 0.472176
0.353875 0.201192 0.444932
0.303623 0.284332 0.412044
0.227332 0.102355 0.670313
0.343636 0.128532 0.527832
0.3253 0.131364 0.543335
0.180336 0.343088 0.476576
0.31346 0.164252 0.522287
0.30957 0.151898 0.538531
0.351687 0.238364 0.409949
0.52521 0.167502 0.307288
0.48479 0.0858808 0.42933
0.373532 0.128656 0.497813
0.437991 0.109373 0.452636
0.224628 0.290681 0.484691
0.335887 0.117362 0.546751
0.239728 0.431257 0.329015
0.338467 0.129607 0.531926
0.182289 0.342992 0.47472
0.127855 0.84411 0.0280342
0.714772 0.285128 9.9991E-05
0.754619 0.245281 9.9991E-05
0.720957 0.278943 9.9991E-05
0.799665 0.200235 9.9991E-05
0.738674 0.261226 9.9991E-05
0.811385 0.188515 9.9991E-05
0.739692 0.260208 9.9991E-05
0.55444 0.44546 9.9991E-05
9.9991E-05 0.897978 0.101922
0.0953495 0.846067 0.0585839
9.9991E-05 0.878459 0.121441
0.110199 0.863965 0.0258361
0.000559137 0.862642 0.136799
0.047521 0.909653 0.0428261
0.0173812 0.760353 0.222266
9.9991E-05 0.838176 0.161724
0.147134 0.735936 0.11693
9.9991E-05 0.886811 0.113089
9.9991E-05 0.956281 0.0436191
9.9991E-05 0.87388 0.12602
9.9991E-05 0.914866 0.0850343
9.9991E-05 0.865461 0.134439
9.9991E-05 0.823085 0.176815
9.9991E-05 0.807134 0.192766
9.9991E-05 0.740093 0.259807
9.9991E-05 0.756386 0.243514
9.9991E-05 0.799096 0.200804
0.597061 0.139232 0.263707
0.579453 9.9991E-05 0.420447
0.484097 0.0684506 0.447452
0.743933 0.178618 0.0774487
0.545072 0.121974 0.332954
0.633228 0.28818 0.0785913
0.50828 0.0829592 0.40876
0.717406 0.100274 0.18232
0.661813 0.0659551 0.272232
0.688131 9.9991E-05 0.311769
0.646905 0.110605 0.242489
0.633442 9.9991E-05 0.366458
0.614893 0.0777564 0.307351
0.822549 0.14524 0.0322114
0.784285 0.215615 9.9991E-05
0.717736 0.188067 0.0941967
0.499437 0.0578196 0.442743
0.539052 0.135614 0.325335
0.560766 0.108676 0.330558
0.508526 9.9991E-05 0.491374
0.394174 0.111613 0.494212
0.332766 0.0562171 0.611017
0.331587 0.43074 0.237674
0.557188 0.0855956 0.357216
0.371976 0.247725 0.3803
0.260344 0.601649 0.138007
0.313569 0.300772 0.385659
0.306138 0.344864 0.348998
0.33567 0.31015 0.354181
0.433885 0.0676388 0.498477
0.331972 0.148824 0.519204
0.379495 0.0434949 0.57701
0.423634 0.0909591 0.485407
0.181012 0.448026 0.370962
