0.136916 0.0353392 0.441332 0.297553 0.0888598
0.0771703 0.0721836 0.296297 0.538244 0.0161044
0.0191687 9.9982E-05 9.9982E-05 0.69506 0.285571
0.0908759 0.286522 0.0849711 0.537531 9.9991E-05
0.139513 9.9991E-05 0.192813 0.517355 0.15022
0.134292 0.0674584 0.373943 0.334853 0.0894546
9.9982E-05 9.9982E-05 0.0897633 0.700874 0.209163
0.131239 9.9982E-05 9.9982E-05 0.668755 0.199805
0.0899883 9.9991E-05 0.228745 0.637975 0.0431917
0.0533066 0.132504 0.230873 0.554211 0.0291048
0.138938 0.253501 0.0924871 0.418072 0.0970018
0.196737 0.0942517 9.9991E-05 0.359433 0.349478
0.230275 0.207664 0.256895 0.305066 9.9991E-05
9.999E-05 0.0323551 0.0371329 0.911111 0.0193015
0.0962961 0.145808 0.0653753 0.69242 9.9991E-05
0.042585 0.141459 0.342185 0.460251 0.0135188
9.999E-05 0.0413581 0.398226 0.134878 0.425439
9.9982E-05 0.0164323 0.0805787 9.9982E-05 0.902789
9.9973E-05 0.0809401 9.9973E-05 9.9973E-05 0.91876
9.9982E-05 0.0437324 0.444613 9.9982E-05 0.511454
9.9982E-05 0.181426 0.0703802 0.747993 9.9982E-05
0.133344 0.15478 0.238232 0.473544 9.9991E-05
0.0489533 0.681489 0.209964 0.0594931 9.9991E-05
0.0396011 0.467385 0.295722 0.14093 0.0563619
0.173051 0.412449 0.324203 0.0872285 0.00306736
0.131788 0.0534573 9.9991E-05 0.807906 0.00674871
0.0465974 0.024724 0.355582 0.546868 0.0262286
0.103959 9.9982E-05 9.9982E-05 0.737929 0.157912
0.0508386 9.9982E-05 0.364352 0.58461 9.9982E-05
0.184961 0.10986 0.0903129 0.610386 0.00448024
9.9982E-05 0.0946143 0.206787 0.698399 9.9982E-05
9.9982E-05 0.00321699 9.9982E-05 0.919905 0.0766776
9.9973E-05 9.9973E-05 0.51431 0.48539 9.9973E-05
0.211341 0.14126 0.304657 0.341255 0.00148703
9.9982E-05 0.856736 0.100103 9.9982E-05 0.0429606
0.00525601 0.948939 0.0241634 0.0215413 9.9991E-05
0.0295108 0.561554 0.293233 0.115602 9.9991E-05
0.0279446 0.596321 0.291782 0.0838526 9.9991E-05
0.00361662 0.779253 0.164154 0.052876 9.9991E-05
9.997E-05 0.9996 9.997E-05 9.997E-05 9.997E-05
9.9973E-05 0.945419 9.9973E-05 9.9973E-05 0.0542807
9.9973E-05 0.798261 0.201439 9.9973E-05 9.9973E-05
9.9982E-05 0.975811 9.9982E-05 0.00510191 0.0188866
9.9973E-05 0.991786 9.9973E-05 9.9973E-05 0.00791368
9.9973E-05 0.99566 9.9973E-05 9.9973E-05 0.00404048
0.0021801 0.794849 0.0569089 0.145962 9.9991E-05
0.0874225 0.76288 0.110892 9.9991E-05 0.038706
9.9973E-05 0.993907 9.9973E-05 0.00579349 9.9973E-05
0.0924893 0.486145 0.195199 0.226067 9.9991E-05
9.9982E-05 0.717705 0.113492 0.168602 9.9982E-05
9.9982E-05 0.557638 0.386572 9.9982E-05 0.0555904
9.9982E-05 0.858424 0.0878947 9.9982E-05 0.0534817
9.9982E-05 0.88981 0.100521 9.9982E-05 0.0094688
9.9982E-05 0.695483 0.258765 9.9982E-05 0.0455526
9.997E-05 0.9996 9.997E-05 9.997E-05 9.997E-05
9.9991E-05 0.564417 0.211968 0.198755 0.0247602
0.0453846 0.848584 0.0860892 0.0198419 9.9991E-05
0.0887923 9.9982E-05 9.9982E-05 0.276585 0.634423
0.000752844 9.9991E-05 0.35035 0.481998 0.166799
0.00705923 0.0188887 0.342027 0.450112 0.181913
9.9991E-05 0.0202586 0.122608 0.4626 0.394433
0.100987 9.9991E-05 0.47656 0.326974 0.0953791
0.0695474 0.107262 0.00917909 0.364718 0.449294
0.133619 0.132996 0.320615 0.302286 0.110484
9.9991E-05 0.0747491 0.277003 0.430739 0.217409
0.0430534 0.110214 0.34232 0.376086 0.128327
0.0535423 9.9991E-05 0.456757 0.311966 0.177635
0.06376 0.156335 0.22474 0.427881 0.127284
0.126719 0.0354309 0.343416 0.493778 0.000656512
9.9991E-05 0.0224872 0.0131541 0.860227 0.104032
9.9982E-05 0.175603 0.112736 0.711461 9.9982E-05
0.158662 0.0564584 0.441178 0.343601 9.9991E-05
9.9982E-05 9.9982E-05 0.0453303 0.904387 0.0500824
0.100925 0.28632 0.111033 0.501622 9.9991E-05
0.0987128 0.0414153 0.203083 0.656689 9.9991E-05
9.9973E-05 9.9973E-05 9.9973E-05 0.998824 0.000876181
9.9973E-05 9.9973E-05 9.9973E-05 0.876868 0.122832
9.9982E-05 0.0753492 0.0857652 0.838686 9.9982E-05
0.0808259 9.9982E-05 9.9982E-05 0.795986 0.122988
9.9982E-05 0.0292944 0.105607 0.864898 9.9982E-05
0.490789 0.0322461 0.2508 0.226065 9.9991E-05
0.178747 0.0100372 0.450037 0.361079 9.9991E-05
0.972711 9.9973E-05 9.9973E-05 9.9973E-05 0.026989
0.956974 9.9973E-05 9.9973E-05 9.9973E-05 0.0427256
0.468622 0.105045 0.301086 0.125148 9.9991E-05
0.131279 0.024556 0.629072 0.140478 0.0746148
0.165071 9.9991E-05 0.654994 0.020559 0.159276
0.209562 0.132214 0.2782 0.0158927 0.364132
0.305241 0.0178862 0.539826 9.9991E-05 0.136947
0.713513 0.0192917 9.9982E-05 9.9982E-05 0.266996
0.745989 9.9982E-05 0.110167 9.9982E-05 0.143644
0.511246 0.152229 0.237298 0.0991269 9.9991E-05
0.675581 9.9982E-05 0.312714 0.0115044 9.9982E-05
0.725054 9.9982E-05 0.203561 9.9982E-05 0.071185
0.341426 9.9982E-05 0.496814 0.16156 9.9982E-05
0.461117 0.0997781 0.340749 0.0982558 9.9991E-05
0.30397 0.165587 0.214573 0.314634 0.0012356
0.806744 9.9982E-05 0.0103164 0.182739 9.9982E-05
0.654198 0.0726248 0.0389032 0.234174 9.9991E-05
0.417654 0.0921831 0.265456 0.224607 9.9991E-05
0.515459 0.0743907 0.13306 0.179055 0.0980357
0.20721 0.0543742 0.372306 0.263221 0.102889
0.529953 9.9982E-05 0.203218 0.266629 9.9982E-05
0.788805 9.9982E-05 0.0329804 0.178015 9.9982E-05
0.544835 9.9982E-05 0.334601 0.120364 9.9982E-05
0.845523 0.0864298 9.9991E-05 0.0520177 0.0159298
0.53727 0.0856434 0.131531 0.245456 9.9991E-05
0.432371 0.0745892 0.310068 0.173322 0.00965031
0.395422 0.185681 0.201548 0.217249 9.9991E-05
0.0550258 9.9991E-05 0.570678 0.290754 0.083442
0.302894 0.208932 0.289785 0.105526 0.0928624
0.10458 0.115608 0.481052 0.151089 0.14767
0.184565 0.199684 0.248314 0.255338 0.112099
0.0736198 0.349407 0.195684 0.320448 0.0608405
0.206053 0.0911411 0.475373 0.121556 0.105877
0.567375 0.0132294 9.9982E-05 9.9982E-05 0.419196
0.201687 0.0929881 0.590265 0.11496 9.9991E-05
0.355689 0.0675187 0.00539135 9.9991E-05 0.571301
0.347348 0.0288255 0.515045 0.105224 0.0035572
0.954206 9.9982E-05 9.9982E-05 0.0345213 0.0110728
0.982642 9.9973E-05 9.9973E-05 9.9973E-05 0.017058
0.690056 0.0716779 0.0788905 0.159275 9.9991E-05
0.37914 0.00648797 0.364669 0.249602 9.9991E-05
0.652558 9.9982E-05 0.129414 0.217827 9.9982E-05
0.585582 0.0807889 0.198437 0.135092 9.9991E-05
0.563652 0.0540099 0.255318 0.12692 9.9991E-05
0.0108508 0.0220068 0.883976 0.0830667 9.9991E-05
0.117248 0.125625 0.643371 0.113655 9.9991E-05
0.0200259 0.10058 0.8451 9.9991E-05 0.0341941
9.9991E-05 0.0324059 0.737506 0.0923867 0.137602
0.0484416 9.9991E-05 0.884356 0.053616 0.0134861
9.9973E-05 9.9973E-05 0.807565 9.9973E-05 0.192135
0.0784818 0.00358799 0.912004 9.9991E-05 0.00582669
9.9991E-05 0.110915 0.738976 0.0241787 0.12583
0.0438418 9.9982E-05 0.932791 9.9982E-05 0.0231667
0.00520079 0.109761 0.753641 0.0686145 0.0627831
0.148133 0.13458 0.566912 0.122661 0.027714
0.00924702 0.10962 0.746992 9.9991E-05 0.134042
0.12735 0.161491 0.609772 0.0536981 0.0476888
9.9982E-05 0.123544 0.765008 9.9982E-05 0.111248
0.119086 0.170099 0.575528 0.102145 0.0331426
9.9982E-05 9.9982E-05 0.693166 0.281388 0.0252467
9.9973E-05 9.9973E-05 0.920022 9.9973E-05 0.079678
0.0945848 0.10583 0.625246 0.0977624 0.076577
9.9991E-05 0.0934262 0.687261 0.173698 0.045515
0.0477812 0.0457158 0.521719 0.285077 0.0997073
0.090776 9.9991E-05 0.659666 0.0508683 0.19859
9.9991E-05 0.233008 0.539233 0.180341 0.0473177
0.028847 9.9973E-05 0.970853 9.9973E-05 9.9973E-05
9.9982E-05 0.135015 0.660026 9.9982E-05 0.204759
0.0497071 0.032965 0.479546 0.280104 0.157677
0.144146 0.0837676 0.428879 0.307278 0.0359286
9.9973E-05 0.0425696 9.9973E-05 9.9973E-05 0.957131
9.9973E-05 9.9973E-05 9.9973E-05 0.00796894 0.991731
0.01622 0.115221 0.089462 0.411976 0.367121
0.0220007 9.9991E-05 0.112559 0.0585326 0.806807
9.9982E-05 0.0556368 0.00913256 9.9982E-05 0.935031
0.10685 9.9991E-05 0.348188 0.228584 0.316279
0.0965252 0.192072 0.235873 0.165799 0.30973
9.9982E-05 9.9982E-05 0.329625 0.291801 0.378374
9.9982E-05 9.9982E-05 0.133378 0.046681 0.819741
0.0481578 0.114403 0.351038 0.2886 0.197801
9.9982E-05 0.0921949 9.9982E-05 0.337335 0.57027
9.997E-05 9.997E-05 9.997E-05 9.997E-05 0.9996
9.9991E-05 0.284558 0.319335 0.321497 0.0745101
9.9991E-05 0.0351894 0.433508 0.208158 0.323045
