9.9991E-05 0.00766287 0.0129881 0.493455 0.485794
0.18552 9.9991E-05 0.0859539 0.535477 0.192948
9.9973E-05 0.262296 9.9973E-05 0.737404 9.9973E-05
0.1645 9.9991E-05 0.076932 0.44302 0.315448
0.138416 0.162304 0.0363611 0.594141 0.0687769
0.078818 0.0974623 0.0844287 0.457459 0.281832
0.025291 0.198939 9.9982E-05 0.77557 9.9982E-05
9.9982E-05 0.210544 0.0101815 0.779074 9.9982E-05
0.00245278 0.0277875 0.134537 0.713569 0.121654
0.0751795 0.0996821 0.174029 0.338375 0.312735
0.195542 0.10023 0.127656 0.448912 0.127661
0.129866 0.324939 0.020866 0.524229 9.9991E-05
0.0862189 9.9991E-05 0.211698 0.322708 0.379275
9.9982E-05 0.00350587 9.9982E-05 0.926318 0.0699761
0.169923 9.9982E-05 0.177492 0.652385 9.9982E-05
0.252137 9.9991E-05 0.127858 0.355811 0.264094
0.178816 0.465028 9.9991E-05 0.169619 0.186437
0.080956 0.918744 9.9973E-05 9.9973E-05 9.9973E-05
0.0963392 0.87272 0.0303642 0.00047624 9.9991E-05
0.140176 0.561167 9.9982E-05 9.9982E-05 0.298458
0.0835813 9.9982E-05 9.9982E-05 0.65787 0.258349
0.110728 0.0588049 0.0868262 0.46482 0.278821
0.764337 9.9991E-05 0.0182985 0.0275332 0.189731
0.544357 9.9991E-05 0.148425 0.103158 0.203961
0.524027 0.023261 0.28607 9.9991E-05 0.166542
0.0845073 0.0214842 0.0358334 0.858075 9.9991E-05
0.130234 9.9991E-05 0.0624317 0.497923 0.309311
9.9982E-05 0.129008 0.111714 0.759078 9.9982E-05
9.9982E-05 9.9982E-05 0.0183729 0.546004 0.435424
0.0484581 9.9991E-05 0.166343 0.613484 0.171615
0.0157671 9.9982E-05 9.9982E-05 0.571866 0.412167
9.9982E-05 0.0594943 0.0259249 0.914381 9.9982E-05
0.0973892 9.9982E-05 9.9982E-05 0.557719 0.344692
0.0885398 9.9991E-05 0.0768407 0.413078 0.421441
0.947739 9.9982E-05 0.0201253 9.9982E-05 0.0319353
0.925225 9.9982E-05 0.0345039 9.9982E-05 0.0400716
0.569013 9.9991E-05 0.138806 0.0240694 0.268013
0.5874 9.9991E-05 0.0180585 0.0623427 0.332099
0.755002 0.0460304 9.9991E-05 0.100977 0.0978904
0.967783 0.0319173 9.9973E-05 9.9973E-05 9.9973E-05
0.971141 0.023103 0.005556 9.9982E-05 9.9982E-05
0.883079 9.9982E-05 0.0376131 9.9982E-05 0.079108
0.982842 9.9973E-05 9.9973E-05 0.0168579 9.9973E-05
0.9996 9.997E-05 9.997E-05 9.997E-05 9.997E-05
0.991811 0.00788943 9.9973E-05 9.9973E-05 9.9973E-05
0.815531 9.9982E-05 9.9982E-05 0.0954906 0.0887784
0.670276 0.0397302 9.9982E-05 9.9982E-05 0.289794
0.980614 9.9973E-05 9.9973E-05 9.9973E-05 0.0190863
0.453813 0.0642825 0.115005 0.129905 0.236994
0.765674 0.0116422 9.9991E-05 0.139532 0.0830523
0.729906 0.0557633 0.01903 0.0156098 0.179691
0.888388 0.0406994 9.9991E-05 0.0325223 0.0382908
0.762743 0.0135879 9.9982E-05 9.9982E-05 0.223469
0.863743 0.0684431 0.0411956 9.9991E-05 0.0265182
0.9996 9.997E-05 9.997E-05 9.997E-05 9.997E-05
0.583341 0.0227434 0.097343 0.0578845 0.238688
0.905816 0.0548256 9.9982E-05 0.0391588 9.9982E-05
9.9982E-05 0.581615 0.0319446 0.38624 9.9982E-05
0.0392064 0.24564 0.0521177 0.354759 0.308277
0.0511025 0.171631 0.0623509 0.346279 0.368637
0.0675313 0.429324 9.9991E-05 0.438893 0.0641516
0.180718 0.207955 0.0319656 0.372987 0.206375
0.1062 0.438719 0.047634 0.407347 9.9991E-05
0.0039284 0.112241 0.120518 0.281062 0.482251
0.167151 0.217259 9.9991E-05 0.451369 0.16412
0.11204 0.062629 9.9991E-05 0.463967 0.361264
0.0567682 0.245274 9.9991E-05 0.363992 0.333866
0.0958414 0.122629 0.0101221 0.34266 0.428748
0.220735 0.0427291 0.155944 0.462625 0.117967
0.0594424 0.0995656 9.9991E-05 0.819019 0.0218732
0.17987 9.9982E-05 9.9982E-05 0.786402 0.0335285
0.114407 9.9982E-05 9.9982E-05 0.554084 0.331308
0.00264507 0.0215729 9.9982E-05 0.975582 9.9982E-05
0.14764 0.0291098 0.169749 0.386957 0.266544
0.0142965 9.9991E-05 0.133629 0.538584 0.313391
9.9982E-05 0.0558908 0.0363438 0.907565 9.9982E-05
9.9973E-05 0.0817716 9.9973E-05 0.917928 9.9973E-05
9.9982E-05 9.9982E-05 0.00567544 0.739802 0.254323
9.9982E-05 0.110313 0.0612297 0.828257 9.9982E-05
0.00499331 9.9982E-05 9.9982E-05 0.894001 0.100805
0.142451 9.9991E-05 0.518191 0.187442 0.151816
0.0523267 0.0246148 0.280198 0.31145 0.331411
9.9973E-05 0.0435001 0.9562 9.9973E-05 9.9973E-05
9.9973E-05 0.0154227 0.984277 9.9973E-05 9.9973E-05
0.0790191 9.9991E-05 0.491941 0.0778357 0.351104
0.11983 0.10224 0.141155 0.124501 0.512273
9.9982E-05 0.138833 0.261266 9.9982E-05 0.599701
9.9991E-05 0.335817 0.101011 0.0789099 0.484162
9.9991E-05 0.149889 0.217829 0.0224142 0.609768
0.0404534 0.197348 0.761999 9.9982E-05 9.9982E-05
9.9982E-05 0.234325 0.715562 9.9982E-05 0.0499124
9.9982E-05 9.9982E-05 0.451468 0.0562346 0.492097
0.0400873 9.9982E-05 0.62558 9.9982E-05 0.334132
9.9982E-05 0.0883364 0.717789 9.9982E-05 0.193675
0.0095788 0.0132577 0.476657 9.9991E-05 0.500407
0.0980852 9.9991E-05 0.482537 0.116732 0.302546
0.304375 0.0225074 0.272119 0.198796 0.202203
0.0135975 9.9991E-05 0.74307 0.155809 0.0874227
9.9982E-05 9.9982E-05 0.626672 0.198196 0.174932
0.0462415 9.9991E-05 0.38743 0.286371 0.279857
0.0984811 9.9991E-05 0.452832 0.181354 0.267233
0.0366099 0.0758279 0.286925 0.263483 0.337154
9.9982E-05 9.9982E-05 0.532364 0.26799 0.199446
9.9973E-05 9.9973E-05 0.846094 0.153607 9.9973E-05
9.9982E-05 9.9982E-05 0.473072 0.0852768 0.441451
0.0853341 9.9982E-05 0.881357 0.0331085 9.9982E-05
0.0677252 9.9991E-05 0.631144 0.19916 0.101871
0.0607422 9.9991E-05 0.461603 0.0618835 0.415671
0.0636998 9.9991E-05 0.48895 0.26567 0.181581
0.105493 0.0819208 0.144324 0.233357 0.434905
0.150279 0.137629 0.285545 0.10125 0.325297
9.9991E-05 0.198216 0.149356 0.0606302 0.591698
0.0455937 0.176494 0.186855 0.103759 0.487299
0.253169 9.9991E-05 0.177632 0.288881 0.280218
9.9991E-05 0.148288 0.35235 0.0185034 0.480759
0.0442589 0.376415 0.579127 9.9982E-05 9.9982E-05
0.105063 9.9991E-05 0.25609 0.116321 0.522426
0.0636975 0.538677 0.397426 9.9982E-05 9.9982E-05
0.0769556 9.9982E-05 0.434972 9.9982E-05 0.487873
9.9982E-05 0.0457882 0.894396 0.0596161 9.9982E-05
9.9973E-05 0.0252933 0.974407 9.9973E-05 9.9973E-05
9.9982E-05 9.9982E-05 0.660666 0.0926735 0.24646
9.9982E-05 9.9982E-05 0.559295 0.0823247 0.35818
9.9982E-05 9.9982E-05 0.731741 0.173603 0.0944565
0.11634 9.9991E-05 0.705582 0.0251345 0.152844
0.0266101 9.9991E-05 0.600168 0.10774 0.265382
0.108988 9.9991E-05 0.0739138 0.040866 0.776132
9.9982E-05 9.9982E-05 0.0201436 0.0540158 0.925641
0.108461 9.9991E-05 0.00047291 0.0873151 0.803651
9.9973E-05 0.151087 9.9973E-05 9.9973E-05 0.848613
0.104246 0.0646298 0.0552283 0.0851713 0.690724
0.0420686 0.188468 9.9982E-05 9.9982E-05 0.769264
9.9982E-05 0.103289 0.011337 9.9982E-05 0.885174
0.0179268 0.0639672 9.9991E-05 0.0513349 0.866671
0.0290983 0.0527699 0.0296873 9.9991E-05 0.888345
0.0298018 0.0728828 9.9991E-05 0.0222439 0.874971
0.148343 0.0419044 0.0602273 0.193605 0.55592
0.0806463 0.0970664 9.9982E-05 9.9982E-05 0.822087
0.0571642 0.0999065 9.9991E-05 0.099257 0.743572
0.0667582 0.0664069 9.9982E-05 9.9982E-05 0.866635
0.0399126 9.9991E-05 0.113859 0.0511004 0.795028
0.0967084 0.0677112 0.0539129 0.100829 0.680839
0.0490126 0.103937 9.9982E-05 9.9982E-05 0.84685
0.0963963 0.0479965 0.131294 0.102824 0.621489
0.00289585 0.122899 0.0117872 0.052644 0.809774
9.9991E-05 0.162799 0.0364154 0.170878 0.629808
0.130757 0.221155 0.141656 9.9991E-05 0.506332
0.228779 0.100419 9.9991E-05 0.200691 0.470012
0.095786 9.9991E-05 0.0446311 0.0741523 0.785331
0.00719317 0.120034 9.9982E-05 9.9982E-05 0.872573
0.155172 0.178651 9.9991E-05 0.34615 0.319927
9.9991E-05 0.187856 0.0217989 0.275965 0.51428
0.020789 0.915093 9.9982E-05 9.9982E-05 0.063918
9.997E-05 0.9996 9.997E-05 9.997E-05 9.997E-05
9.9991E-05 0.369867 0.0123754 0.318805 0.298853
0.044765 0.788082 0.0374953 0.0503624 0.0792951
0.0384141 0.915303 9.9982E-05 9.9982E-05 0.0460825
9.9991E-05 0.255622 0.170363 0.181604 0.39231
0.0673172 0.249333 0.149351 0.206695 0.327303
0.0350216 0.444791 9.9991E-05 0.194368 0.325719
0.0396119 0.793655 9.9991E-05 0.0614309 0.105203
9.9991E-05 0.198336 0.0362683 0.292162 0.473135
0.0406247 0.516401 0.0745334 0.268782 0.0996579
9.997E-05 0.9996 9.997E-05 9.997E-05 9.997E-05
0.192667 9.9991E-05 0.0357734 0.360424 0.411036
9.9991E-05 0.301194 0.012411 0.0879475 0.598347
