0.323812 0.00648884 0.0547435 0.199604 0.415352
0.566494 0.0922226 9.9991E-05 0.0468488 0.294335
0.493471 0.360134 9.9982E-05 0.146194 9.9982E-05
0.450162 0.0363369 0.128319 0.10545 0.279733
0.442501 0.153762 0.0789217 0.191616 0.1332
0.419467 0.0274989 9.9991E-05 0.128078 0.424856
0.7265 0.234719 0.0385812 9.9982E-05 9.9982E-05
0.761402 0.235524 9.9982E-05 0.00287324 9.9982E-05
0.710133 0.0450909 0.02736 0.0768672 0.140549
0.465356 0.0318832 0.185056 0.122362 0.195343
0.438257 0.167118 0.148966 0.0516529 0.194005
0.358771 0.367045 0.103616 0.170468 9.9991E-05
0.365306 9.9991E-05 0.155545 0.15439 0.324658
0.941191 0.0434265 9.9982E-05 9.9982E-05 0.0151827
0.710799 0.0381559 0.0866189 0.06426 0.100167
0.307805 0.0167258 0.185056 0.145388 0.345025
0.113429 0.41801 0.00755869 9.9991E-05 0.460903
9.9982E-05 0.857306 0.107355 9.9982E-05 0.0351396
9.9973E-05 0.892892 0.106808 9.9973E-05 9.9973E-05
0.0902018 0.505491 0.113123 9.9991E-05 0.291085
0.737283 9.9982E-05 0.0917218 9.9982E-05 0.170795
0.406605 9.9991E-05 0.153345 0.175676 0.264274
0.0459211 9.9991E-05 0.765947 0.0822431 0.105788
0.146627 9.9991E-05 0.533054 0.118809 0.20141
0.244026 0.0424359 0.346584 0.0701094 0.296845
0.790489 0.0600253 0.0671787 0.0822071 9.9991E-05
0.522358 0.00263426 0.227344 0.0937005 0.153964
0.820913 0.126915 9.9982E-05 0.051972 9.9982E-05
0.663907 9.9973E-05 9.9973E-05 9.9973E-05 0.335793
0.60897 9.9991E-05 0.119682 0.197187 0.0740612
0.668215 9.9982E-05 0.115988 9.9982E-05 0.215597
0.763031 0.17986 9.9982E-05 0.056909 9.9982E-05
0.457666 9.9982E-05 0.276313 9.9982E-05 0.265821
0.436977 0.0210268 0.209645 0.190854 0.141496
9.9973E-05 9.9973E-05 0.877232 9.9973E-05 0.122468
0.0314492 9.9973E-05 0.968251 9.9973E-05 9.9973E-05
0.130522 9.9991E-05 0.537427 0.0844156 0.247535
0.0276313 9.9991E-05 0.576086 0.0245087 0.371674
0.0463352 0.00922331 0.759713 9.9991E-05 0.184629
9.9973E-05 0.0313338 0.968366 9.9973E-05 9.9973E-05
9.9973E-05 0.011818 0.987882 9.9973E-05 9.9973E-05
9.9982E-05 9.9982E-05 0.815194 0.0100154 0.17459
0.0265078 9.9973E-05 0.973192 9.9973E-05 9.9973E-05
9.997E-05 9.997E-05 0.9996 9.997E-05 9.997E-05
9.9973E-05 0.0343598 0.96534 9.9973E-05 9.9973E-05
0.0658355 0.00022767 0.746583 0.0314844 0.155869
0.0164763 0.0175642 0.8047 0.0416595 0.1196
9.997E-05 9.997E-05 0.9996 9.997E-05 9.997E-05
0.330857 9.9991E-05 0.601875 0.0182781 0.0488896
0.156821 0.0596084 0.729988 0.000236748 0.0533457
0.0324509 0.00849655 0.667842 0.00581789 0.285393
0.00927886 0.00484798 0.90109 9.9991E-05 0.0846836
9.9982E-05 0.0238828 0.834421 9.9982E-05 0.141496
9.9982E-05 0.0193461 0.772214 9.9982E-05 0.20824
9.997E-05 9.997E-05 0.9996 9.997E-05 9.997E-05
0.0202915 9.9991E-05 0.677197 0.18949 0.112922
9.9982E-05 0.0312267 0.877486 0.0910877 9.9982E-05
0.284571 0.639752 9.9982E-05 0.0754773 9.9982E-05
0.438668 0.223264 0.0611938 9.9991E-05 0.276774
0.433318 0.202831 0.0458374 0.0506236 0.267391
0.380081 0.44987 0.00231523 9.9991E-05 0.167634
0.352551 0.0643656 0.123348 0.129098 0.330637
0.284048 0.493455 0.0917668 0.0823568 0.0483734
0.174364 0.156961 0.020343 0.0667455 0.581586
0.474306 0.220232 0.114835 9.9991E-05 0.190527
0.562707 0.0713011 0.161656 9.9991E-05 0.204236
0.370689 0.179797 0.085282 9.9991E-05 0.364132
0.434526 0.140462 0.0777232 0.0410123 0.306276
0.556806 0.0300233 0.12191 0.133309 0.157952
0.846586 0.0938067 0.0363803 0.0231266 9.9991E-05
0.600997 9.9991E-05 0.0511043 0.0564899 0.291308
0.559029 0.0181547 0.149918 0.0406071 0.232291
0.889909 0.0654322 9.9982E-05 9.9982E-05 0.0444584
0.542589 9.9991E-05 0.203163 0.145984 0.108164
0.541655 9.9982E-05 9.9982E-05 0.189561 0.268584
0.865145 0.134556 9.9973E-05 9.9973E-05 9.9973E-05
0.874754 0.124946 9.9973E-05 9.9973E-05 9.9973E-05
0.809471 9.9973E-05 9.9973E-05 9.9973E-05 0.190229
0.859939 0.139761 9.9973E-05 9.9973E-05 9.9973E-05
0.898287 9.9973E-05 9.9973E-05 9.9973E-05 0.101413
0.0927436 9.9991E-05 0.150433 0.594207 0.162516
0.299503 9.9991E-05 0.0777249 0.246472 0.3762
0.009227 0.0630818 9.9982E-05 0.927491 9.9982E-05
9.9973E-05 0.0760346 9.9973E-05 0.923665 9.9973E-05
0.0933722 9.9991E-05 0.0523839 0.460603 0.393541
0.212942 0.0959575 0.141263 0.0371295 0.512708
9.9991E-05 0.0837933 0.0105008 0.292365 0.613241
9.9991E-05 0.316223 0.0815835 0.206638 0.395456
9.9982E-05 0.113844 9.9982E-05 0.249045 0.636911
9.9982E-05 0.271249 9.9982E-05 0.725809 0.00274114
9.9982E-05 0.23575 9.9982E-05 0.650143 0.113906
0.153194 9.9991E-05 0.0379791 0.454836 0.353891
9.9982E-05 9.9982E-05 0.0165112 0.608414 0.374875
9.9982E-05 0.079459 9.9982E-05 0.721146 0.199195
0.0697279 9.9982E-05 9.9982E-05 0.450784 0.479289
0.17381 9.9991E-05 0.0911783 0.38435 0.350561
0.327047 0.0936663 0.238779 0.118759 0.221749
0.294817 9.9991E-05 0.000587677 0.62216 0.0823361
0.25193 9.9991E-05 0.0650167 0.551203 0.13175
0.317232 9.9991E-05 0.0481743 0.34369 0.290804
0.154649 0.00329306 0.0785671 0.54222 0.221271
0.545898 0.00414239 0.111563 0.113726 0.224671
0.418427 9.9991E-05 0.0904567 0.397932 0.0930843
0.211907 0.0230573 9.9982E-05 0.764836 9.9982E-05
0.116962 9.9991E-05 0.0704039 0.475209 0.337325
0.064123 0.0344801 0.0210473 0.88025 9.9991E-05
0.280026 9.9991E-05 0.0390265 0.613987 0.0668604
0.190971 9.9991E-05 0.0671858 0.382012 0.359731
0.0559565 9.9991E-05 0.139634 0.585462 0.218848
0.302612 0.00868437 0.121685 0.0936799 0.473339
0.242509 0.000505633 0.117899 0.134365 0.504721
0.124795 0.0987966 0.0844373 0.195543 0.496429
0.26193 0.117931 0.148134 0.162208 0.309797
0.271505 0.0249189 0.353044 0.129432 0.2211
0.0600355 0.122413 0.169921 0.285276 0.362354
9.9982E-05 0.367116 0.067744 0.56494 9.9982E-05
0.164257 9.9991E-05 0.0997979 0.213508 0.522337
9.9982E-05 0.607512 0.0579945 0.334294 9.9982E-05
0.0864704 9.9991E-05 0.109304 0.441121 0.363005
0.00414329 0.0721738 9.9982E-05 0.923483 9.9982E-05
9.9973E-05 0.0790215 9.9973E-05 0.920679 9.9973E-05
0.240518 9.9982E-05 9.9982E-05 0.5957 0.163582
0.143732 0.0113572 0.115414 0.48782 0.241676
0.301858 9.9991E-05 0.0214426 0.635312 0.0412876
0.0618548 9.9982E-05 0.179276 0.758669 9.9982E-05
0.237018 9.9991E-05 0.0283181 0.549187 0.185377
0.123858 9.9991E-05 0.0427997 0.0712718 0.76197
0.119874 0.00471279 0.106816 0.0503231 0.718274
0.0543292 0.0085968 9.9982E-05 9.9982E-05 0.936874
0.0801291 0.0132333 9.9982E-05 9.9982E-05 0.906438
0.0845839 0.018481 0.0390853 0.067575 0.790275
9.9973E-05 0.113886 9.9973E-05 9.9973E-05 0.885814
9.9982E-05 0.0241264 9.9982E-05 0.0221336 0.95354
9.9982E-05 0.0572964 0.102891 9.9982E-05 0.839613
9.9991E-05 0.101908 0.0537626 0.0837075 0.760521
0.0594475 9.9982E-05 0.152938 9.9982E-05 0.787415
0.189057 0.0207373 0.201582 0.0351367 0.553487
9.9991E-05 0.0313223 0.132655 0.0547259 0.781197
0.16736 0.0132828 0.00543398 0.0827525 0.731171
9.9991E-05 0.047909 0.0798353 0.0374275 0.834728
0.233048 9.9991E-05 0.261471 0.0570882 0.448292
0.0144404 9.9991E-05 0.0576328 0.0591725 0.868654
9.9973E-05 0.116235 9.9973E-05 9.9973E-05 0.883465
0.0270066 0.0386969 0.210138 0.172282 0.551877
0.128045 0.0248083 9.9991E-05 0.062491 0.784555
0.0978525 0.2008 0.0826595 0.0935496 0.525139
0.0302151 0.17836 0.0143975 0.142367 0.634661
0.217196 0.0619011 0.182341 0.0170673 0.521495
0.187819 9.9982E-05 0.23433 9.9982E-05 0.577651
9.9973E-05 0.127673 9.9973E-05 9.9973E-05 0.872027
0.305008 0.148186 0.21122 0.0348323 0.300753
0.236515 0.128291 0.0144515 0.190596 0.430147
0.0313387 0.90307 0.0474747 9.9991E-05 0.0180166
0.0261653 0.973535 9.9973E-05 9.9973E-05 9.9973E-05
0.159428 0.349305 0.0269162 0.115512 0.348838
0.0855364 0.730503 0.0558239 9.9991E-05 0.128037
9.9982E-05 0.841765 0.0360395 9.9982E-05 0.121995
0.181644 0.316725 0.0359834 0.182117 0.28353
0.112493 0.28341 0.0199638 0.150684 0.43345
0.190486 0.478286 9.9982E-05 9.9982E-05 0.331028
0.0655026 0.835941 9.9982E-05 9.9982E-05 0.098356
0.348688 0.162597 0.112629 0.019244 0.356842
0.194062 0.579694 0.064069 0.0781607 0.0840142
9.997E-05 0.9996 9.997E-05 9.997E-05 9.997E-05
0.210017 0.110462 0.157467 0.057585 0.464469
0.152678 0.272341 9.9982E-05 9.9982E-05 0.574781
